#!ascii label  , from subject 40tvs8ref_sym_20 vox2ras=TkReg
389
274  -33.767  8.032  13.551 1.0000000000
275  -30.560  12.416  9.189 1.0000000000
754  -36.678  12.897  12.697 1.0000000000
755  -33.568  15.648  13.207 1.0000000000
1187  -28.956  20.650  9.673 1.0000000000
1188  -30.843  14.393  5.737 1.0000000000
1648  -31.819  10.192  11.855 1.0000000000
1649  -30.564  18.374  12.464 1.0000000000
2674  -38.060  14.763  10.900 1.0000000000
2675  -36.636  16.217  11.687 1.0000000000
3706  -32.746  9.091  12.812 1.0000000000
3707  -33.709  19.417  12.956 1.0000000000
3708  -32.006  17.100  13.111 1.0000000000
3709  -32.118  20.953  12.947 1.0000000000
5966  -35.105  10.693  13.702 1.0000000000
5967  -33.630  11.852  13.524 1.0000000000
5968  -35.115  14.225  13.034 1.0000000000
5969  -35.238  17.815  12.406 1.0000000000
6745  -29.511  16.464  9.529 1.0000000000
6746  -30.543  13.430  7.524 1.0000000000
6747  -29.555  17.452  7.714 1.0000000000
7686  -31.022  11.318  10.673 1.0000000000
7687  -32.268  13.044  12.972 1.0000000000
7688  -31.002  14.270  12.193 1.0000000000
7689  -30.018  15.443  11.041 1.0000000000
7690  -29.498  19.567  11.279 1.0000000000
11386  -33.231  8.547  13.179 1.0000000000
11387  -33.998  21.175  12.631 1.0000000000
11388  -32.932  20.152  13.037 1.0000000000
12682  -31.368  10.383  9.064 1.0000000000
12684  -31.296  10.851  8.203 1.0000000000
13784  -35.921  11.799  13.380 1.0000000000
13785  -35.131  12.468  13.417 1.0000000000
13786  -35.898  13.520  12.899 1.0000000000
13788  -35.950  17.016  12.041 1.0000000000
13789  -36.148  18.714  11.737 1.0000000000
13790  -35.442  19.514  12.133 1.0000000000
15082  -29.218  18.540  9.646 1.0000000000
15083  -29.443  16.955  8.626 1.0000000000
15084  -29.198  19.047  8.721 1.0000000000
16879  -32.009  8.697  11.152 1.0000000000
16880  -31.725  9.322  10.549 1.0000000000
16881  -31.399  10.761  11.310 1.0000000000
16882  -33.619  13.748  13.346 1.0000000000
16883  -32.949  12.477  13.276 1.0000000000
16884  -32.847  14.386  13.248 1.0000000000
16885  -31.261  17.755  12.865 1.0000000000
16886  -31.393  15.715  12.749 1.0000000000
16887  -30.743  16.301  12.352 1.0000000000
16888  -30.466  14.848  11.669 1.0000000000
16889  -30.166  16.899  11.833 1.0000000000
16890  -29.707  17.452  11.203 1.0000000000
16891  -29.972  18.965  11.925 1.0000000000
20775  -30.683  13.935  6.665 1.0000000000
20776  -31.302  11.860  6.448 1.0000000000
23246  -37.367  13.849  11.849 1.0000000000
23247  -36.617  14.556  12.147 1.0000000000
23248  -37.325  15.477  11.298 1.0000000000
25104  -32.253  9.655  12.372 1.0000000000
25105  -33.609  17.553  13.105 1.0000000000
25106  -32.797  16.333  13.216 1.0000000000
25107  -32.789  18.270  13.187 1.0000000000
25108  -32.002  19.047  13.108 1.0000000000
25109  -31.223  19.757  12.880 1.0000000000
25110  -30.547  20.430  12.479 1.0000000000
25111  -31.381  21.686  12.723 1.0000000000
29282  -34.373  9.437  13.757 1.0000000000
29283  -33.744  9.942  13.532 1.0000000000
29284  -34.370  11.266  13.638 1.0000000000
29285  -34.368  13.071  13.415 1.0000000000
29286  -34.357  14.939  13.133 1.0000000000
29287  -35.871  15.288  12.405 1.0000000000
29288  -35.129  16.032  12.691 1.0000000000
29289  -34.373  16.777  12.932 1.0000000000
29290  -34.477  18.616  12.720 1.0000000000
29291  -34.733  20.354  12.441 1.0000000000
31099  -29.963  14.430  9.357 1.0000000000
31100  -30.505  12.957  8.362 1.0000000000
31101  -29.899  14.935  8.488 1.0000000000
31102  -29.974  15.421  7.616 1.0000000000
31103  -30.119  15.974  6.740 1.0000000000
33479  -31.531  9.837  9.849 1.0000000000
33480  -30.744  11.881  9.995 1.0000000000
33481  -33.118  10.517  13.244 1.0000000000
33482  -32.499  11.053  12.912 1.0000000000
33483  -31.904  11.641  12.501 1.0000000000
33484  -32.104  15.033  13.026 1.0000000000
33485  -31.607  13.708  12.628 1.0000000000
33486  -31.351  12.218  12.028 1.0000000000
33487  -30.867  12.811  11.474 1.0000000000
33488  -30.461  13.375  10.847 1.0000000000
33489  -30.146  13.909  10.116 1.0000000000
33490  -29.704  15.965  10.325 1.0000000000
33491  -29.391  18.071  10.481 1.0000000000
33492  -29.159  20.134  10.531 1.0000000000
33493  -29.940  21.073  11.925 1.0000000000
33494  -29.442  21.703  11.228 1.0000000000
38243  -31.224  11.365  7.340 1.0000000000
42106  -33.484  8.285  13.383 1.0000000000
42108  -33.612  21.592  12.682 1.0000000000
43402  -30.941  11.410  9.133 1.0000000000
43403  -31.317  10.603  8.641 1.0000000000
43404  -30.891  11.659  8.719 1.0000000000
44504  -36.312  12.361  13.070 1.0000000000
44505  -35.931  12.641  13.144 1.0000000000
44506  -36.293  13.198  12.809 1.0000000000
44509  -36.616  19.122  11.393 1.0000000000
44510  -36.304  19.525  11.586 1.0000000000
45802  -29.086  19.595  9.683 1.0000000000
45803  -29.179  18.801  9.194 1.0000000000
45804  -29.043  19.834  9.234 1.0000000000
47597  -32.052  9.180  11.773 1.0000000000
47598  -32.146  8.447  11.425 1.0000000000
47599  -31.890  9.439  11.508 1.0000000000
47600  -31.723  9.720  11.219 1.0000000000
47601  -31.615  10.449  11.594 1.0000000000
47602  -33.610  14.714  13.276 1.0000000000
47603  -33.244  14.074  13.300 1.0000000000
47604  -33.208  15.041  13.265 1.0000000000
47605  -30.898  18.072  12.682 1.0000000000
47606  -30.965  17.060  12.647 1.0000000000
47607  -30.643  17.351  12.420 1.0000000000
47608  -30.442  16.592  12.105 1.0000000000
47609  -30.335  17.651  12.175 1.0000000000
47610  -30.062  17.902  11.895 1.0000000000
47611  -30.247  18.727  12.224 1.0000000000
51495  -30.754  14.144  6.192 1.0000000000
51496  -31.040  13.103  6.108 1.0000000000
54103  -37.831  13.419  11.682 1.0000000000
54104  -37.703  14.311  11.387 1.0000000000
54105  -37.339  14.666  11.565 1.0000000000
54106  -37.688  15.117  11.094 1.0000000000
57200  -32.412  8.635  12.318 1.0000000000
57201  -32.509  9.378  12.599 1.0000000000
57202  -33.640  18.487  13.057 1.0000000000
57203  -33.201  17.877  13.181 1.0000000000
57204  -33.247  18.830  13.114 1.0000000000
57205  -32.503  20.550  13.032 1.0000000000
57206  -32.457  19.648  13.118 1.0000000000
57207  -32.028  19.994  13.044 1.0000000000
57208  -31.602  19.393  13.006 1.0000000000
57209  -31.620  20.364  12.953 1.0000000000
57210  -31.282  20.731  12.823 1.0000000000
57211  -31.741  21.365  12.856 1.0000000000
64390  -35.543  10.346  13.712 1.0000000000
64393  -34.762  9.087  13.837 1.0000000000
64394  -34.723  10.072  13.759 1.0000000000
64395  -34.373  10.361  13.707 1.0000000000
64396  -34.733  10.983  13.681 1.0000000000
64397  -35.125  13.337  13.223 1.0000000000
64398  -34.743  12.740  13.446 1.0000000000
64399  -34.759  13.629  13.282 1.0000000000
64400  -34.370  13.993  13.278 1.0000000000
64401  -34.737  14.555  13.093 1.0000000000
64402  -36.618  15.399  11.904 1.0000000000
64403  -36.261  14.897  12.300 1.0000000000
64404  -36.267  15.760  12.079 1.0000000000
64405  -35.596  17.351  12.210 1.0000000000
64406  -35.538  16.543  12.372 1.0000000000
64407  -35.175  16.945  12.537 1.0000000000
64408  -34.753  16.413  12.804 1.0000000000
64409  -34.800  17.347  12.688 1.0000000000
64410  -34.410  17.693  12.844 1.0000000000
64411  -34.863  18.209  12.581 1.0000000000
64413  -35.087  19.961  12.283 1.0000000000
64414  -35.277  20.837  12.126 1.0000000000
68287  -29.723  15.455  9.450 1.0000000000
68288  -29.923  14.701  8.921 1.0000000000
68289  -29.669  15.703  9.012 1.0000000000
68290  -29.485  17.185  8.175 1.0000000000
68291  -29.676  16.175  8.122 1.0000000000
68292  -29.725  16.436  7.670 1.0000000000
68293  -30.041  15.717  7.166 1.0000000000
68294  -29.817  16.750  7.217 1.0000000000
73682  -31.346  10.333  10.608 1.0000000000
73683  -31.625  9.584  10.205 1.0000000000
73684  -31.233  10.587  10.260 1.0000000000
73685  -31.124  10.857  9.917 1.0000000000
73686  -30.885  11.577  10.335 1.0000000000
73687  -33.694  10.893  13.533 1.0000000000
73688  -33.424  10.242  13.407 1.0000000000
73689  -33.357  11.204  13.404 1.0000000000
73690  -32.593  12.742  13.123 1.0000000000
73691  -32.700  11.762  13.119 1.0000000000
73692  -32.373  12.037  12.937 1.0000000000
73693  -32.198  11.336  12.711 1.0000000000
73694  -32.059  12.337  12.763 1.0000000000
73695  -32.404  16.682  13.180 1.0000000000
73696  -32.436  15.713  13.146 1.0000000000
73697  -32.042  16.086  13.077 1.0000000000
73698  -31.162  14.997  12.506 1.0000000000
73699  -31.487  14.721  12.694 1.0000000000
73700  -31.294  13.997  12.425 1.0000000000
73701  -31.449  12.971  12.345 1.0000000000
73702  -31.166  13.234  12.118 1.0000000000
73703  -31.106  12.519  11.763 1.0000000000
73704  -30.904  13.544  11.848 1.0000000000
73705  -30.237  15.124  11.377 1.0000000000
73706  -30.420  14.133  11.264 1.0000000000
73707  -30.223  14.397  10.938 1.0000000000
73708  -30.289  13.636  10.496 1.0000000000
73709  -30.022  14.708  10.572 1.0000000000
73710  -29.907  14.938  10.209 1.0000000000
73711  -29.837  15.735  10.706 1.0000000000
73712  -29.592  18.526  11.269 1.0000000000
73713  -29.534  17.775  10.849 1.0000000000
73714  -29.417  18.845  10.915 1.0000000000
73715  -29.267  19.113  10.522 1.0000000000
73716  -29.312  19.852  10.906 1.0000000000
73718  -30.228  20.771  12.219 1.0000000000
73719  -30.276  21.768  12.142 1.0000000000
73723  -29.251  21.998  10.847 1.0000000000
85365  -30.499  13.206  7.955 1.0000000000
85366  -30.869  12.154  7.880 1.0000000000
85367  -30.885  12.350  7.459 1.0000000000
85368  -31.775  11.019  5.933 1.0000000000
85369  -31.723  10.768  6.368 1.0000000000
92367  -38.073  15.559  10.613 1.0000000000
94224  -32.989  8.835  12.984 1.0000000000
94225  -33.835  20.301  12.805 1.0000000000
94226  -33.325  19.777  13.011 1.0000000000
94227  -33.447  20.670  12.871 1.0000000000
94228  -33.056  21.088  12.897 1.0000000000
94229  -32.654  21.489  12.875 1.0000000000
96556  -31.822  9.359  8.977 1.0000000000
96558  -31.794  9.587  8.525 1.0000000000
98540  -35.515  11.275  13.593 1.0000000000
98541  -35.126  11.577  13.585 1.0000000000
98542  -35.530  12.140  13.402 1.0000000000
98543  -35.519  13.008  13.183 1.0000000000
98544  -35.493  13.883  12.954 1.0000000000
98545  -36.708  17.056  11.490 1.0000000000
98546  -36.294  16.620  11.872 1.0000000000
98547  -36.374  17.499  11.682 1.0000000000
98548  -36.040  17.867  11.881 1.0000000000
98549  -35.689  18.221  12.098 1.0000000000
98550  -35.325  18.639  12.292 1.0000000000
98551  -35.808  19.086  11.956 1.0000000000
98552  -35.953  19.936  11.803 1.0000000000
100876  -29.356  17.487  9.592 1.0000000000
100877  -29.466  16.714  9.084 1.0000000000
100878  -29.308  17.726  9.141 1.0000000000
100879  -29.324  17.986  8.673 1.0000000000
100880  -29.365  18.225  8.207 1.0000000000
104111  -32.163  8.004  10.765 1.0000000000
104113  -31.865  9.011  10.847 1.0000000000
104114  -31.530  10.036  10.926 1.0000000000
104115  -31.186  11.057  11.013 1.0000000000
104116  -33.619  12.802  13.428 1.0000000000
104117  -33.298  12.165  13.388 1.0000000000
104118  -33.259  13.133  13.350 1.0000000000
104119  -32.888  13.440  13.272 1.0000000000
104120  -32.538  13.737  13.142 1.0000000000
104121  -31.639  17.414  12.995 1.0000000000
104122  -31.671  16.395  12.947 1.0000000000
104123  -31.319  16.723  12.808 1.0000000000
104124  -31.049  16.019  12.583 1.0000000000
104125  -30.864  15.272  12.276 1.0000000000
104126  -30.730  14.554  11.936 1.0000000000
104127  -30.577  15.568  12.028 1.0000000000
104128  -30.302  15.877  11.758 1.0000000000
104129  -30.059  16.182  11.453 1.0000000000
104130  -29.841  16.478  11.127 1.0000000000
104131  -29.928  17.179  11.524 1.0000000000
104132  -29.817  18.181  11.584 1.0000000000
104133  -29.713  19.233  11.620 1.0000000000
111123  -30.589  13.730  7.097 1.0000000000
111124  -30.916  12.636  7.011 1.0000000000
111125  -30.977  12.916  6.578 1.0000000000
111126  -31.367  12.096  6.002 1.0000000000
115681  -37.485  12.975  12.121 1.0000000000
115682  -37.028  13.408  12.252 1.0000000000
115683  -36.639  13.716  12.413 1.0000000000
115684  -36.975  14.214  11.979 1.0000000000
115685  -36.971  15.047  11.729 1.0000000000
115686  -36.987  15.861  11.497 1.0000000000
115687  -37.719  15.937  10.846 1.0000000000
115688  -37.380  16.340  11.067 1.0000000000
115689  -37.037  16.689  11.285 1.0000000000
117499  -28.854  21.715  9.606 1.0000000000
120018  -32.025  9.908  12.114 1.0000000000
120019  -33.577  16.608  13.151 1.0000000000
120020  -33.173  16.001  13.239 1.0000000000
120021  -33.165  16.961  13.206 1.0000000000
120022  -32.781  17.290  13.208 1.0000000000
120023  -32.372  17.685  13.182 1.0000000000
120024  -32.856  19.239  13.129 1.0000000000
120025  -32.397  18.682  13.163 1.0000000000
120026  -31.995  18.065  13.117 1.0000000000
120027  -31.607  18.406  13.014 1.0000000000
120028  -31.211  18.748  12.892 1.0000000000
120029  -30.871  19.077  12.703 1.0000000000
120030  -30.540  19.425  12.492 1.0000000000
120031  -30.886  20.110  12.706 1.0000000000
120032  -30.929  21.058  12.639 1.0000000000
120033  -31.041  22.082  12.522 1.0000000000
129950  -34.058  8.723  13.670 1.0000000000
129951  -33.765  8.979  13.528 1.0000000000
129952  -34.067  9.682  13.646 1.0000000000
129953  -34.037  10.618  13.620 1.0000000000
129954  -34.004  11.559  13.577 1.0000000000
129955  -34.736  11.871  13.576 1.0000000000
129956  -34.358  12.174  13.549 1.0000000000
129957  -33.988  12.490  13.494 1.0000000000
129958  -33.985  13.428  13.375 1.0000000000
129959  -33.986  14.390  13.289 1.0000000000
129960  -33.972  15.305  13.180 1.0000000000
129961  -36.260  14.052  12.542 1.0000000000
129962  -35.874  14.402  12.646 1.0000000000
129963  -35.486  14.773  12.737 1.0000000000
129964  -35.892  16.164  12.217 1.0000000000
129965  -35.498  15.674  12.545 1.0000000000
129966  -35.115  15.125  12.863 1.0000000000
129967  -34.735  15.489  12.936 1.0000000000
129968  -34.351  15.872  13.006 1.0000000000
129969  -33.968  16.240  13.081 1.0000000000
129970  -34.002  17.181  13.023 1.0000000000
129971  -34.031  18.111  12.948 1.0000000000
129972  -34.105  19.007  12.846 1.0000000000
129973  -34.961  19.073  12.445 1.0000000000
129974  -34.587  19.474  12.600 1.0000000000
129975  -34.211  19.879  12.726 1.0000000000
129976  -34.355  20.757  12.563 1.0000000000
134881  -30.239  13.409  9.263 1.0000000000
134882  -30.524  12.688  8.778 1.0000000000
134883  -30.207  13.688  8.840 1.0000000000
134884  -30.193  13.940  8.418 1.0000000000
134885  -30.192  14.151  8.021 1.0000000000
134886  -29.616  15.963  8.592 1.0000000000
134887  -29.925  15.152  8.063 1.0000000000
134888  -30.242  14.441  7.571 1.0000000000
134889  -30.309  14.690  7.131 1.0000000000
134890  -30.393  14.926  6.699 1.0000000000
134891  -30.479  15.182  6.251 1.0000000000
134892  -29.048  20.110  8.756 1.0000000000
134894  -29.424  18.483  7.760 1.0000000000
134898  -29.934  16.947  6.790 1.0000000000
134899  -30.239  16.190  6.299 1.0000000000
134900  -30.577  15.436  5.803 1.0000000000
141578  -31.946  8.847  9.785 1.0000000000
141580  -31.435  10.113  9.490 1.0000000000
141581  -31.013  11.154  9.535 1.0000000000
141582  -30.650  12.148  9.592 1.0000000000
141583  -33.452  9.248  13.366 1.0000000000
141584  -33.183  9.545  13.202 1.0000000000
141585  -32.909  9.813  13.029 1.0000000000
141586  -33.030  11.487  13.263 1.0000000000
141587  -32.807  10.789  13.088 1.0000000000
141588  -32.638  10.079  12.855 1.0000000000
141589  -32.353  10.348  12.652 1.0000000000
141590  -32.075  10.615  12.425 1.0000000000
141591  -31.822  10.917  12.186 1.0000000000
141592  -32.815  15.397  13.211 1.0000000000
141593  -32.482  14.720  13.138 1.0000000000
141594  -32.183  14.061  13.009 1.0000000000
141595  -31.738  15.410  12.905 1.0000000000
141596  -31.823  14.408  12.867 1.0000000000
141597  -31.928  13.372  12.819 1.0000000000
141598  -31.746  12.683  12.566 1.0000000000
141599  -31.624  11.938  12.271 1.0000000000
141600  -31.566  11.212  11.940 1.0000000000
141601  -31.333  11.507  11.678 1.0000000000
141602  -31.118  11.786  11.394 1.0000000000
141603  -30.899  12.040  11.085 1.0000000000
141604  -30.639  13.852  11.563 1.0000000000
141605  -30.641  13.111  11.167 1.0000000000
141606  -30.730  12.324  10.752 1.0000000000
141607  -30.577  12.594  10.424 1.0000000000
141608  -30.417  12.892  10.058 1.0000000000
141609  -30.325  13.153  9.660 1.0000000000
141610  -30.043  14.153  9.734 1.0000000000
141611  -29.796  15.171  9.830 1.0000000000
141612  -29.589  16.213  9.949 1.0000000000
141613  -29.670  16.747  10.777 1.0000000000
141614  -29.523  17.004  10.414 1.0000000000
141615  -29.420  17.261  10.034 1.0000000000
141616  -29.285  18.308  10.065 1.0000000000
141617  -29.158  19.347  10.109 1.0000000000
141618  -29.053  20.397  10.110 1.0000000000
141619  -30.199  19.777  12.242 1.0000000000
141620  -29.930  20.030  11.937 1.0000000000
141621  -29.659  20.324  11.621 1.0000000000
141623  -29.659  21.385  11.582 1.0000000000
141624  -29.440  20.619  11.260 1.0000000000
141625  -29.262  20.919  10.895 1.0000000000
155687  -30.873  11.909  8.304 1.0000000000
155688  -31.268  11.110  7.794 1.0000000000
155690  -31.272  11.590  6.901 1.0000000000
155691  -31.697  10.541  6.828 1.0000000000
