#!ascii label  , from subject 40tvs8ref_sym_20 vox2ras=TkReg
261
25  -15.151  28.520  -21.477 1.0000000000
802  -15.066  26.825  -26.215 1.0000000000
803  -16.626  18.993  -24.414 1.0000000000
804  -15.125  20.212  -22.213 1.0000000000
2190  -13.969  34.490  -27.007 1.0000000000
2722  -14.239  27.471  -25.009 1.0000000000
2723  -14.231  23.407  -25.182 1.0000000000
2724  -15.108  24.300  -22.164 1.0000000000
3850  -15.991  15.298  -23.766 1.0000000000
4836  -16.438  34.001  -25.029 1.0000000000
6052  -17.484  26.562  -24.150 1.0000000000
6054  -15.825  22.868  -25.351 1.0000000000
6055  -14.750  19.246  -24.591 1.0000000000
6056  -15.759  16.213  -21.811 1.0000000000
9130  -17.171  30.270  -24.584 1.0000000000
9131  -14.704  30.649  -26.714 1.0000000000
9132  -14.213  31.474  -24.900 1.0000000000
10402  -14.827  28.049  -23.383 1.0000000000
10403  -14.686  25.899  -23.635 1.0000000000
10404  -15.179  26.390  -21.876 1.0000000000
11530  -16.757  14.050  -22.351 1.0000000000
13927  -16.360  26.652  -25.284 1.0000000000
13928  -16.696  24.765  -24.872 1.0000000000
13929  -15.457  24.926  -25.806 1.0000000000
13930  -14.556  21.799  -23.774 1.0000000000
13931  -14.401  21.355  -24.998 1.0000000000
13932  -14.677  19.734  -23.604 1.0000000000
13933  -14.994  17.617  -23.337 1.0000000000
13934  -15.311  18.119  -22.084 1.0000000000
17310  -17.337  20.982  -23.876 1.0000000000
20268  -15.192  34.243  -26.411 1.0000000000
20269  -15.619  32.382  -26.200 1.0000000000
20270  -14.368  32.570  -26.971 1.0000000000
20271  -13.866  30.934  -26.425 1.0000000000
20272  -13.706  32.927  -26.368 1.0000000000
23332  -14.196  27.082  -26.135 1.0000000000
23333  -14.432  25.109  -26.005 1.0000000000
23334  -14.205  25.437  -25.171 1.0000000000
23335  -14.565  23.850  -23.831 1.0000000000
23336  -15.064  22.284  -22.293 1.0000000000
25362  -16.082  17.097  -24.431 1.0000000000
27139  -14.759  36.165  -26.524 1.0000000000
29485  -17.017  22.898  -24.352 1.0000000000
29486  -16.203  20.940  -24.866 1.0000000000
29487  -14.714  23.036  -25.765 1.0000000000
29488  -15.055  21.012  -25.337 1.0000000000
29489  -15.500  19.079  -24.853 1.0000000000
29490  -15.186  17.281  -24.269 1.0000000000
29491  -15.617  15.697  -22.956 1.0000000000
29492  -16.672  14.514  -21.263 1.0000000000
35678  -15.177  26.839  -19.828 1.0000000000
37631  -17.379  28.428  -24.362 1.0000000000
37632  -16.176  28.590  -25.552 1.0000000000
37633  -16.830  32.153  -24.852 1.0000000000
37634  -15.953  30.484  -25.867 1.0000000000
37635  -14.948  28.783  -26.404 1.0000000000
37636  -14.118  29.053  -26.242 1.0000000000
37637  -14.228  29.440  -25.011 1.0000000000
37638  -14.843  30.030  -23.196 1.0000000000
39828  -15.448  24.773  -20.083 1.0000000000
39829  -15.583  22.745  -20.295 1.0000000000
39830  -15.700  20.692  -20.369 1.0000000000
39833  -15.835  18.642  -20.373 1.0000000000
39834  -16.222  16.696  -20.138 1.0000000000
39835  -16.887  14.865  -19.747 1.0000000000
39836  -17.718  13.029  -19.190 1.0000000000
41122  -15.057  28.272  -22.429 1.0000000000
41123  -15.015  27.235  -22.625 1.0000000000
41124  -15.200  27.450  -21.696 1.0000000000
42250  -17.303  13.544  -21.499 1.0000000000
42251  -17.453  13.303  -21.912 1.0000000000
44647  -15.727  26.758  -25.777 1.0000000000
44648  -15.911  25.812  -25.575 1.0000000000
44649  -15.267  25.880  -25.967 1.0000000000
44650  -14.830  20.991  -22.996 1.0000000000
44651  -14.597  20.755  -23.705 1.0000000000
44652  -14.878  19.965  -22.924 1.0000000000
44653  -14.948  18.935  -22.846 1.0000000000
44654  -15.185  19.196  -22.149 1.0000000000
48030  -16.989  19.976  -24.181 1.0000000000
48031  -17.486  20.002  -23.679 1.0000000000
50988  -14.579  34.393  -26.875 1.0000000000
50989  -14.776  33.428  -26.787 1.0000000000
50990  -14.188  33.547  -26.961 1.0000000000
50991  -13.854  32.681  -26.862 1.0000000000
50992  -13.746  33.672  -26.793 1.0000000000
54247  -14.108  27.231  -25.664 1.0000000000
54248  -14.124  26.246  -25.724 1.0000000000
54249  -14.219  26.454  -25.112 1.0000000000
54250  -14.915  25.100  -22.889 1.0000000000
54251  -14.623  24.866  -23.733 1.0000000000
54252  -14.842  24.071  -23.020 1.0000000000
54253  -14.809  23.057  -23.071 1.0000000000
54254  -15.075  23.296  -22.267 1.0000000000
57630  -15.980  16.187  -24.165 1.0000000000
60591  -15.408  36.033  -25.884 1.0000000000
64825  -16.271  23.803  -25.137 1.0000000000
64826  -16.854  23.822  -24.620 1.0000000000
64827  -16.445  22.844  -24.903 1.0000000000
64828  -16.626  21.921  -24.626 1.0000000000
64829  -16.017  21.896  -25.099 1.0000000000
64830  -14.263  24.240  -25.704 1.0000000000
64831  -14.526  24.085  -25.959 1.0000000000
64832  -14.371  23.184  -25.606 1.0000000000
64833  -14.576  20.305  -24.769 1.0000000000
64834  -14.637  21.154  -25.279 1.0000000000
64835  -14.846  20.145  -25.037 1.0000000000
64836  -15.277  20.045  -25.078 1.0000000000
64837  -15.059  19.144  -24.804 1.0000000000
64838  -15.269  18.161  -24.628 1.0000000000
64839  -14.977  18.232  -24.359 1.0000000000
64840  -15.314  16.903  -22.607 1.0000000000
64841  -15.248  16.623  -23.177 1.0000000000
64842  -15.624  15.974  -22.423 1.0000000000
64843  -16.081  15.092  -22.141 1.0000000000
64844  -16.160  15.357  -21.565 1.0000000000
83838  -17.730  30.190  -23.991 1.0000000000
83840  -17.300  29.358  -24.490 1.0000000000
83841  -16.804  28.502  -24.957 1.0000000000
83842  -16.712  29.443  -25.096 1.0000000000
83845  -16.646  33.065  -24.939 1.0000000000
83846  -15.152  31.505  -26.602 1.0000000000
83847  -15.801  31.414  -26.042 1.0000000000
83848  -15.318  30.548  -26.393 1.0000000000
83849  -15.451  29.639  -26.197 1.0000000000
83850  -14.834  29.716  -26.594 1.0000000000
83851  -14.449  28.893  -26.468 1.0000000000
83852  -14.305  29.839  -26.639 1.0000000000
83853  -13.928  31.196  -25.748 1.0000000000
83854  -14.005  30.208  -25.768 1.0000000000
83855  -14.227  30.459  -24.979 1.0000000000
83856  -14.571  29.780  -24.140 1.0000000000
83857  -14.571  30.768  -24.082 1.0000000000
89325  -15.151  25.936  -19.028 1.0000000000
89326  -15.361  25.793  -19.959 1.0000000000
89327  -15.340  24.949  -19.097 1.0000000000
89331  -15.659  21.724  -20.354 1.0000000000
89332  -15.867  20.887  -19.443 1.0000000000
89340  -16.218  17.777  -19.389 1.0000000000
89341  -15.984  17.639  -20.285 1.0000000000
89342  -16.387  16.780  -19.294 1.0000000000
89345  -17.307  13.905  -18.781 1.0000000000
89346  -17.282  13.982  -19.526 1.0000000000
92452  -14.507  27.732  -24.253 1.0000000000
92453  -14.454  26.689  -24.348 1.0000000000
92454  -14.745  26.969  -23.507 1.0000000000
92455  -14.969  26.148  -22.762 1.0000000000
92456  -15.166  25.304  -22.006 1.0000000000
94482  -16.268  14.673  -23.173 1.0000000000
94483  -16.579  14.450  -23.367 1.0000000000
98797  -16.949  26.595  -24.738 1.0000000000
98798  -17.110  25.674  -24.533 1.0000000000
98799  -16.531  25.707  -25.088 1.0000000000
98800  -16.092  24.798  -25.384 1.0000000000
98801  -15.649  23.843  -25.578 1.0000000000
98802  -14.357  22.588  -24.509 1.0000000000
98803  -14.316  22.359  -25.102 1.0000000000
98804  -14.373  21.542  -24.475 1.0000000000
98805  -14.495  20.516  -24.310 1.0000000000
98806  -14.616  19.465  -24.171 1.0000000000
98807  -14.816  18.393  -23.978 1.0000000000
98808  -14.785  18.698  -23.509 1.0000000000
98809  -15.115  17.868  -22.731 1.0000000000
98810  -15.517  17.122  -21.948 1.0000000000
104888  -17.754  21.009  -23.335 1.0000000000
110209  -17.580  31.095  -24.084 1.0000000000
110210  -15.824  34.134  -25.759 1.0000000000
110211  -16.051  33.215  -25.659 1.0000000000
110212  -15.394  33.308  -26.343 1.0000000000
110213  -14.982  32.493  -26.705 1.0000000000
110214  -14.531  31.599  -26.863 1.0000000000
110215  -14.185  30.768  -26.734 1.0000000000
110216  -14.048  31.714  -26.780 1.0000000000
110217  -13.814  31.912  -26.376 1.0000000000
110218  -13.870  32.198  -25.699 1.0000000000
115882  -14.536  27.002  -26.333 1.0000000000
115883  -14.694  25.954  -26.178 1.0000000000
115884  -14.301  26.127  -26.114 1.0000000000
115885  -14.218  25.265  -25.702 1.0000000000
115886  -14.213  24.410  -25.197 1.0000000000
115887  -14.389  25.661  -24.472 1.0000000000
115888  -14.359  24.628  -24.519 1.0000000000
115889  -14.327  23.609  -24.552 1.0000000000
115890  -14.551  22.830  -23.816 1.0000000000
115891  -14.805  22.030  -23.048 1.0000000000
115892  -15.085  21.256  -22.276 1.0000000000
120618  -16.285  18.017  -24.528 1.0000000000
124759  -16.788  34.734  -24.363 1.0000000000
124762  -16.211  34.934  -25.116 1.0000000000
124764  -14.997  35.202  -26.448 1.0000000000
124765  -14.363  35.317  -26.868 1.0000000000
130497  -17.245  24.767  -24.281 1.0000000000
130500  -17.170  21.945  -24.099 1.0000000000
130501  -16.800  20.951  -24.403 1.0000000000
130502  -16.396  19.962  -24.636 1.0000000000
130503  -14.851  24.974  -26.037 1.0000000000
130504  -15.040  23.954  -25.900 1.0000000000
130505  -15.220  22.943  -25.665 1.0000000000
130506  -14.491  22.165  -25.478 1.0000000000
130507  -14.853  22.032  -25.590 1.0000000000
130508  -15.406  21.939  -25.445 1.0000000000
130509  -15.601  20.949  -25.191 1.0000000000
130510  -15.819  19.999  -24.942 1.0000000000
130511  -16.032  19.010  -24.718 1.0000000000
130512  -15.716  18.089  -24.697 1.0000000000
130513  -15.570  17.136  -24.444 1.0000000000
130514  -15.578  16.264  -24.011 1.0000000000
130515  -15.025  17.383  -23.851 1.0000000000
130516  -15.311  16.449  -23.696 1.0000000000
130517  -15.743  15.456  -23.432 1.0000000000
130518  -16.133  14.771  -22.675 1.0000000000
130519  -16.664  14.259  -21.855 1.0000000000
130520  -17.260  13.728  -20.959 1.0000000000
148028  -15.202  27.721  -20.652 1.0000000000
148029  -15.025  27.832  -19.800 1.0000000000
148030  -14.917  26.873  -19.087 1.0000000000
153852  -17.924  27.460  -23.677 1.0000000000
153855  -17.442  27.502  -24.245 1.0000000000
153856  -16.887  27.545  -24.827 1.0000000000
153857  -16.263  27.633  -25.407 1.0000000000
153858  -15.617  27.721  -25.921 1.0000000000
153861  -17.012  31.207  -24.718 1.0000000000
153862  -16.245  32.262  -25.549 1.0000000000
153863  -16.425  31.315  -25.384 1.0000000000
153864  -16.598  30.373  -25.226 1.0000000000
153865  -16.090  29.548  -25.678 1.0000000000
153866  -15.528  28.699  -26.070 1.0000000000
153867  -15.013  27.824  -26.282 1.0000000000
153868  -14.511  27.936  -26.399 1.0000000000
153869  -14.130  28.046  -26.216 1.0000000000
153870  -14.089  28.243  -25.693 1.0000000000
153871  -14.016  30.019  -26.352 1.0000000000
153872  -14.045  29.239  -25.744 1.0000000000
153873  -14.254  28.463  -25.008 1.0000000000
153874  -14.539  28.756  -24.202 1.0000000000
153875  -14.839  29.046  -23.293 1.0000000000
153876  -15.052  29.266  -22.318 1.0000000000
154101  -13.700  35.435  -26.961 1.0000000000
154110  -13.556  34.638  -26.613 1.0000000000
154111  -13.613  33.902  -26.093 1.0000000000
154118  -15.020  30.303  -22.042 1.0000000000
154119  -15.102  29.534  -21.203 1.0000000000
160440  -15.285  26.638  -20.833 1.0000000000
160441  -15.342  25.581  -20.986 1.0000000000
160442  -15.353  24.559  -21.116 1.0000000000
160444  -15.541  23.760  -20.192 1.0000000000
160445  -15.363  23.558  -21.249 1.0000000000
160446  -15.360  22.541  -21.328 1.0000000000
160447  -15.395  21.509  -21.351 1.0000000000
160448  -15.422  20.471  -21.330 1.0000000000
160456  -15.760  19.635  -20.379 1.0000000000
160457  -15.470  19.464  -21.319 1.0000000000
160458  -15.558  18.443  -21.272 1.0000000000
160459  -15.756  17.462  -21.133 1.0000000000
160460  -16.004  16.483  -20.979 1.0000000000
160462  -16.551  15.790  -19.960 1.0000000000
160463  -16.343  15.577  -20.764 1.0000000000
160464  -16.756  14.755  -20.545 1.0000000000
160465  -17.261  13.889  -20.239 1.0000000000
160491  -18.008  11.726  -18.314 1.0000000000
160492  -18.152  11.891  -18.828 1.0000000000
