#!ascii label  , from subject 40tvs8ref_sym_20 vox2ras=TkReg
125
1107  -4.070  30.117  11.654 1.0000000000
3028  -4.427  28.746  13.528 1.0000000000
4758  -2.727  30.477  9.911 1.0000000000
4759  -2.188  31.170  7.622 1.0000000000
6600  -3.762  31.307  9.603 1.0000000000
6601  -3.099  29.166  12.037 1.0000000000
6602  -2.493  26.432  14.569 1.0000000000
6603  -3.517  27.862  13.838 1.0000000000
12438  -2.267  29.179  11.278 1.0000000000
14838  -4.412  31.125  10.591 1.0000000000
14840  -3.915  30.745  10.665 1.0000000000
14841  -3.412  30.335  10.820 1.0000000000
14842  -3.609  29.778  11.758 1.0000000000
14843  -3.311  28.418  13.044 1.0000000000
14844  -3.826  29.024  12.766 1.0000000000
14845  -4.657  27.952  14.509 1.0000000000
14846  -4.102  27.489  14.628 1.0000000000
23881  -4.645  30.508  11.609 1.0000000000
23882  -4.234  29.405  12.639 1.0000000000
23883  -4.880  29.851  12.584 1.0000000000
23884  -5.194  29.232  13.526 1.0000000000
26996  -3.065  31.443  8.600 1.0000000000
26997  -2.859  31.791  7.411 1.0000000000
26998  -2.459  30.873  8.771 1.0000000000
30760  -3.603  31.818  8.470 1.0000000000
30761  -3.269  30.928  9.743 1.0000000000
30762  -2.925  29.865  11.007 1.0000000000
30763  -2.551  28.510  12.362 1.0000000000
30764  -2.182  27.047  13.684 1.0000000000
30765  -2.792  27.796  13.341 1.0000000000
30766  -2.991  27.163  14.179 1.0000000000
30768  -3.965  28.359  13.617 1.0000000000
43158  -2.110  28.475  11.965 1.0000000000
45558  -4.223  30.599  11.136 1.0000000000
45559  -4.143  30.904  10.631 1.0000000000
45560  -3.982  30.441  11.158 1.0000000000
45561  -3.744  30.277  11.217 1.0000000000
45562  -3.846  29.939  11.715 1.0000000000
45563  -3.715  29.369  12.294 1.0000000000
45564  -3.945  29.581  12.222 1.0000000000
45565  -4.789  27.581  14.969 1.0000000000
55163  -4.753  30.173  12.112 1.0000000000
55167  -5.706  29.648  13.585 1.0000000000
55168  -5.360  28.915  14.022 1.0000000000
60353  -2.889  30.981  9.243 1.0000000000
60354  -2.776  31.204  8.648 1.0000000000
60355  -2.577  30.686  9.356 1.0000000000
67558  -3.970  31.779  8.963 1.0000000000
67559  -3.894  32.030  8.375 1.0000000000
67560  -3.687  31.559  9.062 1.0000000000
67561  -3.420  31.379  9.117 1.0000000000
67562  -3.516  31.119  9.673 1.0000000000
67563  -3.273  29.816  11.403 1.0000000000
67564  -3.189  30.097  10.912 1.0000000000
67565  -3.018  29.518  11.539 1.0000000000
67566  -2.732  29.212  11.677 1.0000000000
67567  -2.839  28.859  12.186 1.0000000000
67568  -2.657  28.155  12.852 1.0000000000
67569  -2.938  28.487  12.677 1.0000000000
67570  -3.421  28.160  13.451 1.0000000000
67571  -3.168  27.807  13.621 1.0000000000
67572  -3.262  27.525  13.996 1.0000000000
67574  -3.371  27.164  14.432 1.0000000000
67575  -4.312  29.108  13.063 1.0000000000
67576  -4.092  28.905  13.116 1.0000000000
67577  -4.143  28.574  13.542 1.0000000000
67578  -3.991  26.856  15.143 1.0000000000
67579  -3.873  27.226  14.726 1.0000000000
83146  -2.518  31.495  7.502 1.0000000000
83148  -2.439  31.591  6.908 1.0000000000
83205  -2.352  26.758  14.139 1.0000000000
83206  -2.093  26.358  14.271 1.0000000000
83207  -2.236  25.988  14.757 1.0000000000
96116  -2.498  29.898  10.567 1.0000000000
96117  -2.366  30.129  10.042 1.0000000000
100440  -3.837  31.023  10.153 1.0000000000
100441  -3.582  30.823  10.226 1.0000000000
100442  -3.655  30.548  10.736 1.0000000000
100443  -3.507  30.052  11.302 1.0000000000
100444  -3.355  29.461  11.902 1.0000000000
100445  -3.192  28.787  12.539 1.0000000000
100446  -3.439  29.067  12.414 1.0000000000
100447  -3.574  28.745  12.885 1.0000000000
100448  -3.676  28.469  13.292 1.0000000000
100449  -4.537  28.347  14.021 1.0000000000
100450  -4.250  28.129  14.072 1.0000000000
100451  -4.345  27.710  14.577 1.0000000000
109827  -2.591  26.004  15.030 1.0000000000
117162  -4.532  30.836  11.090 1.0000000000
117163  -4.317  30.284  11.640 1.0000000000
117164  -4.153  29.744  12.171 1.0000000000
117165  -4.411  29.948  12.135 1.0000000000
117166  -4.510  29.630  12.595 1.0000000000
117167  -4.627  29.310  13.043 1.0000000000
117169  -5.033  29.549  13.047 1.0000000000
117170  -4.757  28.962  13.513 1.0000000000
117171  -4.899  28.597  14.004 1.0000000000
117172  -5.043  28.229  14.493 1.0000000000
124430  -3.252  31.866  7.954 1.0000000000
124432  -2.984  31.667  8.017 1.0000000000
124433  -2.659  31.366  8.076 1.0000000000
124434  -2.325  31.049  8.188 1.0000000000
133961  -3.298  31.636  8.526 1.0000000000
133962  -3.162  31.207  9.196 1.0000000000
133963  -3.038  30.752  9.812 1.0000000000
133964  -3.353  30.617  10.296 1.0000000000
133965  -3.122  30.423  10.371 1.0000000000
133966  -2.847  30.203  10.448 1.0000000000
133967  -2.628  29.562  11.134 1.0000000000
133968  -2.426  28.857  11.860 1.0000000000
133970  -2.080  27.399  13.164 1.0000000000
133971  -2.355  27.779  13.036 1.0000000000
133972  -2.455  27.417  13.552 1.0000000000
133973  -2.651  27.116  13.987 1.0000000000
133974  -3.059  28.125  13.172 1.0000000000
133975  -2.918  27.482  13.785 1.0000000000
133976  -2.752  26.779  14.393 1.0000000000
133977  -2.832  26.400  14.807 1.0000000000
133980  -4.018  29.210  12.694 1.0000000000
133981  -3.902  28.710  13.187 1.0000000000
133982  -3.778  28.185  13.663 1.0000000000
133983  -4.005  27.908  14.134 1.0000000000
133984  -3.835  27.733  14.178 1.0000000000
153021  -3.095  32.164  6.755 1.0000000000
153093  -1.924  26.634  13.804 1.0000000000
