#!ascii label  , from subject 40tvs8ref_sym_20 vox2ras=TkReg
224
525  -45.027  31.644  14.311 1.0000000000
1159  -50.499  35.387  7.691 1.0000000000
2220  -44.667  35.524  10.384 1.0000000000
2221  -50.784  32.187  12.386 1.0000000000
4912  -48.099  29.635  15.285 1.0000000000
4917  -50.741  34.202  10.279 1.0000000000
4918  -53.140  31.374  10.905 1.0000000000
4919  -53.205  29.562  13.036 1.0000000000
9224  -44.922  33.810  12.556 1.0000000000
9225  -47.773  35.597  9.245 1.0000000000
9226  -48.003  34.304  11.570 1.0000000000
9227  -47.942  31.937  13.325 1.0000000000
9228  -50.680  29.863  14.330 1.0000000000
12592  -46.557  30.700  14.767 1.0000000000
20501  -42.965  36.046  9.586 1.0000000000
20503  -43.145  35.386  10.890 1.0000000000
20504  -43.328  34.565  12.016 1.0000000000
20505  -44.886  34.858  11.533 1.0000000000
20506  -49.014  36.008  7.259 1.0000000000
20507  -47.585  35.989  7.957 1.0000000000
20508  -49.177  35.583  8.526 1.0000000000
20509  -50.779  33.283  11.421 1.0000000000
20510  -49.438  34.397  11.040 1.0000000000
20511  -49.413  33.330  11.940 1.0000000000
20512  -47.987  33.178  12.461 1.0000000000
20513  -49.353  32.087  12.830 1.0000000000
20514  -49.336  30.893  13.799 1.0000000000
20515  -50.719  31.015  13.341 1.0000000000
20517  -53.177  28.577  14.087 1.0000000000
27274  -49.535  28.577  15.777 1.0000000000
27279  -44.511  36.053  9.098 1.0000000000
27280  -51.668  34.321  7.938 1.0000000000
27281  -50.612  34.858  8.957 1.0000000000
27282  -51.807  33.728  9.285 1.0000000000
27283  -51.951  32.878  10.671 1.0000000000
27284  -52.072  31.945  11.770 1.0000000000
27285  -52.034  30.901  12.834 1.0000000000
27286  -53.215  30.549  11.987 1.0000000000
30973  -43.499  32.465  13.954 1.0000000000
30978  -50.321  35.813  6.463 1.0000000000
37915  -43.473  33.507  13.060 1.0000000000
37916  -44.987  32.788  13.424 1.0000000000
37918  -46.110  36.010  8.562 1.0000000000
37919  -46.238  35.569  9.889 1.0000000000
37920  -49.404  35.130  9.834 1.0000000000
37921  -47.904  35.156  10.503 1.0000000000
37922  -46.397  35.027  11.054 1.0000000000
37923  -46.485  34.067  12.078 1.0000000000
37924  -46.485  32.982  12.933 1.0000000000
37925  -46.505  31.836  13.818 1.0000000000
37926  -47.963  30.817  14.260 1.0000000000
37927  -49.394  29.766  14.828 1.0000000000
37928  -50.775  28.714  15.302 1.0000000000
37929  -51.984  29.791  13.824 1.0000000000
37930  -51.991  28.694  14.794 1.0000000000
37931  -52.139  27.544  15.867 1.0000000000
43308  -44.268  31.495  14.563 1.0000000000
43311  -45.841  30.589  15.008 1.0000000000
43312  -45.778  31.180  14.532 1.0000000000
51221  -43.813  35.764  10.005 1.0000000000
51222  -43.022  35.751  10.268 1.0000000000
51223  -43.925  35.477  10.661 1.0000000000
51224  -44.039  35.145  11.232 1.0000000000
51225  -44.792  35.212  11.000 1.0000000000
51226  -49.774  35.760  7.511 1.0000000000
51227  -49.103  35.792  7.900 1.0000000000
51228  -49.856  35.531  8.138 1.0000000000
51229  -50.799  32.732  11.903 1.0000000000
51230  -50.113  33.336  11.709 1.0000000000
51231  -50.099  32.752  12.160 1.0000000000
51232  -49.377  32.706  12.369 1.0000000000
51233  -50.048  32.174  12.600 1.0000000000
51234  -50.047  31.572  13.070 1.0000000000
51235  -50.728  31.612  12.843 1.0000000000
60815  -48.176  29.011  15.727 1.0000000000
60817  -48.837  29.108  15.512 1.0000000000
60825  -44.459  36.332  8.453 1.0000000000
60826  -52.232  33.726  8.122 1.0000000000
60827  -51.726  34.032  8.600 1.0000000000
60830  -52.478  32.566  10.182 1.0000000000
60831  -52.574  32.119  10.799 1.0000000000
60832  -52.015  32.423  11.243 1.0000000000
60833  -52.626  31.704  11.385 1.0000000000
60834  -52.650  31.247  11.902 1.0000000000
60835  -53.191  30.964  11.501 1.0000000000
68016  -42.696  32.264  14.244 1.0000000000
68024  -49.565  36.170  6.271 1.0000000000
68025  -50.142  35.953  5.898 1.0000000000
84551  -44.168  34.221  12.310 1.0000000000
84552  -43.409  34.056  12.536 1.0000000000
84553  -44.208  33.675  12.791 1.0000000000
84554  -44.218  33.160  13.260 1.0000000000
84555  -44.969  33.290  13.010 1.0000000000
84559  -47.683  35.778  8.591 1.0000000000
84560  -46.857  35.996  8.269 1.0000000000
84561  -46.933  35.747  8.921 1.0000000000
84562  -46.153  35.771  9.218 1.0000000000
84563  -46.992  35.576  9.560 1.0000000000
84564  -50.711  34.570  9.616 1.0000000000
84565  -50.050  35.048  9.410 1.0000000000
84566  -50.101  34.720  10.060 1.0000000000
84567  -48.737  34.376  11.294 1.0000000000
84568  -48.697  34.820  10.786 1.0000000000
84569  -47.967  34.780  11.074 1.0000000000
84570  -47.155  35.088  10.802 1.0000000000
84571  -47.213  34.696  11.349 1.0000000000
84572  -46.455  34.607  11.566 1.0000000000
84573  -47.235  34.218  11.839 1.0000000000
84574  -47.977  32.563  12.879 1.0000000000
84575  -47.244  33.082  12.706 1.0000000000
84576  -47.237  32.475  13.125 1.0000000000
84577  -46.503  32.420  13.373 1.0000000000
84578  -47.211  31.889  13.574 1.0000000000
84579  -47.243  31.331  14.023 1.0000000000
84580  -47.953  31.357  13.794 1.0000000000
84581  -50.026  30.385  14.060 1.0000000000
84582  -49.357  30.342  14.320 1.0000000000
84583  -50.037  29.833  14.580 1.0000000000
84584  -50.092  29.258  15.068 1.0000000000
84585  -50.687  29.305  14.807 1.0000000000
84586  -52.631  30.237  12.971 1.0000000000
84587  -51.999  30.359  13.350 1.0000000000
84588  -52.639  29.717  13.504 1.0000000000
84589  -53.237  28.049  14.645 1.0000000000
84590  -52.574  28.687  14.486 1.0000000000
84591  -52.642  28.121  15.025 1.0000000000
84592  -52.054  28.124  15.305 1.0000000000
84594  -52.837  26.951  16.182 1.0000000000
96393  -46.652  30.104  15.260 1.0000000000
96394  -47.367  30.173  15.015 1.0000000000
110631  -42.158  36.048  9.768 1.0000000000
110633  -42.358  35.262  11.116 1.0000000000
110634  -42.452  34.851  11.693 1.0000000000
110635  -43.245  35.009  11.462 1.0000000000
110636  -44.107  34.718  11.774 1.0000000000
110637  -44.921  34.354  12.045 1.0000000000
110640  -48.311  36.012  7.611 1.0000000000
110641  -48.390  35.800  8.217 1.0000000000
110642  -48.517  35.611  8.894 1.0000000000
110643  -50.764  33.765  10.925 1.0000000000
110644  -50.119  34.346  10.696 1.0000000000
110645  -50.120  33.884  11.257 1.0000000000
110646  -49.425  33.905  11.514 1.0000000000
110647  -48.728  33.849  11.753 1.0000000000
110648  -48.014  33.812  12.035 1.0000000000
110649  -48.726  33.269  12.170 1.0000000000
110650  -48.686  32.645  12.621 1.0000000000
110651  -48.646  32.001  13.069 1.0000000000
110652  -48.633  31.394  13.536 1.0000000000
110653  -49.338  31.482  13.303 1.0000000000
110654  -50.030  30.962  13.565 1.0000000000
110655  -50.703  30.423  13.837 1.0000000000
110656  -53.757  28.864  13.074 1.0000000000
110657  -53.165  29.076  13.556 1.0000000000
110658  -53.783  28.374  13.613 1.0000000000
125079  -49.642  27.965  16.241 1.0000000000
125080  -50.255  28.050  16.057 1.0000000000
125089  -42.887  36.368  8.912 1.0000000000
125090  -43.730  36.041  9.350 1.0000000000
125091  -44.581  35.792  9.743 1.0000000000
125092  -51.114  34.893  7.811 1.0000000000
125093  -50.553  35.139  8.310 1.0000000000
125094  -51.150  34.609  8.442 1.0000000000
125095  -51.244  34.317  9.128 1.0000000000
125096  -51.290  33.992  9.807 1.0000000000
125098  -51.876  33.324  10.013 1.0000000000
125099  -51.337  33.582  10.494 1.0000000000
125100  -51.391  33.107  11.101 1.0000000000
125101  -51.454  32.614  11.586 1.0000000000
125102  -51.455  32.097  12.110 1.0000000000
125103  -51.430  31.567  12.617 1.0000000000
125104  -52.058  31.441  12.302 1.0000000000
125105  -52.645  30.751  12.446 1.0000000000
125106  -53.215  30.071  12.529 1.0000000000
125107  -53.728  30.293  11.503 1.0000000000
134539  -44.268  32.095  14.111 1.0000000000
134549  -49.675  35.954  6.877 1.0000000000
134550  -50.412  35.635  7.095 1.0000000000
134557  -50.877  35.558  6.070 1.0000000000
134559  -51.103  35.192  7.234 1.0000000000
134560  -51.641  34.594  7.312 1.0000000000
154708  -42.654  33.887  12.815 1.0000000000
154710  -43.468  32.979  13.529 1.0000000000
154711  -44.250  32.643  13.684 1.0000000000
154712  -45.011  32.249  13.853 1.0000000000
154717  -46.017  36.303  7.916 1.0000000000
154719  -45.316  36.022  8.853 1.0000000000
154720  -45.389  35.792  9.496 1.0000000000
154721  -45.460  35.552  10.129 1.0000000000
154722  -49.916  35.290  8.762 1.0000000000
154723  -49.335  35.394  9.189 1.0000000000
154724  -48.639  35.427  9.558 1.0000000000
154725  -49.438  34.824  10.479 1.0000000000
154726  -48.682  35.177  10.198 1.0000000000
154727  -47.843  35.400  9.887 1.0000000000
154728  -47.090  35.376  10.213 1.0000000000
154729  -46.316  35.327  10.485 1.0000000000
154730  -45.562  35.268  10.736 1.0000000000
154731  -45.642  34.936  11.288 1.0000000000
154732  -45.715  34.481  11.775 1.0000000000
154733  -45.710  33.946  12.290 1.0000000000
154734  -47.249  33.650  12.299 1.0000000000
154735  -46.482  33.532  12.534 1.0000000000
154736  -45.710  33.424  12.754 1.0000000000
154737  -45.731  32.881  13.173 1.0000000000
154738  -45.736  32.334  13.620 1.0000000000
154739  -45.760  31.752  14.070 1.0000000000
154740  -46.522  31.282  14.271 1.0000000000
154741  -47.279  30.765  14.501 1.0000000000
154742  -48.017  30.244  14.782 1.0000000000
154743  -48.656  30.849  14.041 1.0000000000
154744  -48.681  30.304  14.555 1.0000000000
154745  -48.742  29.711  15.053 1.0000000000
154746  -49.461  29.183  15.301 1.0000000000
154747  -50.170  28.663  15.555 1.0000000000
154749  -51.378  30.991  13.106 1.0000000000
154750  -51.377  30.404  13.624 1.0000000000
154751  -51.355  29.845  14.100 1.0000000000
154752  -52.568  29.203  13.966 1.0000000000
154753  -51.961  29.238  14.288 1.0000000000
154754  -51.340  29.279  14.559 1.0000000000
154755  -51.393  28.729  15.064 1.0000000000
154756  -51.451  28.144  15.559 1.0000000000
154758  -52.258  26.944  16.457 1.0000000000
