#!ascii label  , from subject 40tvs8ref_sym_20 vox2ras=TkReg
239
183  -57.500  -15.894  17.388 1.0000000000
911  -52.469  -19.400  18.840 1.0000000000
1481  -61.661  -15.468  18.412 1.0000000000
1482  -62.001  -12.754  15.188 1.0000000000
1899  -56.593  -18.484  19.957 1.0000000000
4170  -59.662  -15.791  17.719 1.0000000000
4171  -59.029  -16.831  19.307 1.0000000000
4172  -57.003  -17.286  18.555 1.0000000000
6246  -55.214  -15.937  17.489 1.0000000000
6247  -54.971  -17.683  18.070 1.0000000000
7297  -62.147  -14.350  16.719 1.0000000000
7298  -59.908  -14.289  16.667 1.0000000000
7300  -59.625  -12.517  15.590 1.0000000000
7301  -57.542  -14.103  16.961 1.0000000000
8310  -54.587  -18.924  19.293 1.0000000000
11850  -58.600  -15.868  17.535 1.0000000000
11851  -58.307  -16.571  18.222 1.0000000000
11852  -57.275  -16.685  17.943 1.0000000000
14251  -54.014  -16.901  17.640 1.0000000000
16045  -63.223  -12.845  15.091 1.0000000000
16046  -63.326  -13.676  15.977 1.0000000000
16047  -62.183  -13.608  15.977 1.0000000000
16048  -61.072  -14.328  16.630 1.0000000000
16049  -61.001  -13.486  16.063 1.0000000000
16055  -58.347  -12.383  15.789 1.0000000000
16056  -58.590  -13.241  16.376 1.0000000000
16057  -57.367  -13.186  16.648 1.0000000000
16058  -56.326  -14.058  17.248 1.0000000000
18270  -62.645  -15.258  18.869 1.0000000000
18272  -61.285  -15.906  19.354 1.0000000000
18273  -57.796  -17.615  19.637 1.0000000000
18278  -53.678  -18.531  18.438 1.0000000000
18279  -54.727  -18.382  18.670 1.0000000000
18280  -53.515  -19.167  19.043 1.0000000000
25938  -60.665  -15.665  18.029 1.0000000000
25939  -60.317  -16.160  18.871 1.0000000000
25940  -59.336  -16.368  18.493 1.0000000000
25941  -58.045  -17.060  18.888 1.0000000000
25942  -56.802  -17.865  19.247 1.0000000000
29934  -56.378  -15.919  17.362 1.0000000000
29935  -56.205  -16.797  17.741 1.0000000000
29936  -55.074  -16.902  17.614 1.0000000000
29937  -53.887  -17.798  17.910 1.0000000000
29938  -52.630  -18.691  18.280 1.0000000000
29941  -51.353  -19.557  18.659 1.0000000000
32420  -62.976  -14.847  17.900 1.0000000000
32422  -63.210  -14.344  16.897 1.0000000000
32423  -61.949  -15.008  17.491 1.0000000000
32424  -60.894  -15.093  17.245 1.0000000000
32425  -59.816  -15.099  17.120 1.0000000000
32426  -58.714  -15.093  17.080 1.0000000000
32432  -60.793  -12.651  15.349 1.0000000000
32433  -59.775  -13.416  16.189 1.0000000000
32434  -58.733  -14.222  16.748 1.0000000000
32435  -57.618  -15.066  17.113 1.0000000000
32436  -56.419  -15.010  17.295 1.0000000000
32437  -55.237  -15.033  17.530 1.0000000000
35214  -60.014  -16.556  19.721 1.0000000000
35220  -56.005  -17.502  18.324 1.0000000000
35221  -55.795  -18.090  18.916 1.0000000000
35222  -55.597  -18.690  19.569 1.0000000000
42570  -58.075  -15.862  17.447 1.0000000000
42571  -57.911  -16.278  17.736 1.0000000000
42572  -57.413  -16.299  17.636 1.0000000000
46765  -62.612  -12.797  15.126 1.0000000000
46766  -62.707  -13.214  15.532 1.0000000000
46767  -62.111  -13.176  15.584 1.0000000000
46768  -61.585  -13.549  16.003 1.0000000000
46769  -61.516  -13.118  15.653 1.0000000000
46774  -58.181  -11.985  15.392 1.0000000000
46775  -57.746  -12.337  15.895 1.0000000000
46776  -57.878  -12.772  16.244 1.0000000000
48990  -62.171  -15.371  18.628 1.0000000000
48991  -61.959  -15.589  19.120 1.0000000000
48992  -61.476  -15.686  18.889 1.0000000000
48993  -57.185  -18.055  19.795 1.0000000000
48995  -57.068  -18.373  20.171 1.0000000000
48997  -56.518  -18.780  20.317 1.0000000000
48998  -53.082  -18.959  18.633 1.0000000000
48999  -53.608  -18.855  18.729 1.0000000000
49000  -53.014  -19.279  18.931 1.0000000000
58590  -60.151  -15.750  17.859 1.0000000000
58591  -60.006  -16.022  18.267 1.0000000000
58592  -59.512  -16.105  18.092 1.0000000000
58593  -57.651  -16.914  18.389 1.0000000000
58594  -58.170  -16.811  18.560 1.0000000000
58595  -57.525  -17.176  18.716 1.0000000000
58596  -57.419  -17.442  19.062 1.0000000000
58597  -56.892  -17.576  18.900 1.0000000000
65790  -55.775  -15.932  17.423 1.0000000000
65791  -55.702  -16.412  17.497 1.0000000000
65792  -55.143  -16.419  17.496 1.0000000000
65794  -53.962  -17.393  17.709 1.0000000000
65796  -53.251  -18.251  18.078 1.0000000000
65804  -51.403  -19.226  18.360 1.0000000000
71174  -63.635  -14.511  17.592 1.0000000000
71178  -62.747  -14.019  16.378 1.0000000000
71179  -63.280  -14.031  16.429 1.0000000000
71180  -62.675  -14.349  16.793 1.0000000000
71181  -62.573  -14.668  17.218 1.0000000000
71182  -62.047  -14.683  17.101 1.0000000000
71183  -61.423  -15.059  17.362 1.0000000000
71184  -61.534  -14.719  16.988 1.0000000000
71185  -60.486  -14.304  16.635 1.0000000000
71186  -60.460  -14.711  16.884 1.0000000000
71187  -59.883  -14.703  16.885 1.0000000000
71188  -59.263  -15.097  17.096 1.0000000000
71189  -59.298  -14.689  16.892 1.0000000000
71205  -60.209  -12.582  15.459 1.0000000000
71206  -60.294  -13.007  15.826 1.0000000000
71207  -59.683  -12.969  15.923 1.0000000000
71208  -58.071  -13.674  16.701 1.0000000000
71209  -58.681  -13.732  16.565 1.0000000000
71210  -58.145  -14.153  16.849 1.0000000000
71211  -58.187  -14.636  16.958 1.0000000000
71212  -57.595  -14.584  17.042 1.0000000000
71213  -57.006  -15.035  17.194 1.0000000000
71214  -57.011  -14.551  17.161 1.0000000000
71215  -55.755  -14.066  17.330 1.0000000000
71216  -55.788  -14.543  17.400 1.0000000000
71217  -55.203  -14.575  17.519 1.0000000000
77858  -59.664  -16.487  19.104 1.0000000000
77859  -60.153  -16.359  19.298 1.0000000000
77860  -59.515  -16.698  19.508 1.0000000000
77873  -55.599  -17.250  17.890 1.0000000000
77874  -56.109  -17.181  18.032 1.0000000000
77875  -55.485  -17.602  18.199 1.0000000000
77876  -54.667  -18.642  18.976 1.0000000000
77877  -55.291  -18.235  18.783 1.0000000000
77878  -55.205  -18.525  19.057 1.0000000000
77879  -55.691  -18.384  19.230 1.0000000000
77880  -55.108  -18.798  19.389 1.0000000000
95058  -59.126  -15.846  17.621 1.0000000000
95059  -58.993  -16.174  17.967 1.0000000000
95060  -58.449  -16.254  17.850 1.0000000000
95061  -57.781  -16.620  18.061 1.0000000000
95062  -57.138  -17.008  18.261 1.0000000000
99378  -54.637  -15.966  17.581 1.0000000000
99379  -54.598  -16.427  17.556 1.0000000000
99380  -54.019  -16.467  17.641 1.0000000000
102611  -63.337  -13.284  15.536 1.0000000000
102612  -62.769  -13.629  15.946 1.0000000000
102613  -62.205  -13.996  16.348 1.0000000000
102614  -61.628  -14.364  16.686 1.0000000000
102615  -61.629  -13.970  16.349 1.0000000000
102616  -61.060  -13.910  16.346 1.0000000000
102617  -60.454  -13.890  16.395 1.0000000000
102627  -58.958  -12.442  15.692 1.0000000000
102628  -59.086  -12.875  16.003 1.0000000000
102629  -58.470  -12.810  16.128 1.0000000000
102630  -57.988  -13.217  16.504 1.0000000000
102631  -57.465  -13.632  16.844 1.0000000000
102632  -56.936  -14.067  17.089 1.0000000000
102633  -56.859  -13.605  16.962 1.0000000000
106614  -63.105  -15.117  19.143 1.0000000000
106616  -62.449  -15.493  19.353 1.0000000000
106617  -61.740  -15.805  19.594 1.0000000000
106619  -58.405  -17.203  19.465 1.0000000000
106620  -58.861  -17.072  19.712 1.0000000000
106621  -58.250  -17.478  19.874 1.0000000000
106628  -54.310  -18.113  18.249 1.0000000000
106629  -54.837  -18.043  18.376 1.0000000000
106630  -54.206  -18.444  18.545 1.0000000000
106631  -54.122  -18.759  18.853 1.0000000000
106632  -54.049  -19.049  19.167 1.0000000000
118852  -63.099  -12.443  14.622 1.0000000000
118853  -62.503  -12.382  14.682 1.0000000000
121962  -61.162  -15.577  18.207 1.0000000000
121963  -60.982  -15.806  18.665 1.0000000000
121964  -60.495  -15.926  18.450 1.0000000000
121965  -59.823  -16.266  18.684 1.0000000000
121966  -59.179  -16.602  18.897 1.0000000000
121967  -58.839  -16.464  18.330 1.0000000000
121968  -58.675  -16.721  18.699 1.0000000000
121969  -58.553  -16.941  19.060 1.0000000000
121970  -57.926  -17.326  19.244 1.0000000000
121971  -57.320  -17.741  19.421 1.0000000000
121972  -56.713  -18.161  19.583 1.0000000000
121974  -52.383  -19.690  19.166 1.0000000000
131718  -56.936  -15.910  17.364 1.0000000000
131719  -56.863  -16.335  17.534 1.0000000000
131720  -56.293  -16.374  17.496 1.0000000000
131721  -55.636  -16.868  17.630 1.0000000000
131722  -55.043  -17.310  17.808 1.0000000000
131723  -54.540  -16.906  17.617 1.0000000000
131724  -54.488  -17.351  17.768 1.0000000000
131725  -54.448  -17.755  17.980 1.0000000000
131726  -53.783  -18.180  18.162 1.0000000000
131727  -53.154  -18.608  18.355 1.0000000000
131728  -52.558  -19.044  18.561 1.0000000000
131735  -52.045  -18.792  18.177 1.0000000000
131736  -51.990  -19.133  18.459 1.0000000000
131737  -51.919  -19.469  18.765 1.0000000000
131738  -51.287  -19.882  18.992 1.0000000000
138510  -63.271  -14.925  18.652 1.0000000000
138511  -62.815  -15.053  18.394 1.0000000000
138512  -62.331  -15.160  18.166 1.0000000000
138519  -63.118  -14.603  17.375 1.0000000000
138520  -62.465  -14.932  17.678 1.0000000000
138521  -61.812  -15.263  17.950 1.0000000000
138522  -61.301  -15.337  17.772 1.0000000000
138523  -60.786  -15.417  17.616 1.0000000000
138524  -60.263  -15.455  17.496 1.0000000000
138525  -60.997  -14.730  16.923 1.0000000000
138526  -60.354  -15.120  17.155 1.0000000000
138527  -59.740  -15.463  17.396 1.0000000000
138528  -59.231  -15.485  17.324 1.0000000000
138529  -58.680  -15.483  17.284 1.0000000000
138530  -58.127  -15.486  17.250 1.0000000000
138548  -61.407  -12.708  15.257 1.0000000000
138549  -60.906  -13.069  15.720 1.0000000000
138550  -60.373  -13.456  16.146 1.0000000000
138551  -59.847  -13.856  16.437 1.0000000000
138552  -59.175  -13.339  16.275 1.0000000000
138553  -59.262  -13.818  16.489 1.0000000000
138554  -59.317  -14.260  16.694 1.0000000000
138555  -58.748  -14.671  16.923 1.0000000000
138556  -58.157  -15.082  17.094 1.0000000000
138557  -57.531  -15.503  17.239 1.0000000000
138558  -56.989  -15.480  17.254 1.0000000000
138559  -56.405  -15.483  17.311 1.0000000000
138560  -55.825  -15.488  17.391 1.0000000000
138561  -56.401  -14.522  17.288 1.0000000000
138562  -55.834  -15.000  17.423 1.0000000000
138563  -55.238  -15.483  17.514 1.0000000000
146652  -60.798  -16.022  19.117 1.0000000000
146653  -60.640  -16.226  19.558 1.0000000000
146654  -60.463  -16.461  19.975 1.0000000000
146670  -56.768  -16.748  17.840 1.0000000000
146671  -56.633  -17.094  18.149 1.0000000000
146672  -56.496  -17.389  18.463 1.0000000000
146673  -55.385  -17.927  18.495 1.0000000000
146674  -55.897  -17.801  18.628 1.0000000000
146675  -56.376  -17.664  18.767 1.0000000000
146676  -56.283  -17.962  19.084 1.0000000000
146677  -56.188  -18.276  19.404 1.0000000000
146678  -56.112  -18.585  19.761 1.0000000000
146680  -53.438  -19.462  19.367 1.0000000000
146687  -56.026  -18.901  20.121 1.0000000000
