#!ascii label  , from subject 40tvs8ref_sym_20 vox2ras=TkReg
284
529  -43.280  29.476  -6.291 1.0000000000
2230  -42.568  31.384  -2.788 1.0000000000
2231  -35.855  31.238  0.446 1.0000000000
2232  -36.870  30.094  -3.460 1.0000000000
4940  -42.697  30.532  -4.583 1.0000000000
4941  -39.269  31.275  -1.236 1.0000000000
4942  -39.591  30.459  -3.026 1.0000000000
4943  -36.286  30.732  -1.490 1.0000000000
4944  -40.219  29.669  -4.814 1.0000000000
4946  -41.364  27.241  -8.365 1.0000000000
6710  -43.980  28.476  -7.886 1.0000000000
9255  -39.148  31.627  0.777 1.0000000000
9258  -32.533  30.807  2.082 1.0000000000
9259  -32.844  30.629  -0.228 1.0000000000
9260  -33.202  30.225  -2.531 1.0000000000
9261  -40.913  28.697  -6.526 1.0000000000
9262  -37.423  29.149  -5.535 1.0000000000
12618  -44.763  29.617  -6.926 1.0000000000
12619  -44.455  30.111  -6.105 1.0000000000
12620  -42.937  30.005  -5.444 1.0000000000
12621  -41.167  30.455  -3.864 1.0000000000
12622  -41.443  29.956  -4.719 1.0000000000
12623  -39.866  30.058  -3.950 1.0000000000
12624  -41.771  29.495  -5.562 1.0000000000
20576  -44.181  31.124  -4.366 1.0000000000
20580  -42.506  31.596  -1.811 1.0000000000
20581  -40.863  31.658  -0.048 1.0000000000
20582  -40.848  31.582  -1.059 1.0000000000
20583  -37.538  31.283  -0.358 1.0000000000
20584  -37.443  31.463  0.661 1.0000000000
20585  -35.751  31.383  1.524 1.0000000000
20587  -34.080  31.232  2.346 1.0000000000
20588  -32.439  30.824  3.195 1.0000000000
20589  -34.169  31.130  1.316 1.0000000000
20590  -36.565  30.416  -2.454 1.0000000000
20591  -34.589  30.779  -0.789 1.0000000000
20592  -34.812  30.542  -1.874 1.0000000000
20593  -33.066  30.463  -1.393 1.0000000000
20594  -35.079  30.256  -2.967 1.0000000000
20595  -44.249  27.844  -8.691 1.0000000000
20596  -42.456  28.574  -7.177 1.0000000000
20597  -42.734  27.876  -8.019 1.0000000000
20599  -39.474  28.210  -6.922 1.0000000000
27323  -44.281  30.653  -5.231 1.0000000000
27324  -42.572  30.982  -3.683 1.0000000000
27325  -40.911  31.335  -2.024 1.0000000000
27326  -41.006  30.942  -2.976 1.0000000000
27327  -39.376  30.920  -2.152 1.0000000000
27328  -37.658  30.958  -1.335 1.0000000000
27329  -36.029  31.001  -0.529 1.0000000000
27330  -37.954  30.589  -2.300 1.0000000000
27331  -38.240  30.244  -3.174 1.0000000000
27332  -38.600  29.871  -4.114 1.0000000000
27334  -42.950  27.129  -8.917 1.0000000000
31015  -45.018  29.120  -7.724 1.0000000000
31016  -43.623  29.014  -7.077 1.0000000000
31017  -45.383  28.562  -8.523 1.0000000000
31018  -45.723  27.973  -9.305 1.0000000000
38007  -40.913  31.580  0.963 1.0000000000
38008  -39.251  31.589  1.800 1.0000000000
38010  -39.136  31.524  -0.192 1.0000000000
38011  -37.446  31.549  1.648 1.0000000000
38019  -34.352  30.973  0.274 1.0000000000
38020  -32.634  30.725  0.958 1.0000000000
38025  -42.136  29.070  -6.385 1.0000000000
38026  -40.567  29.243  -5.646 1.0000000000
38027  -38.935  29.461  -5.028 1.0000000000
38028  -41.162  28.004  -7.413 1.0000000000
38029  -39.268  28.909  -5.951 1.0000000000
38030  -37.163  29.709  -4.500 1.0000000000
38031  -35.320  29.877  -4.087 1.0000000000
43338  -44.033  29.527  -6.628 1.0000000000
43339  -43.845  29.795  -6.196 1.0000000000
43340  -43.104  29.730  -5.880 1.0000000000
43341  -42.207  29.958  -5.091 1.0000000000
43342  -42.357  29.705  -5.516 1.0000000000
43343  -41.580  29.730  -5.123 1.0000000000
43344  -42.530  29.447  -5.937 1.0000000000
51296  -43.359  31.251  -3.580 1.0000000000
51297  -44.142  31.306  -3.922 1.0000000000
51298  -43.351  31.419  -3.132 1.0000000000
51300  -42.532  31.515  -2.284 1.0000000000
51301  -41.666  31.586  -1.404 1.0000000000
51302  -41.718  31.505  -1.916 1.0000000000
51303  -36.685  31.270  0.050 1.0000000000
51304  -36.628  31.358  0.588 1.0000000000
51305  -35.800  31.333  0.964 1.0000000000
51306  -34.918  31.324  1.934 1.0000000000
51307  -34.956  31.281  1.383 1.0000000000
51308  -34.113  31.181  1.823 1.0000000000
51309  -35.011  31.202  0.883 1.0000000000
51310  -36.723  30.256  -2.966 1.0000000000
51311  -35.704  30.487  -2.154 1.0000000000
51312  -35.849  30.343  -2.676 1.0000000000
51313  -34.952  30.385  -2.425 1.0000000000
51314  -35.985  30.183  -3.208 1.0000000000
51316  -43.482  27.857  -8.345 1.0000000000
51317  -43.624  27.473  -8.771 1.0000000000
60896  -43.578  30.309  -5.366 1.0000000000
60897  -44.360  30.378  -5.663 1.0000000000
60898  -43.482  30.575  -4.918 1.0000000000
60899  -43.417  30.816  -4.474 1.0000000000
60900  -42.632  30.750  -4.145 1.0000000000
60901  -41.780  30.966  -3.335 1.0000000000
60902  -41.846  30.727  -3.799 1.0000000000
60903  -40.400  30.442  -3.439 1.0000000000
60904  -40.318  30.679  -3.011 1.0000000000
60905  -39.463  30.688  -2.575 1.0000000000
60906  -38.498  30.939  -1.718 1.0000000000
60907  -38.603  30.719  -2.185 1.0000000000
60908  -37.788  30.749  -1.820 1.0000000000
60909  -38.758  30.503  -2.657 1.0000000000
60910  -40.050  29.839  -4.403 1.0000000000
60911  -39.069  30.128  -3.578 1.0000000000
60912  -39.228  29.968  -4.003 1.0000000000
60913  -38.404  30.073  -3.626 1.0000000000
60914  -39.402  29.785  -4.440 1.0000000000
68108  -45.187  28.863  -8.128 1.0000000000
68112  -46.558  27.764  -10.029 1.0000000000
84781  -41.756  31.592  0.544 1.0000000000
84783  -39.991  31.661  0.349 1.0000000000
84784  -40.047  31.636  0.871 1.0000000000
84785  -39.199  31.626  1.285 1.0000000000
84787  -38.343  31.579  1.720 1.0000000000
84788  -40.079  31.287  -1.614 1.0000000000
84789  -40.019  31.433  -1.115 1.0000000000
84790  -39.174  31.405  -0.695 1.0000000000
84792  -37.445  31.540  1.146 1.0000000000
84793  -36.589  31.493  2.129 1.0000000000
84794  -36.592  31.470  2.673 1.0000000000
84805  -32.441  30.791  2.679 1.0000000000
84806  -31.658  30.493  3.531 1.0000000000
84807  -31.687  30.540  2.969 1.0000000000
84810  -36.160  30.872  -1.009 1.0000000000
84811  -35.191  31.038  -0.105 1.0000000000
84812  -35.318  30.891  -0.615 1.0000000000
84813  -33.709  30.753  -0.483 1.0000000000
84814  -33.579  30.812  0.094 1.0000000000
84815  -32.705  30.694  0.380 1.0000000000
84817  -31.892  30.474  0.615 1.0000000000
84819  -31.974  30.449  0.002 1.0000000000
84820  -33.109  30.347  -1.950 1.0000000000
84821  -32.131  30.318  -1.143 1.0000000000
84822  -32.199  30.208  -1.730 1.0000000000
84824  -32.301  30.078  -2.340 1.0000000000
84825  -43.816  28.761  -7.479 1.0000000000
84826  -42.890  29.029  -6.734 1.0000000000
84827  -43.073  28.785  -7.145 1.0000000000
84828  -41.706  28.621  -6.851 1.0000000000
84829  -41.533  28.910  -6.419 1.0000000000
84830  -40.741  28.990  -6.088 1.0000000000
84831  -39.755  29.350  -5.325 1.0000000000
84832  -39.925  29.096  -5.778 1.0000000000
84833  -42.163  27.168  -8.638 1.0000000000
84834  -42.045  27.540  -8.162 1.0000000000
84835  -41.256  27.618  -7.889 1.0000000000
84836  -38.459  28.687  -6.217 1.0000000000
84837  -39.386  28.557  -6.412 1.0000000000
84838  -38.352  29.035  -5.727 1.0000000000
84839  -38.223  29.339  -5.229 1.0000000000
84840  -37.315  29.444  -5.019 1.0000000000
84841  -36.250  29.801  -4.275 1.0000000000
84842  -36.385  29.550  -4.821 1.0000000000
96441  -45.332  29.964  -6.799 1.0000000000
96442  -44.607  29.868  -6.515 1.0000000000
96443  -43.693  30.038  -5.793 1.0000000000
96444  -42.801  30.280  -5.012 1.0000000000
96445  -41.936  30.488  -4.236 1.0000000000
96446  -42.048  30.238  -4.660 1.0000000000
96447  -41.308  30.202  -4.296 1.0000000000
96448  -40.515  30.222  -3.893 1.0000000000
96449  -39.718  30.262  -3.486 1.0000000000
96450  -40.646  30.010  -4.315 1.0000000000
96451  -40.826  29.779  -4.755 1.0000000000
96452  -41.020  29.555  -5.191 1.0000000000
110764  -44.980  30.994  -5.111 1.0000000000
110766  -44.946  31.197  -4.679 1.0000000000
110771  -43.325  31.602  -2.210 1.0000000000
110773  -41.698  31.666  -0.439 1.0000000000
110774  -41.686  31.645  -0.943 1.0000000000
110775  -40.838  31.649  -0.570 1.0000000000
110776  -39.985  31.625  -0.159 1.0000000000
110777  -38.417  31.296  -0.815 1.0000000000
110778  -38.354  31.392  -0.301 1.0000000000
110779  -37.479  31.381  0.153 1.0000000000
110780  -36.591  31.433  1.101 1.0000000000
110783  -34.886  31.352  2.517 1.0000000000
110785  -33.273  31.035  3.323 1.0000000000
110787  -33.255  31.050  2.787 1.0000000000
110788  -33.260  31.036  2.268 1.0000000000
110789  -33.315  30.995  1.764 1.0000000000
110790  -36.422  30.575  -1.976 1.0000000000
110791  -35.454  30.774  -1.130 1.0000000000
110792  -35.589  30.640  -1.648 1.0000000000
110793  -34.714  30.671  -1.345 1.0000000000
110794  -33.827  30.645  -1.062 1.0000000000
110795  -32.970  30.577  -0.819 1.0000000000
110796  -33.941  30.518  -1.633 1.0000000000
110797  -34.064  30.381  -2.200 1.0000000000
110798  -34.162  30.257  -2.751 1.0000000000
110799  -44.109  28.180  -8.254 1.0000000000
110800  -43.223  28.506  -7.541 1.0000000000
110801  -43.337  28.217  -7.903 1.0000000000
110802  -42.598  28.245  -7.584 1.0000000000
110803  -41.878  28.284  -7.276 1.0000000000
110805  -40.418  27.740  -7.648 1.0000000000
110806  -39.575  27.855  -7.451 1.0000000000
125191  -45.223  30.206  -6.376 1.0000000000
125192  -45.123  30.482  -5.949 1.0000000000
125193  -45.045  30.764  -5.543 1.0000000000
125194  -44.220  30.909  -4.811 1.0000000000
125195  -43.389  31.057  -4.021 1.0000000000
125196  -42.566  31.211  -3.234 1.0000000000
125197  -41.759  31.365  -2.434 1.0000000000
125198  -41.735  31.200  -2.882 1.0000000000
125199  -40.925  31.155  -2.489 1.0000000000
125200  -40.139  31.110  -2.108 1.0000000000
125201  -41.088  30.701  -3.418 1.0000000000
125202  -40.207  30.912  -2.564 1.0000000000
125203  -39.312  31.114  -1.697 1.0000000000
125204  -38.461  31.140  -1.281 1.0000000000
125205  -37.591  31.149  -0.865 1.0000000000
125206  -36.758  31.130  -0.466 1.0000000000
125207  -35.948  31.118  -0.070 1.0000000000
125208  -36.832  30.985  -0.940 1.0000000000
125209  -36.978  30.824  -1.418 1.0000000000
125210  -37.140  30.676  -1.903 1.0000000000
125211  -38.910  30.324  -3.111 1.0000000000
125212  -38.100  30.417  -2.746 1.0000000000
125213  -37.257  30.511  -2.354 1.0000000000
125214  -37.401  30.337  -2.801 1.0000000000
125215  -37.584  30.175  -3.284 1.0000000000
125216  -37.743  29.985  -3.775 1.0000000000
125218  -43.730  27.111  -9.208 1.0000000000
125224  -41.430  26.877  -8.816 1.0000000000
134652  -44.902  29.368  -7.336 1.0000000000
134653  -44.178  29.281  -7.024 1.0000000000
134654  -43.459  29.234  -6.688 1.0000000000
134655  -44.314  29.038  -7.405 1.0000000000
134656  -44.512  28.783  -7.806 1.0000000000
134657  -44.700  28.486  -8.198 1.0000000000
134659  -45.563  28.277  -8.912 1.0000000000
134660  -44.841  28.186  -8.559 1.0000000000
134661  -44.996  27.881  -8.980 1.0000000000
154984  -40.966  31.486  1.429 1.0000000000
154985  -40.138  31.469  1.847 1.0000000000
154986  -40.887  31.637  0.460 1.0000000000
154987  -40.083  31.583  1.375 1.0000000000
154988  -39.300  31.468  2.301 1.0000000000
154992  -40.903  31.502  -1.562 1.0000000000
154993  -39.991  31.563  -0.663 1.0000000000
154994  -39.124  31.604  0.282 1.0000000000
154995  -38.296  31.517  0.242 1.0000000000
154996  -38.287  31.576  0.724 1.0000000000
154997  -38.289  31.582  1.207 1.0000000000
155019  -35.102  31.109  0.376 1.0000000000
155020  -34.240  31.078  0.812 1.0000000000
155021  -33.407  30.953  1.179 1.0000000000
155022  -34.476  30.885  -0.256 1.0000000000
155023  -33.476  30.896  0.638 1.0000000000
155024  -32.611  30.778  1.503 1.0000000000
155037  -42.705  29.240  -6.338 1.0000000000
155038  -41.962  29.267  -5.997 1.0000000000
155039  -41.179  29.363  -5.605 1.0000000000
155040  -42.322  28.838  -6.795 1.0000000000
155041  -41.353  29.147  -6.006 1.0000000000
155042  -40.395  29.468  -5.241 1.0000000000
155043  -39.583  29.567  -4.882 1.0000000000
155044  -38.766  29.672  -4.575 1.0000000000
155045  -37.912  29.798  -4.249 1.0000000000
155046  -42.836  27.503  -8.464 1.0000000000
155047  -41.951  27.923  -7.711 1.0000000000
155048  -41.069  28.360  -6.969 1.0000000000
155049  -40.328  28.109  -7.152 1.0000000000
155050  -40.248  28.453  -6.683 1.0000000000
155051  -40.109  28.791  -6.232 1.0000000000
155052  -39.112  29.214  -5.495 1.0000000000
155053  -38.068  29.585  -4.757 1.0000000000
155054  -37.018  29.913  -3.986 1.0000000000
155055  -36.119  30.027  -3.739 1.0000000000
155056  -35.206  30.073  -3.525 1.0000000000
155057  -34.304  30.097  -3.345 1.0000000000
155058  -35.432  29.631  -4.653 1.0000000000
155060  -33.347  30.039  -3.137 1.0000000000
