#!ascii label  , from subject 40tvs8ref_sym_20 vox2ras=TkReg
327
90  -14.674  -41.636  -1.703 1.0000000000
1793  -14.450  -40.639  -3.953 1.0000000000
2005  -14.477  -42.716  0.169 1.0000000000
2008  -14.121  -41.791  -2.552 1.0000000000
2009  -15.520  -41.564  -5.351 1.0000000000
3947  -14.821  -40.156  -5.204 1.0000000000
3948  -14.696  -40.099  -4.772 1.0000000000
4403  -14.020  -42.427  -1.874 1.0000000000
4404  -14.140  -41.737  -3.350 1.0000000000
4405  -14.374  -41.122  -4.063 1.0000000000
8021  -14.424  -41.065  -2.716 1.0000000000
8023  -14.875  -40.455  -3.517 1.0000000000
8593  -14.528  -42.203  -0.813 1.0000000000
8600  -14.273  -42.758  -0.395 1.0000000000
8601  -14.227  -42.439  -1.130 1.0000000000
8602  -14.289  -41.821  -1.953 1.0000000000
8603  -14.199  -41.133  -3.293 1.0000000000
8604  -14.594  -40.651  -4.656 1.0000000000
8605  -15.353  -40.593  -5.885 1.0000000000
11627  -15.055  -39.836  -5.820 1.0000000000
11628  -14.919  -39.765  -5.672 1.0000000000
11629  -15.254  -39.362  -6.281 1.0000000000
12083  -14.040  -42.108  -2.968 1.0000000000
12085  -14.784  -41.974  -4.028 1.0000000000
17597  -14.291  -40.910  -3.095 1.0000000000
17598  -14.639  -40.745  -3.133 1.0000000000
17599  -14.516  -40.585  -3.538 1.0000000000
17601  -15.102  -39.871  -4.572 1.0000000000
18944  -14.579  -42.559  0.256 1.0000000000
18945  -14.606  -42.340  -0.284 1.0000000000
18946  -14.487  -42.449  -0.365 1.0000000000
18964  -14.056  -42.866  -0.760 1.0000000000
18965  -14.116  -42.148  -2.218 1.0000000000
18966  -14.185  -42.456  -1.478 1.0000000000
18967  -14.180  -42.223  -1.789 1.0000000000
18968  -14.295  -42.194  -1.524 1.0000000000
18969  -14.156  -41.910  -2.127 1.0000000000
18970  -14.224  -41.619  -2.440 1.0000000000
18971  -14.141  -41.449  -2.899 1.0000000000
18972  -14.785  -41.146  -4.659 1.0000000000
18973  -14.486  -40.878  -4.367 1.0000000000
18974  -14.810  -40.823  -4.957 1.0000000000
18975  -14.852  -40.512  -5.250 1.0000000000
18976  -15.361  -41.020  -5.608 1.0000000000
25535  -14.579  -40.399  -4.592 1.0000000000
25536  -14.495  -40.426  -4.413 1.0000000000
25537  -14.624  -40.119  -5.022 1.0000000000
25538  -14.794  -39.745  -5.464 1.0000000000
26355  -13.930  -42.663  -1.548 1.0000000000
26356  -13.977  -42.423  -2.212 1.0000000000
26357  -13.977  -41.958  -2.675 1.0000000000
26358  -14.036  -41.598  -3.095 1.0000000000
26359  -14.162  -41.340  -3.422 1.0000000000
26360  -14.261  -41.426  -3.724 1.0000000000
26361  -14.732  -41.502  -4.349 1.0000000000
26362  -15.726  -42.076  -5.080 1.0000000000
34385  -14.490  -41.321  -2.302 1.0000000000
34387  -14.707  -40.985  -2.738 1.0000000000
34388  -15.001  -40.617  -3.181 1.0000000000
34389  -15.320  -40.201  -3.748 1.0000000000
34390  -14.736  -40.256  -4.042 1.0000000000
34391  -15.217  -40.032  -4.108 1.0000000000
36037  -14.582  -41.939  -1.224 1.0000000000
36058  -14.407  -42.782  -0.032 1.0000000000
36059  -14.141  -42.692  -1.089 1.0000000000
36060  -14.241  -42.594  -0.805 1.0000000000
36061  -14.379  -42.584  -0.464 1.0000000000
36062  -14.324  -42.296  -0.841 1.0000000000
36063  -14.317  -42.009  -1.292 1.0000000000
36064  -14.390  -41.654  -1.849 1.0000000000
36065  -14.286  -41.328  -2.370 1.0000000000
36066  -14.246  -41.197  -2.838 1.0000000000
36067  -14.308  -40.871  -3.613 1.0000000000
36068  -14.262  -41.122  -3.708 1.0000000000
36069  -14.349  -40.908  -3.993 1.0000000000
36070  -14.454  -40.670  -4.269 1.0000000000
36071  -14.696  -40.418  -4.919 1.0000000000
36072  -14.946  -40.208  -5.534 1.0000000000
36073  -15.360  -40.164  -6.196 1.0000000000
36076  -16.816  -43.410  -5.857 1.0000000000
36078  -17.115  -45.120  -6.325 1.0000000000
36079  -16.269  -42.586  -6.053 1.0000000000
36080  -15.863  -41.815  -6.260 1.0000000000
41747  -14.784  -41.737  -1.476 1.0000000000
42348  -15.159  -39.589  -6.058 1.0000000000
42349  -15.305  -39.476  -6.387 1.0000000000
48317  -14.373  -40.719  -3.611 1.0000000000
48318  -14.389  -40.768  -3.286 1.0000000000
48319  -14.429  -40.633  -3.759 1.0000000000
49662  -14.531  -42.745  0.488 1.0000000000
49664  -14.518  -42.629  0.174 1.0000000000
49665  -14.493  -42.509  -0.093 1.0000000000
49666  -14.491  -42.583  -0.099 1.0000000000
49684  -13.949  -42.874  -0.959 1.0000000000
49685  -14.130  -41.978  -2.385 1.0000000000
49686  -14.114  -42.167  -1.954 1.0000000000
49687  -14.153  -42.068  -2.087 1.0000000000
49688  -14.151  -42.066  -1.951 1.0000000000
49689  -14.161  -41.920  -2.257 1.0000000000
49690  -14.154  -41.748  -2.426 1.0000000000
49691  -14.127  -41.613  -2.730 1.0000000000
49692  -15.066  -41.286  -4.974 1.0000000000
49693  -14.795  -40.970  -4.805 1.0000000000
49694  -15.085  -41.089  -5.139 1.0000000000
49695  -15.090  -40.891  -5.300 1.0000000000
49696  -15.435  -41.296  -5.484 1.0000000000
57917  -14.709  -40.272  -4.912 1.0000000000
57918  -14.606  -40.263  -4.808 1.0000000000
57919  -14.778  -40.097  -5.141 1.0000000000
57920  -14.931  -39.577  -5.913 1.0000000000
57921  -14.800  -39.771  -5.551 1.0000000000
57922  -14.885  -39.563  -5.773 1.0000000000
57923  -14.898  -39.557  -5.665 1.0000000000
59285  -14.083  -41.896  -3.158 1.0000000000
59286  -13.963  -41.941  -2.872 1.0000000000
59287  -14.011  -41.775  -3.057 1.0000000000
59288  -13.989  -41.755  -2.898 1.0000000000
59289  -14.069  -41.637  -3.237 1.0000000000
59290  -14.130  -41.500  -3.416 1.0000000000
59291  -14.196  -41.582  -3.534 1.0000000000
59293  -14.758  -41.729  -4.197 1.0000000000
59295  -15.172  -41.715  -4.672 1.0000000000
75827  -14.492  -41.191  -2.517 1.0000000000
75828  -14.608  -41.164  -2.518 1.0000000000
75829  -14.567  -41.039  -2.711 1.0000000000
75830  -14.748  -40.616  -3.291 1.0000000000
75831  -14.761  -40.717  -3.103 1.0000000000
75832  -14.916  -40.556  -3.318 1.0000000000
75833  -15.184  -40.429  -3.439 1.0000000000
75834  -15.118  -40.348  -3.606 1.0000000000
75835  -14.568  -40.283  -4.596 1.0000000000
75836  -14.580  -40.367  -4.166 1.0000000000
75837  -14.672  -40.215  -4.373 1.0000000000
75839  -15.143  -39.925  -4.372 1.0000000000
75840  -15.331  -39.784  -4.431 1.0000000000
75841  -15.375  -39.913  -4.201 1.0000000000
79872  -14.573  -42.302  -0.555 1.0000000000
79875  -14.633  -42.024  -1.033 1.0000000000
79876  -14.554  -42.070  -1.014 1.0000000000
79925  -14.290  -42.879  -0.155 1.0000000000
79927  -14.364  -42.850  0.054 1.0000000000
79929  -14.342  -42.738  -0.205 1.0000000000
79930  -13.976  -42.549  -1.709 1.0000000000
79931  -14.017  -42.678  -1.341 1.0000000000
79932  -14.044  -42.561  -1.506 1.0000000000
79933  -14.236  -42.451  -1.307 1.0000000000
79934  -14.238  -42.559  -1.141 1.0000000000
79935  -14.230  -42.528  -0.961 1.0000000000
79936  -14.279  -42.603  -0.598 1.0000000000
79937  -14.255  -42.507  -0.775 1.0000000000
79938  -14.342  -42.420  -0.661 1.0000000000
79939  -14.259  -42.398  -0.959 1.0000000000
79940  -14.298  -42.038  -1.737 1.0000000000
79941  -14.269  -42.092  -1.390 1.0000000000
79942  -14.284  -41.917  -1.622 1.0000000000
79943  -14.358  -41.833  -1.578 1.0000000000
79944  -14.312  -41.681  -1.890 1.0000000000
79945  -14.355  -41.497  -2.118 1.0000000000
79946  -14.291  -41.575  -2.164 1.0000000000
79947  -14.177  -41.400  -2.799 1.0000000000
79948  -14.248  -41.428  -2.624 1.0000000000
79949  -14.208  -41.191  -3.018 1.0000000000
79950  -14.248  -41.000  -3.236 1.0000000000
79951  -14.253  -41.005  -3.450 1.0000000000
79952  -14.253  -41.238  -3.744 1.0000000000
79953  -14.217  -41.238  -3.560 1.0000000000
79954  -14.305  -41.117  -3.890 1.0000000000
79955  -14.545  -40.764  -4.518 1.0000000000
79956  -14.424  -40.880  -4.199 1.0000000000
79957  -14.475  -40.759  -4.340 1.0000000000
79958  -14.403  -40.800  -4.128 1.0000000000
79959  -14.528  -40.638  -4.483 1.0000000000
79960  -14.570  -40.530  -4.606 1.0000000000
79961  -14.649  -40.530  -4.802 1.0000000000
79962  -15.084  -40.513  -5.574 1.0000000000
79963  -14.897  -40.379  -5.421 1.0000000000
79964  -15.115  -40.342  -5.710 1.0000000000
79965  -15.152  -40.159  -5.836 1.0000000000
79966  -15.352  -40.379  -6.045 1.0000000000
79973  -17.126  -43.796  -5.730 1.0000000000
79974  -17.496  -44.749  -6.052 1.0000000000
79979  -16.738  -46.015  -6.266 1.0000000000
79980  -16.746  -44.624  -6.408 1.0000000000
79981  -16.789  -43.807  -6.259 1.0000000000
79982  -16.458  -43.334  -6.355 1.0000000000
79983  -16.030  -42.158  -6.147 1.0000000000
94655  -14.932  -39.972  -5.551 1.0000000000
94656  -14.929  -39.932  -5.448 1.0000000000
94657  -15.037  -39.719  -5.782 1.0000000000
94658  -15.082  -39.536  -5.969 1.0000000000
95477  -14.292  -42.257  -3.294 1.0000000000
95478  -14.335  -42.003  -3.489 1.0000000000
95479  -14.377  -41.786  -3.673 1.0000000000
105401  -14.336  -40.994  -2.862 1.0000000000
105402  -14.543  -40.895  -2.939 1.0000000000
105403  -14.453  -40.851  -3.042 1.0000000000
105404  -14.595  -40.667  -3.283 1.0000000000
105405  -14.728  -40.498  -3.513 1.0000000000
105406  -14.827  -39.866  -5.022 1.0000000000
105407  -14.758  -40.071  -4.564 1.0000000000
105408  -15.002  -39.805  -4.815 1.0000000000
105409  -15.258  -39.664  -4.809 1.0000000000
107828  -14.571  -42.447  -0.004 1.0000000000
107829  -14.526  -42.430  -0.310 1.0000000000
107830  -14.498  -42.333  -0.587 1.0000000000
107862  -14.178  -42.827  -0.573 1.0000000000
107863  -14.062  -42.288  -2.047 1.0000000000
107864  -14.072  -42.429  -1.677 1.0000000000
107865  -14.092  -42.285  -1.830 1.0000000000
107866  -14.199  -42.344  -1.638 1.0000000000
107867  -14.228  -42.333  -1.479 1.0000000000
107868  -14.251  -42.328  -1.318 1.0000000000
107869  -14.233  -42.211  -1.660 1.0000000000
107870  -14.225  -42.054  -1.851 1.0000000000
107871  -14.233  -41.900  -2.040 1.0000000000
107872  -14.248  -41.749  -2.216 1.0000000000
107873  -14.180  -41.763  -2.290 1.0000000000
107874  -14.160  -41.575  -2.611 1.0000000000
107875  -14.158  -41.267  -3.100 1.0000000000
107876  -14.525  -41.072  -4.359 1.0000000000
107877  -14.429  -40.989  -4.220 1.0000000000
107878  -14.583  -40.940  -4.511 1.0000000000
107879  -14.629  -40.816  -4.662 1.0000000000
107880  -14.671  -40.696  -4.818 1.0000000000
107881  -14.704  -40.586  -4.948 1.0000000000
107882  -14.830  -40.668  -5.102 1.0000000000
107883  -15.104  -40.699  -5.468 1.0000000000
107884  -15.356  -40.801  -5.737 1.0000000000
121019  -14.508  -40.510  -4.306 1.0000000000
121020  -14.475  -40.534  -4.171 1.0000000000
121021  -14.503  -40.437  -4.458 1.0000000000
121022  -14.512  -40.341  -4.647 1.0000000000
121023  -14.616  -40.143  -4.906 1.0000000000
121024  -14.743  -39.974  -5.316 1.0000000000
121025  -14.704  -39.937  -5.242 1.0000000000
121026  -14.726  -39.948  -5.134 1.0000000000
122908  -14.463  -42.785  0.479 1.0000000000
122932  -13.898  -42.709  -1.694 1.0000000000
122933  -13.960  -42.575  -1.874 1.0000000000
122934  -14.021  -42.438  -2.046 1.0000000000
122935  -13.928  -42.173  -2.633 1.0000000000
122936  -13.977  -42.183  -2.449 1.0000000000
122937  -14.059  -42.286  -2.225 1.0000000000
122938  -14.060  -42.082  -2.422 1.0000000000
122939  -14.049  -41.847  -2.637 1.0000000000
122940  -14.051  -41.617  -2.863 1.0000000000
122941  -14.102  -41.481  -3.052 1.0000000000
122942  -14.098  -41.459  -3.264 1.0000000000
122943  -14.194  -41.367  -3.586 1.0000000000
122944  -14.322  -41.274  -3.902 1.0000000000
122945  -14.421  -41.602  -3.866 1.0000000000
122946  -14.451  -41.411  -4.046 1.0000000000
122947  -14.487  -41.230  -4.222 1.0000000000
122948  -14.770  -41.325  -4.516 1.0000000000
122949  -15.130  -41.507  -4.829 1.0000000000
122950  -15.645  -41.841  -5.225 1.0000000000
144197  -14.565  -41.475  -2.018 1.0000000000
144198  -14.777  -41.478  -1.933 1.0000000000
144201  -14.922  -40.875  -2.791 1.0000000000
144202  -14.649  -40.885  -2.903 1.0000000000
144203  -14.832  -40.802  -2.944 1.0000000000
144207  -15.515  -40.109  -3.774 1.0000000000
144208  -14.492  -40.515  -3.938 1.0000000000
144209  -14.609  -40.404  -3.806 1.0000000000
144210  -14.829  -40.335  -3.769 1.0000000000
144211  -14.909  -40.071  -4.317 1.0000000000
144212  -14.975  -40.125  -4.113 1.0000000000
144213  -15.057  -40.245  -3.823 1.0000000000
144214  -15.261  -40.139  -3.894 1.0000000000
144215  -15.446  -39.975  -4.032 1.0000000000
144226  -15.385  -39.224  -6.635 1.0000000000
144227  -15.320  -39.163  -6.525 1.0000000000
149089  -14.622  -41.793  -1.456 1.0000000000
149152  -14.438  -42.782  0.122 1.0000000000
149153  -13.979  -42.772  -1.151 1.0000000000
149154  -14.099  -42.792  -0.925 1.0000000000
149155  -14.194  -42.750  -0.765 1.0000000000
149156  -14.165  -42.579  -1.298 1.0000000000
149157  -14.217  -42.668  -0.958 1.0000000000
149158  -14.257  -42.668  -0.613 1.0000000000
149159  -14.310  -42.670  -0.416 1.0000000000
149160  -14.411  -42.723  -0.261 1.0000000000
149161  -14.444  -42.662  -0.096 1.0000000000
149162  -14.430  -42.492  -0.352 1.0000000000
149163  -14.418  -42.350  -0.603 1.0000000000
149164  -14.418  -42.232  -0.818 1.0000000000
149165  -14.271  -42.253  -1.167 1.0000000000
149166  -14.310  -42.164  -1.051 1.0000000000
149167  -14.440  -42.106  -1.041 1.0000000000
149168  -14.461  -41.968  -1.265 1.0000000000
149169  -14.479  -41.829  -1.489 1.0000000000
149170  -14.513  -41.639  -1.784 1.0000000000
149171  -14.437  -41.488  -2.087 1.0000000000
149172  -14.441  -41.341  -2.333 1.0000000000
149173  -14.346  -41.198  -2.543 1.0000000000
149174  -14.269  -41.598  -2.379 1.0000000000
149175  -14.267  -41.354  -2.568 1.0000000000
149176  -14.286  -41.141  -2.735 1.0000000000
149177  -14.251  -41.019  -3.002 1.0000000000
149178  -14.303  -40.839  -3.441 1.0000000000
149179  -14.381  -40.759  -3.774 1.0000000000
149180  -14.144  -41.349  -3.223 1.0000000000
149181  -14.185  -41.239  -3.368 1.0000000000
149182  -14.223  -41.134  -3.503 1.0000000000
149183  -14.363  -40.997  -4.041 1.0000000000
149184  -14.305  -41.013  -3.848 1.0000000000
149185  -14.270  -41.015  -3.662 1.0000000000
149186  -14.326  -40.892  -3.816 1.0000000000
149187  -14.374  -40.746  -3.976 1.0000000000
149188  -14.448  -40.611  -4.154 1.0000000000
149189  -14.522  -40.512  -4.441 1.0000000000
149190  -14.638  -40.403  -4.744 1.0000000000
149191  -14.754  -40.289  -5.052 1.0000000000
149192  -14.743  -40.466  -5.079 1.0000000000
149193  -14.793  -40.332  -5.215 1.0000000000
149194  -14.855  -40.173  -5.371 1.0000000000
149195  -15.004  -40.034  -5.677 1.0000000000
149196  -15.208  -39.967  -5.997 1.0000000000
149205  -16.311  -42.631  -5.462 1.0000000000
149206  -16.110  -42.295  -5.578 1.0000000000
149213  -17.121  -44.263  -6.156 1.0000000000
149214  -16.557  -43.022  -5.960 1.0000000000
149215  -15.919  -41.991  -5.694 1.0000000000
149216  -15.750  -41.637  -5.809 1.0000000000
149217  -15.670  -41.344  -5.949 1.0000000000
149218  -15.620  -41.049  -6.092 1.0000000000
149223  -15.471  -40.283  -6.509 1.0000000000
