#!ascii label  , from subject 40tvs8ref_sym_20 vox2ras=TkReg
380
280  -41.655  -30.837  22.184 1.0000000000
395  -39.705  -23.871  20.733 1.0000000000
913  -43.738  -23.213  20.300 1.0000000000
1656  -46.005  -30.193  20.741 1.0000000000
1902  -44.969  -26.697  22.164 1.0000000000
1903  -40.384  -27.115  22.866 1.0000000000
3720  -43.777  -30.484  21.350 1.0000000000
3721  -44.032  -32.172  21.387 1.0000000000
3722  -41.936  -32.686  21.502 1.0000000000
4139  -37.839  -25.957  21.511 1.0000000000
4180  -41.640  -23.529  20.247 1.0000000000
4181  -42.036  -24.921  21.635 1.0000000000
4182  -39.873  -25.462  21.481 1.0000000000
4183  -38.044  -27.644  22.833 1.0000000000
5976  -39.418  -31.380  22.976 1.0000000000
5977  -39.876  -33.339  21.817 1.0000000000
6227  -41.723  -21.826  20.413 1.0000000000
6252  -45.653  -21.582  19.173 1.0000000000
6253  -43.555  -21.690  19.426 1.0000000000
8317  -45.469  -28.552  21.462 1.0000000000
8318  -43.344  -28.824  22.329 1.0000000000
8319  -44.309  -24.731  21.723 1.0000000000
8320  -42.698  -26.830  22.646 1.0000000000
8321  -41.061  -29.119  23.121 1.0000000000
8322  -38.666  -29.569  23.498 1.0000000000
11400  -42.723  -30.639  21.714 1.0000000000
11401  -42.827  -31.555  21.336 1.0000000000
11402  -41.769  -31.784  21.687 1.0000000000
11819  -38.794  -24.909  21.038 1.0000000000
11860  -40.599  -23.733  20.401 1.0000000000
11861  -40.726  -24.484  20.849 1.0000000000
11862  -39.723  -24.724  20.869 1.0000000000
11863  -38.831  -25.747  21.460 1.0000000000
13800  -38.242  -31.715  23.231 1.0000000000
13801  -38.580  -32.730  22.657 1.0000000000
14263  -42.592  -21.761  19.825 1.0000000000
18297  -45.253  -27.669  21.911 1.0000000000
18298  -44.429  -28.684  21.886 1.0000000000
18299  -44.136  -27.770  22.315 1.0000000000
18300  -44.892  -23.098  20.489 1.0000000000
18301  -45.115  -23.859  21.180 1.0000000000
18302  -44.020  -23.885  21.051 1.0000000000
18303  -41.199  -25.991  22.297 1.0000000000
18304  -42.359  -25.811  22.272 1.0000000000
18305  -41.498  -26.956  22.812 1.0000000000
18306  -41.899  -27.960  22.968 1.0000000000
18307  -40.716  -28.135  23.154 1.0000000000
18308  -39.876  -29.332  23.339 1.0000000000
18309  -39.525  -28.338  23.274 1.0000000000
18310  -36.906  -27.938  22.784 1.0000000000
18311  -37.124  -28.850  23.315 1.0000000000
25128  -44.869  -30.373  20.988 1.0000000000
25129  -45.006  -31.189  20.890 1.0000000000
25130  -43.915  -31.389  21.102 1.0000000000
25131  -42.978  -32.417  21.361 1.0000000000
25883  -36.818  -27.007  22.081 1.0000000000
25955  -45.776  -25.706  21.946 1.0000000000
25956  -42.666  -23.370  20.243 1.0000000000
25957  -42.878  -24.033  20.958 1.0000000000
25958  -41.765  -24.234  20.857 1.0000000000
25959  -40.970  -25.157  21.555 1.0000000000
25960  -40.075  -26.221  22.257 1.0000000000
25961  -39.214  -27.377  22.865 1.0000000000
25962  -38.961  -26.552  22.173 1.0000000000
25963  -37.900  -26.794  22.125 1.0000000000
29304  -40.574  -31.075  22.629 1.0000000000
29305  -40.723  -32.074  22.072 1.0000000000
29306  -39.669  -32.384  22.403 1.0000000000
29307  -38.897  -33.737  21.987 1.0000000000
29891  -40.675  -22.819  20.518 1.0000000000
29947  -45.767  -22.278  19.879 1.0000000000
29948  -44.684  -22.408  19.745 1.0000000000
29950  -44.545  -21.678  19.158 1.0000000000
29951  -43.614  -22.508  19.683 1.0000000000
29952  -42.557  -22.666  19.802 1.0000000000
29953  -41.598  -22.705  20.072 1.0000000000
33539  -40.863  -33.000  21.688 1.0000000000
35243  -45.741  -29.436  21.035 1.0000000000
35244  -44.638  -29.563  21.395 1.0000000000
35245  -43.565  -29.658  21.808 1.0000000000
35246  -42.506  -29.807  22.302 1.0000000000
35248  -45.463  -24.736  21.669 1.0000000000
35249  -44.671  -25.643  22.086 1.0000000000
35250  -43.174  -24.819  21.687 1.0000000000
35251  -43.499  -25.710  22.251 1.0000000000
35252  -43.840  -26.752  22.412 1.0000000000
35253  -43.010  -27.882  22.692 1.0000000000
35254  -42.217  -28.953  22.791 1.0000000000
35255  -41.387  -30.021  22.737 1.0000000000
35256  -40.236  -30.256  23.103 1.0000000000
35257  -39.035  -30.516  23.355 1.0000000000
35258  -37.831  -30.804  23.544 1.0000000000
35259  -38.304  -28.596  23.324 1.0000000000
35260  -37.456  -29.859  23.581 1.0000000000
42120  -42.194  -30.738  21.973 1.0000000000
42121  -42.249  -31.206  21.700 1.0000000000
42122  -41.704  -31.322  21.916 1.0000000000
42539  -39.252  -24.411  20.843 1.0000000000
42540  -38.907  -24.350  21.025 1.0000000000
42541  -39.370  -23.843  20.885 1.0000000000
42580  -40.146  -23.793  20.542 1.0000000000
42581  -40.170  -24.221  20.639 1.0000000000
42582  -39.692  -24.319  20.716 1.0000000000
42583  -39.257  -24.836  20.935 1.0000000000
47640  -46.591  -30.089  20.717 1.0000000000
49015  -45.513  -26.687  22.007 1.0000000000
49017  -45.116  -27.199  22.075 1.0000000000
49018  -44.709  -27.721  22.105 1.0000000000
49019  -44.558  -27.231  22.234 1.0000000000
49020  -44.305  -23.138  20.367 1.0000000000
49021  -44.442  -23.482  20.747 1.0000000000
49022  -43.871  -23.528  20.676 1.0000000000
49023  -40.793  -26.516  22.613 1.0000000000
49024  -41.359  -26.465  22.581 1.0000000000
49025  -40.952  -27.025  22.832 1.0000000000
49026  -41.121  -27.528  22.988 1.0000000000
49027  -40.545  -27.639  23.071 1.0000000000
49028  -40.140  -28.264  23.243 1.0000000000
49029  -39.966  -27.760  23.112 1.0000000000
57240  -44.313  -30.449  21.140 1.0000000000
57241  -44.378  -30.891  20.996 1.0000000000
57242  -43.841  -30.953  21.173 1.0000000000
57243  -42.381  -32.109  21.382 1.0000000000
57244  -42.919  -31.988  21.279 1.0000000000
57245  -42.457  -32.562  21.434 1.0000000000
57247  -42.002  -33.119  21.613 1.0000000000
58499  -37.334  -26.487  21.798 1.0000000000
58500  -36.904  -26.481  21.769 1.0000000000
58501  -37.436  -25.949  21.550 1.0000000000
58618  -46.324  -25.696  21.901 1.0000000000
58619  -46.176  -25.222  21.783 1.0000000000
58620  -42.159  -23.444  20.239 1.0000000000
58621  -42.194  -23.795  20.532 1.0000000000
58622  -41.690  -23.886  20.525 1.0000000000
58623  -40.286  -24.983  21.168 1.0000000000
58624  -40.822  -24.827  21.188 1.0000000000
58625  -40.426  -25.306  21.539 1.0000000000
58626  -40.528  -25.679  21.926 1.0000000000
58627  -39.979  -25.802  21.850 1.0000000000
58628  -39.527  -26.375  22.201 1.0000000000
58629  -39.419  -25.990  21.820 1.0000000000
58630  -38.335  -25.851  21.487 1.0000000000
58631  -38.365  -26.259  21.770 1.0000000000
58632  -37.860  -26.382  21.792 1.0000000000
58633  -37.364  -26.914  22.097 1.0000000000
64440  -39.991  -31.232  22.814 1.0000000000
64441  -40.116  -31.727  22.554 1.0000000000
64442  -39.543  -31.889  22.707 1.0000000000
64443  -38.221  -33.445  22.362 1.0000000000
64444  -38.742  -33.229  22.327 1.0000000000
64445  -38.396  -33.943  22.009 1.0000000000
64446  -38.581  -34.413  21.711 1.0000000000
65699  -41.201  -22.306  20.460 1.0000000000
65700  -40.894  -22.233  20.751 1.0000000000
65815  -46.208  -21.510  19.218 1.0000000000
65816  -46.256  -21.876  19.610 1.0000000000
65817  -45.704  -21.937  19.503 1.0000000000
65818  -45.230  -22.344  19.824 1.0000000000
65819  -45.163  -22.014  19.437 1.0000000000
65824  -44.575  -21.221  19.061 1.0000000000
65825  -44.051  -21.688  19.265 1.0000000000
65826  -44.074  -22.094  19.427 1.0000000000
65827  -43.548  -22.128  19.500 1.0000000000
65828  -43.083  -22.590  19.744 1.0000000000
65829  -43.045  -22.197  19.609 1.0000000000
65830  -42.142  -21.784  20.103 1.0000000000
65831  -42.078  -22.239  19.913 1.0000000000
65832  -41.647  -22.264  20.179 1.0000000000
65833  -41.121  -22.765  20.246 1.0000000000
73808  -44.517  -31.683  21.139 1.0000000000
73823  -40.276  -32.695  21.964 1.0000000000
73824  -40.756  -32.549  21.834 1.0000000000
73825  -40.357  -33.165  21.743 1.0000000000
77931  -46.170  -28.933  21.081 1.0000000000
77932  -45.596  -28.998  21.230 1.0000000000
77933  -45.175  -29.506  21.199 1.0000000000
77934  -45.068  -29.077  21.411 1.0000000000
77935  -43.896  -28.746  22.120 1.0000000000
77936  -44.001  -29.185  21.847 1.0000000000
77937  -43.463  -29.249  22.074 1.0000000000
77938  -43.024  -29.735  22.060 1.0000000000
77939  -42.939  -29.304  22.321 1.0000000000
77943  -44.699  -24.283  21.452 1.0000000000
77944  -45.270  -24.279  21.450 1.0000000000
77945  -44.896  -24.725  21.695 1.0000000000
77946  -45.076  -25.193  21.892 1.0000000000
77947  -44.532  -25.162  21.936 1.0000000000
77948  -42.450  -24.478  21.289 1.0000000000
77949  -43.025  -24.384  21.334 1.0000000000
77950  -42.612  -24.851  21.669 1.0000000000
77951  -42.506  -26.310  22.510 1.0000000000
77952  -42.941  -25.766  22.248 1.0000000000
77953  -43.109  -26.259  22.443 1.0000000000
77954  -43.678  -26.217  22.376 1.0000000000
77955  -43.256  -26.801  22.559 1.0000000000
77956  -43.396  -27.329  22.576 1.0000000000
77957  -42.855  -27.362  22.711 1.0000000000
77958  -41.483  -28.545  23.067 1.0000000000
77959  -42.064  -28.479  22.924 1.0000000000
77960  -41.639  -29.023  22.953 1.0000000000
77961  -41.800  -29.479  22.770 1.0000000000
77962  -41.231  -29.573  22.985 1.0000000000
77963  -40.821  -30.124  22.929 1.0000000000
77964  -40.649  -29.674  23.123 1.0000000000
77965  -39.269  -29.448  23.429 1.0000000000
77966  -39.448  -29.944  23.367 1.0000000000
77967  -38.852  -30.051  23.459 1.0000000000
77968  -38.441  -30.652  23.468 1.0000000000
77969  -38.251  -30.191  23.550 1.0000000000
77970  -38.619  -27.518  22.844 1.0000000000
77971  -38.753  -27.979  23.138 1.0000000000
77972  -38.161  -28.114  23.112 1.0000000000
77974  -37.278  -29.333  23.480 1.0000000000
77975  -36.812  -30.013  23.592 1.0000000000
94248  -43.250  -30.545  21.528 1.0000000000
94249  -43.280  -31.031  21.322 1.0000000000
94250  -42.745  -31.109  21.492 1.0000000000
94251  -42.306  -31.650  21.513 1.0000000000
94252  -41.851  -32.236  21.530 1.0000000000
95003  -38.322  -25.426  21.285 1.0000000000
95004  -37.944  -25.430  21.332 1.0000000000
95005  -38.428  -24.879  21.160 1.0000000000
95076  -41.121  -23.616  20.312 1.0000000000
95077  -41.170  -23.997  20.511 1.0000000000
95078  -40.670  -24.118  20.559 1.0000000000
95079  -40.229  -24.606  20.849 1.0000000000
95080  -39.791  -25.109  21.153 1.0000000000
95081  -39.338  -25.625  21.457 1.0000000000
95082  -39.288  -25.238  21.145 1.0000000000
95083  -38.800  -25.343  21.181 1.0000000000
98568  -38.826  -31.534  23.117 1.0000000000
98569  -38.983  -32.045  22.860 1.0000000000
98570  -38.408  -32.238  22.950 1.0000000000
98571  -38.020  -32.930  22.713 1.0000000000
99324  -42.023  -21.199  20.756 1.0000000000
99395  -46.166  -21.139  18.944 1.0000000000
99400  -43.592  -21.242  19.482 1.0000000000
99401  -43.058  -21.745  19.566 1.0000000000
99402  -43.110  -21.278  19.723 1.0000000000
104190  -44.031  -32.496  21.777 1.0000000000
104198  -39.533  -34.002  21.708 1.0000000000
106662  -45.800  -27.612  21.732 1.0000000000
106663  -45.374  -28.119  21.698 1.0000000000
106664  -44.965  -28.635  21.644 1.0000000000
106665  -44.844  -28.189  21.913 1.0000000000
106666  -44.300  -28.230  22.125 1.0000000000
106667  -43.744  -28.300  22.334 1.0000000000
106668  -45.428  -23.039  20.554 1.0000000000
106669  -45.534  -23.413  20.917 1.0000000000
106670  -44.996  -23.462  20.862 1.0000000000
106671  -44.576  -23.859  21.131 1.0000000000
106672  -44.156  -24.297  21.414 1.0000000000
106673  -41.616  -25.437  21.978 1.0000000000
106674  -42.202  -25.341  21.983 1.0000000000
106675  -41.784  -25.892  22.301 1.0000000000
106676  -41.924  -26.383  22.542 1.0000000000
106677  -42.101  -26.885  22.722 1.0000000000
106678  -42.308  -27.392  22.837 1.0000000000
106679  -41.716  -27.436  22.933 1.0000000000
106680  -41.311  -28.030  23.081 1.0000000000
106681  -40.890  -28.628  23.172 1.0000000000
106682  -40.470  -29.206  23.254 1.0000000000
106683  -40.305  -28.747  23.283 1.0000000000
106684  -39.701  -28.850  23.347 1.0000000000
106685  -39.093  -28.937  23.384 1.0000000000
106686  -37.477  -27.773  22.808 1.0000000000
106687  -37.576  -28.221  23.115 1.0000000000
106688  -36.987  -28.396  23.093 1.0000000000
106689  -36.518  -29.024  23.293 1.0000000000
120072  -45.438  -30.301  20.837 1.0000000000
120073  -45.512  -30.719  20.790 1.0000000000
120074  -44.942  -30.821  20.862 1.0000000000
120075  -44.444  -31.297  20.994 1.0000000000
120076  -43.958  -31.817  21.173 1.0000000000
120077  -43.390  -31.462  21.195 1.0000000000
120078  -43.436  -31.908  21.223 1.0000000000
120079  -43.494  -32.303  21.392 1.0000000000
121835  -36.305  -27.553  22.363 1.0000000000
121837  -36.393  -27.010  22.025 1.0000000000
122003  -45.375  -26.212  22.062 1.0000000000
122004  -43.173  -23.291  20.240 1.0000000000
122005  -43.310  -23.606  20.619 1.0000000000
122006  -42.739  -23.703  20.565 1.0000000000
122007  -42.311  -24.136  20.901 1.0000000000
122008  -41.883  -24.576  21.226 1.0000000000
122009  -41.221  -24.337  20.818 1.0000000000
122010  -41.369  -24.678  21.189 1.0000000000
122011  -41.489  -25.042  21.584 1.0000000000
122012  -41.056  -25.553  21.957 1.0000000000
122013  -40.623  -26.087  22.299 1.0000000000
122014  -40.224  -26.648  22.592 1.0000000000
122015  -39.805  -27.225  22.880 1.0000000000
122016  -39.649  -26.787  22.570 1.0000000000
122017  -39.082  -26.942  22.539 1.0000000000
122018  -38.515  -27.088  22.512 1.0000000000
122019  -38.886  -26.149  21.801 1.0000000000
122020  -38.429  -26.678  22.158 1.0000000000
122021  -37.956  -27.212  22.493 1.0000000000
122022  -37.403  -27.343  22.466 1.0000000000
122023  -36.851  -27.466  22.419 1.0000000000
130008  -41.120  -30.948  22.393 1.0000000000
130009  -41.171  -31.437  22.135 1.0000000000
130010  -40.672  -31.578  22.360 1.0000000000
130011  -40.208  -32.220  22.248 1.0000000000
130012  -39.779  -32.869  22.089 1.0000000000
130013  -39.123  -32.569  22.530 1.0000000000
130014  -39.249  -33.047  22.208 1.0000000000
130015  -39.392  -33.528  21.924 1.0000000000
131603  -40.171  -23.329  20.612 1.0000000000
131754  -45.330  -22.686  20.190 1.0000000000
131755  -44.774  -22.749  20.117 1.0000000000
131756  -44.193  -22.817  20.015 1.0000000000
131759  -45.599  -21.190  18.938 1.0000000000
131762  -45.097  -21.620  19.164 1.0000000000
131763  -44.616  -22.047  19.415 1.0000000000
131764  -44.133  -22.454  19.693 1.0000000000
131765  -43.658  -22.871  19.962 1.0000000000
131766  -43.138  -22.948  19.952 1.0000000000
131767  -42.614  -23.037  19.991 1.0000000000
131768  -42.103  -23.079  20.038 1.0000000000
131769  -42.555  -22.225  19.752 1.0000000000
131770  -42.063  -22.682  19.927 1.0000000000
131771  -41.575  -23.148  20.094 1.0000000000
131772  -41.088  -23.211  20.221 1.0000000000
131773  -40.618  -23.282  20.396 1.0000000000
141731  -45.582  -31.100  20.895 1.0000000000
141749  -41.231  -31.917  21.888 1.0000000000
141750  -41.299  -32.393  21.673 1.0000000000
141751  -41.409  -32.828  21.554 1.0000000000
141754  -41.490  -33.284  21.619 1.0000000000
146732  -46.448  -29.723  20.770 1.0000000000
146740  -46.291  -29.357  20.899 1.0000000000
146741  -45.876  -29.839  20.865 1.0000000000
146742  -45.306  -29.915  21.003 1.0000000000
146743  -44.746  -29.977  21.176 1.0000000000
146744  -44.213  -30.022  21.377 1.0000000000
146745  -44.545  -29.131  21.620 1.0000000000
146746  -44.112  -29.605  21.605 1.0000000000
146747  -43.681  -30.067  21.568 1.0000000000
146748  -43.137  -30.143  21.780 1.0000000000
146749  -42.597  -30.236  22.032 1.0000000000
146750  -42.080  -30.341  22.265 1.0000000000
146755  -45.832  -24.289  21.428 1.0000000000
146756  -45.995  -24.758  21.609 1.0000000000
146757  -45.614  -25.215  21.838 1.0000000000
146758  -45.214  -25.688  22.037 1.0000000000
146759  -44.812  -26.165  22.166 1.0000000000
146760  -43.452  -23.941  20.998 1.0000000000
146761  -43.592  -24.318  21.363 1.0000000000
146762  -43.738  -24.785  21.741 1.0000000000
146763  -42.767  -25.312  21.985 1.0000000000
146764  -43.330  -25.275  22.004 1.0000000000
146765  -43.909  -25.221  21.993 1.0000000000
146766  -44.092  -25.678  22.168 1.0000000000
146767  -44.254  -26.171  22.282 1.0000000000
146768  -44.403  -26.713  22.292 1.0000000000
146769  -43.984  -27.295  22.377 1.0000000000
146770  -43.577  -27.824  22.486 1.0000000000
146771  -43.200  -28.366  22.558 1.0000000000
146772  -42.473  -27.938  22.858 1.0000000000
146773  -42.641  -28.418  22.762 1.0000000000
146774  -42.796  -28.867  22.577 1.0000000000
146775  -42.380  -29.380  22.558 1.0000000000
146776  -41.973  -29.909  22.537 1.0000000000
146777  -41.534  -30.436  22.461 1.0000000000
146778  -40.976  -30.558  22.676 1.0000000000
146779  -40.403  -30.665  22.871 1.0000000000
146780  -39.822  -30.821  23.040 1.0000000000
146781  -40.054  -29.794  23.261 1.0000000000
146782  -39.635  -30.390  23.229 1.0000000000
146783  -39.221  -30.969  23.193 1.0000000000
146784  -38.623  -31.110  23.308 1.0000000000
146785  -38.032  -31.261  23.426 1.0000000000
146787  -39.363  -27.838  23.109 1.0000000000
146788  -38.920  -28.448  23.288 1.0000000000
146789  -38.476  -29.067  23.455 1.0000000000
146790  -37.712  -28.679  23.350 1.0000000000
146791  -37.894  -29.198  23.468 1.0000000000
146792  -38.070  -29.703  23.538 1.0000000000
146793  -37.643  -30.334  23.596 1.0000000000
