#!ascii label  , from subject 40tvs8ref_sym_20 vox2ras=TkReg
348
435  -38.713  -0.150  -22.184 1.0000000000
966  -35.180  -0.076  -22.946 1.0000000000
1975  -43.206  2.763  -24.400 1.0000000000
1976  -39.082  3.924  -26.372 1.0000000000
4331  -38.307  -0.435  -19.520 1.0000000000
4333  -40.023  -1.619  -21.410 1.0000000000
4334  -42.540  -1.128  -22.972 1.0000000000
4335  -41.084  0.578  -23.899 1.0000000000
4336  -41.203  3.787  -25.441 1.0000000000
4337  -39.202  1.515  -24.483 1.0000000000
4339  -34.935  0.842  -25.070 1.0000000000
6345  -36.739  0.015  -20.342 1.0000000000
6346  -36.841  0.278  -22.569 1.0000000000
6347  -35.470  -0.227  -20.762 1.0000000000
6348  -34.541  -0.794  -21.250 1.0000000000
8506  -46.196  3.696  -22.233 1.0000000000
8514  -44.737  1.029  -23.017 1.0000000000
8515  -44.535  5.613  -23.972 1.0000000000
8516  -42.593  6.669  -25.590 1.0000000000
8517  -40.505  6.960  -27.121 1.0000000000
8518  -38.804  6.176  -28.690 1.0000000000
8519  -37.013  1.490  -24.838 1.0000000000
8520  -36.979  3.250  -27.096 1.0000000000
12011  -38.435  -0.458  -20.800 1.0000000000
12012  -39.109  -1.127  -20.386 1.0000000000
12013  -39.482  -0.826  -21.860 1.0000000000
12014  -40.631  -0.733  -22.828 1.0000000000
12015  -39.866  0.003  -23.137 1.0000000000
12016  -40.183  1.154  -24.237 1.0000000000
12017  -38.971  0.500  -23.412 1.0000000000
14414  -36.679  0.301  -19.182 1.0000000000
14415  -36.042  0.134  -19.512 1.0000000000
14416  -36.110  -0.095  -20.532 1.0000000000
14417  -35.458  0.017  -19.674 1.0000000000
14419  -34.601  -0.605  -19.844 1.0000000000
18761  -43.056  0.674  -23.765 1.0000000000
18762  -43.734  -0.184  -23.152 1.0000000000
18763  -44.060  2.016  -23.785 1.0000000000
18764  -44.850  3.337  -23.525 1.0000000000
18765  -43.944  4.157  -24.284 1.0000000000
18766  -43.605  6.234  -24.776 1.0000000000
18767  -43.000  4.823  -24.942 1.0000000000
18768  -40.112  3.948  -25.864 1.0000000000
18769  -40.870  5.455  -26.192 1.0000000000
18770  -39.821  5.429  -26.752 1.0000000000
18771  -39.630  6.696  -27.951 1.0000000000
18772  -38.943  5.153  -27.423 1.0000000000
18773  -35.961  0.199  -22.767 1.0000000000
18774  -36.960  0.801  -23.710 1.0000000000
18775  -35.980  0.702  -23.880 1.0000000000
18777  -35.899  2.027  -26.092 1.0000000000
26230  -39.524  -1.926  -19.885 1.0000000000
26231  -40.488  -2.519  -20.947 1.0000000000
26232  -41.715  -2.574  -21.867 1.0000000000
26233  -41.244  -1.640  -22.384 1.0000000000
26234  -41.881  -0.203  -23.470 1.0000000000
26235  -42.221  1.529  -24.320 1.0000000000
26236  -42.253  3.356  -24.936 1.0000000000
26237  -41.281  2.098  -24.737 1.0000000000
26238  -40.302  2.509  -25.083 1.0000000000
26239  -39.205  2.652  -25.445 1.0000000000
26240  -34.515  -0.383  -23.389 1.0000000000
26241  -35.024  0.345  -24.081 1.0000000000
26242  -34.314  0.031  -24.399 1.0000000000
30164  -37.524  0.011  -19.995 1.0000000000
30165  -37.624  -0.067  -21.136 1.0000000000
30166  -37.753  0.162  -22.386 1.0000000000
30167  -36.793  0.026  -21.419 1.0000000000
30168  -36.036  -0.059  -21.618 1.0000000000
30169  -35.311  -0.234  -21.856 1.0000000000
30170  -34.927  -0.294  -19.732 1.0000000000
30171  -34.922  -0.559  -21.018 1.0000000000
30172  -34.720  -0.560  -22.108 1.0000000000
30173  -34.374  -0.765  -22.448 1.0000000000
35810  -43.049  -2.104  -22.324 1.0000000000
35811  -44.256  -1.152  -22.390 1.0000000000
35813  -45.568  2.269  -22.699 1.0000000000
35814  -45.443  4.699  -23.141 1.0000000000
35819  -41.985  5.244  -25.588 1.0000000000
35820  -41.491  6.994  -26.338 1.0000000000
35825  -37.984  0.751  -23.596 1.0000000000
35826  -38.117  1.579  -24.703 1.0000000000
35827  -38.149  2.601  -25.764 1.0000000000
35828  -35.970  1.346  -24.989 1.0000000000
35829  -37.008  2.378  -25.945 1.0000000000
35830  -38.075  3.644  -26.821 1.0000000000
35831  -38.014  4.632  -27.996 1.0000000000
42731  -38.545  -0.361  -21.474 1.0000000000
42732  -38.952  -0.669  -21.326 1.0000000000
42733  -39.109  -0.454  -22.024 1.0000000000
42734  -39.672  -0.466  -22.511 1.0000000000
42735  -39.267  -0.132  -22.679 1.0000000000
42736  -39.433  0.271  -23.295 1.0000000000
42737  -38.836  0.130  -22.812 1.0000000000
45136  -35.765  0.095  -19.586 1.0000000000
45137  -35.451  0.167  -19.177 1.0000000000
49481  -43.182  1.668  -24.090 1.0000000000
49482  -43.584  1.298  -23.805 1.0000000000
49483  -43.626  2.429  -24.110 1.0000000000
49484  -44.039  3.065  -24.041 1.0000000000
49485  -43.583  3.521  -24.379 1.0000000000
49486  -43.497  4.526  -24.607 1.0000000000
49487  -43.126  3.838  -24.664 1.0000000000
49488  -39.584  3.988  -26.140 1.0000000000
49489  -39.949  4.716  -26.287 1.0000000000
49490  -39.465  4.660  -26.603 1.0000000000
49491  -39.362  5.303  -27.100 1.0000000000
49492  -39.002  4.543  -26.881 1.0000000000
49493  -35.577  0.109  -22.857 1.0000000000
49494  -35.965  0.432  -23.302 1.0000000000
49495  -35.543  0.300  -23.363 1.0000000000
59074  -39.543  -1.414  -20.888 1.0000000000
59075  -39.346  -1.524  -20.153 1.0000000000
59076  -39.755  -1.826  -20.683 1.0000000000
59077  -39.927  -2.240  -20.377 1.0000000000
59078  -40.248  -2.051  -21.170 1.0000000000
59079  -40.869  -2.150  -21.695 1.0000000000
59080  -40.602  -1.685  -21.929 1.0000000000
59081  -40.894  -0.130  -23.390 1.0000000000
59082  -41.257  -0.510  -23.187 1.0000000000
59083  -41.515  0.193  -23.716 1.0000000000
59084  -42.108  0.640  -23.942 1.0000000000
59085  -41.656  1.026  -24.169 1.0000000000
59086  -41.748  1.857  -24.538 1.0000000000
59087  -41.214  1.326  -24.344 1.0000000000
59088  -39.720  1.354  -24.368 1.0000000000
59089  -40.264  1.816  -24.678 1.0000000000
59090  -39.786  1.984  -24.805 1.0000000000
59091  -39.759  2.621  -25.247 1.0000000000
59092  -39.233  2.083  -24.970 1.0000000000
59093  -34.342  -0.471  -23.424 1.0000000000
59094  -34.416  -0.171  -23.949 1.0000000000
66281  -36.699  0.127  -19.748 1.0000000000
66282  -37.063  0.151  -19.579 1.0000000000
66283  -37.113  0.044  -20.131 1.0000000000
66284  -37.567  -0.060  -20.541 1.0000000000
66285  -37.150  0.003  -20.702 1.0000000000
66286  -37.171  0.015  -21.265 1.0000000000
66287  -36.773  -0.017  -20.872 1.0000000000
66288  -35.766  -0.132  -20.623 1.0000000000
66289  -36.068  -0.116  -21.057 1.0000000000
66290  -35.726  -0.173  -21.169 1.0000000000
66291  -35.671  -0.164  -21.729 1.0000000000
66292  -35.388  -0.262  -21.292 1.0000000000
66294  -34.900  -0.115  -19.154 1.0000000000
66296  -34.586  -0.718  -20.542 1.0000000000
66297  -34.746  -0.637  -20.532 1.0000000000
66298  -34.691  -0.688  -21.153 1.0000000000
66299  -34.813  -0.567  -21.555 1.0000000000
66300  -34.616  -0.705  -21.715 1.0000000000
66301  -34.541  -0.722  -22.268 1.0000000000
66302  -34.455  -0.792  -21.871 1.0000000000
79263  -46.478  3.175  -21.766 1.0000000000
79265  -46.449  4.376  -21.996 1.0000000000
79267  -46.098  4.864  -22.461 1.0000000000
79321  -42.164  -1.902  -22.459 1.0000000000
79322  -42.385  -2.404  -22.143 1.0000000000
79323  -42.802  -1.623  -22.655 1.0000000000
79324  -44.264  0.406  -23.113 1.0000000000
79325  -44.026  -0.679  -22.791 1.0000000000
79326  -44.570  -0.088  -22.704 1.0000000000
79327  -44.761  -0.633  -22.315 1.0000000000
79328  -45.014  0.506  -22.603 1.0000000000
79329  -45.466  1.108  -22.437 1.0000000000
79330  -45.161  1.620  -22.883 1.0000000000
79331  -44.743  4.473  -23.708 1.0000000000
79332  -45.153  3.968  -23.320 1.0000000000
79333  -44.985  5.211  -23.546 1.0000000000
79334  -45.266  5.849  -23.342 1.0000000000
79337  -44.326  6.681  -24.249 1.0000000000
79338  -43.106  6.495  -25.164 1.0000000000
79339  -43.356  7.213  -25.117 1.0000000000
79342  -42.299  7.609  -25.979 1.0000000000
79343  -41.754  3.573  -25.178 1.0000000000
79344  -42.152  4.328  -25.236 1.0000000000
79345  -41.605  4.484  -25.533 1.0000000000
79346  -40.681  6.224  -26.629 1.0000000000
79347  -41.196  6.231  -26.277 1.0000000000
79348  -40.981  7.025  -26.745 1.0000000000
79352  -40.387  7.634  -27.719 1.0000000000
79353  -39.218  6.455  -28.349 1.0000000000
79354  -39.577  7.278  -28.627 1.0000000000
79358  -37.289  0.255  -22.479 1.0000000000
79359  -37.870  0.424  -22.996 1.0000000000
79360  -37.390  0.497  -23.093 1.0000000000
79361  -36.999  1.114  -24.264 1.0000000000
79362  -37.537  1.153  -24.226 1.0000000000
79363  -37.584  1.563  -24.769 1.0000000000
79364  -38.139  2.075  -25.238 1.0000000000
79365  -37.648  2.033  -25.305 1.0000000000
79366  -34.960  0.578  -24.584 1.0000000000
79367  -35.441  0.841  -24.534 1.0000000000
79368  -35.431  1.123  -25.052 1.0000000000
79369  -36.439  2.617  -26.597 1.0000000000
79370  -36.458  2.228  -26.009 1.0000000000
79371  -36.949  2.803  -26.475 1.0000000000
79372  -37.537  2.979  -26.410 1.0000000000
79373  -37.513  3.469  -26.979 1.0000000000
79374  -38.044  4.163  -27.400 1.0000000000
79375  -37.521  3.925  -27.577 1.0000000000
95347  -38.356  -0.481  -20.150 1.0000000000
95348  -38.697  -0.795  -19.919 1.0000000000
95349  -38.814  -0.776  -20.620 1.0000000000
95350  -39.286  -1.030  -21.117 1.0000000000
95351  -39.764  -1.213  -21.614 1.0000000000
95352  -40.320  -1.250  -22.134 1.0000000000
95353  -40.017  -0.874  -22.356 1.0000000000
95354  -40.256  -0.368  -22.967 1.0000000000
95355  -40.467  0.228  -23.558 1.0000000000
95356  -40.643  0.890  -24.083 1.0000000000
95357  -40.071  0.541  -23.744 1.0000000000
95358  -39.598  0.776  -23.856 1.0000000000
95359  -39.115  0.951  -23.964 1.0000000000
99674  -36.336  0.218  -19.339 1.0000000000
99675  -36.397  0.063  -19.878 1.0000000000
99676  -36.420  -0.036  -20.453 1.0000000000
99677  -36.086  -0.005  -20.014 1.0000000000
99678  -35.781  -0.053  -20.088 1.0000000000
99679  -35.475  -0.121  -20.209 1.0000000000
99682  -34.473  -0.591  -19.236 1.0000000000
99683  -34.514  -0.732  -19.811 1.0000000000
99685  -34.380  -0.857  -21.295 1.0000000000
107497  -42.847  -0.248  -23.415 1.0000000000
107498  -43.152  -0.726  -23.100 1.0000000000
107499  -43.418  0.222  -23.473 1.0000000000
107500  -43.945  0.863  -23.479 1.0000000000
107501  -44.412  1.521  -23.413 1.0000000000
107502  -44.827  2.162  -23.292 1.0000000000
107503  -44.473  2.620  -23.678 1.0000000000
107504  -44.398  3.773  -23.913 1.0000000000
107505  -44.257  4.883  -24.136 1.0000000000
107506  -44.071  5.953  -24.384 1.0000000000
107507  -43.807  5.215  -24.505 1.0000000000
107508  -43.320  5.515  -24.866 1.0000000000
107509  -42.821  5.782  -25.245 1.0000000000
107510  -40.657  3.959  -25.680 1.0000000000
107511  -41.047  4.650  -25.786 1.0000000000
107512  -40.512  4.736  -26.059 1.0000000000
107513  -40.348  5.487  -26.478 1.0000000000
107514  -40.172  6.207  -26.946 1.0000000000
107515  -40.064  6.850  -27.531 1.0000000000
107516  -39.712  6.081  -27.315 1.0000000000
107517  -39.274  5.930  -27.669 1.0000000000
107518  -38.872  5.668  -28.032 1.0000000000
107519  -36.389  0.275  -22.638 1.0000000000
107520  -36.901  0.524  -23.148 1.0000000000
107521  -36.387  0.490  -23.200 1.0000000000
107522  -36.405  0.733  -23.732 1.0000000000
107523  -36.441  1.093  -24.323 1.0000000000
107524  -34.927  1.141  -25.591 1.0000000000
107525  -35.429  1.361  -25.541 1.0000000000
107526  -35.403  1.709  -26.056 1.0000000000
107527  -35.861  2.363  -26.646 1.0000000000
122641  -39.173  -1.561  -19.383 1.0000000000
122642  -39.318  -1.947  -19.076 1.0000000000
122647  -41.074  -2.602  -21.443 1.0000000000
122648  -41.505  -2.093  -22.118 1.0000000000
122649  -41.894  -1.469  -22.708 1.0000000000
122650  -40.946  -1.145  -22.599 1.0000000000
122651  -41.588  -0.974  -22.943 1.0000000000
122652  -42.232  -0.650  -23.235 1.0000000000
122653  -42.481  0.231  -23.677 1.0000000000
122654  -42.664  1.145  -24.057 1.0000000000
122655  -42.772  2.118  -24.404 1.0000000000
122656  -42.736  3.103  -24.681 1.0000000000
122657  -42.276  2.434  -24.637 1.0000000000
122658  -41.787  2.693  -24.864 1.0000000000
122659  -41.279  2.937  -25.094 1.0000000000
122660  -40.746  1.589  -24.520 1.0000000000
122661  -40.779  2.328  -24.916 1.0000000000
122662  -40.757  3.124  -25.299 1.0000000000
122663  -40.245  3.220  -25.476 1.0000000000
122664  -39.689  3.295  -25.694 1.0000000000
122665  -39.157  3.286  -25.890 1.0000000000
122666  -34.803  -0.232  -23.137 1.0000000000
122667  -35.099  0.124  -23.530 1.0000000000
122668  -34.706  -0.068  -23.732 1.0000000000
122669  -34.644  0.134  -24.230 1.0000000000
122670  -34.579  0.345  -24.651 1.0000000000
122671  -34.046  -0.092  -24.442 1.0000000000
122673  -34.527  0.614  -25.120 1.0000000000
132339  -37.899  -0.067  -19.158 1.0000000000
132341  -37.507  0.117  -19.426 1.0000000000
132342  -37.931  -0.167  -19.771 1.0000000000
132343  -37.972  -0.229  -20.361 1.0000000000
132344  -38.023  -0.219  -20.954 1.0000000000
132345  -38.105  -0.142  -21.619 1.0000000000
132346  -38.221  0.028  -22.251 1.0000000000
132347  -37.683  -0.001  -21.745 1.0000000000
132348  -37.218  0.086  -21.864 1.0000000000
132349  -36.814  0.120  -21.980 1.0000000000
132350  -36.422  -0.058  -21.001 1.0000000000
132351  -36.411  -0.006  -21.535 1.0000000000
132352  -36.406  0.108  -22.085 1.0000000000
132353  -36.000  0.046  -22.191 1.0000000000
132354  -35.617  -0.039  -22.333 1.0000000000
132355  -35.238  -0.163  -22.421 1.0000000000
132356  -35.150  0.080  -19.174 1.0000000000
132357  -35.152  -0.101  -19.688 1.0000000000
132358  -35.189  -0.256  -20.317 1.0000000000
132359  -34.750  -0.488  -19.761 1.0000000000
132360  -34.938  -0.443  -20.367 1.0000000000
132361  -35.161  -0.343  -20.869 1.0000000000
132362  -35.085  -0.392  -21.419 1.0000000000
132363  -34.981  -0.410  -21.976 1.0000000000
132364  -34.900  -0.347  -22.537 1.0000000000
132365  -34.628  -0.509  -22.697 1.0000000000
132366  -34.448  -0.628  -22.849 1.0000000000
132367  -34.292  -0.708  -22.994 1.0000000000
148418  -41.862  -3.067  -21.500 1.0000000000
148419  -42.538  -2.892  -21.789 1.0000000000
148421  -43.434  -1.160  -22.784 1.0000000000
148422  -43.667  -1.699  -22.418 1.0000000000
148424  -44.431  -1.705  -21.990 1.0000000000
148429  -45.909  2.983  -22.471 1.0000000000
148430  -45.212  2.784  -23.111 1.0000000000
148431  -45.546  3.500  -22.923 1.0000000000
148432  -45.835  4.227  -22.703 1.0000000000
148439  -43.854  6.970  -24.682 1.0000000000
148445  -42.644  4.101  -24.964 1.0000000000
148446  -42.513  5.061  -25.259 1.0000000000
148447  -42.311  6.006  -25.590 1.0000000000
148448  -41.408  5.401  -25.919 1.0000000000
148449  -41.769  6.125  -25.947 1.0000000000
148450  -42.038  6.883  -25.968 1.0000000000
148451  -41.766  7.730  -26.371 1.0000000000
148463  -38.356  0.280  -22.877 1.0000000000
148464  -38.467  0.642  -23.500 1.0000000000
148465  -38.584  1.081  -24.064 1.0000000000
148466  -37.493  0.797  -23.674 1.0000000000
148467  -38.088  1.135  -24.161 1.0000000000
148468  -38.661  1.575  -24.606 1.0000000000
148469  -38.671  2.120  -25.119 1.0000000000
148470  -38.677  2.677  -25.611 1.0000000000
148471  -38.649  3.246  -26.107 1.0000000000
148472  -35.477  0.542  -23.977 1.0000000000
148473  -35.998  1.010  -24.472 1.0000000000
148474  -36.454  1.473  -24.889 1.0000000000
148475  -35.933  1.688  -25.536 1.0000000000
148476  -36.443  1.825  -25.397 1.0000000000
148477  -37.025  1.920  -25.394 1.0000000000
148478  -37.582  2.507  -25.867 1.0000000000
148479  -38.125  3.122  -26.277 1.0000000000
148480  -38.599  3.811  -26.603 1.0000000000
148481  -38.556  4.382  -27.162 1.0000000000
148482  -38.502  4.900  -27.752 1.0000000000
148483  -38.445  5.390  -28.365 1.0000000000
148486  -38.397  5.879  -29.032 1.0000000000
