#!ascii label  , from subject 40tvs8ref_sym_20 vox2ras=TkReg
137
2000  -38.806  -77.087  -14.690 1.0000000000
2490  -43.548  -70.901  -15.553 1.0000000000
5579  -43.854  -73.362  -15.299 1.0000000000
5580  -44.240  -69.648  -14.608 1.0000000000
8582  -38.701  -74.984  -15.022 1.0000000000
10024  -41.827  -76.604  -15.194 1.0000000000
10025  -41.478  -74.354  -15.563 1.0000000000
10026  -41.080  -71.776  -15.498 1.0000000000
13259  -44.316  -70.784  -14.448 1.0000000000
18923  -38.771  -76.016  -14.879 1.0000000000
22495  -43.102  -76.116  -15.151 1.0000000000
22496  -43.711  -72.159  -15.440 1.0000000000
22497  -42.837  -73.916  -15.608 1.0000000000
22498  -42.662  -72.648  -15.639 1.0000000000
22499  -41.283  -73.098  -15.540 1.0000000000
22500  -42.414  -71.344  -15.651 1.0000000000
26330  -38.865  -78.199  -14.522 1.0000000000
28473  -43.916  -74.464  -15.064 1.0000000000
28474  -44.264  -72.674  -14.783 1.0000000000
28475  -44.263  -71.488  -15.032 1.0000000000
28476  -44.147  -70.359  -15.167 1.0000000000
40307  -40.401  -77.989  -14.800 1.0000000000
40308  -40.324  -76.871  -15.012 1.0000000000
40309  -43.027  -75.081  -15.430 1.0000000000
40310  -41.696  -75.460  -15.464 1.0000000000
40311  -40.264  -75.781  -15.203 1.0000000000
40312  -40.056  -74.629  -15.326 1.0000000000
40313  -39.894  -73.414  -15.332 1.0000000000
40314  -39.726  -72.144  -15.299 1.0000000000
40388  -44.193  -68.213  -14.829 1.0000000000
40389  -44.028  -68.812  -15.399 1.0000000000
40392  -43.364  -69.323  -15.728 1.0000000000
40393  -42.223  -69.750  -15.720 1.0000000000
40394  -40.871  -70.188  -15.555 1.0000000000
49639  -38.103  -77.826  -14.412 1.0000000000
49643  -38.788  -76.520  -14.789 1.0000000000
53214  -43.157  -76.641  -15.001 1.0000000000
53216  -43.625  -71.528  -15.494 1.0000000000
53217  -43.224  -72.441  -15.565 1.0000000000
53218  -43.113  -71.796  -15.560 1.0000000000
53219  -42.546  -71.992  -15.642 1.0000000000
53220  -43.045  -71.117  -15.631 1.0000000000
59242  -38.159  -78.981  -14.296 1.0000000000
62816  -44.277  -70.226  -14.521 1.0000000000
62817  -44.313  -71.180  -14.743 1.0000000000
62818  -44.267  -70.611  -14.805 1.0000000000
62819  -44.205  -70.939  -15.093 1.0000000000
62820  -44.234  -70.030  -14.909 1.0000000000
90521  -41.866  -77.181  -15.068 1.0000000000
90523  -41.136  -77.352  -15.031 1.0000000000
90524  -40.346  -77.416  -14.902 1.0000000000
90525  -41.067  -76.775  -15.139 1.0000000000
90526  -43.889  -73.932  -15.189 1.0000000000
90527  -43.533  -74.775  -15.286 1.0000000000
90528  -43.484  -74.236  -15.413 1.0000000000
90529  -42.174  -74.176  -15.621 1.0000000000
90530  -42.297  -74.738  -15.581 1.0000000000
90531  -41.586  -74.927  -15.532 1.0000000000
90532  -40.976  -75.632  -15.371 1.0000000000
90533  -40.873  -75.071  -15.442 1.0000000000
90534  -40.160  -75.206  -15.271 1.0000000000
90535  -40.780  -74.468  -15.483 1.0000000000
90536  -41.183  -72.434  -15.516 1.0000000000
90537  -40.605  -73.258  -15.462 1.0000000000
90538  -40.512  -72.647  -15.423 1.0000000000
90539  -39.813  -72.772  -15.313 1.0000000000
90540  -40.424  -71.972  -15.415 1.0000000000
90725  -44.210  -67.090  -14.672 1.0000000000
90727  -44.170  -68.528  -15.154 1.0000000000
90736  -43.257  -68.546  -15.803 1.0000000000
90737  -42.815  -69.532  -15.756 1.0000000000
90738  -42.721  -68.739  -15.816 1.0000000000
90740  -41.443  -69.147  -15.716 1.0000000000
90742  -40.219  -70.334  -15.433 1.0000000000
97593  -44.305  -71.321  -14.335 1.0000000000
97596  -44.241  -69.267  -14.302 1.0000000000
107789  -38.745  -75.508  -14.959 1.0000000000
114218  -42.569  -76.912  -15.077 1.0000000000
114219  -42.512  -76.405  -15.221 1.0000000000
114220  -43.795  -72.767  -15.396 1.0000000000
114221  -43.432  -73.646  -15.506 1.0000000000
114222  -43.335  -73.054  -15.549 1.0000000000
114223  -42.736  -73.286  -15.639 1.0000000000
114224  -42.078  -73.554  -15.634 1.0000000000
114225  -41.376  -73.729  -15.560 1.0000000000
114226  -41.981  -72.911  -15.629 1.0000000000
114227  -41.862  -72.258  -15.609 1.0000000000
114228  -41.753  -71.556  -15.612 1.0000000000
122875  -38.115  -78.387  -14.329 1.0000000000
122876  -38.832  -77.647  -14.600 1.0000000000
127876  -44.174  -74.096  -14.822 1.0000000000
127877  -44.162  -73.581  -14.946 1.0000000000
127878  -44.123  -73.014  -15.049 1.0000000000
127879  -44.332  -71.741  -14.653 1.0000000000
127880  -44.253  -72.112  -14.915 1.0000000000
127881  -44.085  -72.461  -15.165 1.0000000000
127882  -44.043  -71.870  -15.260 1.0000000000
127883  -43.989  -71.256  -15.329 1.0000000000
127884  -43.941  -70.645  -15.403 1.0000000000
161877  -39.659  -78.693  -14.621 1.0000000000
161878  -39.628  -78.122  -14.691 1.0000000000
161879  -39.589  -77.540  -14.782 1.0000000000
161880  -39.535  -76.989  -14.852 1.0000000000
161881  -43.577  -75.279  -15.148 1.0000000000
161882  -43.053  -75.598  -15.292 1.0000000000
161883  -42.469  -75.831  -15.344 1.0000000000
161884  -42.940  -74.518  -15.540 1.0000000000
161885  -42.391  -75.283  -15.472 1.0000000000
161886  -41.777  -76.016  -15.329 1.0000000000
161887  -41.036  -76.196  -15.269 1.0000000000
161888  -40.314  -76.343  -15.124 1.0000000000
161889  -39.518  -76.450  -14.963 1.0000000000
161890  -39.504  -75.927  -15.060 1.0000000000
161891  -39.455  -75.383  -15.106 1.0000000000
161892  -39.365  -74.810  -15.114 1.0000000000
161893  -40.692  -73.863  -15.484 1.0000000000
161894  -39.979  -74.075  -15.350 1.0000000000
161895  -39.280  -74.204  -15.136 1.0000000000
161896  -39.208  -73.603  -15.176 1.0000000000
161897  -39.115  -72.951  -15.183 1.0000000000
161898  -39.038  -72.309  -15.171 1.0000000000
162117  -44.211  -68.565  -14.392 1.0000000000
162119  -44.199  -67.846  -14.504 1.0000000000
162120  -44.210  -68.950  -14.735 1.0000000000
162121  -44.216  -69.262  -15.017 1.0000000000
162122  -44.091  -69.593  -15.269 1.0000000000
162123  -43.854  -69.891  -15.496 1.0000000000
162131  -43.759  -69.107  -15.590 1.0000000000
162132  -43.456  -70.109  -15.638 1.0000000000
162133  -42.922  -70.324  -15.700 1.0000000000
162134  -42.280  -70.555  -15.675 1.0000000000
162135  -41.634  -70.754  -15.618 1.0000000000
162136  -42.094  -68.965  -15.804 1.0000000000
162137  -41.525  -69.969  -15.642 1.0000000000
162138  -40.976  -70.984  -15.523 1.0000000000
162139  -40.321  -71.148  -15.418 1.0000000000
162140  -39.627  -71.362  -15.273 1.0000000000
