#!ascii label  , from subject 40tvs8ref_sym_20 vox2ras=TkReg
479
253  -12.878  16.159  39.626 1.0000000000
511  -9.454  4.589  39.486 1.0000000000
1119  -7.817  17.146  33.027 1.0000000000
1120  -11.089  13.087  43.881 1.0000000000
1121  -12.419  9.854  38.724 1.0000000000
1122  -12.598  6.849  42.856 1.0000000000
1607  -13.233  18.806  34.781 1.0000000000
2175  -10.633  13.133  35.176 1.0000000000
2176  -6.743  8.848  38.081 1.0000000000
3039  -10.037  19.095  31.313 1.0000000000
3041  -11.987  10.018  43.516 1.0000000000
3042  -11.419  8.511  45.341 1.0000000000
4800  -13.221  17.467  37.216 1.0000000000
4801  -12.486  15.681  34.545 1.0000000000
4802  -13.125  14.290  36.795 1.0000000000
4803  -11.189  7.050  38.696 1.0000000000
4804  -10.074  8.877  37.369 1.0000000000
4805  -8.199  6.701  38.703 1.0000000000
6624  -12.111  14.666  41.851 1.0000000000
6625  -13.199  12.954  39.209 1.0000000000
6626  -12.644  11.530  41.492 1.0000000000
6627  -12.601  8.374  40.843 1.0000000000
6628  -11.936  5.356  40.354 1.0000000000
7589  -12.851  20.119  32.485 1.0000000000
7590  -12.945  22.077  35.190 1.0000000000
7591  -12.309  20.654  37.489 1.0000000000
7592  -11.555  19.157  39.792 1.0000000000
7595  -10.711  17.582  42.023 1.0000000000
9087  -11.405  17.245  32.628 1.0000000000
9088  -9.204  15.101  34.010 1.0000000000
9090  -11.790  11.394  36.775 1.0000000000
9091  -8.750  10.905  36.430 1.0000000000
10721  -10.856  10.027  45.625 1.0000000000
12480  -13.092  16.863  38.438 1.0000000000
12481  -13.326  15.874  36.984 1.0000000000
12482  -13.329  15.232  38.182 1.0000000000
12483  -10.311  5.810  38.995 1.0000000000
12484  -9.764  6.747  38.435 1.0000000000
12485  -8.839  5.611  39.037 1.0000000000
14875  -7.132  18.166  32.610 1.0000000000
14880  -11.566  13.899  42.948 1.0000000000
14881  -12.477  13.089  41.687 1.0000000000
14882  -12.011  12.336  42.719 1.0000000000
14883  -12.365  8.396  43.206 1.0000000000
14884  -12.531  9.150  42.225 1.0000000000
14885  -12.656  7.573  41.835 1.0000000000
14886  -12.350  6.823  40.522 1.0000000000
14887  -12.534  6.091  41.477 1.0000000000
16673  -13.208  22.756  33.985 1.0000000000
16678  -11.962  19.918  38.635 1.0000000000
20160  -13.098  19.501  33.628 1.0000000000
20161  -12.266  18.634  32.422 1.0000000000
20162  -12.701  17.912  33.458 1.0000000000
20163  -11.649  14.336  34.783 1.0000000000
20164  -11.026  15.202  33.912 1.0000000000
20165  -9.924  14.077  34.555 1.0000000000
20167  -8.978  13.023  35.250 1.0000000000
20168  -12.882  11.366  38.957 1.0000000000
20169  -12.821  12.069  37.851 1.0000000000
20170  -12.199  10.615  37.664 1.0000000000
20171  -8.497  8.800  37.587 1.0000000000
20172  -9.475  9.878  36.849 1.0000000000
20173  -7.806  9.897  37.226 1.0000000000
20174  -7.062  11.017  36.900 1.0000000000
20175  -5.977  9.935  37.730 1.0000000000
20177  -5.156  8.693  38.264 1.0000000000
23903  -8.957  18.095  32.086 1.0000000000
23904  -10.628  12.300  44.832 1.0000000000
23905  -11.579  11.564  43.718 1.0000000000
23906  -11.192  10.788  44.682 1.0000000000
23907  -11.719  9.230  44.437 1.0000000000
23908  -12.188  7.666  44.138 1.0000000000
27072  -13.229  18.147  35.981 1.0000000000
27073  -13.019  17.137  34.515 1.0000000000
27074  -13.240  16.490  35.743 1.0000000000
27075  -12.870  14.952  35.643 1.0000000000
27076  -12.124  13.546  35.723 1.0000000000
27077  -11.843  8.394  38.622 1.0000000000
27078  -11.412  9.211  37.755 1.0000000000
27079  -10.662  7.921  37.993 1.0000000000
27080  -9.161  7.793  37.937 1.0000000000
27081  -7.469  7.786  38.410 1.0000000000
30816  -12.533  15.424  40.763 1.0000000000
30817  -13.212  14.546  39.442 1.0000000000
30818  -12.911  13.869  40.601 1.0000000000
30819  -12.983  12.247  40.363 1.0000000000
30820  -12.825  10.705  40.081 1.0000000000
30821  -12.299  10.770  42.528 1.0000000000
30822  -12.674  9.974  41.191 1.0000000000
30823  -12.567  9.151  39.824 1.0000000000
30824  -12.148  7.641  39.566 1.0000000000
30825  -11.579  6.203  39.483 1.0000000000
30826  -10.872  4.891  39.629 1.0000000000
33215  -12.499  20.849  31.382 1.0000000000
33216  -13.208  21.746  32.554 1.0000000000
33217  -13.247  21.136  33.786 1.0000000000
33218  -13.148  20.435  34.996 1.0000000000
33219  -12.103  22.929  36.453 1.0000000000
33220  -12.636  21.369  36.362 1.0000000000
33221  -13.028  19.755  36.169 1.0000000000
33222  -12.848  19.059  37.367 1.0000000000
33223  -12.617  18.385  38.572 1.0000000000
33224  -12.316  17.681  39.723 1.0000000000
33232  -11.165  18.375  40.905 1.0000000000
33233  -11.966  16.905  40.876 1.0000000000
33234  -11.487  16.159  41.992 1.0000000000
33235  -11.010  15.354  43.059 1.0000000000
33236  -10.530  14.543  44.052 1.0000000000
37503  -11.717  19.401  31.512 1.0000000000
37504  -10.749  18.163  31.925 1.0000000000
37505  -9.648  17.041  32.582 1.0000000000
37506  -11.994  16.464  33.515 1.0000000000
37507  -10.341  16.093  33.187 1.0000000000
37508  -8.518  16.081  33.511 1.0000000000
37512  -13.224  13.602  38.006 1.0000000000
37513  -12.579  12.800  36.735 1.0000000000
37514  -11.235  12.218  35.926 1.0000000000
37515  -10.940  10.110  36.968 1.0000000000
37516  -10.332  11.033  36.273 1.0000000000
37517  -9.669  11.986  35.666 1.0000000000
37518  -8.033  12.016  36.020 1.0000000000
43200  -12.995  16.517  39.036 1.0000000000
43201  -13.254  16.044  38.308 1.0000000000
43202  -13.191  15.711  38.903 1.0000000000
43203  -9.875  5.191  39.225 1.0000000000
43204  -9.576  5.682  38.974 1.0000000000
43205  -9.138  5.108  39.265 1.0000000000
43209  -8.986  4.082  39.780 1.0000000000
45595  -7.463  17.668  32.811 1.0000000000
45600  -11.321  13.495  43.425 1.0000000000
45601  -11.812  13.118  42.833 1.0000000000
45602  -11.582  12.721  43.309 1.0000000000
45603  -12.507  7.613  43.031 1.0000000000
45604  -12.570  7.967  42.523 1.0000000000
45605  -12.618  7.223  42.348 1.0000000000
45606  -12.613  6.847  41.663 1.0000000000
45607  -12.623  6.469  42.161 1.0000000000
45608  -12.579  5.748  41.988 1.0000000000
45609  -12.645  6.105  42.661 1.0000000000
50880  -13.175  19.171  34.212 1.0000000000
50881  -12.931  18.689  33.526 1.0000000000
50882  -13.077  18.341  34.085 1.0000000000
50883  -11.113  13.729  34.965 1.0000000000
50884  -10.801  14.170  34.586 1.0000000000
50885  -10.284  13.601  34.864 1.0000000000
50886  -9.437  13.547  34.903 1.0000000000
50887  -9.804  13.048  35.155 1.0000000000
50888  -12.669  10.594  38.854 1.0000000000
50889  -12.610  10.962  38.304 1.0000000000
50890  -12.311  10.229  38.218 1.0000000000
50891  -7.636  8.826  37.818 1.0000000000
50892  -8.155  9.340  37.399 1.0000000000
50893  -7.289  9.386  37.659 1.0000000000
50894  -6.915  9.942  37.486 1.0000000000
50895  -6.382  9.391  37.897 1.0000000000
50896  -5.530  9.314  38.034 1.0000000000
50897  -5.883  8.819  38.268 1.0000000000
55195  -9.706  19.575  31.038 1.0000000000
55197  -9.170  19.083  31.415 1.0000000000
55199  -9.493  18.585  31.678 1.0000000000
55201  -10.918  11.544  44.764 1.0000000000
55203  -11.132  9.308  45.508 1.0000000000
55204  -11.293  9.653  45.043 1.0000000000
55205  -11.566  8.893  44.894 1.0000000000
55206  -11.968  8.445  44.285 1.0000000000
55207  -11.832  8.073  44.734 1.0000000000
55208  -12.069  7.346  44.587 1.0000000000
60480  -13.249  17.799  36.598 1.0000000000
60481  -13.282  17.303  35.832 1.0000000000
60482  -13.307  16.978  36.467 1.0000000000
60483  -13.264  15.087  36.886 1.0000000000
60484  -13.193  15.401  36.285 1.0000000000
60485  -12.999  14.637  36.222 1.0000000000
60486  -12.560  14.247  35.656 1.0000000000
60487  -12.711  13.892  36.202 1.0000000000
60488  -11.511  7.690  38.655 1.0000000000
60489  -11.307  8.122  38.247 1.0000000000
60490  -10.928  7.482  38.321 1.0000000000
60491  -9.009  6.699  38.502 1.0000000000
60492  -9.474  7.258  38.192 1.0000000000
60493  -8.693  7.240  38.296 1.0000000000
60494  -8.320  7.755  38.150 1.0000000000
60495  -7.833  7.235  38.551 1.0000000000
67680  -12.343  15.043  41.313 1.0000000000
67681  -12.748  14.650  40.696 1.0000000000
67682  -12.553  14.242  41.235 1.0000000000
67683  -12.584  12.309  41.589 1.0000000000
67684  -12.800  12.675  41.045 1.0000000000
67685  -12.813  11.887  40.935 1.0000000000
67686  -12.929  11.480  40.229 1.0000000000
67687  -12.801  11.128  40.802 1.0000000000
67688  -11.784  10.792  43.633 1.0000000000
67689  -11.972  11.171  43.126 1.0000000000
67690  -12.130  10.400  43.014 1.0000000000
67691  -12.629  8.757  41.537 1.0000000000
67692  -12.594  9.563  41.709 1.0000000000
67693  -12.653  9.173  41.027 1.0000000000
67694  -12.683  9.552  40.504 1.0000000000
67695  -12.606  8.755  40.344 1.0000000000
67696  -12.382  8.395  39.678 1.0000000000
67697  -12.464  7.995  40.165 1.0000000000
67698  -12.174  6.070  40.401 1.0000000000
67699  -12.035  6.486  39.960 1.0000000000
67700  -11.767  5.769  39.916 1.0000000000
67701  -11.253  5.542  39.533 1.0000000000
67702  -11.472  5.095  39.939 1.0000000000
67703  -11.120  4.475  39.968 1.0000000000
67704  -11.672  4.684  40.328 1.0000000000
73060  -13.091  22.419  34.582 1.0000000000
73061  -13.257  21.950  33.886 1.0000000000
73062  -13.161  21.620  34.497 1.0000000000
73063  -13.192  20.802  34.394 1.0000000000
73064  -13.061  21.269  35.095 1.0000000000
73067  -11.541  23.316  37.010 1.0000000000
73068  -12.015  21.403  37.586 1.0000000000
73070  -12.471  21.020  36.915 1.0000000000
73071  -12.836  20.573  36.247 1.0000000000
73072  -12.727  20.221  36.823 1.0000000000
73073  -12.962  19.400  36.755 1.0000000000
73074  -12.604  19.860  37.416 1.0000000000
73075  -11.763  19.536  39.202 1.0000000000
73076  -12.324  19.148  38.599 1.0000000000
73077  -12.130  18.806  39.202 1.0000000000
73078  -12.455  18.047  39.156 1.0000000000
73079  -11.960  18.434  39.780 1.0000000000
73100  -10.937  17.986  41.471 1.0000000000
73101  -11.575  17.655  40.915 1.0000000000
73102  -11.356  17.273  41.473 1.0000000000
73103  -11.760  16.532  41.445 1.0000000000
73104  -11.108  16.888  42.019 1.0000000000
73106  -10.683  16.042  43.083 1.0000000000
73107  -10.455  15.645  43.642 1.0000000000
73108  -10.765  14.966  43.577 1.0000000000
73109  -10.200  15.241  44.127 1.0000000000
83520  -12.689  20.471  31.927 1.0000000000
83521  -12.149  20.097  31.439 1.0000000000
83522  -12.370  19.721  31.927 1.0000000000
83523  -11.873  17.936  32.491 1.0000000000
83524  -11.589  18.350  32.073 1.0000000000
83525  -11.065  17.705  32.275 1.0000000000
83526  -10.190  17.582  32.239 1.0000000000
83527  -10.537  17.110  32.536 1.0000000000
83528  -12.795  16.391  34.527 1.0000000000
83529  -12.623  16.763  33.957 1.0000000000
83530  -12.280  16.057  34.003 1.0000000000
83531  -10.120  15.125  33.889 1.0000000000
83532  -10.698  15.640  33.539 1.0000000000
83533  -9.776  15.581  33.578 1.0000000000
83534  -9.437  16.053  33.262 1.0000000000
83535  -8.850  15.574  33.748 1.0000000000
83536  -7.961  15.613  34.006 1.0000000000
83537  -8.331  15.092  34.219 1.0000000000
83543  -13.248  13.754  39.302 1.0000000000
83544  -13.304  14.082  38.701 1.0000000000
83545  -13.250  13.293  38.607 1.0000000000
83546  -12.370  11.697  37.259 1.0000000000
83547  -12.720  12.427  37.293 1.0000000000
83548  -12.197  12.083  36.743 1.0000000000
83549  -11.967  12.460  36.259 1.0000000000
83550  -11.562  11.809  36.322 1.0000000000
83551  -10.783  8.976  37.483 1.0000000000
83552  -11.174  9.636  37.348 1.0000000000
83553  -10.516  9.482  37.149 1.0000000000
83554  -9.113  10.390  36.650 1.0000000000
83555  -9.922  10.455  36.547 1.0000000000
83556  -9.552  10.930  36.297 1.0000000000
83557  -10.000  11.491  35.983 1.0000000000
83558  -9.189  11.423  36.030 1.0000000000
83559  -8.864  11.951  35.811 1.0000000000
83560  -8.404  11.445  36.202 1.0000000000
83562  -6.646  11.555  36.755 1.0000000000
93025  -10.535  10.778  45.709 1.0000000000
93027  -10.689  9.661  46.094 1.0000000000
93028  -10.980  8.921  45.959 1.0000000000
96192  -13.167  17.150  37.829 1.0000000000
96193  -13.313  16.661  37.093 1.0000000000
96194  -13.321  16.346  37.709 1.0000000000
96195  -13.365  15.555  37.593 1.0000000000
96196  -13.315  14.723  37.469 1.0000000000
96197  -10.756  6.428  38.816 1.0000000000
96198  -10.505  6.863  38.459 1.0000000000
96199  -10.051  6.272  38.697 1.0000000000
96200  -9.303  6.166  38.719 1.0000000000
96201  -8.520  6.159  38.874 1.0000000000
96203  -8.028  5.628  39.288 1.0000000000
100505  -6.235  18.158  32.852 1.0000000000
100512  -11.837  14.294  42.398 1.0000000000
100513  -12.315  13.872  41.779 1.0000000000
100514  -12.058  13.507  42.315 1.0000000000
100515  -12.239  12.718  42.218 1.0000000000
100516  -12.377  11.926  42.114 1.0000000000
100517  -12.183  9.208  43.367 1.0000000000
100518  -12.291  9.601  42.887 1.0000000000
100519  -12.459  8.755  42.736 1.0000000000
100520  -12.620  8.337  42.027 1.0000000000
100521  -12.626  7.956  41.325 1.0000000000
100522  -12.499  7.593  40.663 1.0000000000
100523  -12.552  7.191  41.160 1.0000000000
100524  -12.447  6.427  40.997 1.0000000000
100525  -12.302  5.700  40.864 1.0000000000
100526  -12.105  5.026  40.796 1.0000000000
100527  -12.395  5.395  41.371 1.0000000000
103742  -12.779  22.858  35.262 1.0000000000
103748  -12.123  20.292  38.065 1.0000000000
110016  -13.006  19.788  33.041 1.0000000000
110017  -12.597  19.358  32.418 1.0000000000
110018  -12.800  19.009  32.952 1.0000000000
110019  -12.500  18.268  32.916 1.0000000000
110020  -12.159  17.545  32.963 1.0000000000
110021  -12.101  14.994  34.626 1.0000000000
110022  -11.848  15.412  34.100 1.0000000000
110023  -11.346  14.771  34.329 1.0000000000
110024  -10.466  14.632  34.199 1.0000000000
110025  -9.564  14.608  34.283 1.0000000000
110029  -8.182  13.072  35.415 1.0000000000
110030  -13.073  12.163  39.090 1.0000000000
110031  -13.122  12.537  38.514 1.0000000000
110032  -12.861  11.725  38.395 1.0000000000
110033  -12.527  11.328  37.765 1.0000000000
110034  -11.998  10.993  37.226 1.0000000000
110035  -9.308  8.818  37.422 1.0000000000
110036  -9.778  9.362  37.101 1.0000000000
110037  -9.001  9.317  37.202 1.0000000000
110038  -8.636  9.840  37.019 1.0000000000
110039  -8.289  10.403  36.822 1.0000000000
110040  -7.934  10.975  36.622 1.0000000000
110041  -7.452  10.467  37.042 1.0000000000
110042  -6.541  10.490  37.323 1.0000000000
110045  -5.223  9.764  37.720 1.0000000000
117214  -8.051  18.140  32.328 1.0000000000
117215  -8.389  17.633  32.533 1.0000000000
117216  -10.861  12.708  44.335 1.0000000000
117217  -11.351  12.324  43.791 1.0000000000
117218  -11.126  11.942  44.291 1.0000000000
117219  -11.372  11.184  44.210 1.0000000000
117220  -11.620  10.400  44.109 1.0000000000
117221  -11.013  10.402  45.146 1.0000000000
117222  -11.466  9.989  44.590 1.0000000000
117223  -11.853  9.611  43.986 1.0000000000
117224  -12.075  8.827  43.825 1.0000000000
117225  -12.297  8.023  43.688 1.0000000000
117226  -12.467  7.264  43.543 1.0000000000
117228  -12.370  6.941  43.987 1.0000000000
124608  -13.226  18.485  35.380 1.0000000000
124609  -13.162  17.968  34.646 1.0000000000
124610  -13.207  17.628  35.227 1.0000000000
124611  -13.119  16.815  35.132 1.0000000000
124612  -12.956  16.041  35.104 1.0000000000
124613  -13.289  16.182  36.365 1.0000000000
124614  -13.101  15.700  35.674 1.0000000000
124615  -12.704  15.279  35.085 1.0000000000
124616  -12.359  14.581  35.145 1.0000000000
124617  -11.910  13.927  35.230 1.0000000000
124618  -11.413  13.299  35.360 1.0000000000
124619  -12.152  9.130  38.650 1.0000000000
124620  -11.977  9.513  38.172 1.0000000000
124621  -11.627  8.797  38.171 1.0000000000
124622  -11.043  8.548  37.856 1.0000000000
124623  -10.368  8.367  37.654 1.0000000000
124624  -10.217  7.329  38.187 1.0000000000
124625  -9.923  7.807  37.905 1.0000000000
124626  -9.626  8.322  37.630 1.0000000000
124627  -8.820  8.283  37.774 1.0000000000
124628  -7.969  8.278  37.993 1.0000000000
124629  -7.100  8.318  38.255 1.0000000000
124631  -6.605  7.831  38.681 1.0000000000
134112  -12.719  15.794  40.195 1.0000000000
134113  -13.093  15.349  39.535 1.0000000000
134114  -12.917  15.003  40.127 1.0000000000
134115  -13.057  14.212  40.024 1.0000000000
134116  -13.125  13.411  39.898 1.0000000000
134117  -12.709  13.455  41.148 1.0000000000
134118  -12.980  13.050  40.487 1.0000000000
134119  -13.114  12.598  39.793 1.0000000000
134120  -13.032  11.804  39.650 1.0000000000
134121  -12.876  11.023  39.510 1.0000000000
134122  -12.709  10.255  39.379 1.0000000000
134123  -11.794  11.949  43.213 1.0000000000
134124  -12.171  11.549  42.618 1.0000000000
134125  -12.475  11.151  42.024 1.0000000000
134126  -12.409  9.980  42.383 1.0000000000
134127  -12.545  10.364  41.881 1.0000000000
134128  -12.683  10.772  41.378 1.0000000000
134129  -12.751  10.347  40.653 1.0000000000
134130  -12.697  9.913  39.956 1.0000000000
134131  -12.519  9.510  39.267 1.0000000000
134132  -12.302  8.786  39.181 1.0000000000
134133  -12.005  8.030  39.098 1.0000000000
134134  -11.717  7.313  39.096 1.0000000000
134135  -12.263  7.239  40.040 1.0000000000
134136  -11.895  6.897  39.546 1.0000000000
134137  -11.382  6.637  39.105 1.0000000000
134138  -10.989  5.979  39.155 1.0000000000
134139  -10.583  5.329  39.271 1.0000000000
134140  -10.177  4.696  39.468 1.0000000000
134142  -10.469  4.286  39.757 1.0000000000
140813  -12.226  21.196  30.848 1.0000000000
140814  -12.790  21.585  31.347 1.0000000000
140815  -12.949  21.244  31.903 1.0000000000
140816  -13.050  20.931  32.505 1.0000000000
140817  -13.310  22.258  33.249 1.0000000000
140818  -13.256  21.468  33.156 1.0000000000
140819  -13.147  20.611  33.108 1.0000000000
140820  -13.186  20.321  33.706 1.0000000000
140821  -13.199  19.989  34.304 1.0000000000
140822  -13.225  19.631  34.887 1.0000000000
140825  -12.604  22.484  35.869 1.0000000000
140826  -11.882  22.565  37.017 1.0000000000
140827  -12.383  22.159  36.427 1.0000000000
140828  -12.814  21.706  35.795 1.0000000000
140829  -12.959  20.914  35.691 1.0000000000
140830  -13.092  20.102  35.580 1.0000000000
140831  -13.202  19.301  35.486 1.0000000000
140832  -13.153  18.959  36.077 1.0000000000
140833  -13.123  18.613  36.692 1.0000000000
140834  -13.047  18.263  37.313 1.0000000000
140835  -12.475  19.498  38.000 1.0000000000
140836  -12.739  18.713  37.977 1.0000000000
140837  -12.968  17.928  37.919 1.0000000000
140838  -12.867  17.625  38.515 1.0000000000
140839  -12.743  17.288  39.099 1.0000000000
140840  -12.623  16.919  39.688 1.0000000000
140864  -11.389  18.752  40.360 1.0000000000
140865  -11.799  18.011  40.340 1.0000000000
140866  -12.152  17.277  40.305 1.0000000000
140867  -12.471  16.545  40.250 1.0000000000
140868  -12.280  16.165  40.820 1.0000000000
140869  -12.080  15.798  41.390 1.0000000000
140870  -11.827  15.415  41.933 1.0000000000
140871  -10.902  16.459  42.557 1.0000000000
140872  -11.262  15.748  42.533 1.0000000000
140873  -11.580  15.031  42.464 1.0000000000
140874  -11.311  14.660  43.000 1.0000000000
140875  -11.054  14.238  43.508 1.0000000000
140876  -10.806  13.837  43.993 1.0000000000
140883  -9.966  14.804  44.597 1.0000000000
140885  -10.580  13.431  44.434 1.0000000000
140886  -10.327  13.013  44.910 1.0000000000
153471  -11.843  20.501  30.974 1.0000000000
153472  -11.394  19.819  31.126 1.0000000000
153473  -10.911  19.183  31.325 1.0000000000
153474  -12.004  19.017  31.959 1.0000000000
153475  -11.258  18.761  31.683 1.0000000000
153476  -10.399  18.601  31.589 1.0000000000
153477  -9.835  18.067  31.953 1.0000000000
153478  -9.295  17.550  32.337 1.0000000000
153479  -8.745  17.067  32.766 1.0000000000
153480  -12.887  17.528  33.986 1.0000000000
153481  -12.417  17.159  33.446 1.0000000000
153482  -11.716  16.870  33.073 1.0000000000
153483  -11.541  15.820  33.675 1.0000000000
153484  -11.209  16.241  33.257 1.0000000000
153485  -10.875  16.655  32.854 1.0000000000
153486  -9.992  16.557  32.862 1.0000000000
153487  -9.088  16.553  33.024 1.0000000000
153488  -8.176  16.600  33.265 1.0000000000
153498  -13.287  14.893  38.800 1.0000000000
153499  -13.324  14.399  38.075 1.0000000000
153500  -13.183  13.926  37.396 1.0000000000
153501  -13.062  12.835  37.928 1.0000000000
153502  -12.980  13.167  37.339 1.0000000000
153503  -12.894  13.527  36.751 1.0000000000
153504  -12.352  13.162  36.219 1.0000000000
153505  -11.687  12.867  35.811 1.0000000000
153506  -10.927  12.648  35.529 1.0000000000
153507  -11.808  9.909  37.701 1.0000000000
153508  -11.592  10.301  37.255 1.0000000000
153509  -11.357  10.754  36.822 1.0000000000
153510  -10.247  9.980  36.826 1.0000000000
153511  -10.672  10.602  36.597 1.0000000000
153512  -11.107  11.208  36.425 1.0000000000
153513  -10.784  11.612  36.079 1.0000000000
153514  -10.461  12.061  35.729 1.0000000000
153515  -10.157  12.561  35.395 1.0000000000
153516  -9.331  12.489  35.456 1.0000000000
153517  -8.526  12.507  35.609 1.0000000000
153518  -7.672  12.574  35.850 1.0000000000
153519  -7.557  11.528  36.464 1.0000000000
153534  -5.423  8.260  38.599 1.0000000000
