#!ascii label  , from subject 40tvs8ref_sym_20 vox2ras=TkReg
223
485  -12.227  -21.101  49.556 1.0000000000
1063  -7.414  -26.380  53.179 1.0000000000
2102  -7.881  -21.149  53.138 1.0000000000
2103  -12.466  -26.021  50.179 1.0000000000
4623  -6.563  -18.576  55.326 1.0000000000
4624  -6.054  -21.091  55.082 1.0000000000
4626  -10.145  -26.208  51.916 1.0000000000
4627  -12.488  -28.446  50.343 1.0000000000
6517  -10.466  -18.733  51.638 1.0000000000
8871  -8.435  -18.692  53.445 1.0000000000
8872  -10.166  -21.155  51.485 1.0000000000
8873  -7.533  -23.721  53.023 1.0000000000
8874  -10.085  -23.728  51.664 1.0000000000
8875  -12.366  -23.634  49.835 1.0000000000
12297  -12.172  -19.864  49.577 1.0000000000
12306  -11.362  -28.521  51.297 1.0000000000
14701  -9.630  -17.547  52.660 1.0000000000
19625  -7.084  -19.870  54.126 1.0000000000
19626  -7.432  -18.654  54.320 1.0000000000
19627  -8.121  -19.888  53.272 1.0000000000
19628  -9.256  -19.923  52.431 1.0000000000
19629  -9.056  -21.172  52.333 1.0000000000
19630  -6.357  -25.018  53.835 1.0000000000
19631  -6.462  -23.695  53.862 1.0000000000
19632  -7.523  -25.069  53.062 1.0000000000
19633  -11.353  -26.108  51.156 1.0000000000
19634  -10.127  -24.990  51.838 1.0000000000
19635  -11.308  -24.891  51.056 1.0000000000
19636  -11.303  -23.669  50.811 1.0000000000
19637  -12.425  -24.817  50.023 1.0000000000
26751  -6.520  -17.262  56.595 1.0000000000
26752  -6.095  -18.501  56.479 1.0000000000
26753  -6.274  -19.848  55.181 1.0000000000
26754  -6.801  -21.097  54.014 1.0000000000
26755  -8.760  -27.553  52.663 1.0000000000
26756  -8.792  -26.264  52.601 1.0000000000
26757  -10.098  -27.404  51.993 1.0000000000
26758  -11.356  -27.296  51.168 1.0000000000
26759  -12.479  -27.197  50.240 1.0000000000
30564  -11.331  -18.699  50.667 1.0000000000
30565  -11.311  -19.864  50.589 1.0000000000
36857  -7.020  -17.357  55.463 1.0000000000
36858  -7.792  -17.488  54.457 1.0000000000
36859  -8.704  -17.511  53.545 1.0000000000
36860  -9.448  -18.737  52.568 1.0000000000
36861  -10.318  -19.926  51.554 1.0000000000
36862  -11.246  -21.137  50.571 1.0000000000
36864  -6.606  -22.380  53.915 1.0000000000
36865  -7.669  -22.410  53.048 1.0000000000
36866  -8.816  -25.006  52.477 1.0000000000
36867  -8.832  -23.741  52.352 1.0000000000
36868  -8.899  -22.443  52.308 1.0000000000
36869  -10.125  -22.437  51.544 1.0000000000
36870  -11.235  -22.369  50.652 1.0000000000
36871  -12.268  -22.351  49.639 1.0000000000
43017  -12.192  -20.473  49.566 1.0000000000
43018  -12.646  -20.482  49.027 1.0000000000
43019  -12.676  -21.088  49.021 1.0000000000
43021  -12.699  -21.694  49.049 1.0000000000
45420  -9.663  -16.981  52.702 1.0000000000
45421  -9.250  -16.944  53.123 1.0000000000
50345  -7.443  -20.502  53.624 1.0000000000
50346  -7.591  -19.885  53.688 1.0000000000
50347  -7.989  -20.524  53.198 1.0000000000
50348  -8.557  -20.531  52.793 1.0000000000
50349  -8.479  -21.162  52.745 1.0000000000
50350  -6.773  -25.721  53.458 1.0000000000
50351  -6.880  -25.048  53.416 1.0000000000
50352  -7.412  -25.706  53.103 1.0000000000
50353  -11.928  -26.043  50.694 1.0000000000
50354  -11.372  -25.514  51.104 1.0000000000
50355  -11.923  -25.438  50.638 1.0000000000
50356  -11.874  -24.863  50.589 1.0000000000
50357  -12.450  -25.421  50.117 1.0000000000
50358  -12.962  -25.409  49.551 1.0000000000
50359  -12.974  -26.017  49.631 1.0000000000
59947  -6.154  -20.460  55.119 1.0000000000
59948  -6.471  -20.484  54.549 1.0000000000
59949  -6.383  -21.079  54.513 1.0000000000
59950  -9.416  -28.080  52.392 1.0000000000
59951  -9.423  -27.466  52.335 1.0000000000
59952  -10.067  -27.980  52.036 1.0000000000
59953  -11.949  -28.495  50.829 1.0000000000
59954  -11.356  -27.911  51.208 1.0000000000
59955  -11.918  -27.863  50.753 1.0000000000
59956  -11.926  -27.244  50.715 1.0000000000
59957  -12.471  -27.815  50.273 1.0000000000
59959  -12.997  -28.425  49.842 1.0000000000
67138  -10.931  -18.154  51.230 1.0000000000
67139  -10.915  -18.723  51.158 1.0000000000
67140  -11.331  -19.270  50.615 1.0000000000
67141  -10.875  -19.313  51.113 1.0000000000
81910  -6.508  -17.915  55.951 1.0000000000
81911  -6.736  -17.309  56.019 1.0000000000
81912  -6.789  -17.942  55.402 1.0000000000
81913  -7.930  -18.670  53.862 1.0000000000
81914  -7.619  -18.061  54.407 1.0000000000
81915  -8.078  -18.099  53.928 1.0000000000
81916  -8.246  -17.514  53.991 1.0000000000
81917  -8.578  -18.090  53.495 1.0000000000
81918  -9.058  -18.111  53.061 1.0000000000
81919  -8.942  -18.715  53.011 1.0000000000
81920  -9.719  -20.540  51.937 1.0000000000
81921  -9.793  -19.930  52.004 1.0000000000
81922  -10.234  -20.532  51.514 1.0000000000
81923  -10.744  -20.509  51.078 1.0000000000
81924  -10.715  -21.149  51.042 1.0000000000
81928  -6.950  -23.711  53.422 1.0000000000
81929  -6.524  -23.038  53.873 1.0000000000
81930  -7.035  -23.053  53.434 1.0000000000
81931  -7.101  -22.380  53.443 1.0000000000
81932  -7.607  -23.063  53.035 1.0000000000
81933  -9.472  -26.252  52.261 1.0000000000
81934  -8.793  -25.626  52.523 1.0000000000
81935  -9.489  -25.635  52.229 1.0000000000
81936  -10.113  -24.374  51.761 1.0000000000
81937  -9.476  -24.378  52.105 1.0000000000
81938  -9.453  -23.741  52.019 1.0000000000
81939  -8.843  -23.093  52.321 1.0000000000
81940  -9.482  -23.094  51.968 1.0000000000
81941  -9.517  -22.457  51.934 1.0000000000
81942  -10.103  -23.080  51.592 1.0000000000
81943  -11.849  -23.659  50.339 1.0000000000
81944  -11.252  -23.022  50.730 1.0000000000
81945  -11.781  -23.003  50.232 1.0000000000
81946  -11.769  -22.372  50.147 1.0000000000
81947  -12.301  -22.999  49.715 1.0000000000
95861  -12.175  -19.261  49.599 1.0000000000
95863  -12.615  -19.875  49.039 1.0000000000
95877  -11.389  -29.111  51.429 1.0000000000
95878  -11.999  -29.098  50.956 1.0000000000
95879  -12.552  -29.067  50.451 1.0000000000
95880  -13.083  -29.064  49.930 1.0000000000
100189  -10.039  -18.153  52.169 1.0000000000
109051  -6.822  -19.241  54.719 1.0000000000
109052  -6.966  -18.624  54.802 1.0000000000
109053  -7.280  -19.280  54.207 1.0000000000
109054  -7.762  -19.264  53.783 1.0000000000
109055  -8.288  -19.280  53.360 1.0000000000
109056  -8.814  -19.306  52.948 1.0000000000
109057  -8.683  -19.907  52.851 1.0000000000
109058  -9.145  -20.538  52.367 1.0000000000
109059  -9.613  -21.178  51.891 1.0000000000
109060  -6.015  -24.325  54.297 1.0000000000
109062  -6.420  -24.348  53.826 1.0000000000
109063  -6.921  -24.375  53.411 1.0000000000
109064  -7.484  -24.400  53.043 1.0000000000
109065  -10.797  -26.153  51.549 1.0000000000
109066  -10.134  -25.600  51.885 1.0000000000
109067  -10.750  -25.564  51.509 1.0000000000
109068  -10.738  -24.944  51.464 1.0000000000
109069  -10.709  -24.309  51.364 1.0000000000
109070  -10.710  -23.678  51.258 1.0000000000
109071  -11.313  -24.271  50.928 1.0000000000
109072  -11.888  -24.247  50.464 1.0000000000
109073  -12.370  -24.226  49.962 1.0000000000
109075  -12.938  -24.805  49.455 1.0000000000
123856  -6.389  -17.232  57.149 1.0000000000
123857  -6.318  -17.890  56.515 1.0000000000
123858  -6.285  -18.535  55.871 1.0000000000
123859  -5.927  -19.147  56.445 1.0000000000
123860  -6.120  -19.181  55.820 1.0000000000
123861  -6.438  -19.202  55.253 1.0000000000
123862  -6.643  -19.859  54.610 1.0000000000
123863  -6.937  -20.482  54.074 1.0000000000
123864  -7.307  -21.114  53.566 1.0000000000
123865  -8.113  -26.977  52.929 1.0000000000
123866  -8.102  -26.337  52.887 1.0000000000
123867  -8.771  -26.917  52.624 1.0000000000
123868  -9.454  -26.857  52.307 1.0000000000
123869  -10.110  -26.807  51.958 1.0000000000
123870  -10.756  -27.944  51.643 1.0000000000
123871  -10.766  -27.352  51.608 1.0000000000
123872  -10.729  -26.755  51.590 1.0000000000
123873  -11.348  -26.700  51.158 1.0000000000
123874  -11.931  -26.642  50.710 1.0000000000
123875  -12.477  -26.608  50.221 1.0000000000
123877  -12.989  -27.192  49.711 1.0000000000
133425  -11.360  -18.130  50.758 1.0000000000
133426  -11.782  -18.673  50.175 1.0000000000
133427  -11.759  -19.264  50.114 1.0000000000
133428  -11.749  -19.857  50.093 1.0000000000
133429  -11.748  -20.489  50.092 1.0000000000
133440  -6.776  -26.406  53.482 1.0000000000
133449  -7.435  -27.047  53.232 1.0000000000
151537  -7.211  -16.769  55.504 1.0000000000
151538  -7.188  -18.006  54.910 1.0000000000
151539  -7.371  -17.414  54.929 1.0000000000
151540  -7.541  -16.821  54.978 1.0000000000
151543  -8.777  -16.922  53.562 1.0000000000
151544  -9.157  -17.507  53.114 1.0000000000
151545  -9.544  -18.131  52.624 1.0000000000
151546  -9.965  -18.735  52.118 1.0000000000
151547  -9.355  -19.329  52.511 1.0000000000
151548  -9.881  -19.321  52.059 1.0000000000
151549  -10.396  -19.323  51.585 1.0000000000
151550  -10.832  -19.902  51.065 1.0000000000
151551  -11.256  -20.499  50.600 1.0000000000
151552  -11.756  -21.135  50.075 1.0000000000
151556  -6.168  -23.040  54.410 1.0000000000
151558  -6.307  -21.722  54.474 1.0000000000
151559  -6.689  -21.720  53.966 1.0000000000
151560  -7.164  -21.740  53.478 1.0000000000
151561  -7.761  -21.765  53.092 1.0000000000
151562  -8.097  -25.667  52.806 1.0000000000
151563  -8.156  -25.029  52.760 1.0000000000
151564  -8.152  -24.390  52.722 1.0000000000
151565  -9.490  -25.010  52.194 1.0000000000
151566  -8.818  -24.386  52.425 1.0000000000
151567  -8.219  -23.740  52.679 1.0000000000
151568  -8.214  -23.082  52.657 1.0000000000
151569  -8.276  -22.434  52.682 1.0000000000
151570  -8.362  -21.785  52.700 1.0000000000
151571  -8.957  -21.794  52.311 1.0000000000
151572  -9.550  -21.798  51.919 1.0000000000
151573  -10.149  -21.798  51.497 1.0000000000
151574  -10.708  -23.047  51.192 1.0000000000
151575  -10.695  -22.405  51.128 1.0000000000
151576  -10.711  -21.781  51.054 1.0000000000
151577  -11.248  -21.758  50.587 1.0000000000
151578  -11.770  -21.757  50.081 1.0000000000
151579  -12.249  -21.730  49.572 1.0000000000
151580  -12.732  -22.320  49.115 1.0000000000
