#!ascii label  , from subject 40tvs8ref_sym_20 vox2ras=TkReg
259
251  -10.210  35.956  29.370 1.0000000000
1113  -13.097  28.779  30.097 1.0000000000
1605  -8.534  31.878  34.433 1.0000000000
1606  -11.991  25.254  35.338 1.0000000000
3634  -7.443  33.219  36.723 1.0000000000
3635  -7.962  30.056  37.106 1.0000000000
3636  -10.337  28.760  35.004 1.0000000000
4778  -9.185  39.225  28.932 1.0000000000
4780  -11.186  37.885  26.687 1.0000000000
6611  -11.722  32.365  29.785 1.0000000000
6612  -12.617  34.221  27.043 1.0000000000
6613  -13.353  30.285  27.108 1.0000000000
7582  -8.563  37.164  31.423 1.0000000000
7584  -7.974  35.038  33.954 1.0000000000
7585  -9.203  33.774  31.791 1.0000000000
7586  -11.147  30.550  32.406 1.0000000000
7587  -12.726  27.085  32.764 1.0000000000
12458  -9.667  37.630  29.162 1.0000000000
12459  -10.071  38.608  27.813 1.0000000000
12460  -10.719  36.963  28.110 1.0000000000
14858  -12.481  30.574  29.951 1.0000000000
14859  -12.784  31.421  28.542 1.0000000000
14860  -13.243  29.500  28.579 1.0000000000
16661  -7.725  32.579  35.594 1.0000000000
16662  -7.636  34.150  35.355 1.0000000000
16663  -7.998  33.478  34.212 1.0000000000
16664  -8.310  34.415  32.861 1.0000000000
16665  -8.837  32.789  33.086 1.0000000000
16666  -10.096  32.119  32.111 1.0000000000
16667  -9.784  31.238  33.401 1.0000000000
16668  -11.162  27.054  35.197 1.0000000000
16669  -11.677  28.000  33.929 1.0000000000
16670  -12.416  26.216  34.072 1.0000000000
16671  -13.172  25.195  32.786 1.0000000000
16672  -12.920  24.356  34.151 1.0000000000
16674  -12.544  23.668  35.307 1.0000000000
23891  -13.377  26.892  30.069 1.0000000000
23892  -13.311  27.599  28.593 1.0000000000
24974  -7.588  31.662  36.948 1.0000000000
24975  -8.230  30.995  35.843 1.0000000000
24976  -9.417  30.353  34.740 1.0000000000
24977  -8.981  29.399  36.059 1.0000000000
24978  -9.826  27.717  36.203 1.0000000000
24979  -10.687  25.976  36.374 1.0000000000
24980  -11.449  24.481  36.475 1.0000000000
30785  -10.934  34.149  29.573 1.0000000000
30786  -11.454  35.160  28.260 1.0000000000
30787  -12.189  33.323  28.415 1.0000000000
30788  -13.082  32.292  27.148 1.0000000000
30790  -13.227  28.376  27.133 1.0000000000
33195  -8.912  38.213  30.222 1.0000000000
33196  -9.243  36.594  30.369 1.0000000000
33203  -8.241  36.092  32.662 1.0000000000
33204  -8.738  35.521  31.615 1.0000000000
33205  -9.714  34.852  30.557 1.0000000000
33206  -10.448  33.107  30.815 1.0000000000
33207  -11.392  31.407  31.115 1.0000000000
33208  -12.272  29.734  31.340 1.0000000000
33209  -10.801  29.729  33.702 1.0000000000
33210  -12.022  28.887  32.643 1.0000000000
33211  -12.939  27.944  31.404 1.0000000000
33212  -13.313  26.079  31.461 1.0000000000
37431  -11.921  36.153  26.913 1.0000000000
37432  -12.280  37.033  25.504 1.0000000000
43178  -9.956  36.787  29.296 1.0000000000
43179  -10.179  37.292  28.644 1.0000000000
43180  -10.482  36.460  28.746 1.0000000000
45578  -12.829  29.698  30.015 1.0000000000
45579  -12.938  30.054  29.272 1.0000000000
45580  -13.169  29.136  29.314 1.0000000000
47381  -8.047  32.215  35.001 1.0000000000
47382  -7.818  33.042  34.915 1.0000000000
47383  -8.196  32.679  34.324 1.0000000000
47384  -8.319  33.148  33.660 1.0000000000
47385  -8.699  32.314  33.729 1.0000000000
47386  -9.283  32.002  33.229 1.0000000000
47387  -9.102  31.562  33.901 1.0000000000
47388  -11.604  26.146  35.277 1.0000000000
47389  -11.844  26.656  34.646 1.0000000000
47390  -12.218  25.738  34.724 1.0000000000
47391  -12.696  25.294  34.123 1.0000000000
47392  -12.514  24.846  34.759 1.0000000000
47393  -12.731  24.030  34.733 1.0000000000
47394  -12.285  24.483  35.338 1.0000000000
56983  -7.734  30.880  37.024 1.0000000000
56984  -7.835  31.335  36.398 1.0000000000
56985  -8.112  30.553  36.484 1.0000000000
56986  -8.611  30.230  35.949 1.0000000000
56987  -8.446  29.726  36.601 1.0000000000
56990  -9.529  27.147  36.803 1.0000000000
56991  -10.242  26.836  36.295 1.0000000000
60413  -8.962  40.019  28.792 1.0000000000
60415  -9.303  39.706  28.236 1.0000000000
60416  -10.607  38.294  27.252 1.0000000000
60417  -10.226  39.083  27.102 1.0000000000
60420  -11.355  38.310  25.974 1.0000000000
67613  -11.327  33.256  29.670 1.0000000000
67614  -11.585  33.753  29.000 1.0000000000
67615  -11.946  32.849  29.106 1.0000000000
67616  -13.190  30.873  27.837 1.0000000000
67617  -12.969  31.864  27.848 1.0000000000
67618  -13.271  31.274  27.142 1.0000000000
67619  -13.316  31.709  26.416 1.0000000000
67622  -13.292  27.997  27.857 1.0000000000
67623  -13.020  27.441  27.171 1.0000000000
73008  -8.535  37.896  31.331 1.0000000000
73010  -8.733  37.670  30.833 1.0000000000
73011  -9.046  37.428  30.301 1.0000000000
73012  -8.833  36.883  30.909 1.0000000000
73024  -7.820  34.577  34.630 1.0000000000
73025  -7.736  34.921  35.196 1.0000000000
73026  -7.927  35.354  34.490 1.0000000000
73028  -8.072  35.844  33.814 1.0000000000
73029  -8.203  36.345  33.177 1.0000000000
73030  -8.108  35.558  33.299 1.0000000000
73031  -8.681  34.089  32.327 1.0000000000
73032  -8.522  34.943  32.230 1.0000000000
73033  -8.923  34.649  31.689 1.0000000000
73034  -9.206  35.189  31.060 1.0000000000
73035  -9.418  34.318  31.175 1.0000000000
73036  -10.037  33.971  30.673 1.0000000000
73037  -9.780  33.441  31.293 1.0000000000
73038  -10.622  31.344  32.264 1.0000000000
73039  -10.774  31.773  31.635 1.0000000000
73040  -11.255  30.957  31.775 1.0000000000
73041  -11.826  30.562  31.221 1.0000000000
73042  -11.724  30.142  31.900 1.0000000000
73043  -9.902  29.585  34.868 1.0000000000
73044  -10.086  30.057  34.209 1.0000000000
73045  -10.585  29.257  34.361 1.0000000000
73046  -12.243  27.573  33.358 1.0000000000
73047  -11.872  28.453  33.283 1.0000000000
73048  -12.401  28.016  32.704 1.0000000000
73049  -12.524  28.439  32.055 1.0000000000
73050  -12.842  27.527  32.089 1.0000000000
73051  -13.160  27.016  31.455 1.0000000000
73052  -13.111  26.578  32.151 1.0000000000
73053  -13.288  24.276  32.779 1.0000000000
73054  -13.350  24.672  32.119 1.0000000000
73065  -11.170  24.061  37.003 1.0000000000
73066  -11.801  23.712  36.446 1.0000000000
83341  -12.105  34.701  27.678 1.0000000000
83342  -11.693  35.677  27.611 1.0000000000
83343  -12.285  35.203  26.981 1.0000000000
83345  -12.618  36.088  25.599 1.0000000000
83347  -12.455  37.429  24.758 1.0000000000
94095  -7.782  29.509  37.685 1.0000000000
96152  -9.442  38.421  29.046 1.0000000000
96153  -9.597  38.916  28.368 1.0000000000
96154  -9.885  38.108  28.508 1.0000000000
96155  -10.408  37.782  27.964 1.0000000000
96156  -10.962  37.453  27.403 1.0000000000
100472  -12.107  31.447  29.894 1.0000000000
100473  -12.285  31.911  29.194 1.0000000000
100474  -12.628  30.978  29.238 1.0000000000
100475  -13.078  30.444  28.542 1.0000000000
100476  -13.317  29.896  27.846 1.0000000000
103717  -7.529  32.912  36.159 1.0000000000
103718  -7.507  33.677  36.046 1.0000000000
103719  -7.624  33.386  35.489 1.0000000000
103720  -7.783  33.804  34.780 1.0000000000
103721  -7.951  34.252  34.067 1.0000000000
103722  -8.071  34.740  33.413 1.0000000000
103723  -8.143  33.951  33.500 1.0000000000
103724  -8.504  33.588  32.971 1.0000000000
103725  -8.984  33.251  32.431 1.0000000000
103726  -9.603  32.930  31.938 1.0000000000
103727  -9.426  32.452  32.584 1.0000000000
103728  -9.945  31.676  32.755 1.0000000000
103729  -10.481  30.910  32.898 1.0000000000
103730  -10.747  27.933  35.097 1.0000000000
103731  -11.038  28.404  34.480 1.0000000000
103732  -11.439  27.542  34.576 1.0000000000
103733  -12.068  27.118  34.014 1.0000000000
103734  -12.587  26.643  33.434 1.0000000000
103735  -12.981  26.136  32.795 1.0000000000
103736  -12.863  25.708  33.440 1.0000000000
103737  -13.062  24.792  33.470 1.0000000000
103740  -13.094  23.542  34.086 1.0000000000
103741  -12.927  23.216  34.676 1.0000000000
117185  -13.281  27.838  30.073 1.0000000000
117186  -13.311  28.186  29.342 1.0000000000
117187  -13.348  27.240  29.319 1.0000000000
119709  -7.409  32.765  37.380 1.0000000000
119712  -7.492  32.441  36.839 1.0000000000
119713  -7.655  32.094  36.291 1.0000000000
119714  -7.930  31.769  35.712 1.0000000000
119715  -8.385  31.429  35.131 1.0000000000
119716  -8.944  31.114  34.589 1.0000000000
119717  -8.796  30.675  35.280 1.0000000000
119718  -9.230  29.890  35.402 1.0000000000
119719  -9.653  29.081  35.511 1.0000000000
119720  -8.793  28.880  36.677 1.0000000000
119721  -9.407  28.571  36.117 1.0000000000
119722  -10.063  28.265  35.608 1.0000000000
119723  -10.482  27.415  35.699 1.0000000000
119724  -10.911  26.523  35.809 1.0000000000
119725  -11.392  25.620  35.882 1.0000000000
119726  -11.737  24.868  35.921 1.0000000000
119727  -11.078  25.230  36.436 1.0000000000
119728  -10.772  24.803  36.981 1.0000000000
124519  -9.730  39.388  27.657 1.0000000000
134027  -10.552  35.066  29.473 1.0000000000
134028  -10.809  35.584  28.814 1.0000000000
134029  -11.193  34.666  28.923 1.0000000000
134030  -11.838  34.241  28.337 1.0000000000
134031  -12.452  33.777  27.735 1.0000000000
134032  -12.497  32.374  28.501 1.0000000000
134033  -12.716  32.827  27.819 1.0000000000
134034  -12.878  33.258  27.102 1.0000000000
134035  -13.193  32.735  26.433 1.0000000000
134038  -13.328  28.557  28.586 1.0000000000
134039  -13.340  28.946  27.869 1.0000000000
134040  -13.331  29.316  27.140 1.0000000000
140752  -8.848  39.493  29.461 1.0000000000
140754  -8.763  38.980  30.110 1.0000000000
140755  -9.059  38.735  29.595 1.0000000000
140756  -9.256  37.957  29.674 1.0000000000
140757  -9.483  37.134  29.768 1.0000000000
140758  -9.731  36.294  29.863 1.0000000000
140771  -7.601  34.455  35.934 1.0000000000
140778  -8.276  36.878  32.531 1.0000000000
140779  -8.397  36.623  32.034 1.0000000000
140780  -8.249  35.246  32.762 1.0000000000
140781  -8.438  35.797  32.138 1.0000000000
140782  -8.638  36.356  31.511 1.0000000000
140783  -8.997  36.045  30.972 1.0000000000
140784  -9.478  35.746  30.449 1.0000000000
140785  -9.984  35.424  29.956 1.0000000000
140786  -10.300  34.494  30.062 1.0000000000
140787  -10.690  33.618  30.159 1.0000000000
140788  -11.088  32.755  30.315 1.0000000000
140789  -10.255  32.602  31.482 1.0000000000
140790  -10.910  32.252  30.980 1.0000000000
140791  -11.537  31.879  30.446 1.0000000000
140792  -11.954  31.007  30.547 1.0000000000
140793  -12.361  30.148  30.640 1.0000000000
140794  -12.740  29.276  30.718 1.0000000000
140795  -9.579  30.805  34.050 1.0000000000
140796  -10.301  30.483  33.544 1.0000000000
140797  -10.981  30.133  33.047 1.0000000000
140798  -11.283  28.867  33.837 1.0000000000
140799  -11.448  29.311  33.183 1.0000000000
140800  -11.619  29.740  32.533 1.0000000000
140801  -12.157  29.307  32.002 1.0000000000
140802  -12.648  28.848  31.384 1.0000000000
140803  -13.041  28.359  30.742 1.0000000000
140804  -13.238  27.424  30.739 1.0000000000
140805  -13.354  26.489  30.793 1.0000000000
140807  -13.251  25.629  32.132 1.0000000000
140823  -12.064  24.085  35.895 1.0000000000
140824  -12.358  23.291  35.871 1.0000000000
153255  -11.061  36.096  28.178 1.0000000000
153256  -11.311  36.579  27.533 1.0000000000
153257  -11.544  37.064  26.833 1.0000000000
153258  -12.465  35.648  26.298 1.0000000000
153259  -12.108  36.600  26.221 1.0000000000
153260  -11.740  37.478  26.108 1.0000000000
153261  -11.918  37.890  25.390 1.0000000000
