#!ascii label  , from subject 40tvs8ref_sym_20 vox2ras=TkReg
153
392  -41.159  32.272  22.047 1.0000000000
1876  -42.032  36.784  22.213 1.0000000000
4121  -44.328  36.614  23.942 1.0000000000
4122  -42.568  38.895  22.109 1.0000000000
4123  -40.567  38.894  20.042 1.0000000000
6687  -39.256  34.306  20.205 1.0000000000
8243  -43.371  32.236  23.747 1.0000000000
8244  -45.910  33.958  25.634 1.0000000000
8245  -43.845  34.416  23.832 1.0000000000
8246  -41.540  34.608  22.104 1.0000000000
8247  -39.720  36.657  20.261 1.0000000000
11801  -43.460  38.926  23.130 1.0000000000
18119  -44.388  32.072  24.730 1.0000000000
18123  -43.138  36.732  23.090 1.0000000000
18124  -44.084  35.528  23.865 1.0000000000
18125  -42.922  35.637  23.020 1.0000000000
18126  -42.707  34.536  22.955 1.0000000000
18127  -41.781  35.705  22.156 1.0000000000
18128  -40.625  35.605  21.234 1.0000000000
18129  -40.887  36.738  21.226 1.0000000000
25850  -44.422  37.709  24.065 1.0000000000
25851  -43.430  37.817  23.108 1.0000000000
25852  -42.299  37.852  22.161 1.0000000000
25853  -41.207  37.876  21.192 1.0000000000
25854  -41.570  38.910  21.071 1.0000000000
30963  -40.191  33.322  21.184 1.0000000000
30964  -39.957  31.894  21.084 1.0000000000
30965  -39.060  32.871  20.090 1.0000000000
35027  -42.267  32.294  22.879 1.0000000000
35030  -45.655  32.889  25.644 1.0000000000
35031  -45.163  35.346  24.733 1.0000000000
35032  -44.964  34.224  24.755 1.0000000000
35033  -44.697  33.111  24.731 1.0000000000
35034  -43.593  33.294  23.780 1.0000000000
35035  -42.483  33.411  22.878 1.0000000000
35036  -41.352  33.436  22.058 1.0000000000
35037  -40.368  34.487  21.206 1.0000000000
35038  -39.437  35.438  20.284 1.0000000000
35040  -40.126  37.821  20.173 1.0000000000
43307  -40.981  31.620  22.004 1.0000000000
48839  -44.866  31.996  25.213 1.0000000000
48843  -42.593  36.763  22.653 1.0000000000
48844  -43.034  36.180  23.078 1.0000000000
48845  -42.461  36.226  22.623 1.0000000000
48846  -42.336  35.693  22.584 1.0000000000
48847  -41.868  36.258  22.158 1.0000000000
48848  -41.296  36.204  21.694 1.0000000000
48849  -41.449  36.775  21.746 1.0000000000
58441  -44.772  37.643  24.597 1.0000000000
58443  -43.032  38.912  22.606 1.0000000000
58444  -43.487  38.369  23.083 1.0000000000
58445  -42.982  38.357  22.620 1.0000000000
58446  -42.864  37.838  22.637 1.0000000000
58447  -42.440  38.372  22.132 1.0000000000
58448  -41.905  38.382  21.632 1.0000000000
58449  -42.054  38.909  21.605 1.0000000000
67995  -39.721  33.825  20.699 1.0000000000
67996  -39.617  33.139  20.663 1.0000000000
67997  -39.147  33.605  20.153 1.0000000000
77395  -43.724  31.725  24.249 1.0000000000
77399  -42.831  32.300  23.300 1.0000000000
77407  -45.777  33.387  25.657 1.0000000000
77410  -44.786  35.982  24.284 1.0000000000
77411  -43.985  34.972  23.847 1.0000000000
77412  -44.518  34.895  24.298 1.0000000000
77413  -44.403  34.331  24.295 1.0000000000
77414  -44.825  33.651  24.734 1.0000000000
77415  -44.279  33.773  24.271 1.0000000000
77416  -44.152  33.211  24.266 1.0000000000
77417  -43.711  33.860  23.811 1.0000000000
77418  -42.130  34.593  22.518 1.0000000000
77419  -42.598  33.996  22.906 1.0000000000
77420  -42.029  34.023  22.487 1.0000000000
77421  -41.933  33.432  22.470 1.0000000000
77422  -41.457  34.038  22.084 1.0000000000
77423  -40.836  33.982  21.653 1.0000000000
77424  -40.933  34.545  21.663 1.0000000000
77425  -40.169  36.140  20.764 1.0000000000
77426  -40.041  35.546  20.751 1.0000000000
77427  -39.561  36.061  20.267 1.0000000000
77430  -40.874  38.402  20.615 1.0000000000
77431  -40.666  37.859  20.670 1.0000000000
77432  -40.350  38.380  20.070 1.0000000000
84488  -39.461  31.639  20.526 1.0000000000
84489  -39.922  31.149  20.998 1.0000000000
94970  -43.371  39.500  23.202 1.0000000000
100701  -38.787  34.778  19.700 1.0000000000
106343  -43.885  32.169  24.219 1.0000000000
106348  -45.988  34.544  25.617 1.0000000000
106349  -43.749  36.682  23.526 1.0000000000
106350  -44.218  36.064  23.904 1.0000000000
106351  -43.630  36.132  23.485 1.0000000000
106352  -43.529  35.582  23.436 1.0000000000
106353  -43.417  35.035  23.399 1.0000000000
106354  -43.268  34.482  23.391 1.0000000000
106355  -42.814  35.074  22.996 1.0000000000
106356  -42.259  35.127  22.582 1.0000000000
106357  -41.673  35.158  22.139 1.0000000000
106358  -41.060  35.099  21.677 1.0000000000
106359  -41.213  35.648  21.706 1.0000000000
106360  -40.758  36.173  21.239 1.0000000000
106361  -40.331  36.702  20.755 1.0000000000
121756  -44.408  37.161  23.991 1.0000000000
121757  -43.926  38.337  23.617 1.0000000000
121758  -43.943  37.776  23.569 1.0000000000
121759  -43.889  37.222  23.548 1.0000000000
121760  -43.293  37.273  23.106 1.0000000000
121761  -42.715  37.310  22.653 1.0000000000
121762  -42.164  37.317  22.198 1.0000000000
121763  -41.605  37.321  21.753 1.0000000000
121764  -41.749  37.844  21.687 1.0000000000
121765  -41.395  38.391  21.130 1.0000000000
121766  -41.080  38.902  20.560 1.0000000000
121769  -40.754  39.425  20.023 1.0000000000
134511  -40.674  32.794  21.632 1.0000000000
134512  -40.532  32.106  21.585 1.0000000000
134513  -40.069  32.619  21.144 1.0000000000
134514  -39.488  32.413  20.610 1.0000000000
134515  -39.018  32.115  20.004 1.0000000000
134516  -38.624  33.346  19.563 1.0000000000
134517  -38.606  32.590  19.470 1.0000000000
146098  -42.107  31.785  22.878 1.0000000000
146099  -41.697  32.280  22.462 1.0000000000
146107  -45.997  32.280  26.163 1.0000000000
146108  -45.518  32.378  25.689 1.0000000000
146110  -45.617  35.252  25.161 1.0000000000
146111  -45.553  34.668  25.178 1.0000000000
146112  -44.645  35.445  24.290 1.0000000000
146113  -45.073  34.784  24.749 1.0000000000
146114  -45.443  34.086  25.196 1.0000000000
146115  -45.308  33.529  25.191 1.0000000000
146116  -45.176  33.002  25.180 1.0000000000
146118  -44.559  32.581  24.734 1.0000000000
146119  -44.027  32.664  24.220 1.0000000000
146120  -43.491  32.736  23.727 1.0000000000
146121  -43.133  33.939  23.348 1.0000000000
146122  -43.028  33.360  23.319 1.0000000000
146123  -42.935  32.815  23.301 1.0000000000
146124  -42.406  32.842  22.882 1.0000000000
146125  -41.840  32.836  22.467 1.0000000000
146126  -41.261  32.842  22.053 1.0000000000
146127  -40.762  33.400  21.642 1.0000000000
146128  -40.276  33.915  21.197 1.0000000000
146129  -39.837  34.405  20.726 1.0000000000
146130  -40.485  35.037  21.210 1.0000000000
146131  -39.938  34.970  20.740 1.0000000000
146132  -39.345  34.883  20.237 1.0000000000
146136  -41.030  37.335  21.222 1.0000000000
146137  -40.484  37.285  20.717 1.0000000000
146138  -39.907  37.244  20.242 1.0000000000
146139  -39.823  38.292  19.523 1.0000000000
146140  -39.585  37.740  19.602 1.0000000000
154632  -40.419  31.401  21.540 1.0000000000
