#!ascii label  , from subject 40tvs8ref_sym_20 vox2ras=TkReg
171
1261  -13.338  -68.588  15.320 1.0000000000
1692  -14.999  -71.959  18.149 1.0000000000
2350  -6.327  -71.140  16.612 1.0000000000
5227  -11.710  -73.264  19.254 1.0000000000
5228  -10.487  -71.579  17.525 1.0000000000
5229  -7.233  -72.994  18.608 1.0000000000
7790  -16.078  -73.953  18.517 1.0000000000
9604  -13.861  -70.028  17.019 1.0000000000
9605  -9.764  -69.833  15.639 1.0000000000
12907  -10.103  -73.953  19.880 1.0000000000
12908  -9.488  -73.236  18.954 1.0000000000
12909  -7.875  -73.881  19.698 1.0000000000
15302  -15.069  -68.218  15.232 1.0000000000
15304  -13.407  -68.278  14.382 1.0000000000
15306  -11.581  -68.737  14.391 1.0000000000
17104  -16.619  -74.810  18.794 1.0000000000
17105  -14.516  -74.437  19.453 1.0000000000
21442  -16.650  -71.433  17.419 1.0000000000
21443  -16.139  -70.436  17.159 1.0000000000
21444  -14.398  -70.956  17.679 1.0000000000
21445  -8.334  -71.381  17.019 1.0000000000
21446  -10.011  -70.669  16.616 1.0000000000
21447  -8.030  -70.504  16.077 1.0000000000
21448  -7.935  -69.636  14.986 1.0000000000
21449  -6.186  -70.290  15.492 1.0000000000
24159  -15.308  -68.714  16.028 1.0000000000
27841  -13.316  -72.572  18.771 1.0000000000
27842  -12.691  -71.632  18.091 1.0000000000
27843  -11.136  -72.487  18.441 1.0000000000
27844  -8.845  -72.335  17.979 1.0000000000
27845  -6.687  -72.069  17.612 1.0000000000
33759  -17.202  -72.360  17.525 1.0000000000
33761  -17.805  -73.215  17.776 1.0000000000
33762  -15.605  -72.961  18.366 1.0000000000
33763  -13.954  -73.477  19.205 1.0000000000
33764  -12.330  -74.061  19.924 1.0000000000
39047  -15.676  -69.486  16.676 1.0000000000
39048  -13.501  -69.172  16.283 1.0000000000
39049  -12.164  -70.751  17.312 1.0000000000
39050  -11.706  -69.914  16.389 1.0000000000
39051  -11.501  -69.193  15.413 1.0000000000
39052  -9.734  -69.265  14.625 1.0000000000
43628  -9.006  -73.951  19.807 1.0000000000
46022  -14.196  -68.367  15.294 1.0000000000
46023  -14.224  -68.214  14.836 1.0000000000
46024  -13.337  -68.398  14.858 1.0000000000
46025  -12.492  -68.482  14.385 1.0000000000
46026  -12.417  -68.651  14.851 1.0000000000
47825  -15.820  -75.129  19.212 1.0000000000
52162  -15.821  -71.682  17.814 1.0000000000
52163  -15.514  -71.188  17.658 1.0000000000
52164  -14.670  -71.447  17.960 1.0000000000
52165  -7.297  -71.250  16.819 1.0000000000
52166  -8.167  -70.929  16.549 1.0000000000
52167  -7.161  -70.811  16.347 1.0000000000
52168  -7.087  -70.347  15.814 1.0000000000
52169  -6.215  -70.649  16.092 1.0000000000
55626  -16.340  -68.870  16.175 1.0000000000
61762  -12.506  -72.902  19.001 1.0000000000
61763  -12.196  -72.491  18.659 1.0000000000
61764  -11.416  -72.880  18.860 1.0000000000
61765  -8.321  -73.126  18.802 1.0000000000
61766  -9.165  -72.783  18.447 1.0000000000
61767  -8.022  -72.655  18.288 1.0000000000
61768  -7.720  -72.195  17.811 1.0000000000
61769  -6.963  -72.540  18.103 1.0000000000
74345  -18.149  -72.003  17.265 1.0000000000
74346  -18.434  -72.409  17.371 1.0000000000
74350  -17.220  -74.089  18.166 1.0000000000
74351  -18.091  -73.621  17.884 1.0000000000
74352  -16.921  -73.623  18.097 1.0000000000
74353  -16.659  -73.173  17.989 1.0000000000
74354  -15.826  -73.464  18.437 1.0000000000
74355  -14.776  -73.222  18.795 1.0000000000
74356  -15.034  -73.718  18.901 1.0000000000
74358  -13.398  -74.184  19.793 1.0000000000
74360  -11.555  -74.383  20.266 1.0000000000
87370  -15.025  -70.184  17.163 1.0000000000
87371  -15.939  -69.933  16.929 1.0000000000
87372  -14.794  -69.726  16.862 1.0000000000
87373  -14.574  -69.291  16.554 1.0000000000
87374  -13.666  -69.597  16.660 1.0000000000
87375  -11.588  -71.601  17.838 1.0000000000
87376  -12.409  -71.179  17.713 1.0000000000
87377  -11.313  -71.171  17.437 1.0000000000
87378  -9.865  -70.238  16.146 1.0000000000
87379  -10.847  -70.302  16.488 1.0000000000
87380  -10.690  -69.912  15.996 1.0000000000
87381  -11.574  -69.529  15.917 1.0000000000
87382  -10.632  -69.523  15.509 1.0000000000
87383  -10.585  -69.218  14.984 1.0000000000
87384  -9.739  -69.510  15.153 1.0000000000
87385  -7.105  -69.616  14.670 1.0000000000
87386  -8.051  -69.372  14.471 1.0000000000
96961  -10.910  -73.622  19.548 1.0000000000
96962  -10.610  -73.264  19.101 1.0000000000
96963  -9.799  -73.610  19.432 1.0000000000
96964  -8.656  -73.563  19.305 1.0000000000
96965  -7.513  -73.457  19.162 1.0000000000
101272  -16.036  -68.142  15.098 1.0000000000
101278  -12.594  -68.353  13.904 1.0000000000
104515  -17.477  -74.453  18.399 1.0000000000
104516  -16.360  -74.403  18.631 1.0000000000
104517  -15.303  -74.202  19.002 1.0000000000
104518  -15.555  -74.667  19.108 1.0000000000
104519  -14.782  -74.931  19.545 1.0000000000
112324  -17.579  -71.145  17.095 1.0000000000
112326  -16.396  -70.935  17.321 1.0000000000
112327  -15.250  -70.688  17.452 1.0000000000
112328  -14.149  -70.461  17.361 1.0000000000
112329  -9.377  -71.513  17.246 1.0000000000
112330  -10.203  -71.118  17.061 1.0000000000
112331  -9.179  -71.033  16.766 1.0000000000
112332  -9.023  -70.584  16.322 1.0000000000
112333  -8.883  -70.142  15.813 1.0000000000
112334  -8.840  -69.751  15.313 1.0000000000
112335  -7.959  -70.033  15.539 1.0000000000
112336  -7.058  -69.943  15.245 1.0000000000
112337  -6.180  -69.950  14.887 1.0000000000
117812  -15.179  -68.436  15.638 1.0000000000
117813  -14.306  -68.598  15.742 1.0000000000
126403  -14.163  -72.252  18.473 1.0000000000
126404  -13.847  -71.730  18.256 1.0000000000
126405  -12.999  -72.114  18.476 1.0000000000
126406  -11.891  -72.035  18.241 1.0000000000
126407  -10.795  -72.025  17.975 1.0000000000
126408  -10.325  -72.890  18.673 1.0000000000
126409  -9.976  -72.445  18.159 1.0000000000
126410  -9.664  -71.983  17.703 1.0000000000
126411  -8.554  -71.893  17.524 1.0000000000
126412  -7.496  -71.717  17.309 1.0000000000
126413  -6.482  -71.592  17.112 1.0000000000
142387  -17.869  -71.581  17.155 1.0000000000
142388  -16.949  -71.900  17.474 1.0000000000
142389  -16.094  -72.179  17.858 1.0000000000
142394  -18.986  -73.092  17.822 1.0000000000
142396  -17.518  -72.819  17.624 1.0000000000
142397  -16.402  -72.680  17.925 1.0000000000
142398  -15.315  -72.465  18.259 1.0000000000
142399  -14.457  -72.718  18.667 1.0000000000
142400  -13.620  -72.991  19.023 1.0000000000
142401  -12.813  -73.298  19.337 1.0000000000
142402  -14.239  -73.954  19.357 1.0000000000
142403  -13.119  -73.750  19.578 1.0000000000
142404  -12.026  -73.657  19.624 1.0000000000
142405  -11.221  -73.983  19.939 1.0000000000
158095  -17.010  -70.171  16.857 1.0000000000
158097  -16.555  -69.270  16.455 1.0000000000
158098  -15.446  -69.075  16.406 1.0000000000
158099  -14.404  -68.920  16.185 1.0000000000
158100  -13.403  -68.856  15.810 1.0000000000
158101  -13.543  -71.263  17.898 1.0000000000
158102  -13.294  -70.787  17.542 1.0000000000
158103  -13.029  -70.362  17.165 1.0000000000
158104  -11.043  -70.728  16.957 1.0000000000
158105  -11.910  -70.327  16.848 1.0000000000
158106  -12.779  -69.943  16.748 1.0000000000
158107  -12.598  -69.516  16.321 1.0000000000
158108  -12.482  -69.175  15.862 1.0000000000
158109  -12.431  -68.870  15.357 1.0000000000
158110  -11.490  -68.930  14.893 1.0000000000
158111  -10.631  -69.006  14.450 1.0000000000
158112  -9.844  -68.977  14.071 1.0000000000
158113  -8.852  -69.466  14.830 1.0000000000
158114  -8.960  -69.172  14.298 1.0000000000
158119  -7.163  -74.225  20.045 1.0000000000
158124  -6.219  -72.946  18.432 1.0000000000
158125  -5.960  -72.484  17.911 1.0000000000
158126  -5.754  -72.005  17.425 1.0000000000
158127  -5.543  -71.537  16.875 1.0000000000
158138  -5.355  -70.423  15.098 1.0000000000
