#!ascii label  , from subject 40tvs8ref_sym_20 vox2ras=TkReg
163
467  -55.667  -22.948  33.665 1.0000000000
1021  -54.963  -26.472  35.327 1.0000000000
4498  -55.367  -24.735  34.364 1.0000000000
4499  -56.783  -26.697  34.929 1.0000000000
4500  -56.940  -25.211  33.745 1.0000000000
6443  -54.558  -28.008  36.719 1.0000000000
6444  -53.203  -26.149  35.596 1.0000000000
6445  -53.698  -24.286  34.961 1.0000000000
6446  -54.308  -22.433  34.694 1.0000000000
8718  -56.395  -28.153  36.376 1.0000000000
12178  -55.501  -23.844  33.954 1.0000000000
12179  -56.145  -24.956  34.045 1.0000000000
12180  -56.267  -24.117  33.613 1.0000000000
12181  -56.979  -24.410  33.221 1.0000000000
12182  -56.345  -23.247  33.213 1.0000000000
14581  -53.967  -23.307  34.813 1.0000000000
19248  -54.766  -27.273  35.925 1.0000000000
19249  -55.494  -28.084  36.557 1.0000000000
19250  -55.689  -27.374  35.782 1.0000000000
19251  -57.613  -26.800  34.592 1.0000000000
19252  -57.519  -27.474  35.359 1.0000000000
26526  -55.195  -25.595  34.837 1.0000000000
26527  -55.897  -26.540  35.141 1.0000000000
26528  -56.058  -25.774  34.587 1.0000000000
26529  -56.849  -25.960  34.287 1.0000000000
26530  -57.660  -26.143  33.890 1.0000000000
26532  -57.671  -25.446  33.267 1.0000000000
30391  -53.870  -27.134  36.052 1.0000000000
30392  -54.092  -26.306  35.481 1.0000000000
30394  -53.433  -25.204  35.242 1.0000000000
30395  -54.271  -25.434  35.033 1.0000000000
30396  -54.497  -24.498  34.636 1.0000000000
30397  -54.731  -23.636  34.344 1.0000000000
30398  -54.972  -22.655  34.117 1.0000000000
36403  -56.288  -28.756  37.388 1.0000000000
36404  -57.230  -28.749  37.159 1.0000000000
36405  -56.595  -27.437  35.587 1.0000000000
36406  -57.366  -28.157  36.156 1.0000000000
36482  -55.161  -21.586  33.944 1.0000000000
36491  -55.781  -21.868  33.298 1.0000000000
42898  -55.588  -23.405  33.793 1.0000000000
42899  -55.866  -23.965  33.783 1.0000000000
42900  -55.963  -23.548  33.618 1.0000000000
42901  -56.314  -23.694  33.419 1.0000000000
42902  -56.001  -23.094  33.441 1.0000000000
49968  -54.878  -26.890  35.642 1.0000000000
49969  -55.231  -27.335  35.887 1.0000000000
49970  -55.328  -26.955  35.539 1.0000000000
49971  -58.026  -26.863  34.396 1.0000000000
59568  -55.285  -25.168  34.597 1.0000000000
59569  -55.635  -25.688  34.717 1.0000000000
59570  -55.699  -25.270  34.453 1.0000000000
59571  -56.535  -25.072  33.893 1.0000000000
59572  -56.488  -25.468  34.165 1.0000000000
59573  -56.892  -25.600  34.009 1.0000000000
59574  -57.255  -26.059  34.091 1.0000000000
59575  -57.287  -25.696  33.799 1.0000000000
59576  -57.666  -25.801  33.572 1.0000000000
59577  -57.288  -25.345  33.512 1.0000000000
59579  -57.367  -24.543  32.977 1.0000000000
66765  -53.532  -26.661  35.795 1.0000000000
66766  -53.985  -26.713  35.727 1.0000000000
66767  -53.657  -26.231  35.522 1.0000000000
66771  -53.301  -24.158  35.149 1.0000000000
66772  -53.168  -24.630  35.252 1.0000000000
66773  -53.568  -24.770  35.089 1.0000000000
66774  -53.864  -25.350  35.146 1.0000000000
66775  -53.965  -24.872  34.957 1.0000000000
66776  -54.380  -24.974  34.821 1.0000000000
66777  -54.105  -24.408  34.806 1.0000000000
66778  -54.149  -22.871  34.749 1.0000000000
66779  -54.353  -23.453  34.568 1.0000000000
66780  -54.493  -23.012  34.455 1.0000000000
66781  -54.849  -23.171  34.214 1.0000000000
66782  -54.622  -22.554  34.390 1.0000000000
80778  -54.468  -28.346  37.136 1.0000000000
80781  -55.946  -28.127  36.487 1.0000000000
80782  -55.888  -28.450  36.953 1.0000000000
80783  -56.333  -28.469  36.875 1.0000000000
80784  -56.734  -28.765  37.286 1.0000000000
80785  -56.798  -28.479  36.751 1.0000000000
80786  -56.332  -26.613  35.044 1.0000000000
80787  -56.235  -27.017  35.344 1.0000000000
80788  -56.683  -27.065  35.244 1.0000000000
80789  -57.891  -27.803  35.610 1.0000000000
80790  -57.423  -27.813  35.749 1.0000000000
80791  -57.820  -28.131  36.038 1.0000000000
80792  -57.770  -28.450  36.491 1.0000000000
80979  -54.891  -21.452  34.291 1.0000000000
81002  -55.570  -21.186  33.483 1.0000000000
81004  -56.117  -21.998  33.008 1.0000000000
95646  -55.438  -24.292  34.150 1.0000000000
95647  -55.747  -24.841  34.206 1.0000000000
95648  -55.841  -24.444  33.977 1.0000000000
95649  -56.194  -24.534  33.817 1.0000000000
95650  -56.593  -24.687  33.655 1.0000000000
95651  -56.947  -24.845  33.469 1.0000000000
95652  -56.633  -24.274  33.425 1.0000000000
95653  -56.666  -23.851  33.203 1.0000000000
95654  -56.676  -23.386  32.958 1.0000000000
99971  -53.849  -23.818  34.880 1.0000000000
99973  -53.802  -22.751  35.047 1.0000000000
99974  -53.971  -22.320  35.049 1.0000000000
108372  -54.661  -27.648  36.303 1.0000000000
108373  -55.025  -28.051  36.659 1.0000000000
108374  -55.124  -27.697  36.205 1.0000000000
108375  -55.581  -27.742  36.156 1.0000000000
108376  -56.029  -27.777  36.062 1.0000000000
108377  -57.204  -26.741  34.781 1.0000000000
108378  -57.145  -27.110  35.135 1.0000000000
108379  -57.564  -27.124  34.968 1.0000000000
123330  -55.079  -26.019  35.087 1.0000000000
123331  -55.448  -26.520  35.253 1.0000000000
123332  -55.552  -26.090  34.989 1.0000000000
123333  -55.992  -26.153  34.877 1.0000000000
123334  -56.431  -26.253  34.753 1.0000000000
123335  -56.111  -25.381  34.342 1.0000000000
123336  -56.467  -25.870  34.463 1.0000000000
123337  -56.847  -26.336  34.608 1.0000000000
123338  -57.250  -26.405  34.421 1.0000000000
123339  -57.649  -26.482  34.229 1.0000000000
123340  -58.070  -26.565  34.025 1.0000000000
123343  -58.078  -25.869  33.312 1.0000000000
123344  -58.055  -25.537  32.994 1.0000000000
123345  -57.321  -24.956  33.243 1.0000000000
123346  -57.715  -25.076  32.993 1.0000000000
132950  -54.096  -27.970  36.770 1.0000000000
132952  -53.745  -27.553  36.423 1.0000000000
132953  -54.204  -27.581  36.361 1.0000000000
132954  -54.320  -27.183  35.987 1.0000000000
132955  -54.430  -26.789  35.679 1.0000000000
132956  -54.523  -26.380  35.413 1.0000000000
132962  -53.328  -25.691  35.403 1.0000000000
132963  -53.759  -25.777  35.339 1.0000000000
132964  -54.186  -25.885  35.259 1.0000000000
132965  -54.608  -25.949  35.168 1.0000000000
132966  -54.704  -25.514  34.933 1.0000000000
132967  -54.852  -25.065  34.711 1.0000000000
132968  -54.937  -24.620  34.521 1.0000000000
132969  -54.210  -23.905  34.680 1.0000000000
132970  -54.602  -24.043  34.483 1.0000000000
132971  -55.060  -24.191  34.317 1.0000000000
132972  -55.118  -23.727  34.153 1.0000000000
132973  -55.226  -23.268  33.989 1.0000000000
132974  -55.323  -22.807  33.891 1.0000000000
150177  -55.412  -28.416  37.034 1.0000000000
150178  -55.818  -28.734  37.438 1.0000000000
150182  -57.641  -28.978  37.556 1.0000000000
150183  -55.798  -26.974  35.435 1.0000000000
150184  -56.148  -27.398  35.677 1.0000000000
150185  -56.510  -27.780  35.949 1.0000000000
150186  -57.059  -27.468  35.490 1.0000000000
150187  -56.973  -27.804  35.853 1.0000000000
150188  -56.883  -28.148  36.267 1.0000000000
150189  -57.309  -28.465  36.636 1.0000000000
150414  -54.761  -21.998  34.344 1.0000000000
150415  -55.067  -22.108  34.044 1.0000000000
150416  -55.381  -22.255  33.768 1.0000000000
150441  -55.288  -21.053  33.826 1.0000000000
150442  -55.480  -21.714  33.608 1.0000000000
150443  -55.714  -22.393  33.483 1.0000000000
150444  -56.053  -22.549  33.234 1.0000000000
150445  -56.390  -22.683  32.969 1.0000000000
