#!ascii label  , from subject 40tvs8ref_sym_20 vox2ras=TkReg
272
286  -45.832  -63.930  19.196 1.0000000000
766  -46.863  -65.388  23.849 1.0000000000
2301  -49.498  -63.789  21.649 1.0000000000
2302  -49.924  -62.871  17.384 1.0000000000
3737  -44.138  -64.657  20.746 1.0000000000
3739  -43.962  -63.986  18.261 1.0000000000
3741  -46.007  -63.382  17.032 1.0000000000
5108  -49.443  -64.144  24.063 1.0000000000
5109  -49.506  -62.849  23.478 1.0000000000
5111  -50.194  -61.821  19.160 1.0000000000
5987  -44.902  -65.519  22.916 1.0000000000
5988  -46.208  -64.584  21.492 1.0000000000
9459  -48.640  -65.126  25.034 1.0000000000
9460  -48.377  -64.611  22.686 1.0000000000
9461  -48.046  -63.984  20.232 1.0000000000
9462  -49.767  -62.363  21.301 1.0000000000
9463  -49.662  -63.385  19.463 1.0000000000
9464  -48.004  -63.432  18.127 1.0000000000
9465  -48.383  -62.890  16.068 1.0000000000
11417  -44.977  -64.253  19.918 1.0000000000
11418  -44.025  -64.302  19.495 1.0000000000
11419  -44.875  -63.914  18.776 1.0000000000
11420  -44.988  -63.683  17.679 1.0000000000
11421  -45.874  -63.649  18.142 1.0000000000
13817  -46.262  -65.864  24.508 1.0000000000
13818  -45.300  -65.979  24.062 1.0000000000
13819  -45.910  -65.422  23.377 1.0000000000
13820  -45.479  -64.960  22.187 1.0000000000
13821  -46.528  -64.994  22.659 1.0000000000
21085  -49.568  -63.972  22.853 1.0000000000
21086  -49.042  -64.378  23.347 1.0000000000
21087  -49.006  -64.196  22.092 1.0000000000
21088  -48.231  -64.273  21.416 1.0000000000
21089  -48.984  -63.978  20.915 1.0000000000
21093  -50.395  -62.513  18.227 1.0000000000
21094  -50.143  -62.697  19.282 1.0000000000
21095  -49.729  -63.095  18.465 1.0000000000
21096  -48.915  -63.541  18.737 1.0000000000
21097  -48.976  -63.195  17.729 1.0000000000
21098  -48.093  -63.116  17.107 1.0000000000
21099  -49.192  -62.953  16.681 1.0000000000
23268  -47.094  -65.821  24.977 1.0000000000
25159  -43.520  -65.312  21.371 1.0000000000
25161  -43.265  -64.882  20.245 1.0000000000
25162  -43.082  -64.452  18.921 1.0000000000
27628  -49.683  -63.574  23.715 1.0000000000
27629  -49.814  -63.377  22.546 1.0000000000
29330  -44.296  -66.228  23.532 1.0000000000
29331  -43.867  -65.777  22.436 1.0000000000
29332  -44.496  -65.074  21.831 1.0000000000
29333  -45.191  -64.600  21.094 1.0000000000
29334  -45.925  -64.245  20.339 1.0000000000
38614  -48.007  -65.704  25.523 1.0000000000
38615  -47.862  -65.374  24.447 1.0000000000
38616  -49.079  -64.622  24.543 1.0000000000
38617  -48.483  -64.856  23.915 1.0000000000
38618  -47.645  -64.987  23.298 1.0000000000
38619  -47.385  -64.607  22.031 1.0000000000
38620  -47.121  -64.233  20.810 1.0000000000
38621  -46.911  -63.918  19.693 1.0000000000
38623  -49.685  -62.628  22.381 1.0000000000
38624  -49.816  -63.181  21.413 1.0000000000
38625  -49.963  -62.077  20.242 1.0000000000
38626  -49.946  -62.949  20.303 1.0000000000
38627  -49.521  -63.568  20.518 1.0000000000
38628  -48.925  -63.755  19.821 1.0000000000
38629  -47.928  -63.733  19.185 1.0000000000
38630  -46.928  -63.623  18.631 1.0000000000
38631  -47.033  -63.390  17.592 1.0000000000
38632  -47.276  -63.164  16.537 1.0000000000
42137  -45.397  -64.084  19.530 1.0000000000
42138  -44.893  -64.066  19.337 1.0000000000
42139  -45.343  -63.913  18.992 1.0000000000
42140  -45.376  -63.780  18.436 1.0000000000
42141  -45.828  -63.772  18.654 1.0000000000
44537  -46.555  -65.610  24.179 1.0000000000
44538  -46.084  -65.618  23.937 1.0000000000
44539  -46.400  -65.389  23.602 1.0000000000
44540  -46.198  -65.169  23.020 1.0000000000
44541  -46.700  -65.182  23.266 1.0000000000
51805  -49.494  -63.885  22.236 1.0000000000
51806  -49.282  -64.112  22.443 1.0000000000
51807  -49.248  -64.007  21.843 1.0000000000
51808  -48.980  -64.084  21.490 1.0000000000
51809  -49.265  -63.910  21.263 1.0000000000
51813  -50.240  -62.752  17.786 1.0000000000
51814  -50.109  -62.839  18.329 1.0000000000
51815  -49.812  -62.981  17.913 1.0000000000
51816  -49.362  -63.181  18.079 1.0000000000
51817  -49.453  -63.051  17.537 1.0000000000
51818  -49.075  -63.063  17.200 1.0000000000
51819  -49.577  -62.944  17.001 1.0000000000
54141  -47.194  -66.040  25.505 1.0000000000
57292  -43.835  -64.961  21.071 1.0000000000
57293  -43.383  -65.093  20.834 1.0000000000
57294  -43.706  -64.762  20.497 1.0000000000
57295  -43.978  -64.127  18.879 1.0000000000
57296  -43.561  -64.356  19.226 1.0000000000
57297  -43.504  -64.201  18.587 1.0000000000
57298  -43.073  -64.323  18.272 1.0000000000
57302  -45.485  -63.523  17.350 1.0000000000
57306  -46.139  -63.234  16.471 1.0000000000
61406  -49.558  -63.344  24.173 1.0000000000
61407  -49.644  -63.216  23.585 1.0000000000
61408  -49.788  -63.465  23.117 1.0000000000
61409  -49.733  -63.117  23.032 1.0000000000
64495  -45.099  -65.748  23.489 1.0000000000
64496  -44.788  -66.095  23.782 1.0000000000
64497  -44.595  -65.847  23.235 1.0000000000
64498  -44.073  -66.014  22.981 1.0000000000
64499  -44.380  -65.616  22.677 1.0000000000
64500  -44.186  -65.402  22.150 1.0000000000
64501  -44.675  -65.278  22.374 1.0000000000
64502  -45.845  -64.786  21.846 1.0000000000
64503  -45.315  -64.785  21.637 1.0000000000
64504  -45.709  -64.600  21.277 1.0000000000
64505  -45.548  -64.413  20.723 1.0000000000
64506  -46.063  -64.396  20.905 1.0000000000
86292  -48.351  -65.440  25.284 1.0000000000
86293  -47.930  -65.525  24.994 1.0000000000
86294  -48.274  -65.269  24.739 1.0000000000
86297  -49.275  -64.376  24.301 1.0000000000
86298  -48.745  -64.507  23.001 1.0000000000
86299  -48.759  -64.608  23.634 1.0000000000
86300  -48.438  -64.740  23.317 1.0000000000
86301  -48.152  -64.972  23.635 1.0000000000
86302  -48.023  -64.802  23.008 1.0000000000
86303  -47.519  -64.795  22.663 1.0000000000
86304  -47.917  -64.634  22.364 1.0000000000
86305  -48.141  -64.111  20.788 1.0000000000
86306  -47.688  -64.244  21.093 1.0000000000
86307  -47.571  -64.088  20.490 1.0000000000
86308  -47.013  -64.082  20.229 1.0000000000
86309  -47.475  -63.950  19.950 1.0000000000
86315  -49.732  -62.499  21.861 1.0000000000
86316  -49.842  -62.906  21.892 1.0000000000
86317  -49.858  -62.767  21.331 1.0000000000
86319  -49.800  -61.608  20.203 1.0000000000
86320  -50.070  -61.931  19.697 1.0000000000
86321  -49.951  -63.063  19.360 1.0000000000
86322  -50.040  -62.826  19.794 1.0000000000
86323  -49.867  -63.188  19.882 1.0000000000
86324  -49.800  -63.310  20.380 1.0000000000
86325  -49.604  -63.483  20.008 1.0000000000
86326  -49.286  -63.711  20.171 1.0000000000
86327  -49.313  -63.597  19.629 1.0000000000
86328  -48.479  -63.492  18.430 1.0000000000
86329  -48.431  -63.657  18.963 1.0000000000
86330  -47.965  -63.595  18.669 1.0000000000
86331  -47.439  -63.659  18.896 1.0000000000
86332  -47.479  -63.514  18.378 1.0000000000
86333  -46.983  -63.471  18.126 1.0000000000
86334  -47.528  -63.370  17.836 1.0000000000
86335  -48.222  -63.004  16.596 1.0000000000
86336  -47.704  -63.128  16.834 1.0000000000
86337  -47.836  -63.007  16.287 1.0000000000
94279  -44.556  -64.437  20.325 1.0000000000
94280  -44.075  -64.488  20.120 1.0000000000
94281  -44.490  -64.262  19.730 1.0000000000
94282  -44.436  -64.093  19.133 1.0000000000
94283  -44.410  -63.935  18.541 1.0000000000
94284  -44.462  -63.812  17.950 1.0000000000
94285  -44.919  -63.794  18.216 1.0000000000
94286  -45.428  -63.660  17.909 1.0000000000
94287  -45.923  -63.515  17.597 1.0000000000
98599  -45.968  -66.143  24.812 1.0000000000
98600  -45.477  -66.254  24.611 1.0000000000
98601  -45.809  -65.906  24.307 1.0000000000
98602  -45.609  -65.684  23.724 1.0000000000
98603  -45.411  -65.456  23.153 1.0000000000
98604  -45.197  -65.222  22.568 1.0000000000
98605  -45.699  -65.185  22.774 1.0000000000
98606  -46.016  -64.969  22.418 1.0000000000
98607  -46.350  -64.785  22.079 1.0000000000
111681  -49.528  -64.050  23.466 1.0000000000
111682  -49.298  -64.264  23.699 1.0000000000
111683  -49.329  -64.180  23.063 1.0000000000
111684  -49.034  -64.308  22.703 1.0000000000
111685  -48.699  -64.397  22.354 1.0000000000
111686  -48.292  -64.450  22.042 1.0000000000
111687  -48.653  -64.262  21.746 1.0000000000
111688  -48.620  -64.133  21.139 1.0000000000
111689  -48.571  -63.997  20.540 1.0000000000
111695  -50.373  -62.177  18.693 1.0000000000
111696  -50.227  -62.276  19.219 1.0000000000
111697  -50.292  -62.615  18.759 1.0000000000
111698  -50.024  -62.932  18.848 1.0000000000
111699  -49.696  -63.244  18.958 1.0000000000
111700  -49.330  -63.482  19.101 1.0000000000
111701  -49.355  -63.369  18.595 1.0000000000
111702  -48.933  -63.354  18.244 1.0000000000
111703  -48.523  -63.331  17.912 1.0000000000
111704  -48.054  -63.276  17.612 1.0000000000
111705  -48.565  -63.173  17.405 1.0000000000
111706  -48.615  -63.033  16.884 1.0000000000
111707  -48.767  -62.910  16.378 1.0000000000
115733  -46.710  -65.856  24.769 1.0000000000
115734  -46.985  -65.621  24.445 1.0000000000
120150  -43.608  -64.541  19.870 1.0000000000
120151  -43.170  -64.645  19.581 1.0000000000
120153  -42.665  -64.661  18.571 1.0000000000
120160  -44.534  -63.688  17.376 1.0000000000
125905  -49.570  -63.680  24.309 1.0000000000
125906  -49.616  -63.897  23.865 1.0000000000
125907  -49.710  -63.801  23.274 1.0000000000
125908  -49.734  -63.697  22.673 1.0000000000
125909  -49.730  -63.626  22.058 1.0000000000
125914  -50.050  -61.373  19.087 1.0000000000
125918  -50.515  -62.079  18.173 1.0000000000
125919  -50.514  -62.423  17.663 1.0000000000
125920  -50.339  -62.641  17.254 1.0000000000
125921  -50.063  -62.766  16.861 1.0000000000
130078  -44.970  -66.352  24.323 1.0000000000
130080  -44.030  -66.724  23.803 1.0000000000
130083  -43.370  -65.971  22.172 1.0000000000
130084  -43.674  -65.559  21.908 1.0000000000
130085  -44.021  -65.178  21.643 1.0000000000
130086  -44.320  -64.867  21.284 1.0000000000
130087  -44.960  -65.000  21.996 1.0000000000
130088  -44.794  -64.791  21.458 1.0000000000
130089  -44.664  -64.619  20.911 1.0000000000
130090  -45.060  -64.417  20.515 1.0000000000
130091  -45.458  -64.251  20.114 1.0000000000
130092  -45.882  -64.095  19.742 1.0000000000
156800  -47.645  -65.977  25.777 1.0000000000
156801  -47.548  -65.766  25.249 1.0000000000
156802  -47.449  -65.574  24.714 1.0000000000
156803  -47.381  -65.411  24.153 1.0000000000
156806  -48.868  -64.870  24.789 1.0000000000
156807  -49.054  -64.485  23.964 1.0000000000
156808  -48.807  -64.731  24.225 1.0000000000
156809  -48.564  -64.985  24.477 1.0000000000
156810  -48.197  -65.113  24.185 1.0000000000
156811  -47.785  -65.206  23.886 1.0000000000
156812  -47.249  -65.187  23.567 1.0000000000
156813  -47.106  -64.989  22.967 1.0000000000
156814  -46.963  -64.796  22.341 1.0000000000
156815  -46.804  -64.562  21.769 1.0000000000
156816  -47.797  -64.439  21.727 1.0000000000
156817  -47.235  -64.395  21.433 1.0000000000
156818  -46.667  -64.386  21.155 1.0000000000
156819  -46.547  -64.235  20.546 1.0000000000
156820  -46.455  -64.091  19.954 1.0000000000
156821  -46.383  -63.932  19.440 1.0000000000
156826  -49.375  -62.330  22.851 1.0000000000
156827  -49.586  -62.739  22.936 1.0000000000
156828  -49.797  -63.026  22.467 1.0000000000
156829  -49.842  -63.294  21.942 1.0000000000
156830  -49.707  -63.518  21.512 1.0000000000
156833  -49.868  -62.225  20.764 1.0000000000
156834  -50.111  -62.396  19.725 1.0000000000
156835  -50.010  -62.528  20.260 1.0000000000
156836  -49.907  -62.651  20.787 1.0000000000
156837  -49.853  -63.052  20.850 1.0000000000
156838  -49.715  -63.405  20.954 1.0000000000
156839  -49.512  -63.681  21.076 1.0000000000
156840  -49.275  -63.789  20.701 1.0000000000
156841  -48.962  -63.885  20.333 1.0000000000
156842  -48.501  -63.878  20.015 1.0000000000
156843  -48.918  -63.645  19.279 1.0000000000
156844  -48.463  -63.761  19.505 1.0000000000
156845  -47.974  -63.855  19.698 1.0000000000
156846  -47.414  -63.806  19.420 1.0000000000
156847  -46.885  -63.775  19.155 1.0000000000
156848  -46.368  -63.770  18.891 1.0000000000
156849  -46.411  -63.623  18.359 1.0000000000
156850  -46.455  -63.521  17.867 1.0000000000
156851  -46.513  -63.394  17.310 1.0000000000
156852  -47.597  -63.248  17.333 1.0000000000
156853  -47.139  -63.268  17.073 1.0000000000
156854  -46.631  -63.260  16.768 1.0000000000
156858  -49.707  -62.830  16.494 1.0000000000
