#!ascii label  , from subject 40tvs8ref_sym_20 vox2ras=TkReg
205
141  -10.831  -40.631  38.918 1.0000000000
1289  -9.543  -40.273  34.883 1.0000000000
2387  -13.820  -44.765  34.539 1.0000000000
3208  -8.999  -38.276  36.565 1.0000000000
3209  -10.904  -39.963  36.727 1.0000000000
5326  -11.307  -45.447  33.639 1.0000000000
6928  -7.548  -38.514  34.914 1.0000000000
6929  -7.169  -40.932  34.123 1.0000000000
9709  -11.640  -43.796  41.116 1.0000000000
9710  -12.828  -42.880  39.103 1.0000000000
9718  -15.075  -44.868  36.921 1.0000000000
9719  -12.958  -42.279  36.632 1.0000000000
9720  -11.524  -42.466  34.677 1.0000000000
9721  -9.084  -43.308  33.996 1.0000000000
10888  -10.153  -39.300  37.735 1.0000000000
10889  -11.028  -40.202  37.856 1.0000000000
15385  -9.423  -39.171  35.664 1.0000000000
15386  -8.437  -38.337  35.631 1.0000000000
15387  -8.503  -39.399  34.917 1.0000000000
15388  -7.424  -39.677  34.424 1.0000000000
15389  -8.405  -40.622  34.414 1.0000000000
21711  -12.313  -43.366  40.168 1.0000000000
21733  -14.687  -44.695  35.623 1.0000000000
21734  -14.084  -43.506  36.710 1.0000000000
21735  -13.542  -43.424  35.513 1.0000000000
21736  -12.387  -42.236  35.554 1.0000000000
21737  -12.654  -43.612  34.594 1.0000000000
21739  -10.127  -44.418  33.840 1.0000000000
21741  -7.776  -43.682  33.966 1.0000000000
24207  -9.203  -38.409  37.665 1.0000000000
24208  -9.991  -39.121  36.646 1.0000000000
24209  -10.378  -40.034  35.682 1.0000000000
28018  -12.641  -45.043  33.947 1.0000000000
31524  -8.094  -37.422  36.491 1.0000000000
31528  -6.227  -39.905  34.056 1.0000000000
31529  -5.906  -41.134  33.873 1.0000000000
39367  -11.348  -42.231  40.047 1.0000000000
39368  -11.781  -41.713  39.006 1.0000000000
39393  -14.115  -43.757  38.072 1.0000000000
39394  -13.022  -42.507  37.914 1.0000000000
39395  -12.047  -41.297  37.801 1.0000000000
39396  -11.920  -41.056  36.624 1.0000000000
39397  -11.368  -41.092  35.586 1.0000000000
39398  -10.516  -41.336  34.760 1.0000000000
39399  -11.448  -43.934  34.084 1.0000000000
39400  -10.347  -42.878  34.199 1.0000000000
39401  -9.381  -41.777  34.274 1.0000000000
39402  -8.131  -42.147  34.080 1.0000000000
39403  -6.847  -42.427  33.997 1.0000000000
39404  -5.588  -42.613  33.823 1.0000000000
41607  -10.423  -40.183  38.869 1.0000000000
41609  -11.008  -40.381  38.387 1.0000000000
46105  -9.518  -39.687  35.262 1.0000000000
46106  -9.022  -39.269  35.259 1.0000000000
46107  -9.031  -39.836  34.897 1.0000000000
46108  -8.471  -39.995  34.643 1.0000000000
46109  -8.992  -40.439  34.632 1.0000000000
52451  -14.382  -45.394  34.613 1.0000000000
52452  -14.839  -45.367  35.164 1.0000000000
52453  -14.331  -44.680  35.065 1.0000000000
52454  -14.140  -44.029  35.550 1.0000000000
52455  -13.750  -44.071  35.004 1.0000000000
52456  -13.167  -43.480  35.005 1.0000000000
52457  -13.254  -44.186  34.570 1.0000000000
55703  -8.743  -38.152  38.166 1.0000000000
55705  -10.556  -39.612  37.234 1.0000000000
55706  -10.100  -39.182  37.186 1.0000000000
55707  -10.439  -39.548  36.686 1.0000000000
55708  -10.216  -39.561  36.144 1.0000000000
55709  -10.674  -39.977  36.192 1.0000000000
69195  -8.706  -37.892  37.047 1.0000000000
69197  -8.543  -37.854  36.536 1.0000000000
69198  -8.013  -38.420  35.248 1.0000000000
69202  -7.098  -38.062  34.890 1.0000000000
69205  -7.320  -40.326  34.229 1.0000000000
69206  -6.847  -39.814  34.219 1.0000000000
69207  -6.712  -40.400  34.085 1.0000000000
69208  -6.083  -40.516  33.943 1.0000000000
69209  -6.550  -41.024  34.000 1.0000000000
88166  -12.097  -44.299  41.246 1.0000000000
88172  -11.170  -43.288  41.037 1.0000000000
88173  -12.606  -43.125  39.643 1.0000000000
88174  -11.848  -42.802  40.093 1.0000000000
88175  -12.088  -42.531  39.584 1.0000000000
88176  -11.603  -41.975  39.529 1.0000000000
88177  -12.296  -42.285  39.034 1.0000000000
88238  -15.100  -44.958  37.642 1.0000000000
88239  -14.596  -44.409  38.181 1.0000000000
88240  -14.631  -44.241  37.514 1.0000000000
88241  -13.515  -42.896  36.663 1.0000000000
88242  -13.589  -42.979  37.316 1.0000000000
88243  -13.047  -42.383  37.269 1.0000000000
88244  -12.538  -41.915  37.850 1.0000000000
88245  -12.532  -41.763  37.220 1.0000000000
88246  -12.024  -41.146  37.208 1.0000000000
88247  -12.447  -41.653  36.613 1.0000000000
88248  -11.984  -42.315  35.069 1.0000000000
88249  -11.859  -41.660  35.565 1.0000000000
88250  -11.470  -41.739  35.081 1.0000000000
88251  -10.992  -41.177  35.124 1.0000000000
88252  -11.007  -41.901  34.702 1.0000000000
88253  -11.989  -45.234  33.755 1.0000000000
88254  -12.044  -44.485  34.009 1.0000000000
88255  -11.396  -44.695  33.809 1.0000000000
88256  -9.573  -43.891  33.944 1.0000000000
88257  -10.249  -43.647  34.033 1.0000000000
88258  -9.734  -43.116  34.064 1.0000000000
88259  -9.887  -42.334  34.224 1.0000000000
88260  -9.249  -42.561  34.083 1.0000000000
88261  -8.773  -41.960  34.140 1.0000000000
88262  -8.615  -42.748  34.027 1.0000000000
88264  -7.294  -43.069  33.995 1.0000000000
88265  -6.659  -43.223  33.977 1.0000000000
88266  -6.210  -42.545  33.930 1.0000000000
88267  -6.011  -43.320  33.917 1.0000000000
93326  -9.640  -39.058  38.254 1.0000000000
93328  -10.588  -39.742  37.819 1.0000000000
93329  -10.995  -40.049  37.293 1.0000000000
101421  -9.257  -38.684  36.091 1.0000000000
101422  -8.777  -38.275  36.079 1.0000000000
101423  -8.942  -38.741  35.646 1.0000000000
101424  -8.506  -38.849  35.254 1.0000000000
101425  -8.026  -38.962  34.914 1.0000000000
101426  -7.518  -39.067  34.651 1.0000000000
101427  -7.989  -39.534  34.651 1.0000000000
101428  -7.908  -40.167  34.421 1.0000000000
101429  -7.804  -40.816  34.235 1.0000000000
112806  -12.437  -44.109  40.770 1.0000000000
112807  -11.967  -43.581  40.651 1.0000000000
112808  -12.754  -43.915  40.286 1.0000000000
112810  -13.314  -43.489  39.200 1.0000000000
112847  -14.930  -44.762  36.258 1.0000000000
112848  -14.609  -44.166  36.795 1.0000000000
112849  -14.423  -44.081  36.144 1.0000000000
112850  -13.855  -43.438  36.098 1.0000000000
112851  -13.265  -42.819  36.067 1.0000000000
112852  -12.700  -42.215  36.065 1.0000000000
112853  -12.953  -42.816  35.528 1.0000000000
112854  -12.579  -42.892  35.038 1.0000000000
112855  -12.077  -43.040  34.638 1.0000000000
112857  -10.707  -44.934  33.739 1.0000000000
112859  -9.462  -44.646  33.789 1.0000000000
112860  -8.933  -44.075  33.898 1.0000000000
112861  -8.444  -43.498  33.973 1.0000000000
112862  -8.288  -44.263  33.915 1.0000000000
112863  -7.613  -44.449  33.925 1.0000000000
117922  -8.764  -37.982  37.614 1.0000000000
117923  -9.156  -38.329  37.090 1.0000000000
117924  -9.668  -38.852  37.709 1.0000000000
117925  -9.634  -38.741  37.155 1.0000000000
117926  -9.499  -38.699  36.599 1.0000000000
117927  -9.749  -39.141  36.111 1.0000000000
117928  -9.898  -39.606  35.673 1.0000000000
117929  -10.006  -40.115  35.246 1.0000000000
126813  -13.804  -45.486  34.205 1.0000000000
126814  -13.249  -44.891  34.202 1.0000000000
126817  -11.925  -45.952  33.547 1.0000000000
136034  -7.691  -36.980  36.470 1.0000000000
136035  -8.299  -37.859  36.057 1.0000000000
136036  -7.830  -37.409  36.026 1.0000000000
136044  -6.970  -39.211  34.414 1.0000000000
136045  -6.387  -39.321  34.212 1.0000000000
136046  -5.788  -39.405  33.976 1.0000000000
136048  -5.513  -40.610  33.754 1.0000000000
136049  -5.359  -41.205  33.687 1.0000000000
142709  -10.637  -40.890  39.436 1.0000000000
159059  -10.617  -41.977  40.446 1.0000000000
159060  -10.915  -41.712  39.970 1.0000000000
159062  -11.306  -41.159  38.951 1.0000000000
159136  -14.015  -43.946  38.703 1.0000000000
159137  -13.514  -43.321  38.605 1.0000000000
159138  -14.139  -43.585  37.386 1.0000000000
159139  -13.596  -43.124  37.967 1.0000000000
159140  -12.962  -42.681  38.538 1.0000000000
159141  -12.447  -42.080  38.474 1.0000000000
159142  -11.975  -41.502  38.416 1.0000000000
159143  -11.503  -40.917  38.381 1.0000000000
159144  -11.543  -40.735  37.820 1.0000000000
159145  -11.502  -40.598  37.255 1.0000000000
159146  -11.399  -40.497  36.666 1.0000000000
159147  -12.181  -41.629  36.084 1.0000000000
159148  -11.674  -41.052  36.080 1.0000000000
159149  -11.173  -40.486  36.157 1.0000000000
159150  -10.877  -40.536  35.652 1.0000000000
159151  -10.508  -40.642  35.179 1.0000000000
159152  -10.035  -40.804  34.819 1.0000000000
159153  -12.669  -44.317  34.255 1.0000000000
159154  -12.063  -43.748  34.303 1.0000000000
159155  -11.492  -43.205  34.362 1.0000000000
159156  -10.809  -44.171  33.940 1.0000000000
159157  -10.883  -43.411  34.152 1.0000000000
159158  -10.955  -42.657  34.395 1.0000000000
159159  -10.461  -42.098  34.437 1.0000000000
159160  -9.978  -41.558  34.484 1.0000000000
159161  -9.477  -41.007  34.547 1.0000000000
159162  -8.899  -41.194  34.353 1.0000000000
159163  -8.290  -41.380  34.197 1.0000000000
159164  -7.640  -41.537  34.122 1.0000000000
159165  -7.959  -42.937  33.994 1.0000000000
159166  -7.475  -42.290  34.053 1.0000000000
159167  -7.011  -41.660  34.037 1.0000000000
159168  -6.401  -41.773  33.940 1.0000000000
159169  -5.770  -41.866  33.835 1.0000000000
159170  -5.212  -41.925  33.663 1.0000000000
159196  -5.055  -42.660  33.619 1.0000000000
