#!ascii label  , from subject 40tvs8ref_sym_20 vox2ras=TkReg
168
1028  -59.491  -10.894  39.866 1.0000000000
1029  -59.035  -14.534  36.836 1.0000000000
1030  -62.800  -9.817  36.134 1.0000000000
2949  -61.375  -10.004  38.324 1.0000000000
4514  -58.384  -13.518  43.154 1.0000000000
4521  -59.373  -14.364  34.487 1.0000000000
6455  -57.353  -12.253  40.811 1.0000000000
6456  -59.841  -12.785  41.582 1.0000000000
6458  -60.808  -12.490  39.418 1.0000000000
6459  -61.367  -12.372  36.906 1.0000000000
6460  -61.626  -12.435  34.230 1.0000000000
12194  -58.929  -14.460  42.527 1.0000000000
14594  -57.911  -11.440  38.622 1.0000000000
14595  -56.840  -12.157  39.075 1.0000000000
14596  -58.410  -11.516  40.391 1.0000000000
14597  -58.922  -12.065  41.798 1.0000000000
14598  -59.866  -11.625  41.087 1.0000000000
14599  -60.383  -12.579  40.595 1.0000000000
14600  -60.642  -11.321  40.176 1.0000000000
14601  -62.172  -9.874  37.255 1.0000000000
14602  -61.907  -11.059  37.985 1.0000000000
14603  -62.303  -11.140  36.637 1.0000000000
14604  -61.492  -12.379  35.529 1.0000000000
14605  -62.565  -11.217  35.290 1.0000000000
23736  -59.003  -10.713  38.115 1.0000000000
23737  -60.478  -10.407  39.184 1.0000000000
23738  -60.007  -10.023  37.581 1.0000000000
23739  -61.012  -9.463  36.842 1.0000000000
23740  -61.990  -8.978  36.030 1.0000000000
26567  -59.207  -14.401  35.660 1.0000000000
30418  -57.944  -12.677  42.369 1.0000000000
30419  -59.126  -13.102  42.446 1.0000000000
30420  -59.282  -14.152  41.573 1.0000000000
30422  -59.531  -13.904  40.505 1.0000000000
30423  -59.795  -13.725  39.331 1.0000000000
30424  -60.059  -13.620  38.124 1.0000000000
30425  -61.384  -11.119  39.199 1.0000000000
30426  -61.186  -12.388  38.236 1.0000000000
30427  -60.235  -13.522  36.925 1.0000000000
30428  -60.384  -13.431  35.703 1.0000000000
30429  -60.495  -13.423  34.408 1.0000000000
30430  -60.621  -13.569  33.208 1.0000000000
42914  -58.800  -14.993  41.968 1.0000000000
42915  -58.681  -15.157  42.487 1.0000000000
45314  -58.703  -11.086  39.278 1.0000000000
45315  -58.157  -11.413  39.524 1.0000000000
45316  -58.943  -11.192  40.126 1.0000000000
45317  -59.187  -11.437  40.860 1.0000000000
45318  -59.681  -11.188  40.528 1.0000000000
45319  -60.247  -11.479  40.659 1.0000000000
45320  -60.180  -10.962  40.180 1.0000000000
45321  -62.516  -9.829  36.675 1.0000000000
45322  -62.398  -10.438  37.064 1.0000000000
45323  -62.643  -10.445  36.437 1.0000000000
45324  -62.471  -11.175  35.950 1.0000000000
45325  -62.807  -10.502  35.789 1.0000000000
45326  -62.892  -10.667  35.148 1.0000000000
54919  -59.502  -10.356  37.846 1.0000000000
54920  -59.265  -10.405  36.915 1.0000000000
54923  -60.827  -9.337  35.965 1.0000000000
54924  -61.513  -9.191  36.433 1.0000000000
54925  -61.292  -9.003  35.617 1.0000000000
54926  -61.808  -8.730  35.356 1.0000000000
59614  -57.733  -13.361  43.015 1.0000000000
59616  -58.025  -13.778  43.472 1.0000000000
59636  -59.292  -14.365  35.074 1.0000000000
59637  -58.706  -14.868  35.009 1.0000000000
59638  -58.808  -14.854  34.449 1.0000000000
66817  -57.075  -12.153  39.941 1.0000000000
66818  -56.308  -12.534  39.303 1.0000000000
66819  -56.538  -12.574  40.151 1.0000000000
66822  -57.161  -12.817  41.881 1.0000000000
66823  -57.689  -12.402  41.678 1.0000000000
66824  -59.499  -12.339  41.843 1.0000000000
66825  -59.071  -12.556  42.205 1.0000000000
66826  -59.476  -12.936  42.027 1.0000000000
66827  -59.353  -13.575  42.122 1.0000000000
66828  -59.604  -13.467  41.639 1.0000000000
66829  -59.395  -14.023  41.054 1.0000000000
66830  -59.789  -13.352  41.114 1.0000000000
66831  -60.613  -12.510  40.015 1.0000000000
66832  -60.205  -13.167  40.027 1.0000000000
66833  -60.338  -13.131  39.419 1.0000000000
66834  -59.922  -13.667  38.737 1.0000000000
66835  -60.489  -13.074  38.804 1.0000000000
66836  -60.928  -10.208  38.789 1.0000000000
66837  -61.045  -10.658  39.329 1.0000000000
66838  -61.422  -10.511  38.860 1.0000000000
66839  -61.764  -11.723  37.524 1.0000000000
66840  -61.607  -11.717  38.157 1.0000000000
66841  -61.288  -12.400  37.575 1.0000000000
66842  -60.740  -12.995  37.598 1.0000000000
66843  -60.808  -12.963  36.958 1.0000000000
66844  -60.296  -13.469  36.305 1.0000000000
66845  -60.865  -12.942  36.291 1.0000000000
66846  -61.562  -12.388  34.853 1.0000000000
66847  -60.971  -12.918  34.948 1.0000000000
66848  -61.054  -12.950  34.299 1.0000000000
66849  -60.577  -13.461  33.792 1.0000000000
66850  -61.130  -13.007  33.705 1.0000000000
66852  -61.618  -12.570  33.646 1.0000000000
95674  -58.807  -13.951  42.989 1.0000000000
95687  -59.477  -14.411  33.911 1.0000000000
99996  -57.383  -11.789  38.867 1.0000000000
99997  -57.633  -11.778  39.770 1.0000000000
99998  -57.889  -11.855  40.639 1.0000000000
99999  -58.199  -12.015  41.442 1.0000000000
100000  -58.692  -11.719  41.158 1.0000000000
100001  -59.411  -11.817  41.464 1.0000000000
100002  -59.917  -12.167  41.452 1.0000000000
100003  -60.090  -12.681  41.109 1.0000000000
100004  -60.240  -12.054  40.953 1.0000000000
100005  -60.552  -11.944  40.438 1.0000000000
100006  -60.889  -11.814  39.917 1.0000000000
100007  -61.786  -9.918  37.818 1.0000000000
100008  -61.789  -10.441  38.277 1.0000000000
100009  -62.095  -10.438  37.673 1.0000000000
100010  -62.153  -11.105  37.333 1.0000000000
100011  -61.866  -11.746  36.826 1.0000000000
100012  -61.427  -12.361  36.233 1.0000000000
100013  -61.972  -11.776  36.127 1.0000000000
100014  -62.082  -11.802  35.445 1.0000000000
100015  -62.138  -11.869  34.776 1.0000000000
100016  -62.119  -11.997  34.151 1.0000000000
116818  -57.678  -11.494  37.698 1.0000000000
116819  -58.452  -11.082  38.366 1.0000000000
116820  -59.238  -10.742  39.010 1.0000000000
116821  -59.977  -10.613  39.554 1.0000000000
116822  -59.750  -10.418  38.727 1.0000000000
116823  -60.270  -10.149  38.438 1.0000000000
116824  -60.741  -9.901  38.060 1.0000000000
116825  -59.794  -10.016  36.623 1.0000000000
116826  -60.503  -9.742  37.218 1.0000000000
116827  -61.208  -9.668  37.673 1.0000000000
116828  -61.693  -9.508  37.216 1.0000000000
116829  -62.116  -9.388  36.682 1.0000000000
116830  -62.497  -9.304  36.184 1.0000000000
116831  -62.848  -9.310  35.759 1.0000000000
116832  -62.409  -8.898  35.671 1.0000000000
123425  -59.115  -14.475  36.251 1.0000000000
133018  -56.100  -12.537  38.416 1.0000000000
133025  -57.449  -13.042  42.525 1.0000000000
133026  -58.171  -13.008  42.816 1.0000000000
133027  -58.421  -12.358  42.081 1.0000000000
133028  -58.636  -12.777  42.532 1.0000000000
133029  -58.751  -13.284  42.836 1.0000000000
133030  -59.059  -13.753  42.549 1.0000000000
133031  -59.097  -14.290  42.028 1.0000000000
133037  -59.992  -13.254  40.594 1.0000000000
133038  -59.691  -13.786  39.946 1.0000000000
133040  -59.343  -14.220  38.687 1.0000000000
133041  -59.457  -14.159  38.103 1.0000000000
133042  -59.553  -14.101  37.471 1.0000000000
133043  -60.605  -10.812  39.756 1.0000000000
133044  -61.038  -11.206  39.703 1.0000000000
133045  -61.178  -11.782  39.390 1.0000000000
133046  -61.678  -11.072  38.611 1.0000000000
133047  -61.414  -11.730  38.794 1.0000000000
133048  -61.007  -12.426  38.841 1.0000000000
133049  -60.640  -13.032  38.201 1.0000000000
133050  -60.149  -13.586  37.532 1.0000000000
133051  -59.646  -14.039  36.874 1.0000000000
133052  -59.726  -13.969  36.266 1.0000000000
133053  -59.774  -13.905  35.671 1.0000000000
133054  -59.842  -13.878  35.065 1.0000000000
133055  -60.873  -12.950  35.609 1.0000000000
133056  -60.409  -13.411  35.035 1.0000000000
133057  -59.909  -13.891  34.469 1.0000000000
