#!ascii label  , from subject 40tvs8ref_sym_20 vox2ras=TkReg
115
426  -7.894  -32.462  30.258 1.0000000000
4292  -8.484  -29.884  29.917 1.0000000000
4294  -8.172  -32.043  28.795 1.0000000000
6321  -6.816  -30.368  30.852 1.0000000000
9694  -4.195  -30.232  31.637 1.0000000000
9695  -4.903  -32.287  30.623 1.0000000000
11972  -8.378  -31.183  30.155 1.0000000000
11973  -8.418  -30.953  29.388 1.0000000000
11974  -8.500  -32.255  29.657 1.0000000000
11975  -8.447  -33.302  29.119 1.0000000000
11976  -8.197  -33.527  29.853 1.0000000000
14375  -7.562  -29.077  30.946 1.0000000000
14376  -6.099  -29.275  31.047 1.0000000000
21673  -4.443  -31.263  31.068 1.0000000000
26158  -8.331  -28.609  29.659 1.0000000000
26160  -8.084  -29.676  29.073 1.0000000000
26161  -7.693  -30.721  28.524 1.0000000000
26164  -7.801  -33.065  28.221 1.0000000000
26165  -8.306  -34.305  28.557 1.0000000000
30109  -8.364  -28.795  30.435 1.0000000000
30110  -8.052  -30.104  30.589 1.0000000000
30111  -7.461  -31.418  30.584 1.0000000000
39320  -4.679  -29.244  31.326 1.0000000000
39321  -5.164  -30.256  30.954 1.0000000000
39322  -5.809  -31.309  30.706 1.0000000000
39323  -6.447  -32.434  30.519 1.0000000000
39331  -5.415  -33.356  30.372 1.0000000000
39332  -7.040  -33.497  30.297 1.0000000000
42692  -8.182  -31.815  30.227 1.0000000000
42693  -8.488  -31.708  29.923 1.0000000000
42694  -8.338  -32.354  30.022 1.0000000000
42695  -8.395  -32.889  29.769 1.0000000000
42696  -8.099  -32.972  30.091 1.0000000000
45096  -5.713  -28.758  31.112 1.0000000000
58957  -8.436  -29.240  29.795 1.0000000000
58958  -8.255  -29.137  29.365 1.0000000000
58959  -8.427  -29.778  29.510 1.0000000000
58960  -8.307  -31.496  29.099 1.0000000000
58961  -8.137  -30.835  28.960 1.0000000000
58962  -7.959  -31.364  28.666 1.0000000000
58966  -7.984  -32.557  28.510 1.0000000000
58967  -8.455  -33.934  29.259 1.0000000000
58968  -8.382  -33.812  28.839 1.0000000000
58969  -8.416  -34.435  28.981 1.0000000000
58970  -8.389  -34.938  28.726 1.0000000000
66165  -8.421  -28.152  30.329 1.0000000000
66167  -7.219  -29.735  30.913 1.0000000000
66168  -7.825  -29.583  30.771 1.0000000000
66169  -7.509  -30.230  30.760 1.0000000000
66170  -7.793  -30.747  30.607 1.0000000000
66171  -7.139  -30.882  30.716 1.0000000000
88055  -4.150  -29.745  32.009 1.0000000000
88056  -4.278  -29.239  31.772 1.0000000000
88057  -4.389  -29.734  31.452 1.0000000000
88058  -4.885  -29.754  31.099 1.0000000000
88059  -4.545  -30.240  31.179 1.0000000000
88060  -4.643  -31.779  30.810 1.0000000000
88061  -5.002  -31.273  30.759 1.0000000000
88062  -5.336  -31.791  30.643 1.0000000000
88063  -6.136  -31.853  30.600 1.0000000000
88064  -5.623  -32.323  30.513 1.0000000000
88084  -4.940  -33.862  30.380 1.0000000000
88085  -5.664  -33.910  30.257 1.0000000000
88086  -6.202  -33.444  30.339 1.0000000000
95278  -8.462  -30.545  30.041 1.0000000000
95279  -8.530  -30.431  29.660 1.0000000000
95280  -8.551  -31.071  29.803 1.0000000000
95281  -8.492  -31.618  29.519 1.0000000000
95282  -8.440  -32.156  29.242 1.0000000000
95283  -8.348  -32.664  28.958 1.0000000000
95284  -8.516  -32.786  29.396 1.0000000000
95285  -8.467  -33.424  29.529 1.0000000000
99603  -7.821  -28.421  30.934 1.0000000000
99604  -7.199  -28.536  31.053 1.0000000000
99605  -6.865  -29.187  31.012 1.0000000000
99606  -6.455  -29.807  30.956 1.0000000000
112738  -4.082  -30.725  31.866 1.0000000000
112739  -4.290  -30.752  31.332 1.0000000000
112740  -4.131  -31.240  31.546 1.0000000000
112741  -4.190  -31.767  31.212 1.0000000000
122476  -8.198  -27.929  29.510 1.0000000000
122478  -8.056  -28.472  29.200 1.0000000000
122480  -7.653  -29.570  28.642 1.0000000000
122481  -8.279  -30.316  29.233 1.0000000000
122482  -7.913  -30.208  28.791 1.0000000000
122490  -7.568  -33.514  27.947 1.0000000000
122491  -8.206  -33.174  28.666 1.0000000000
122492  -8.088  -33.681  28.383 1.0000000000
122493  -7.911  -34.147  28.118 1.0000000000
122494  -8.126  -34.784  28.276 1.0000000000
132194  -8.455  -28.720  30.070 1.0000000000
132195  -8.466  -29.327  30.185 1.0000000000
132196  -8.050  -28.922  30.735 1.0000000000
132197  -8.242  -29.448  30.525 1.0000000000
132198  -8.377  -30.001  30.286 1.0000000000
132199  -8.232  -30.658  30.371 1.0000000000
132200  -8.013  -31.291  30.424 1.0000000000
132201  -7.708  -31.928  30.440 1.0000000000
158917  -4.462  -28.743  31.574 1.0000000000
158919  -5.289  -29.264  31.094 1.0000000000
158920  -5.631  -29.761  31.009 1.0000000000
158921  -5.950  -30.292  30.886 1.0000000000
158922  -4.774  -30.760  30.978 1.0000000000
158923  -5.459  -30.777  30.803 1.0000000000
158924  -6.315  -30.849  30.787 1.0000000000
158925  -6.663  -31.390  30.671 1.0000000000
158926  -6.971  -31.940  30.566 1.0000000000
158927  -7.250  -32.471  30.444 1.0000000000
158950  -4.718  -33.329  30.507 1.0000000000
158951  -5.153  -32.820  30.472 1.0000000000
158952  -5.914  -32.908  30.445 1.0000000000
158953  -6.748  -32.962  30.412 1.0000000000
158954  -7.498  -32.991  30.296 1.0000000000
158955  -7.724  -33.503  30.143 1.0000000000
158956  -7.891  -34.045  29.945 1.0000000000
