#!ascii label  , from subject 40tvs8ref_sym_20 vox2ras=TkReg
423
252  -7.251  27.755  39.353 1.0000000000
254  -8.647  20.278  48.838 1.0000000000
733  -7.447  24.108  43.979 1.0000000000
734  -8.486  26.212  49.532 1.0000000000
1608  -9.795  21.977  39.722 1.0000000000
1609  -8.296  18.648  44.121 1.0000000000
2653  -8.558  28.033  46.847 1.0000000000
3637  -9.230  26.576  37.364 1.0000000000
3638  -10.914  23.641  37.540 1.0000000000
3639  -8.031  24.770  39.487 1.0000000000
3640  -8.328  22.119  46.224 1.0000000000
3641  -7.385  21.375  44.109 1.0000000000
3642  -7.865  19.523  46.223 1.0000000000
3643  -8.056  16.892  46.374 1.0000000000
3644  -8.121  17.627  48.628 1.0000000000
5926  -7.440  28.703  41.528 1.0000000000
5927  -6.994  25.938  41.680 1.0000000000
5928  -8.086  26.829  43.858 1.0000000000
5929  -8.577  24.951  46.348 1.0000000000
5930  -8.895  23.216  49.153 1.0000000000
7593  -7.364  23.074  41.819 1.0000000000
7594  -8.791  20.335  41.822 1.0000000000
7596  -9.826  15.938  44.157 1.0000000000
8997  -8.437  20.767  51.792 1.0000000000
9000  -8.405  17.955  51.362 1.0000000000
11313  -7.169  29.483  39.297 1.0000000000
11314  -7.433  30.691  38.147 1.0000000000
11315  -7.595  28.945  38.259 1.0000000000
11316  -8.554  28.333  37.270 1.0000000000
11317  -8.049  27.168  38.373 1.0000000000
11318  -8.619  25.681  38.393 1.0000000000
11319  -7.566  26.245  39.430 1.0000000000
11320  -8.617  21.200  47.498 1.0000000000
11321  -8.096  20.809  46.178 1.0000000000
11322  -8.318  19.904  47.395 1.0000000000
11323  -8.024  18.575  47.431 1.0000000000
11324  -8.389  18.933  48.709 1.0000000000
13718  -7.759  27.768  42.682 1.0000000000
13720  -8.519  27.108  48.171 1.0000000000
13721  -8.594  26.489  46.531 1.0000000000
13722  -8.693  25.575  47.918 1.0000000000
13723  -8.827  24.055  47.718 1.0000000000
13724  -8.735  24.696  49.302 1.0000000000
16675  -10.362  22.806  38.635 1.0000000000
16676  -11.685  22.157  37.596 1.0000000000
16677  -11.190  21.400  38.717 1.0000000000
16679  -10.678  20.605  39.767 1.0000000000
16680  -7.167  25.010  42.866 1.0000000000
16681  -7.011  24.520  41.801 1.0000000000
16682  -7.040  23.675  43.006 1.0000000000
16683  -7.656  19.994  44.086 1.0000000000
16684  -7.665  20.827  42.991 1.0000000000
16685  -8.459  19.498  42.963 1.0000000000
16686  -9.789  18.964  41.951 1.0000000000
16687  -9.378  18.150  43.069 1.0000000000
16688  -10.293  16.744  43.086 1.0000000000
16689  -9.043  17.322  44.160 1.0000000000
16690  -7.969  16.004  47.382 1.0000000000
16691  -8.509  15.592  46.277 1.0000000000
19941  -8.322  22.240  51.962 1.0000000000
19949  -8.283  18.195  52.795 1.0000000000
19950  -8.310  16.771  52.528 1.0000000000
19951  -8.272  16.593  51.125 1.0000000000
23210  -8.186  27.732  49.721 1.0000000000
24981  -10.035  25.105  37.454 1.0000000000
24982  -9.422  24.230  38.466 1.0000000000
24983  -8.842  23.363  39.566 1.0000000000
24984  -7.895  23.102  45.070 1.0000000000
24985  -7.358  22.717  44.085 1.0000000000
24986  -7.743  21.774  45.086 1.0000000000
24987  -7.680  20.488  45.129 1.0000000000
24988  -7.747  19.161  45.199 1.0000000000
24989  -8.119  17.786  45.305 1.0000000000
24990  -7.840  18.233  46.323 1.0000000000
24991  -7.895  17.256  47.418 1.0000000000
24992  -7.920  16.343  48.531 1.0000000000
29187  -7.376  29.986  40.355 1.0000000000
29188  -7.064  28.271  40.430 1.0000000000
29189  -7.046  26.819  40.501 1.0000000000
29190  -7.146  27.301  41.559 1.0000000000
29191  -7.447  26.356  42.714 1.0000000000
29192  -7.760  25.427  43.857 1.0000000000
29193  -8.529  27.410  45.250 1.0000000000
29194  -8.339  25.932  45.054 1.0000000000
29195  -8.094  24.492  45.021 1.0000000000
29196  -8.514  23.514  46.237 1.0000000000
29197  -8.785  22.599  47.588 1.0000000000
29198  -8.822  21.704  49.004 1.0000000000
33225  -7.236  25.344  40.559 1.0000000000
33226  -7.617  23.909  40.630 1.0000000000
33227  -8.337  22.514  40.692 1.0000000000
33228  -7.248  22.264  43.015 1.0000000000
33229  -7.918  21.692  41.847 1.0000000000
33230  -9.217  21.182  40.809 1.0000000000
33231  -10.189  19.796  40.853 1.0000000000
33237  -8.718  16.435  45.270 1.0000000000
33238  -9.396  15.102  45.166 1.0000000000
37233  -8.144  26.492  50.936 1.0000000000
37236  -8.430  24.988  50.815 1.0000000000
37237  -8.615  23.482  50.671 1.0000000000
37238  -8.683  22.003  50.494 1.0000000000
37239  -8.689  20.495  50.338 1.0000000000
37247  -8.451  19.344  51.582 1.0000000000
37248  -8.547  19.093  50.116 1.0000000000
37249  -8.350  17.737  49.954 1.0000000000
37250  -8.130  16.425  49.784 1.0000000000
42033  -7.147  28.621  39.350 1.0000000000
42034  -7.301  29.231  38.789 1.0000000000
42035  -7.418  28.347  38.815 1.0000000000
42036  -7.798  28.054  38.327 1.0000000000
42037  -7.601  27.456  38.877 1.0000000000
42038  -7.815  26.705  38.893 1.0000000000
42039  -7.369  26.987  39.445 1.0000000000
42040  -8.654  20.734  48.161 1.0000000000
42041  -8.490  20.555  47.422 1.0000000000
42042  -8.512  20.036  48.084 1.0000000000
42043  -8.365  19.387  48.042 1.0000000000
42044  -8.520  19.597  48.747 1.0000000000
44440  -8.500  26.654  48.861 1.0000000000
44441  -8.608  26.337  48.036 1.0000000000
44442  -8.619  25.883  48.726 1.0000000000
44443  -8.731  25.136  48.612 1.0000000000
44444  -8.629  25.450  49.415 1.0000000000
47395  -10.071  22.406  39.164 1.0000000000
47396  -10.802  22.093  38.688 1.0000000000
47397  -10.511  21.731  39.250 1.0000000000
47398  -10.931  21.022  39.246 1.0000000000
47399  -10.232  21.299  39.803 1.0000000000
47400  -7.295  24.569  43.420 1.0000000000
47401  -7.072  24.333  42.956 1.0000000000
47402  -7.206  23.885  43.502 1.0000000000
47403  -7.956  19.322  44.100 1.0000000000
47404  -7.969  19.742  43.524 1.0000000000
47405  -8.364  19.077  43.523 1.0000000000
47406  -8.915  18.827  43.007 1.0000000000
47407  -8.766  18.400  43.595 1.0000000000
47408  -9.193  17.738  43.616 1.0000000000
47409  -8.645  17.976  44.145 1.0000000000
50670  -8.332  16.204  53.092 1.0000000000
54043  -8.223  28.182  49.053 1.0000000000
56981  -7.591  30.382  37.642 1.0000000000
56982  -7.487  31.219  37.563 1.0000000000
56988  -8.846  27.457  37.323 1.0000000000
56989  -9.147  28.015  36.738 1.0000000000
56992  -9.955  26.276  36.870 1.0000000000
56993  -10.364  25.552  36.913 1.0000000000
56994  -9.624  25.842  37.397 1.0000000000
56995  -8.313  25.227  38.943 1.0000000000
56996  -8.980  24.943  38.440 1.0000000000
56997  -8.700  24.510  38.954 1.0000000000
56998  -9.122  23.806  39.007 1.0000000000
56999  -8.435  24.047  39.492 1.0000000000
57000  -8.111  22.614  45.621 1.0000000000
57001  -7.808  22.425  45.076 1.0000000000
57002  -8.015  21.941  45.624 1.0000000000
57003  -7.962  20.195  46.161 1.0000000000
57004  -7.849  20.677  45.624 1.0000000000
57005  -7.775  20.022  45.663 1.0000000000
57006  -7.672  19.832  45.166 1.0000000000
57007  -7.737  19.348  45.740 1.0000000000
57008  -7.782  18.700  45.742 1.0000000000
57009  -7.827  18.875  46.275 1.0000000000
57010  -8.086  18.086  48.045 1.0000000000
57011  -7.923  17.890  47.450 1.0000000000
57012  -7.968  17.435  48.008 1.0000000000
57013  -7.909  16.796  47.986 1.0000000000
57014  -7.992  16.981  48.577 1.0000000000
64189  -7.610  30.225  40.956 1.0000000000
64190  -7.372  29.349  40.927 1.0000000000
64191  -7.185  29.125  40.384 1.0000000000
64192  -7.210  28.506  40.960 1.0000000000
64193  -7.075  27.809  40.986 1.0000000000
64194  -7.296  27.993  41.529 1.0000000000
64195  -7.929  27.306  43.267 1.0000000000
64196  -7.611  27.034  42.665 1.0000000000
64197  -7.781  26.568  43.255 1.0000000000
64198  -7.574  25.852  43.284 1.0000000000
64199  -7.929  26.110  43.840 1.0000000000
64200  -8.562  28.488  46.182 1.0000000000
64202  -8.573  27.711  46.028 1.0000000000
64203  -8.590  25.727  46.426 1.0000000000
64204  -8.512  26.218  45.759 1.0000000000
64205  -8.438  25.447  45.684 1.0000000000
64206  -8.215  25.203  45.025 1.0000000000
64207  -8.371  24.699  45.663 1.0000000000
64208  -8.302  23.991  45.645 1.0000000000
64209  -8.568  24.204  46.323 1.0000000000
64210  -8.883  23.628  48.426 1.0000000000
64211  -8.824  23.331  47.641 1.0000000000
64212  -8.916  22.887  48.358 1.0000000000
64213  -8.886  22.131  48.305 1.0000000000
64214  -8.888  22.457  49.076 1.0000000000
73069  -12.197  21.805  37.000 1.0000000000
73080  -6.973  26.382  41.077 1.0000000000
73081  -7.128  26.079  40.529 1.0000000000
73082  -6.994  25.664  41.111 1.0000000000
73083  -7.141  23.796  41.830 1.0000000000
73084  -7.220  24.195  41.211 1.0000000000
73085  -7.457  23.470  41.232 1.0000000000
73086  -7.947  23.208  40.644 1.0000000000
73087  -7.770  22.768  41.227 1.0000000000
73088  -7.360  22.047  44.104 1.0000000000
73089  -7.241  22.516  43.578 1.0000000000
73090  -7.288  21.821  43.569 1.0000000000
73091  -8.114  20.604  42.404 1.0000000000
73092  -7.745  21.292  42.418 1.0000000000
73093  -8.302  21.019  41.856 1.0000000000
73094  -8.521  21.426  41.307 1.0000000000
73095  -8.998  20.761  41.310 1.0000000000
73096  -9.725  20.522  40.810 1.0000000000
73097  -9.489  20.083  41.328 1.0000000000
73098  -10.288  18.282  42.004 1.0000000000
73099  -10.488  18.687  41.445 1.0000000000
73105  -10.075  16.345  43.605 1.0000000000
73110  -8.090  17.335  45.848 1.0000000000
73111  -8.453  17.093  45.295 1.0000000000
73112  -8.345  16.668  45.824 1.0000000000
73114  -8.932  15.363  45.714 1.0000000000
73115  -9.197  14.682  45.660 1.0000000000
82851  -7.956  27.244  51.107 1.0000000000
82859  -8.225  25.141  51.537 1.0000000000
82861  -8.540  24.243  50.746 1.0000000000
82862  -8.427  23.655  51.413 1.0000000000
82863  -8.373  21.499  51.889 1.0000000000
82864  -8.521  22.125  51.240 1.0000000000
82865  -8.556  21.380  51.161 1.0000000000
82866  -8.692  21.238  50.441 1.0000000000
82867  -8.563  20.626  51.082 1.0000000000
82886  -8.343  18.086  52.083 1.0000000000
82887  -8.377  18.793  52.185 1.0000000000
82888  -8.444  18.649  51.480 1.0000000000
82889  -8.522  19.207  50.859 1.0000000000
82890  -8.475  18.506  50.759 1.0000000000
82891  -8.453  18.383  50.039 1.0000000000
82892  -8.400  17.827  50.654 1.0000000000
82893  -8.269  15.943  50.977 1.0000000000
82894  -8.215  16.486  50.449 1.0000000000
82896  -8.061  15.815  49.674 1.0000000000
94092  -7.401  30.958  38.648 1.0000000000
94093  -7.299  30.102  38.727 1.0000000000
94094  -7.454  29.832  38.223 1.0000000000
94096  -8.260  29.193  37.204 1.0000000000
94097  -8.024  28.652  37.775 1.0000000000
94098  -8.281  27.777  37.836 1.0000000000
94099  -8.572  26.885  37.854 1.0000000000
94100  -8.884  26.140  37.868 1.0000000000
94101  -8.320  26.432  38.354 1.0000000000
94102  -8.062  25.972  38.876 1.0000000000
94103  -7.769  25.503  39.449 1.0000000000
94104  -8.508  21.650  46.853 1.0000000000
94105  -8.220  21.449  46.208 1.0000000000
94106  -8.385  21.007  46.807 1.0000000000
94107  -8.229  20.377  46.768 1.0000000000
94108  -8.077  19.723  46.776 1.0000000000
94109  -7.955  19.057  46.810 1.0000000000
94110  -8.169  19.255  47.401 1.0000000000
94111  -8.226  18.749  48.030 1.0000000000
94112  -8.254  18.278  48.666 1.0000000000
98420  -7.599  28.231  42.111 1.0000000000
98421  -7.924  28.501  42.734 1.0000000000
98424  -8.540  27.565  47.521 1.0000000000
98425  -8.583  27.234  46.674 1.0000000000
98426  -8.601  26.799  47.343 1.0000000000
98427  -8.659  26.022  47.221 1.0000000000
98428  -8.697  25.247  47.119 1.0000000000
98429  -8.730  24.489  47.040 1.0000000000
98430  -8.771  24.817  47.814 1.0000000000
98431  -8.818  24.384  48.510 1.0000000000
98432  -8.825  23.967  49.239 1.0000000000
103743  -10.644  23.224  38.101 1.0000000000
103744  -11.317  22.909  37.569 1.0000000000
103745  -11.076  22.484  38.140 1.0000000000
103746  -11.442  21.768  38.167 1.0000000000
103747  -11.778  21.044  38.135 1.0000000000
103749  -11.546  20.683  38.691 1.0000000000
103750  -11.339  20.288  39.222 1.0000000000
103751  -11.112  19.890  39.786 1.0000000000
103752  -7.059  25.482  42.282 1.0000000000
103753  -6.977  25.235  41.745 1.0000000000
103754  -7.001  24.795  42.359 1.0000000000
103755  -7.018  24.096  42.410 1.0000000000
103756  -7.114  23.396  42.426 1.0000000000
103757  -7.479  20.694  44.104 1.0000000000
103758  -7.436  21.105  43.554 1.0000000000
103759  -7.664  20.411  43.537 1.0000000000
103760  -8.031  20.161  42.967 1.0000000000
103761  -8.588  19.915  42.391 1.0000000000
103762  -9.276  19.653  41.879 1.0000000000
103763  -9.063  19.254  42.435 1.0000000000
103764  -9.568  18.570  42.512 1.0000000000
103765  -10.045  17.861  42.544 1.0000000000
103766  -10.489  17.159  42.557 1.0000000000
103767  -9.848  17.446  43.077 1.0000000000
103768  -9.634  17.052  43.612 1.0000000000
103769  -9.429  16.629  44.161 1.0000000000
103770  -8.003  16.443  46.885 1.0000000000
103771  -8.251  16.234  46.336 1.0000000000
103772  -8.161  15.796  46.847 1.0000000000
103773  -8.413  15.178  46.766 1.0000000000
109623  -8.162  21.613  52.609 1.0000000000
109624  -8.260  20.912  52.494 1.0000000000
109635  -8.180  18.319  53.497 1.0000000000
109637  -8.286  17.483  52.646 1.0000000000
109638  -8.318  17.365  51.924 1.0000000000
109639  -8.341  17.265  51.240 1.0000000000
109640  -8.315  16.651  51.837 1.0000000000
109641  -8.335  16.014  51.666 1.0000000000
115596  -8.417  27.875  48.295 1.0000000000
115597  -8.378  27.422  48.958 1.0000000000
115598  -8.337  26.971  49.627 1.0000000000
119729  -10.473  24.353  37.515 1.0000000000
119730  -9.263  25.380  37.916 1.0000000000
119731  -9.724  24.654  37.955 1.0000000000
119732  -10.191  23.939  38.029 1.0000000000
119733  -9.885  23.527  38.572 1.0000000000
119734  -9.574  23.107  39.095 1.0000000000
119735  -9.326  22.667  39.633 1.0000000000
119736  -7.666  23.610  44.521 1.0000000000
119737  -7.379  23.402  44.051 1.0000000000
119738  -7.584  22.915  44.572 1.0000000000
119739  -7.550  22.229  44.581 1.0000000000
119740  -7.516  21.597  44.594 1.0000000000
119741  -7.934  21.309  45.625 1.0000000000
119742  -7.697  21.142  45.106 1.0000000000
119743  -7.543  20.936  44.615 1.0000000000
119744  -7.603  20.271  44.629 1.0000000000
119745  -7.708  19.601  44.625 1.0000000000
119746  -7.925  18.926  44.670 1.0000000000
119747  -8.195  18.230  44.718 1.0000000000
119748  -7.892  18.485  45.251 1.0000000000
119749  -7.878  18.017  45.821 1.0000000000
119750  -7.903  17.569  46.381 1.0000000000
119751  -7.880  18.399  46.862 1.0000000000
119752  -7.875  17.758  46.893 1.0000000000
119753  -7.912  17.105  46.898 1.0000000000
119754  -7.895  16.624  47.436 1.0000000000
119755  -7.905  16.170  47.952 1.0000000000
119756  -7.922  15.722  48.476 1.0000000000
129692  -7.200  29.751  39.811 1.0000000000
129693  -7.085  28.879  39.874 1.0000000000
129694  -7.054  28.016  39.901 1.0000000000
129695  -7.123  27.275  39.936 1.0000000000
129696  -6.994  27.560  40.460 1.0000000000
129697  -6.994  27.105  41.031 1.0000000000
129698  -7.050  26.624  41.610 1.0000000000
129699  -7.440  27.513  42.106 1.0000000000
129700  -7.290  26.826  42.132 1.0000000000
129701  -7.159  26.160  42.197 1.0000000000
129702  -7.296  25.685  42.783 1.0000000000
129703  -7.435  25.225  43.337 1.0000000000
129704  -7.605  24.775  43.907 1.0000000000
129707  -8.330  27.101  44.541 1.0000000000
129708  -8.558  26.942  45.879 1.0000000000
129709  -8.449  26.668  45.123 1.0000000000
129710  -8.231  26.375  44.453 1.0000000000
129711  -8.101  25.672  44.415 1.0000000000
129712  -7.944  24.986  44.440 1.0000000000
129713  -7.791  24.294  44.474 1.0000000000
129714  -7.994  23.781  45.053 1.0000000000
129715  -8.216  23.290  45.630 1.0000000000
129716  -8.424  22.816  46.223 1.0000000000
129717  -8.716  23.766  46.960 1.0000000000
129718  -8.658  23.058  46.891 1.0000000000
129719  -8.587  22.355  46.867 1.0000000000
129720  -8.715  21.888  47.551 1.0000000000
129721  -8.773  21.433  48.260 1.0000000000
129722  -8.730  20.982  48.924 1.0000000000
140841  -7.248  26.529  39.971 1.0000000000
140842  -7.402  25.776  39.980 1.0000000000
140843  -7.559  25.066  40.012 1.0000000000
140844  -7.073  24.919  41.163 1.0000000000
140845  -7.385  24.626  40.593 1.0000000000
140846  -7.843  24.337  40.036 1.0000000000
140847  -8.184  23.631  40.075 1.0000000000
140848  -8.583  22.943  40.119 1.0000000000
140849  -9.064  22.237  40.190 1.0000000000
140850  -7.186  23.199  43.556 1.0000000000
140851  -7.134  22.974  43.026 1.0000000000
140852  -7.274  22.690  42.419 1.0000000000
140853  -7.401  21.551  42.996 1.0000000000
140854  -7.484  21.984  42.413 1.0000000000
140855  -7.616  22.375  41.830 1.0000000000
140856  -8.092  22.084  41.281 1.0000000000
140857  -8.769  21.837  40.750 1.0000000000
140858  -9.506  21.562  40.283 1.0000000000
140859  -9.968  20.887  40.310 1.0000000000
140860  -10.436  20.201  40.313 1.0000000000
140861  -10.884  19.495  40.367 1.0000000000
140862  -9.971  19.364  41.400 1.0000000000
140863  -10.676  19.083  40.889 1.0000000000
140877  -8.540  17.551  44.723 1.0000000000
140878  -8.886  16.882  44.718 1.0000000000
140879  -9.221  16.202  44.710 1.0000000000
140880  -8.604  16.013  45.778 1.0000000000
140881  -9.057  15.773  45.220 1.0000000000
140882  -9.598  15.531  44.677 1.0000000000
152666  -8.154  27.100  50.368 1.0000000000
152667  -8.324  26.348  50.214 1.0000000000
152674  -8.101  25.879  51.601 1.0000000000
152675  -8.297  25.724  50.864 1.0000000000
152676  -8.481  25.573  50.157 1.0000000000
152677  -8.602  24.842  50.073 1.0000000000
152678  -8.698  24.093  49.995 1.0000000000
152679  -8.771  23.351  49.925 1.0000000000
152680  -8.472  22.880  51.331 1.0000000000
152681  -8.664  22.751  50.600 1.0000000000
152682  -8.807  22.608  49.841 1.0000000000
152683  -8.787  21.852  49.753 1.0000000000
152684  -8.739  21.098  49.676 1.0000000000
152685  -8.693  20.387  49.581 1.0000000000
152706  -8.331  20.209  52.406 1.0000000000
152708  -8.367  19.501  52.314 1.0000000000
152709  -8.438  20.064  51.691 1.0000000000
152710  -8.544  19.916  50.941 1.0000000000
152711  -8.643  19.787  50.216 1.0000000000
152712  -8.602  19.690  49.475 1.0000000000
152713  -8.489  19.001  49.396 1.0000000000
152714  -8.367  18.327  49.346 1.0000000000
152715  -8.238  17.667  49.266 1.0000000000
152716  -8.304  17.151  50.551 1.0000000000
152717  -8.227  17.057  49.871 1.0000000000
152718  -8.129  17.003  49.195 1.0000000000
152719  -8.021  16.385  49.126 1.0000000000
