#!ascii label  , from subject 40tvs8ref_sym_20 vox2ras=TkReg
652
260  -9.460  52.687  -7.750 1.0000000000
738  -8.995  60.098  1.683 1.0000000000
739  -8.525  59.541  -4.026 1.0000000000
740  -9.401  53.797  -2.642 1.0000000000
741  -9.290  48.815  -6.813 1.0000000000
1136  -5.797  56.240  -15.816 1.0000000000
1619  -7.489  58.575  -10.094 1.0000000000
1620  -8.958  50.864  -13.420 1.0000000000
1621  -8.461  43.749  -16.532 1.0000000000
1622  -8.880  46.527  -11.276 1.0000000000
2659  -9.362  56.891  -0.443 1.0000000000
2660  -9.792  54.249  -0.143 1.0000000000
2661  -10.141  51.806  -2.243 1.0000000000
3056  -6.009  52.130  -17.310 1.0000000000
3655  -7.699  65.928  -3.908 1.0000000000
3656  -9.199  56.213  -5.882 1.0000000000
3657  -8.009  59.212  -7.118 1.0000000000
3658  -8.957  55.616  -8.710 1.0000000000
3659  -8.468  54.796  -11.621 1.0000000000
3660  -9.597  51.889  -10.530 1.0000000000
3661  -9.661  48.508  -12.229 1.0000000000
3662  -9.343  49.612  -9.581 1.0000000000
4868  -8.409  41.732  -14.960 1.0000000000
4869  -7.897  39.988  -17.848 1.0000000000
5937  -8.199  62.857  -2.567 1.0000000000
5938  -9.135  59.868  -1.287 1.0000000000
5939  -9.359  56.496  -3.093 1.0000000000
5940  -9.368  53.346  -5.216 1.0000000000
5941  -9.169  50.644  -7.187 1.0000000000
5942  -9.411  51.409  -4.742 1.0000000000
7615  -7.203  62.605  -5.420 1.0000000000
7616  -6.421  62.209  -8.520 1.0000000000
7618  -6.439  57.497  -12.964 1.0000000000
7619  -7.071  53.560  -14.378 1.0000000000
7620  -7.200  49.552  -16.244 1.0000000000
7621  -7.081  45.940  -17.961 1.0000000000
7622  -8.819  47.349  -15.096 1.0000000000
7623  -9.205  45.095  -13.606 1.0000000000
7624  -8.055  43.456  -12.812 1.0000000000
7625  -8.646  47.845  -9.019 1.0000000000
9169  -6.557  42.136  -19.572 1.0000000000
10339  -9.569  55.714  1.039 1.0000000000
10736  -5.831  50.093  -18.166 1.0000000000
11336  -9.407  54.457  -6.848 1.0000000000
11337  -9.117  55.982  -7.364 1.0000000000
11338  -9.363  54.163  -8.169 1.0000000000
11339  -9.247  53.820  -9.573 1.0000000000
11340  -9.511  52.326  -9.091 1.0000000000
11341  -9.601  50.711  -9.976 1.0000000000
11342  -9.446  51.149  -8.659 1.0000000000
12548  -7.825  40.994  -14.503 1.0000000000
12549  -7.912  40.024  -15.609 1.0000000000
13734  -8.936  61.535  -0.401 1.0000000000
13735  -9.078  60.022  0.224 1.0000000000
13736  -9.406  55.332  -1.532 1.0000000000
13737  -9.399  56.689  -1.791 1.0000000000
13738  -9.409  55.093  -2.751 1.0000000000
13739  -9.423  54.869  -4.117 1.0000000000
13740  -9.343  53.579  -3.892 1.0000000000
13741  -9.319  52.364  -4.933 1.0000000000
13742  -9.413  52.604  -3.640 1.0000000000
13744  -10.345  50.606  -3.324 1.0000000000
14926  -5.409  58.205  -15.297 1.0000000000
16726  -8.287  61.160  -3.282 1.0000000000
16727  -7.628  62.735  -3.894 1.0000000000
16728  -7.807  61.043  -4.715 1.0000000000
16729  -7.717  58.879  -8.617 1.0000000000
16730  -7.193  60.681  -7.782 1.0000000000
16731  -6.869  60.363  -9.343 1.0000000000
16732  -6.053  61.934  -10.232 1.0000000000
16733  -6.550  59.996  -10.910 1.0000000000
16734  -6.080  59.481  -12.382 1.0000000000
16735  -7.013  58.115  -11.523 1.0000000000
16736  -8.791  52.864  -12.497 1.0000000000
16737  -7.840  54.214  -13.012 1.0000000000
16738  -8.036  52.242  -13.896 1.0000000000
16739  -7.196  51.548  -15.282 1.0000000000
16740  -8.087  50.215  -14.832 1.0000000000
16741  -8.083  48.455  -15.696 1.0000000000
16742  -8.897  49.114  -14.268 1.0000000000
16743  -9.397  47.423  -11.637 1.0000000000
16744  -9.504  46.830  -12.954 1.0000000000
16745  -9.071  45.810  -12.387 1.0000000000
16746  -8.698  44.245  -13.126 1.0000000000
16747  -8.483  45.006  -12.068 1.0000000000
16748  -9.128  49.761  -7.011 1.0000000000
16749  -8.912  49.261  -8.122 1.0000000000
16750  -8.880  48.348  -7.964 1.0000000000
20363  -7.934  44.850  -17.328 1.0000000000
20364  -6.836  44.035  -18.755 1.0000000000
20365  -7.677  42.970  -18.043 1.0000000000
20366  -7.465  38.161  -18.446 1.0000000000
20367  -7.122  39.180  -19.462 1.0000000000
23216  -9.090  58.570  1.969 1.0000000000
23217  -9.212  58.486  0.622 1.0000000000
23218  -9.355  57.070  0.904 1.0000000000
23219  -9.481  55.559  -0.252 1.0000000000
23220  -9.533  54.042  -1.428 1.0000000000
23221  -9.556  52.814  -2.408 1.0000000000
23222  -9.955  53.006  -1.186 1.0000000000
23932  -6.025  54.213  -16.493 1.0000000000
25011  -7.293  65.812  -5.484 1.0000000000
25012  -8.874  57.895  -4.929 1.0000000000
25013  -8.271  59.384  -5.543 1.0000000000
25014  -8.752  57.728  -6.439 1.0000000000
25015  -8.527  57.474  -7.971 1.0000000000
25016  -8.312  57.091  -9.382 1.0000000000
25017  -8.027  56.726  -10.807 1.0000000000
25018  -8.780  55.234  -10.185 1.0000000000
25019  -9.168  53.387  -11.095 1.0000000000
25020  -9.401  51.442  -12.038 1.0000000000
25021  -9.567  49.726  -12.860 1.0000000000
25022  -9.685  50.194  -11.408 1.0000000000
25023  -9.544  49.097  -10.827 1.0000000000
25024  -9.176  48.052  -10.469 1.0000000000
27194  -8.645  42.637  -15.628 1.0000000000
27195  -8.207  41.862  -17.232 1.0000000000
27196  -8.277  40.838  -16.309 1.0000000000
27197  -7.819  39.048  -16.905 1.0000000000
29213  -8.783  61.382  -1.955 1.0000000000
29214  -8.854  59.692  -2.686 1.0000000000
29215  -9.312  58.339  -0.723 1.0000000000
29216  -9.239  58.193  -2.169 1.0000000000
29217  -9.063  58.024  -3.499 1.0000000000
29218  -9.232  56.381  -4.459 1.0000000000
29219  -9.412  54.695  -5.498 1.0000000000
29220  -9.391  53.012  -6.527 1.0000000000
29221  -9.388  51.571  -7.400 1.0000000000
29222  -9.290  52.061  -6.195 1.0000000000
29223  -9.242  51.119  -5.982 1.0000000000
29224  -9.380  50.152  -5.820 1.0000000000
29225  -9.683  51.620  -3.459 1.0000000000
29226  -9.764  50.417  -4.544 1.0000000000
33283  -7.720  64.433  -3.165 1.0000000000
33284  -7.192  64.333  -4.624 1.0000000000
33285  -6.776  64.192  -6.231 1.0000000000
33286  -7.521  60.895  -6.293 1.0000000000
33287  -6.808  62.462  -6.974 1.0000000000
33288  -6.312  64.039  -7.842 1.0000000000
33293  -5.614  58.829  -13.818 1.0000000000
33294  -6.018  56.869  -14.379 1.0000000000
33295  -7.415  56.154  -12.215 1.0000000000
33296  -6.803  55.532  -13.610 1.0000000000
33297  -6.322  54.877  -15.009 1.0000000000
33298  -6.453  52.840  -15.784 1.0000000000
33299  -6.466  50.790  -16.676 1.0000000000
33300  -6.430  48.761  -17.611 1.0000000000
33301  -6.239  46.963  -18.466 1.0000000000
33302  -7.201  47.737  -17.119 1.0000000000
33303  -8.052  46.668  -16.526 1.0000000000
33304  -8.629  45.584  -15.853 1.0000000000
33305  -9.437  47.972  -13.652 1.0000000000
33306  -9.186  46.241  -14.361 1.0000000000
33307  -8.947  44.421  -15.023 1.0000000000
33308  -8.830  43.409  -14.291 1.0000000000
33309  -8.294  42.629  -13.840 1.0000000000
33311  -9.182  50.131  -8.342 1.0000000000
33312  -8.924  48.688  -9.262 1.0000000000
33313  -8.639  47.233  -10.131 1.0000000000
33315  -8.414  46.334  -9.849 1.0000000000
33316  -8.328  45.692  -11.004 1.0000000000
33317  -7.996  44.199  -11.808 1.0000000000
37747  -5.987  45.066  -19.377 1.0000000000
37750  -7.412  41.060  -18.752 1.0000000000
42056  -9.440  53.578  -7.262 1.0000000000
42057  -9.421  54.315  -7.502 1.0000000000
42058  -9.441  53.424  -7.929 1.0000000000
42059  -9.412  53.254  -8.606 1.0000000000
42060  -9.495  52.509  -8.385 1.0000000000
42061  -9.512  51.727  -8.853 1.0000000000
42062  -9.476  51.911  -8.175 1.0000000000
43268  -7.534  40.642  -14.316 1.0000000000
43269  -7.575  40.138  -14.834 1.0000000000
44455  -9.038  60.078  0.963 1.0000000000
44456  -9.389  54.577  -2.079 1.0000000000
44457  -9.411  55.214  -2.129 1.0000000000
44458  -9.405  54.432  -2.671 1.0000000000
44459  -9.390  54.329  -3.276 1.0000000000
44460  -9.367  53.670  -3.254 1.0000000000
44461  -9.354  53.080  -3.766 1.0000000000
44462  -9.399  53.199  -3.135 1.0000000000
45646  -5.626  57.208  -15.558 1.0000000000
47446  -8.350  60.358  -3.624 1.0000000000
47447  -7.998  61.108  -3.949 1.0000000000
47448  -8.155  60.284  -4.374 1.0000000000
47449  -7.615  58.738  -9.353 1.0000000000
47450  -7.274  59.642  -8.923 1.0000000000
47451  -7.178  59.470  -9.741 1.0000000000
47452  -6.730  60.195  -10.151 1.0000000000
47453  -7.027  59.270  -10.505 1.0000000000
47454  -6.814  59.061  -11.228 1.0000000000
47455  -7.298  58.365  -10.822 1.0000000000
47456  -8.920  51.887  -12.951 1.0000000000
47457  -8.443  52.554  -13.195 1.0000000000
47458  -8.531  51.563  -13.655 1.0000000000
47459  -8.065  51.210  -14.363 1.0000000000
47460  -8.523  50.559  -14.118 1.0000000000
47461  -8.506  49.680  -14.545 1.0000000000
47462  -8.922  49.992  -13.851 1.0000000000
47463  -9.157  46.959  -11.435 1.0000000000
47464  -9.254  46.620  -12.019 1.0000000000
47465  -9.015  46.175  -11.820 1.0000000000
47466  -8.788  45.397  -12.212 1.0000000000
47467  -8.681  45.778  -11.687 1.0000000000
47468  -9.170  49.301  -6.919 1.0000000000
47469  -9.014  49.052  -7.499 1.0000000000
47470  -9.062  48.611  -7.391 1.0000000000
51083  -8.235  44.308  -16.946 1.0000000000
51084  -7.813  43.911  -17.700 1.0000000000
51085  -8.141  43.368  -17.299 1.0000000000
51086  -7.288  37.256  -18.700 1.0000000000
51087  -7.174  37.768  -19.222 1.0000000000
54054  -9.243  57.811  1.453 1.0000000000
54056  -9.684  54.989  0.435 1.0000000000
54057  -9.529  55.651  0.376 1.0000000000
54058  -9.589  54.886  -0.215 1.0000000000
54059  -9.523  54.799  -0.843 1.0000000000
54060  -9.664  54.141  -0.802 1.0000000000
54061  -9.687  53.525  -1.303 1.0000000000
54062  -9.863  53.626  -0.657 1.0000000000
55246  -6.016  53.192  -16.881 1.0000000000
55248  -5.890  52.814  -17.747 1.0000000000
57045  -7.530  65.861  -4.690 1.0000000000
57046  -9.042  57.075  -5.395 1.0000000000
57047  -8.799  57.824  -5.689 1.0000000000
57048  -9.027  56.982  -6.145 1.0000000000
57049  -9.051  55.800  -8.025 1.0000000000
57050  -8.856  56.757  -7.652 1.0000000000
57051  -8.775  56.544  -8.322 1.0000000000
57052  -8.451  57.292  -8.652 1.0000000000
57053  -8.678  56.359  -9.031 1.0000000000
57054  -8.593  56.140  -9.762 1.0000000000
57055  -8.860  55.442  -9.427 1.0000000000
57056  -9.425  52.868  -10.053 1.0000000000
57057  -9.224  53.603  -10.338 1.0000000000
57058  -9.405  52.652  -10.804 1.0000000000
57059  -9.326  52.436  -11.550 1.0000000000
57060  -9.527  51.645  -11.299 1.0000000000
57061  -9.586  50.812  -11.735 1.0000000000
57062  -9.637  51.035  -10.985 1.0000000000
57063  -9.509  50.139  -9.773 1.0000000000
57064  -9.583  49.911  -10.402 1.0000000000
57065  -9.450  49.351  -10.205 1.0000000000
57066  -9.399  48.532  -10.638 1.0000000000
57067  -9.266  48.832  -10.028 1.0000000000
60683  -8.582  42.136  -15.274 1.0000000000
60684  -8.468  41.730  -15.988 1.0000000000
60685  -8.379  41.252  -15.592 1.0000000000
60687  -7.894  39.520  -16.207 1.0000000000
60688  -7.652  38.642  -16.504 1.0000000000
60689  -7.604  38.152  -17.183 1.0000000000
64241  -9.026  60.747  -0.842 1.0000000000
64242  -8.887  61.458  -1.218 1.0000000000
64243  -8.984  60.631  -1.623 1.0000000000
64244  -8.811  60.538  -2.310 1.0000000000
64245  -9.026  59.783  -2.023 1.0000000000
64246  -9.310  57.669  0.087 1.0000000000
64247  -9.273  58.408  -0.041 1.0000000000
64248  -9.330  57.576  -0.578 1.0000000000
64249  -9.411  56.561  -2.456 1.0000000000
64250  -9.376  57.423  -1.938 1.0000000000
64251  -9.336  57.318  -2.641 1.0000000000
64252  -9.163  58.104  -2.843 1.0000000000
64253  -9.250  57.275  -3.288 1.0000000000
64254  -9.169  57.215  -3.969 1.0000000000
64255  -9.296  56.435  -3.770 1.0000000000
64256  -9.417  54.096  -4.654 1.0000000000
64257  -9.424  54.789  -4.793 1.0000000000
64258  -9.429  53.983  -5.350 1.0000000000
64259  -9.417  53.864  -6.034 1.0000000000
64260  -9.377  53.206  -5.892 1.0000000000
64261  -9.348  52.516  -6.333 1.0000000000
64262  -9.319  52.720  -5.711 1.0000000000
64263  -9.350  51.908  -4.818 1.0000000000
64264  -9.264  51.764  -5.467 1.0000000000
64265  -9.309  51.289  -5.373 1.0000000000
64266  -9.278  50.656  -5.911 1.0000000000
64267  -9.393  50.795  -5.289 1.0000000000
64268  -9.806  52.297  -2.321 1.0000000000
64269  -9.605  52.223  -2.915 1.0000000000
64270  -9.872  51.704  -2.834 1.0000000000
64271  -10.448  49.976  -3.855 1.0000000000
64272  -10.053  50.492  -3.922 1.0000000000
73217  -8.061  64.411  -2.488 1.0000000000
73218  -7.931  63.634  -2.859 1.0000000000
73219  -7.362  62.688  -4.617 1.0000000000
73220  -7.363  63.545  -4.245 1.0000000000
73221  -7.133  63.487  -4.981 1.0000000000
73222  -7.011  64.278  -5.410 1.0000000000
73223  -6.932  63.384  -5.799 1.0000000000
73224  -8.148  59.331  -6.335 1.0000000000
73225  -7.910  60.136  -5.923 1.0000000000
73226  -7.764  60.090  -6.693 1.0000000000
73227  -6.801  61.434  -8.117 1.0000000000
73228  -6.970  61.582  -7.381 1.0000000000
73229  -6.599  62.350  -7.742 1.0000000000
73230  -6.476  63.276  -7.371 1.0000000000
73231  -6.286  63.155  -8.172 1.0000000000
73232  -6.099  63.944  -8.688 1.0000000000
73233  -6.129  63.011  -9.010 1.0000000000
73234  -5.864  61.752  -11.051 1.0000000000
73235  -5.781  62.684  -10.741 1.0000000000
73241  -6.259  58.479  -12.654 1.0000000000
73242  -5.817  59.154  -13.094 1.0000000000
73243  -6.004  58.148  -13.371 1.0000000000
73244  -5.798  57.816  -14.076 1.0000000000
73245  -6.176  57.149  -13.666 1.0000000000
73246  -8.262  55.758  -11.215 1.0000000000
73247  -7.743  56.459  -11.528 1.0000000000
73248  -7.986  55.485  -11.926 1.0000000000
73249  -7.446  53.890  -13.703 1.0000000000
73250  -7.276  54.867  -13.282 1.0000000000
73251  -6.951  54.545  -13.974 1.0000000000
73252  -6.527  55.207  -14.297 1.0000000000
73253  -6.653  54.201  -14.665 1.0000000000
73254  -6.418  53.849  -15.365 1.0000000000
73255  -6.740  53.190  -15.060 1.0000000000
73256  -7.216  50.536  -15.772 1.0000000000
73257  -6.818  51.185  -15.977 1.0000000000
73258  -6.825  50.151  -16.473 1.0000000000
73259  -6.465  49.788  -17.149 1.0000000000
73260  -6.827  49.151  -16.929 1.0000000000
73261  -6.782  48.260  -17.368 1.0000000000
73262  -7.220  48.645  -16.673 1.0000000000
73263  -8.481  47.915  -15.394 1.0000000000
73264  -8.081  47.559  -16.119 1.0000000000
73265  -8.435  47.021  -15.807 1.0000000000
73266  -8.379  46.131  -16.205 1.0000000000
73267  -8.718  46.482  -15.476 1.0000000000
73268  -9.655  49.098  -12.568 1.0000000000
73269  -9.495  48.845  -13.272 1.0000000000
73270  -9.617  48.236  -12.952 1.0000000000
73271  -9.334  45.965  -13.288 1.0000000000
73272  -9.394  46.521  -13.643 1.0000000000
73273  -9.251  45.646  -13.968 1.0000000000
73274  -9.074  45.336  -14.689 1.0000000000
73275  -9.097  44.770  -14.287 1.0000000000
73276  -8.967  43.877  -14.610 1.0000000000
73277  -9.007  44.252  -13.940 1.0000000000
73278  -8.374  43.858  -12.957 1.0000000000
73279  -8.493  43.430  -13.489 1.0000000000
73280  -8.171  43.051  -13.321 1.0000000000
73283  -9.270  51.088  -7.296 1.0000000000
73284  -9.294  50.852  -7.869 1.0000000000
73285  -9.158  50.387  -7.762 1.0000000000
73286  -8.777  48.555  -8.589 1.0000000000
73287  -8.872  48.985  -8.686 1.0000000000
73288  -8.732  48.274  -9.129 1.0000000000
73289  -8.781  47.972  -9.696 1.0000000000
73290  -8.610  47.550  -9.554 1.0000000000
73297  -8.336  46.027  -10.429 1.0000000000
73298  -8.188  45.264  -10.848 1.0000000000
73299  -8.174  44.943  -11.412 1.0000000000
84128  -6.645  46.448  -18.223 1.0000000000
84129  -6.127  46.012  -18.915 1.0000000000
84130  -6.545  45.489  -18.668 1.0000000000
84131  -6.688  43.086  -19.159 1.0000000000
84135  -5.947  41.750  -20.339 1.0000000000
84136  -8.032  40.933  -17.522 1.0000000000
84137  -7.840  41.470  -17.971 1.0000000000
84138  -7.706  40.510  -18.319 1.0000000000
84139  -6.630  38.792  -20.250 1.0000000000
84140  -6.740  39.712  -19.934 1.0000000000
92339  -9.788  55.059  1.196 1.0000000000
93052  -5.926  51.120  -17.728 1.0000000000
93054  -5.626  50.761  -18.566 1.0000000000
94131  -7.986  65.947  -3.177 1.0000000000
94132  -9.332  55.313  -6.370 1.0000000000
94133  -9.187  56.107  -6.622 1.0000000000
94134  -9.318  55.196  -7.084 1.0000000000
94135  -9.276  55.056  -7.751 1.0000000000
94136  -9.191  54.890  -8.425 1.0000000000
94137  -9.086  54.719  -9.129 1.0000000000
94138  -9.270  53.994  -8.855 1.0000000000
94139  -9.400  53.084  -9.319 1.0000000000
94140  -9.555  52.116  -9.800 1.0000000000
94141  -9.635  51.291  -10.231 1.0000000000
94142  -9.589  51.516  -9.520 1.0000000000
94143  -9.519  50.935  -9.313 1.0000000000
94144  -9.389  50.374  -9.135 1.0000000000
96314  -8.144  41.373  -14.693 1.0000000000
96315  -8.168  40.876  -15.274 1.0000000000
96316  -7.873  40.504  -15.035 1.0000000000
96317  -7.594  39.699  -15.377 1.0000000000
98448  -8.897  62.309  0.084 1.0000000000
98449  -8.923  61.585  0.417 1.0000000000
98450  -9.008  60.797  -0.066 1.0000000000
98451  -9.114  59.962  -0.525 1.0000000000
98452  -9.390  56.095  -0.982 1.0000000000
98453  -9.376  56.782  -1.121 1.0000000000
98454  -9.400  55.984  -1.640 1.0000000000
98455  -9.418  55.862  -2.286 1.0000000000
98456  -9.383  55.762  -2.922 1.0000000000
98457  -9.367  55.683  -3.595 1.0000000000
98458  -9.393  54.983  -3.426 1.0000000000
98459  -9.377  54.218  -3.948 1.0000000000
98460  -9.373  53.445  -4.548 1.0000000000
98461  -9.326  52.838  -5.065 1.0000000000
98462  -9.338  52.954  -4.410 1.0000000000
98463  -9.370  52.490  -4.289 1.0000000000
98464  -9.421  52.015  -4.189 1.0000000000
98466  -10.252  51.229  -2.774 1.0000000000
100594  -5.213  59.235  -15.106 1.0000000000
100596  -5.262  58.903  -15.947 1.0000000000
103834  -8.237  62.008  -2.931 1.0000000000
103835  -7.902  62.795  -3.218 1.0000000000
103836  -7.936  61.939  -3.577 1.0000000000
103837  -7.668  61.879  -4.264 1.0000000000
103838  -7.500  61.817  -5.058 1.0000000000
103839  -7.876  59.039  -7.894 1.0000000000
103840  -7.606  59.945  -7.457 1.0000000000
103841  -7.433  59.788  -8.193 1.0000000000
103842  -7.031  60.524  -8.533 1.0000000000
103843  -6.633  61.281  -8.921 1.0000000000
103844  -6.253  62.062  -9.360 1.0000000000
103845  -6.431  61.153  -9.756 1.0000000000
103846  -6.285  60.948  -10.570 1.0000000000
103847  -6.094  60.737  -11.361 1.0000000000
103848  -5.874  60.467  -12.119 1.0000000000
103849  -6.323  59.779  -11.651 1.0000000000
103850  -6.540  58.795  -11.930 1.0000000000
103851  -6.719  57.831  -12.243 1.0000000000
103852  -8.644  53.838  -12.056 1.0000000000
103853  -8.181  54.507  -12.329 1.0000000000
103854  -8.326  53.527  -12.754 1.0000000000
103855  -7.949  53.230  -13.453 1.0000000000
103856  -7.549  52.906  -14.143 1.0000000000
103857  -7.158  52.548  -14.815 1.0000000000
103858  -7.608  51.879  -14.594 1.0000000000
103859  -7.630  50.879  -15.082 1.0000000000
103860  -7.650  49.877  -15.551 1.0000000000
103861  -7.650  49.005  -15.979 1.0000000000
103862  -8.089  49.340  -15.257 1.0000000000
103863  -8.509  48.804  -14.956 1.0000000000
103864  -8.870  48.238  -14.661 1.0000000000
103865  -9.574  47.963  -11.899 1.0000000000
103866  -9.604  47.670  -12.596 1.0000000000
103867  -9.462  47.125  -12.272 1.0000000000
103868  -9.327  46.270  -12.608 1.0000000000
103869  -9.160  45.459  -12.979 1.0000000000
103870  -8.990  44.652  -13.339 1.0000000000
103871  -8.892  45.011  -12.751 1.0000000000
103872  -8.587  44.628  -12.589 1.0000000000
103873  -8.288  44.249  -12.439 1.0000000000
103874  -9.110  50.209  -7.082 1.0000000000
103875  -9.053  49.961  -7.651 1.0000000000
103876  -9.005  49.505  -7.577 1.0000000000
103877  -8.858  48.792  -8.071 1.0000000000
103878  -8.757  48.110  -8.493 1.0000000000
110381  -7.538  45.413  -17.658 1.0000000000
110382  -6.988  44.975  -18.385 1.0000000000
110383  -7.430  44.443  -18.058 1.0000000000
110384  -7.274  43.486  -18.443 1.0000000000
110385  -7.132  42.551  -18.806 1.0000000000
110386  -7.692  39.076  -18.153 1.0000000000
110387  -7.541  39.578  -18.645 1.0000000000
110388  -7.369  38.687  -18.956 1.0000000000
110389  -6.954  38.279  -19.749 1.0000000000
115610  -9.017  59.326  1.828 1.0000000000
115611  -9.089  59.312  1.155 1.0000000000
115612  -9.148  58.540  1.300 1.0000000000
115613  -9.278  57.761  0.772 1.0000000000
115614  -9.363  57.013  0.244 1.0000000000
115615  -9.447  56.380  0.983 1.0000000000
115616  -9.435  56.318  0.336 1.0000000000
115617  -9.411  56.234  -0.331 1.0000000000
115618  -9.431  55.462  -0.895 1.0000000000
115619  -9.442  54.704  -1.468 1.0000000000
115620  -9.413  53.957  -2.037 1.0000000000
115621  -9.426  53.328  -2.527 1.0000000000
115622  -9.527  53.430  -1.911 1.0000000000
115623  -9.720  52.898  -1.799 1.0000000000
115624  -10.037  52.392  -1.712 1.0000000000
115625  -10.192  53.115  -0.487 1.0000000000
115627  -10.433  51.908  -1.614 1.0000000000
117280  -5.981  55.216  -16.121 1.0000000000
117282  -5.924  54.874  -16.971 1.0000000000
119800  -8.694  58.712  -4.456 1.0000000000
119801  -8.371  59.467  -4.782 1.0000000000
119802  -8.592  58.642  -5.206 1.0000000000
119803  -8.498  58.569  -6.005 1.0000000000
119804  -8.386  58.480  -6.773 1.0000000000
119805  -8.954  56.880  -6.901 1.0000000000
119806  -8.639  57.624  -7.206 1.0000000000
119807  -8.263  58.351  -7.539 1.0000000000
119808  -8.143  58.164  -8.305 1.0000000000
119809  -8.035  57.979  -9.016 1.0000000000
119810  -7.898  57.827  -9.734 1.0000000000
119811  -7.747  57.661  -10.444 1.0000000000
119812  -8.164  56.922  -10.100 1.0000000000
119813  -8.460  55.967  -10.497 1.0000000000
119814  -8.692  55.028  -10.904 1.0000000000
119815  -9.025  54.523  -9.862 1.0000000000
119816  -8.980  54.320  -10.628 1.0000000000
119817  -8.861  54.102  -11.351 1.0000000000
119818  -9.057  53.162  -11.811 1.0000000000
119819  -9.152  52.173  -12.266 1.0000000000
119820  -9.233  51.168  -12.737 1.0000000000
119821  -9.298  50.311  -13.137 1.0000000000
119822  -9.464  50.586  -12.456 1.0000000000
119823  -9.631  49.966  -12.153 1.0000000000
119824  -9.731  49.331  -11.829 1.0000000000
119825  -9.672  50.464  -10.670 1.0000000000
119826  -9.657  49.632  -11.101 1.0000000000
119827  -9.633  48.803  -11.506 1.0000000000
119828  -9.490  48.257  -11.258 1.0000000000
119829  -9.296  47.745  -11.043 1.0000000000
119830  -9.043  47.288  -10.854 1.0000000000
124892  -8.604  43.185  -16.087 1.0000000000
124893  -8.354  42.800  -16.900 1.0000000000
124894  -8.464  42.252  -16.432 1.0000000000
124895  -8.334  41.318  -16.762 1.0000000000
124896  -8.109  40.419  -17.060 1.0000000000
124897  -8.138  40.408  -15.924 1.0000000000
124898  -8.057  39.938  -16.594 1.0000000000
124899  -7.908  39.498  -17.358 1.0000000000
124900  -7.712  38.585  -17.669 1.0000000000
129757  -8.840  62.240  -0.753 1.0000000000
129758  -8.731  62.176  -1.558 1.0000000000
129759  -8.534  62.099  -2.295 1.0000000000
129760  -8.552  61.261  -2.628 1.0000000000
129761  -8.596  60.430  -2.963 1.0000000000
129762  -8.683  59.612  -3.318 1.0000000000
129763  -9.152  59.253  0.469 1.0000000000
129764  -9.203  59.173  -0.245 1.0000000000
129765  -9.243  59.099  -0.957 1.0000000000
129766  -9.358  57.517  -1.259 1.0000000000
129767  -9.296  58.267  -1.448 1.0000000000
129768  -9.180  59.025  -1.709 1.0000000000
129769  -9.067  58.941  -2.421 1.0000000000
129770  -8.950  58.860  -3.060 1.0000000000
129771  -8.816  58.769  -3.740 1.0000000000
129772  -8.962  57.947  -4.200 1.0000000000
129773  -9.075  57.142  -4.678 1.0000000000
129774  -9.211  56.320  -5.149 1.0000000000
129775  -9.356  55.608  -4.274 1.0000000000
129776  -9.358  55.533  -4.950 1.0000000000
129777  -9.329  55.438  -5.672 1.0000000000
129778  -9.404  54.589  -6.180 1.0000000000
129779  -9.418  53.726  -6.671 1.0000000000
129780  -9.433  52.849  -7.135 1.0000000000
129781  -9.440  52.105  -7.562 1.0000000000
129782  -9.398  52.301  -6.959 1.0000000000
129783  -9.333  51.809  -6.811 1.0000000000
129784  -9.240  51.359  -6.694 1.0000000000
129785  -9.259  52.221  -5.565 1.0000000000
129786  -9.249  51.586  -6.083 1.0000000000
129787  -9.202  50.910  -6.584 1.0000000000
129788  -9.204  50.459  -6.507 1.0000000000
129789  -9.238  49.999  -6.446 1.0000000000
129790  -9.320  49.498  -6.336 1.0000000000
129791  -9.467  52.717  -3.023 1.0000000000
129792  -9.484  52.135  -3.549 1.0000000000
129793  -9.513  51.526  -4.103 1.0000000000
129794  -9.971  51.105  -3.383 1.0000000000
129795  -9.719  51.015  -4.009 1.0000000000
129796  -9.536  50.917  -4.654 1.0000000000
129797  -9.537  50.283  -5.198 1.0000000000
129798  -9.560  49.637  -5.705 1.0000000000
141008  -7.930  65.224  -2.825 1.0000000000
141009  -7.615  65.221  -3.516 1.0000000000
141010  -7.627  63.593  -3.527 1.0000000000
141011  -7.411  64.395  -3.872 1.0000000000
141012  -7.394  65.172  -4.264 1.0000000000
141013  -7.185  65.129  -5.048 1.0000000000
141014  -6.981  65.053  -5.843 1.0000000000
141016  -8.020  60.214  -5.138 1.0000000000
141017  -7.668  60.967  -5.507 1.0000000000
141018  -7.332  61.740  -5.853 1.0000000000
141019  -7.367  60.820  -7.044 1.0000000000
141020  -7.145  61.667  -6.632 1.0000000000
141021  -7.006  62.520  -6.206 1.0000000000
141022  -6.732  63.326  -6.599 1.0000000000
141023  -6.546  64.130  -7.032 1.0000000000
141024  -6.493  64.878  -7.488 1.0000000000
141037  -5.662  60.189  -12.873 1.0000000000
141039  -5.296  59.558  -14.329 1.0000000000
141040  -5.446  58.523  -14.562 1.0000000000
141041  -5.664  57.518  -14.819 1.0000000000
141042  -5.863  56.562  -15.095 1.0000000000
141043  -7.518  57.447  -11.141 1.0000000000
141044  -7.214  57.149  -11.865 1.0000000000
141045  -6.905  56.848  -12.580 1.0000000000
141046  -7.645  55.181  -12.597 1.0000000000
141047  -7.103  55.848  -12.910 1.0000000000
141048  -6.613  56.511  -13.291 1.0000000000
141049  -6.398  56.211  -13.975 1.0000000000
141050  -6.205  55.904  -14.683 1.0000000000
141051  -6.051  55.562  -15.394 1.0000000000
141052  -6.167  54.522  -15.735 1.0000000000
141053  -6.200  53.514  -16.116 1.0000000000
141054  -6.187  52.482  -16.515 1.0000000000
141055  -6.783  52.196  -15.507 1.0000000000
141056  -6.458  51.838  -16.210 1.0000000000
141057  -6.190  51.456  -16.957 1.0000000000
141058  -6.151  50.451  -17.397 1.0000000000
141059  -6.101  49.408  -17.865 1.0000000000
141060  -6.023  48.358  -18.324 1.0000000000
141061  -5.890  47.462  -18.748 1.0000000000
141062  -6.359  47.860  -18.061 1.0000000000
141063  -6.719  47.370  -17.811 1.0000000000
141064  -7.121  46.876  -17.556 1.0000000000
141065  -7.656  48.103  -16.414 1.0000000000
141066  -7.640  47.199  -16.840 1.0000000000
141067  -7.601  46.333  -17.264 1.0000000000
141068  -7.991  45.780  -16.936 1.0000000000
141069  -8.308  45.224  -16.583 1.0000000000
141070  -8.557  44.675  -16.211 1.0000000000
141071  -9.256  49.428  -13.571 1.0000000000
141072  -9.232  48.550  -13.989 1.0000000000
141073  -9.147  47.669  -14.359 1.0000000000
141074  -9.533  47.396  -13.307 1.0000000000
141075  -9.328  47.117  -14.030 1.0000000000
141076  -9.037  46.812  -14.744 1.0000000000
141077  -8.935  45.940  -15.093 1.0000000000
141078  -8.823  44.998  -15.450 1.0000000000
141079  -8.729  44.080  -15.775 1.0000000000
141080  -8.804  43.528  -15.343 1.0000000000
141081  -8.792  43.027  -14.963 1.0000000000
141082  -8.672  42.555  -14.662 1.0000000000
141083  -8.802  43.812  -13.663 1.0000000000
141084  -8.594  43.005  -14.037 1.0000000000
141085  -8.390  42.207  -14.381 1.0000000000
141086  -8.076  41.833  -14.178 1.0000000000
141087  -7.766  41.463  -13.994 1.0000000000
141089  -9.402  51.363  -8.005 1.0000000000
141090  -9.327  50.602  -8.486 1.0000000000
141091  -9.231  49.864  -8.958 1.0000000000
141092  -9.034  49.688  -8.222 1.0000000000
141093  -9.061  49.405  -8.785 1.0000000000
141094  -9.137  49.132  -9.414 1.0000000000
141095  -9.038  48.369  -9.867 1.0000000000
141096  -8.913  47.634  -10.298 1.0000000000
141097  -8.754  46.870  -10.720 1.0000000000
141099  -8.809  47.644  -8.376 1.0000000000
141102  -8.515  46.625  -9.299 1.0000000000
141103  -8.519  47.095  -9.428 1.0000000000
141104  -8.468  46.799  -9.998 1.0000000000
141105  -8.505  46.461  -10.572 1.0000000000
141106  -8.591  46.110  -11.147 1.0000000000
141107  -8.405  45.370  -11.548 1.0000000000
141108  -8.211  44.614  -11.927 1.0000000000
141109  -8.020  43.867  -12.301 1.0000000000
141110  -7.910  43.739  -11.662 1.0000000000
141111  -7.807  43.449  -12.188 1.0000000000
154202  -5.598  45.588  -19.661 1.0000000000
154203  -5.447  44.631  -20.142 1.0000000000
154204  -6.402  44.555  -19.075 1.0000000000
154210  -7.987  42.427  -17.645 1.0000000000
154211  -7.557  42.033  -18.389 1.0000000000
154212  -7.027  41.596  -19.164 1.0000000000
154213  -7.275  40.103  -19.120 1.0000000000
