#!ascii label  , from subject 40tvs8ref_sym_20 vox2ras=TkReg
360
586  -13.877  -57.450  19.335 1.0000000000
1303  -20.667  -59.209  16.488 1.0000000000
2397  -13.162  -56.413  15.403 1.0000000000
2398  -19.019  -59.302  12.624 1.0000000000
5343  -13.913  -58.670  20.896 1.0000000000
5349  -13.572  -56.661  17.492 1.0000000000
5350  -22.213  -62.691  14.326 1.0000000000
5351  -19.887  -59.135  14.571 1.0000000000
5352  -21.533  -62.389  12.770 1.0000000000
5353  -20.982  -62.088  11.053 1.0000000000
6951  -17.759  -58.895  22.133 1.0000000000
6952  -17.933  -57.913  20.405 1.0000000000
6953  -17.702  -57.245  18.494 1.0000000000
6954  -21.329  -59.446  18.386 1.0000000000
6955  -22.940  -62.950  15.749 1.0000000000
9748  -9.735  -56.475  13.191 1.0000000000
9749  -12.786  -56.666  13.232 1.0000000000
9750  -17.215  -56.954  16.375 1.0000000000
9751  -16.395  -57.279  14.198 1.0000000000
9752  -15.535  -57.977  12.240 1.0000000000
9753  -18.094  -59.643  10.766 1.0000000000
13023  -13.931  -58.029  20.151 1.0000000000
13027  -11.909  -57.617  18.366 1.0000000000
13028  -11.759  -57.130  17.533 1.0000000000
13029  -13.754  -56.973  18.439 1.0000000000
13030  -22.241  -64.719  13.308 1.0000000000
13031  -21.879  -62.563  13.587 1.0000000000
13032  -22.094  -64.480  12.636 1.0000000000
13033  -21.966  -64.179  11.887 1.0000000000
15426  -17.890  -58.372  21.300 1.0000000000
15427  -19.844  -58.680  20.502 1.0000000000
15428  -19.768  -58.378  19.590 1.0000000000
15429  -21.533  -59.608  19.333 1.0000000000
15431  -23.333  -63.037  16.547 1.0000000000
21805  -11.488  -56.508  15.572 1.0000000000
21807  -11.399  -56.368  14.510 1.0000000000
21808  -11.279  -56.372  13.410 1.0000000000
21809  -12.978  -56.458  14.341 1.0000000000
21810  -19.348  -57.959  17.595 1.0000000000
21811  -17.495  -57.039  17.457 1.0000000000
21812  -19.079  -57.858  16.536 1.0000000000
21813  -19.462  -59.168  13.602 1.0000000000
21814  -18.225  -57.921  14.475 1.0000000000
21815  -17.769  -58.149  13.432 1.0000000000
21816  -15.952  -57.614  13.187 1.0000000000
21817  -17.282  -58.448  12.468 1.0000000000
21818  -16.795  -58.758  11.555 1.0000000000
21819  -18.496  -59.460  11.680 1.0000000000
21821  -20.851  -61.926  10.219 1.0000000000
28060  -11.615  -56.744  16.571 1.0000000000
28061  -13.358  -56.449  16.468 1.0000000000
28062  -21.660  -60.823  15.410 1.0000000000
28063  -20.297  -59.162  15.547 1.0000000000
28064  -21.232  -60.753  14.565 1.0000000000
28065  -20.839  -60.696  13.649 1.0000000000
28066  -20.462  -60.607  12.736 1.0000000000
28067  -20.061  -60.618  11.827 1.0000000000
28068  -21.252  -62.293  11.906 1.0000000000
28069  -21.901  -63.930  11.105 1.0000000000
31578  -17.478  -59.587  22.836 1.0000000000
31579  -15.622  -59.333  22.321 1.0000000000
31580  -15.823  -58.650  21.627 1.0000000000
31581  -15.922  -58.025  20.863 1.0000000000
31582  -15.901  -57.517  20.004 1.0000000000
31583  -15.808  -57.081  19.131 1.0000000000
31584  -17.840  -57.535  19.491 1.0000000000
31585  -19.614  -58.139  18.615 1.0000000000
31586  -21.021  -59.300  17.414 1.0000000000
31587  -22.815  -61.076  17.953 1.0000000000
31588  -22.489  -60.979  17.059 1.0000000000
31589  -22.099  -60.906  16.237 1.0000000000
31590  -22.580  -62.820  15.061 1.0000000000
39483  -9.644  -56.270  12.171 1.0000000000
39484  -11.152  -56.365  12.356 1.0000000000
39485  -12.561  -56.841  12.219 1.0000000000
39486  -15.666  -56.765  18.130 1.0000000000
39487  -15.416  -56.590  17.101 1.0000000000
39488  -15.200  -56.555  15.981 1.0000000000
39489  -18.669  -57.850  15.465 1.0000000000
39490  -16.832  -57.049  15.302 1.0000000000
39491  -14.889  -56.685  14.896 1.0000000000
39492  -14.540  -56.929  13.840 1.0000000000
39493  -14.184  -57.248  12.782 1.0000000000
39494  -13.873  -57.494  11.836 1.0000000000
39495  -15.077  -58.214  11.334 1.0000000000
39496  -16.433  -58.965  10.645 1.0000000000
39497  -17.837  -59.729  9.902 1.0000000000
39498  -19.671  -60.680  10.880 1.0000000000
39499  -19.439  -60.678  9.974 1.0000000000
43743  -13.893  -57.740  19.746 1.0000000000
43744  -12.928  -58.112  19.681 1.0000000000
43745  -12.901  -57.806  19.291 1.0000000000
43747  -12.883  -57.512  18.878 1.0000000000
43748  -12.812  -57.233  18.483 1.0000000000
43749  -13.823  -57.168  18.909 1.0000000000
43751  -22.190  -64.630  13.006 1.0000000000
46147  -20.778  -59.214  20.415 1.0000000000
46148  -20.752  -59.060  19.951 1.0000000000
52525  -12.340  -56.421  15.535 1.0000000000
52526  -11.429  -56.443  15.020 1.0000000000
52527  -12.270  -56.370  15.004 1.0000000000
52528  -12.178  -56.395  14.439 1.0000000000
52529  -13.079  -56.429  14.864 1.0000000000
52530  -20.045  -58.532  17.056 1.0000000000
52531  -19.213  -57.925  17.064 1.0000000000
52532  -19.893  -58.478  16.563 1.0000000000
52533  -19.264  -59.250  13.097 1.0000000000
52534  -18.657  -58.613  13.538 1.0000000000
52535  -18.456  -58.727  13.023 1.0000000000
52536  -17.522  -58.267  12.920 1.0000000000
52537  -18.181  -58.825  12.540 1.0000000000
52538  -17.927  -58.940  12.079 1.0000000000
52539  -18.766  -59.377  12.146 1.0000000000
62110  -12.945  -59.154  20.756 1.0000000000
62125  -12.645  -56.825  17.595 1.0000000000
62126  -11.675  -56.911  17.055 1.0000000000
62127  -12.583  -56.681  17.092 1.0000000000
62128  -12.496  -56.545  16.594 1.0000000000
62129  -13.477  -56.534  17.020 1.0000000000
62130  -22.015  -61.684  14.862 1.0000000000
62131  -21.450  -60.779  15.009 1.0000000000
62132  -21.796  -61.673  14.465 1.0000000000
62133  -21.713  -62.452  13.197 1.0000000000
62134  -21.412  -61.582  13.630 1.0000000000
62135  -21.228  -61.528  13.192 1.0000000000
62136  -20.644  -60.658  13.185 1.0000000000
62137  -21.045  -61.470  12.747 1.0000000000
62138  -20.872  -61.425  12.313 1.0000000000
62139  -21.378  -62.329  12.335 1.0000000000
62141  -21.927  -64.067  11.493 1.0000000000
62142  -22.089  -64.922  11.073 1.0000000000
62143  -22.150  -64.746  10.709 1.0000000000
69311  -18.726  -59.188  22.273 1.0000000000
69312  -18.561  -59.522  22.591 1.0000000000
69313  -17.615  -59.233  22.487 1.0000000000
69314  -16.564  -59.400  22.624 1.0000000000
69315  -16.681  -59.041  22.281 1.0000000000
69316  -15.735  -58.980  21.981 1.0000000000
69317  -16.789  -58.724  21.905 1.0000000000
69318  -17.948  -58.128  20.862 1.0000000000
69319  -16.910  -58.148  21.105 1.0000000000
69320  -16.943  -57.884  20.693 1.0000000000
69321  -15.916  -57.755  20.435 1.0000000000
69322  -16.929  -57.659  20.231 1.0000000000
69323  -16.883  -57.466  19.803 1.0000000000
69324  -17.885  -57.693  19.944 1.0000000000
69325  -20.623  -58.843  19.046 1.0000000000
69326  -19.735  -58.219  19.120 1.0000000000
69327  -20.495  -58.750  18.536 1.0000000000
69328  -20.378  -58.647  18.057 1.0000000000
69329  -21.179  -59.354  17.907 1.0000000000
69331  -22.955  -61.241  18.357 1.0000000000
69332  -23.334  -62.104  17.671 1.0000000000
69333  -23.112  -62.989  16.152 1.0000000000
69334  -23.014  -61.933  16.818 1.0000000000
69335  -22.794  -61.914  16.405 1.0000000000
69336  -22.292  -60.939  16.652 1.0000000000
69337  -22.618  -61.887  16.013 1.0000000000
69338  -22.415  -61.822  15.651 1.0000000000
69339  -22.745  -62.882  15.409 1.0000000000
88458  -9.721  -56.607  13.705 1.0000000000
88460  -8.982  -56.663  12.921 1.0000000000
88462  -8.977  -56.451  12.425 1.0000000000
88463  -8.922  -56.312  11.945 1.0000000000
88464  -9.693  -56.392  12.657 1.0000000000
88465  -12.041  -56.477  13.352 1.0000000000
88466  -11.232  -56.385  12.875 1.0000000000
88467  -11.980  -56.531  12.845 1.0000000000
88468  -11.863  -56.566  12.312 1.0000000000
88469  -12.700  -56.777  12.706 1.0000000000
88470  -16.752  -57.089  18.851 1.0000000000
88471  -15.714  -56.900  18.626 1.0000000000
88472  -16.703  -56.941  18.351 1.0000000000
88473  -17.345  -56.997  16.920 1.0000000000
88474  -16.447  -56.737  17.327 1.0000000000
88475  -16.328  -56.712  16.773 1.0000000000
88476  -15.303  -56.562  16.565 1.0000000000
88477  -16.200  -56.705  16.232 1.0000000000
88478  -20.087  -59.154  15.061 1.0000000000
88479  -19.517  -58.425  15.562 1.0000000000
88480  -19.308  -58.473  15.024 1.0000000000
88481  -17.312  -57.543  14.347 1.0000000000
88482  -17.547  -57.430  14.899 1.0000000000
88483  -16.599  -57.142  14.735 1.0000000000
88484  -15.860  -56.834  15.109 1.0000000000
88485  -15.669  -56.938  14.560 1.0000000000
88486  -14.718  -56.797  14.366 1.0000000000
88487  -15.473  -57.085  14.034 1.0000000000
88488  -15.743  -57.803  12.707 1.0000000000
88489  -15.037  -57.423  13.003 1.0000000000
88490  -14.847  -57.585  12.502 1.0000000000
88491  -14.050  -57.378  12.289 1.0000000000
88492  -14.650  -57.745  12.055 1.0000000000
88493  -14.472  -57.854  11.608 1.0000000000
88494  -15.295  -58.124  11.792 1.0000000000
88495  -17.447  -59.204  11.169 1.0000000000
88496  -16.594  -58.861  11.097 1.0000000000
88497  -17.267  -59.291  10.713 1.0000000000
88498  -17.161  -59.352  10.282 1.0000000000
88499  -17.940  -59.684  10.323 1.0000000000
88500  -20.535  -61.368  11.429 1.0000000000
88501  -19.858  -60.648  11.362 1.0000000000
88502  -20.364  -61.328  10.979 1.0000000000
88503  -20.803  -61.831  9.809 1.0000000000
88504  -20.184  -61.251  10.071 1.0000000000
88506  -19.351  -60.588  9.608 1.0000000000
97169  -13.928  -58.358  20.508 1.0000000000
97171  -12.943  -58.454  20.029 1.0000000000
97176  -11.028  -58.059  18.184 1.0000000000
97179  -11.828  -57.351  18.010 1.0000000000
97180  -12.736  -57.031  18.032 1.0000000000
97181  -13.669  -56.767  17.989 1.0000000000
97182  -22.310  -63.735  13.798 1.0000000000
97183  -22.071  -62.621  13.969 1.0000000000
97184  -22.166  -63.628  13.476 1.0000000000
97185  -22.095  -63.529  13.152 1.0000000000
97186  -21.913  -63.406  12.741 1.0000000000
97187  -21.784  -63.295  12.343 1.0000000000
97188  -22.052  -64.324  12.277 1.0000000000
101493  -18.815  -58.936  21.841 1.0000000000
101494  -17.830  -58.636  21.729 1.0000000000
101495  -18.860  -58.685  21.429 1.0000000000
101496  -18.889  -58.453  20.970 1.0000000000
101497  -18.906  -58.256  20.501 1.0000000000
101498  -18.853  -58.028  20.093 1.0000000000
101499  -19.833  -58.487  20.071 1.0000000000
101500  -20.682  -58.953  19.508 1.0000000000
101501  -21.441  -59.493  18.898 1.0000000000
101504  -23.373  -64.246  16.257 1.0000000000
101505  -23.203  -64.139  15.892 1.0000000000
101506  -23.071  -64.071  15.540 1.0000000000
101507  -22.870  -64.000  15.186 1.0000000000
112979  -10.559  -56.581  14.955 1.0000000000
112981  -10.526  -56.443  13.920 1.0000000000
112982  -10.495  -56.400  13.356 1.0000000000
112983  -11.320  -56.393  13.938 1.0000000000
112984  -12.072  -56.434  13.890 1.0000000000
112985  -12.882  -56.564  13.777 1.0000000000
112986  -18.576  -57.549  18.068 1.0000000000
112987  -17.616  -57.143  17.974 1.0000000000
112988  -18.463  -57.455  17.551 1.0000000000
112989  -18.304  -57.405  17.017 1.0000000000
112990  -18.171  -57.322  16.508 1.0000000000
112991  -19.663  -59.152  14.085 1.0000000000
112992  -19.098  -58.481  14.528 1.0000000000
112993  -18.862  -58.525  14.045 1.0000000000
112994  -17.991  -58.018  13.963 1.0000000000
112995  -17.109  -57.662  13.823 1.0000000000
112996  -16.206  -57.435  13.695 1.0000000000
112997  -16.871  -57.837  13.318 1.0000000000
112998  -16.619  -57.991  12.849 1.0000000000
112999  -16.400  -58.180  12.381 1.0000000000
113000  -16.187  -58.348  11.931 1.0000000000
113001  -17.010  -58.574  12.031 1.0000000000
113002  -17.637  -59.068  11.628 1.0000000000
113003  -18.261  -59.521  11.227 1.0000000000
113005  -20.898  -62.020  10.633 1.0000000000
113006  -21.431  -62.722  10.304 1.0000000000
113007  -21.412  -62.588  9.903 1.0000000000
126912  -10.822  -57.256  16.923 1.0000000000
126915  -11.549  -56.604  16.063 1.0000000000
126916  -12.413  -56.460  16.080 1.0000000000
126917  -13.255  -56.427  15.936 1.0000000000
126918  -21.215  -59.989  15.954 1.0000000000
126919  -20.488  -59.194  16.027 1.0000000000
126920  -21.024  -59.972  15.506 1.0000000000
126921  -20.796  -59.933  15.055 1.0000000000
126922  -20.590  -59.912  14.587 1.0000000000
126923  -21.615  -61.643  14.045 1.0000000000
126924  -21.031  -60.730  14.105 1.0000000000
126925  -20.383  -59.889  14.112 1.0000000000
126926  -20.193  -59.868  13.638 1.0000000000
126927  -19.983  -59.883  13.154 1.0000000000
126928  -19.784  -59.899  12.677 1.0000000000
126929  -19.553  -59.947  12.210 1.0000000000
126930  -20.262  -60.627  12.270 1.0000000000
126931  -20.745  -61.415  11.865 1.0000000000
126932  -21.123  -62.209  11.476 1.0000000000
126933  -21.675  -63.220  11.916 1.0000000000
126934  -21.585  -63.117  11.507 1.0000000000
126935  -21.510  -62.969  11.105 1.0000000000
136183  -14.553  -59.700  22.305 1.0000000000
136186  -14.858  -58.638  21.298 1.0000000000
136187  -16.856  -58.423  21.507 1.0000000000
136188  -15.876  -58.338  21.251 1.0000000000
136189  -14.898  -58.314  20.925 1.0000000000
136190  -14.917  -57.994  20.556 1.0000000000
136191  -14.894  -57.721  20.124 1.0000000000
136192  -14.890  -57.454  19.726 1.0000000000
136193  -14.881  -57.194  19.307 1.0000000000
136194  -15.895  -57.299  19.604 1.0000000000
136195  -16.830  -57.277  19.343 1.0000000000
136196  -17.780  -57.368  19.016 1.0000000000
136197  -18.821  -57.902  19.583 1.0000000000
136198  -18.776  -57.737  19.135 1.0000000000
136199  -18.677  -57.643  18.593 1.0000000000
136200  -19.490  -58.042  18.099 1.0000000000
136201  -20.212  -58.588  17.534 1.0000000000
136202  -20.856  -59.257  16.945 1.0000000000
136204  -22.250  -60.300  18.638 1.0000000000
136205  -22.123  -60.209  18.179 1.0000000000
136206  -23.162  -61.996  17.256 1.0000000000
136207  -22.651  -61.012  17.503 1.0000000000
136208  -21.982  -60.148  17.703 1.0000000000
136209  -21.781  -60.089  17.259 1.0000000000
136210  -21.608  -60.043  16.825 1.0000000000
136211  -21.424  -60.020  16.383 1.0000000000
136212  -21.879  -60.843  15.837 1.0000000000
136213  -22.189  -61.762  15.258 1.0000000000
136214  -22.407  -62.758  14.708 1.0000000000
136216  -22.585  -63.886  14.497 1.0000000000
136218  -22.338  -64.812  13.630 1.0000000000
136219  -22.093  -65.762  13.149 1.0000000000
159406  -8.894  -56.099  11.493 1.0000000000
159407  -9.570  -56.116  11.652 1.0000000000
159408  -10.456  -56.352  12.819 1.0000000000
159409  -10.397  -56.283  12.301 1.0000000000
159410  -10.305  -56.159  11.771 1.0000000000
159412  -11.768  -56.543  11.819 1.0000000000
159413  -12.468  -56.832  11.739 1.0000000000
159414  -14.773  -56.990  18.801 1.0000000000
159415  -14.696  -56.803  18.327 1.0000000000
159416  -14.598  -56.682  17.815 1.0000000000
159417  -16.607  -56.840  17.837 1.0000000000
159418  -15.550  -56.655  17.624 1.0000000000
159419  -14.487  -56.583  17.310 1.0000000000
159420  -14.380  -56.497  16.805 1.0000000000
159421  -14.269  -56.460  16.239 1.0000000000
159422  -14.184  -56.469  15.701 1.0000000000
159423  -19.707  -58.470  16.052 1.0000000000
159424  -18.864  -57.855  16.016 1.0000000000
159425  -17.971  -57.369  15.939 1.0000000000
159426  -18.453  -57.889  14.973 1.0000000000
159427  -17.780  -57.389  15.433 1.0000000000
159428  -17.024  -57.002  15.847 1.0000000000
159429  -16.039  -56.751  15.678 1.0000000000
159430  -15.047  -56.617  15.424 1.0000000000
159431  -14.029  -56.516  15.175 1.0000000000
159432  -13.923  -56.558  14.647 1.0000000000
159433  -13.792  -56.662  14.128 1.0000000000
159434  -13.653  -56.791  13.589 1.0000000000
159435  -15.216  -57.231  13.512 1.0000000000
159436  -14.349  -57.091  13.299 1.0000000000
159437  -13.533  -56.942  13.029 1.0000000000
159438  -13.412  -57.067  12.528 1.0000000000
159439  -13.260  -57.130  12.041 1.0000000000
159440  -13.048  -57.174  11.587 1.0000000000
159443  -14.913  -58.254  10.903 1.0000000000
159444  -15.934  -58.473  11.458 1.0000000000
159445  -15.734  -58.579  11.003 1.0000000000
159446  -15.598  -58.633  10.565 1.0000000000
159447  -16.295  -58.973  10.223 1.0000000000
159450  -19.341  -60.009  11.734 1.0000000000
159451  -19.113  -60.056  11.271 1.0000000000
159452  -18.897  -60.085  10.810 1.0000000000
159453  -20.263  -61.293  10.535 1.0000000000
159454  -19.552  -60.672  10.421 1.0000000000
159455  -18.766  -60.125  10.356 1.0000000000
159456  -18.619  -60.148  9.927 1.0000000000
159457  -18.582  -60.102  9.532 1.0000000000
