#!ascii label  , from subject 40tvs8ref_sym_20 vox2ras=TkReg
301
609  -60.049  -7.682  -27.352 1.0000000000
612  -49.780  -9.833  -32.390 1.0000000000
2463  -57.578  -14.271  -25.826 1.0000000000
2470  -56.516  -2.192  -30.944 1.0000000000
2471  -53.982  -8.962  -29.115 1.0000000000
2472  -53.533  -16.187  -29.502 1.0000000000
5512  -58.789  -11.085  -26.716 1.0000000000
5531  -50.027  -6.074  -32.174 1.0000000000
5532  -52.559  -5.896  -31.147 1.0000000000
5533  -51.061  -9.429  -30.055 1.0000000000
5534  -52.797  -12.544  -28.374 1.0000000000
5535  -51.265  -13.121  -30.836 1.0000000000
9966  -58.153  -5.018  -29.159 1.0000000000
9967  -54.130  -2.840  -32.489 1.0000000000
9968  -55.551  -5.658  -30.379 1.0000000000
9969  -57.109  -8.502  -28.409 1.0000000000
9970  -55.678  -11.850  -27.431 1.0000000000
9971  -54.840  -15.329  -27.011 1.0000000000
13190  -60.686  -8.943  -26.543 1.0000000000
13191  -60.062  -10.652  -26.250 1.0000000000
13192  -59.506  -9.390  -27.121 1.0000000000
13211  -49.642  -7.945  -32.104 1.0000000000
13212  -50.543  -7.722  -31.100 1.0000000000
13213  -50.206  -9.645  -31.053 1.0000000000
13214  -50.844  -11.321  -30.162 1.0000000000
13215  -50.400  -11.519  -31.571 1.0000000000
13216  -51.239  -13.142  -32.218 1.0000000000
13217  -50.320  -11.529  -32.892 1.0000000000
22293  -58.807  -13.885  -25.460 1.0000000000
22297  -56.982  -15.921  -25.553 1.0000000000
22350  -57.367  -3.609  -30.032 1.0000000000
22354  -53.224  -7.470  -30.106 1.0000000000
22355  -54.074  -5.804  -30.776 1.0000000000
22356  -54.802  -7.288  -29.750 1.0000000000
22357  -56.304  -7.096  -29.430 1.0000000000
22358  -55.612  -8.751  -28.778 1.0000000000
22359  -56.378  -10.152  -27.926 1.0000000000
22360  -54.844  -10.405  -28.234 1.0000000000
22361  -52.834  -14.424  -28.718 1.0000000000
22362  -53.841  -14.038  -27.668 1.0000000000
22363  -53.929  -15.869  -28.058 1.0000000000
22364  -54.910  -17.111  -27.449 1.0000000000
22365  -54.566  -17.503  -28.827 1.0000000000
22367  -54.568  -17.599  -30.159 1.0000000000
28353  -59.379  -12.308  -25.882 1.0000000000
28354  -58.187  -12.669  -26.242 1.0000000000
28387  -50.665  -4.426  -32.690 1.0000000000
28388  -52.013  -4.420  -32.247 1.0000000000
28389  -51.199  -5.960  -31.577 1.0000000000
28390  -51.733  -7.531  -30.462 1.0000000000
28391  -52.431  -9.180  -29.542 1.0000000000
28392  -53.240  -10.698  -28.605 1.0000000000
28393  -51.828  -10.957  -29.187 1.0000000000
28394  -51.750  -12.909  -29.442 1.0000000000
28395  -52.384  -14.695  -30.210 1.0000000000
28396  -53.484  -16.181  -30.905 1.0000000000
28397  -52.285  -14.755  -31.599 1.0000000000
31843  -49.537  -4.526  -33.304 1.0000000000
31844  -49.109  -6.277  -33.115 1.0000000000
31845  -49.077  -8.134  -33.374 1.0000000000
31846  -49.595  -9.829  -33.703 1.0000000000
40134  -59.087  -6.358  -28.288 1.0000000000
40137  -55.371  -2.552  -31.824 1.0000000000
40138  -53.424  -4.363  -31.862 1.0000000000
40139  -54.854  -4.263  -31.405 1.0000000000
40140  -56.133  -3.987  -30.853 1.0000000000
40141  -56.899  -5.401  -29.844 1.0000000000
40142  -57.708  -6.847  -28.914 1.0000000000
40143  -58.633  -8.185  -28.004 1.0000000000
40144  -57.975  -9.839  -27.589 1.0000000000
40145  -57.213  -11.506  -27.111 1.0000000000
40146  -56.574  -13.131  -26.604 1.0000000000
40147  -54.160  -12.234  -27.838 1.0000000000
40148  -55.129  -13.576  -27.053 1.0000000000
40149  -56.083  -14.751  -26.275 1.0000000000
40150  -55.776  -16.539  -26.316 1.0000000000
40156  -54.819  -17.526  -31.523 1.0000000000
43908  -60.602  -7.338  -26.939 1.0000000000
43910  -60.446  -8.264  -26.920 1.0000000000
43911  -60.123  -9.177  -26.852 1.0000000000
43912  -59.795  -8.564  -27.274 1.0000000000
43931  -49.679  -8.896  -32.200 1.0000000000
43932  -49.953  -8.771  -31.558 1.0000000000
43933  -49.958  -9.747  -31.679 1.0000000000
43934  -50.227  -10.601  -31.212 1.0000000000
43935  -50.023  -10.682  -31.948 1.0000000000
43936  -50.329  -11.543  -32.218 1.0000000000
43937  -50.012  -10.700  -32.575 1.0000000000
53013  -58.183  -14.076  -25.649 1.0000000000
53016  -57.584  -15.703  -25.325 1.0000000000
53017  -57.257  -15.099  -25.670 1.0000000000
53066  -56.654  -1.186  -30.782 1.0000000000
53070  -56.956  -2.829  -30.482 1.0000000000
53074  -53.584  -8.218  -29.610 1.0000000000
53075  -54.014  -7.391  -29.913 1.0000000000
53076  -54.347  -8.120  -29.421 1.0000000000
53077  -55.136  -8.060  -29.278 1.0000000000
53078  -54.773  -8.868  -28.945 1.0000000000
53079  -55.198  -9.578  -28.465 1.0000000000
53080  -54.385  -9.702  -28.634 1.0000000000
53081  -53.117  -15.293  -29.092 1.0000000000
53082  -53.397  -15.150  -28.397 1.0000000000
53083  -53.628  -16.018  -28.727 1.0000000000
53084  -54.160  -16.696  -28.437 1.0000000000
53085  -54.022  -16.818  -29.166 1.0000000000
53086  -54.511  -17.581  -29.487 1.0000000000
53087  -53.993  -16.878  -29.816 1.0000000000
62613  -59.448  -10.868  -26.497 1.0000000000
62614  -59.725  -11.505  -26.064 1.0000000000
62615  -59.133  -11.708  -26.295 1.0000000000
62616  -58.791  -12.491  -26.071 1.0000000000
62617  -58.512  -11.903  -26.493 1.0000000000
62671  -50.295  -5.209  -32.404 1.0000000000
62672  -50.911  -5.193  -32.102 1.0000000000
62673  -50.585  -6.015  -31.828 1.0000000000
62674  -50.785  -8.561  -30.614 1.0000000000
62675  -51.112  -7.625  -30.750 1.0000000000
62676  -51.401  -8.451  -30.279 1.0000000000
62677  -52.089  -8.357  -30.008 1.0000000000
62678  -51.728  -9.265  -29.773 1.0000000000
62679  -52.077  -10.025  -29.314 1.0000000000
62680  -51.434  -10.183  -29.637 1.0000000000
62681  -50.967  -12.253  -30.471 1.0000000000
62682  -51.278  -12.127  -29.796 1.0000000000
62683  -51.426  -13.016  -30.117 1.0000000000
62684  -51.947  -13.837  -29.774 1.0000000000
62685  -51.762  -13.942  -30.592 1.0000000000
62686  -52.292  -14.736  -30.900 1.0000000000
62687  -51.732  -13.980  -31.240 1.0000000000
69882  -48.829  -5.470  -33.670 1.0000000000
69883  -48.713  -6.392  -33.684 1.0000000000
69884  -49.033  -7.189  -33.162 1.0000000000
69886  -48.876  -8.160  -33.967 1.0000000000
90088  -58.779  -4.724  -28.652 1.0000000000
90090  -58.597  -5.687  -28.714 1.0000000000
90096  -54.393  -2.042  -32.727 1.0000000000
90098  -54.760  -2.698  -32.147 1.0000000000
90099  -52.276  -5.158  -31.683 1.0000000000
90100  -52.709  -4.404  -32.049 1.0000000000
90101  -53.032  -5.084  -31.498 1.0000000000
90102  -54.836  -5.739  -30.601 1.0000000000
90103  -54.499  -5.017  -31.098 1.0000000000
90104  -55.205  -4.935  -30.894 1.0000000000
90105  -55.521  -4.155  -31.182 1.0000000000
90106  -55.888  -4.844  -30.654 1.0000000000
90107  -56.529  -4.722  -30.362 1.0000000000
90108  -56.237  -5.546  -30.122 1.0000000000
90109  -56.709  -7.835  -28.917 1.0000000000
90110  -57.017  -6.999  -29.175 1.0000000000
90111  -57.441  -7.666  -28.687 1.0000000000
90112  -58.173  -7.506  -28.472 1.0000000000
90113  -57.878  -8.365  -28.216 1.0000000000
90114  -58.321  -9.008  -27.784 1.0000000000
90115  -57.540  -9.170  -27.989 1.0000000000
90116  -55.981  -10.985  -27.668 1.0000000000
90117  -56.779  -10.818  -27.525 1.0000000000
90118  -56.440  -11.686  -27.248 1.0000000000
90119  -56.904  -12.314  -26.836 1.0000000000
90120  -56.113  -12.527  -26.996 1.0000000000
90121  -52.979  -11.606  -28.471 1.0000000000
90122  -53.734  -11.452  -28.219 1.0000000000
90123  -53.463  -12.369  -28.059 1.0000000000
90124  -54.328  -14.706  -27.337 1.0000000000
90125  -54.448  -13.808  -27.327 1.0000000000
90126  -54.945  -14.454  -26.964 1.0000000000
90127  -55.623  -14.169  -26.674 1.0000000000
90128  -55.421  -15.022  -26.606 1.0000000000
90129  -55.877  -15.656  -26.273 1.0000000000
90130  -55.277  -15.934  -26.690 1.0000000000
90131  -55.210  -17.963  -27.797 1.0000000000
90132  -55.416  -17.708  -27.117 1.0000000000
90143  -53.522  -16.150  -31.609 1.0000000000
90144  -54.154  -16.893  -31.227 1.0000000000
90145  -54.262  -16.814  -31.912 1.0000000000
97471  -60.652  -10.434  -25.965 1.0000000000
97472  -60.375  -9.803  -26.407 1.0000000000
97473  -59.777  -10.032  -26.671 1.0000000000
97474  -59.137  -10.269  -26.930 1.0000000000
97507  -49.809  -7.009  -32.105 1.0000000000
97508  -50.306  -6.911  -31.649 1.0000000000
97509  -50.075  -7.829  -31.560 1.0000000000
97510  -50.279  -8.665  -31.033 1.0000000000
97511  -50.571  -9.498  -30.495 1.0000000000
97512  -50.912  -10.305  -30.057 1.0000000000
97513  -50.499  -10.446  -30.596 1.0000000000
97514  -50.548  -11.446  -30.827 1.0000000000
97515  -50.802  -12.327  -31.207 1.0000000000
97516  -51.206  -13.165  -31.531 1.0000000000
97517  -50.752  -12.359  -31.851 1.0000000000
97518  -50.754  -12.356  -32.544 1.0000000000
113855  -59.403  -13.678  -25.267 1.0000000000
113958  -57.748  -4.308  -29.607 1.0000000000
113964  -52.907  -6.676  -30.616 1.0000000000
113965  -53.315  -5.817  -30.960 1.0000000000
113966  -53.668  -6.628  -30.433 1.0000000000
113967  -54.454  -6.565  -30.233 1.0000000000
113968  -55.224  -6.462  -30.068 1.0000000000
113969  -55.937  -6.373  -29.914 1.0000000000
113970  -55.564  -7.200  -29.606 1.0000000000
113971  -55.929  -7.968  -29.120 1.0000000000
113972  -56.358  -8.642  -28.605 1.0000000000
113973  -56.723  -9.350  -28.161 1.0000000000
113974  -55.971  -9.449  -28.308 1.0000000000
113975  -55.603  -10.285  -28.077 1.0000000000
113976  -55.243  -11.142  -27.865 1.0000000000
113977  -52.749  -13.515  -28.489 1.0000000000
113978  -53.321  -13.340  -28.045 1.0000000000
113979  -53.289  -14.244  -28.122 1.0000000000
113980  -53.796  -14.963  -27.809 1.0000000000
113981  -54.347  -15.617  -27.489 1.0000000000
113982  -54.767  -16.239  -27.160 1.0000000000
113983  -54.440  -16.490  -27.737 1.0000000000
113984  -54.669  -17.342  -28.103 1.0000000000
127596  -60.018  -12.105  -25.666 1.0000000000
127597  -59.679  -12.892  -25.479 1.0000000000
127598  -59.089  -13.092  -25.681 1.0000000000
127599  -58.482  -13.284  -25.868 1.0000000000
127600  -57.846  -13.455  -26.021 1.0000000000
127675  -51.023  -3.683  -33.040 1.0000000000
127676  -51.721  -3.679  -32.845 1.0000000000
127677  -51.296  -4.435  -32.428 1.0000000000
127678  -51.591  -5.163  -31.878 1.0000000000
127679  -51.864  -5.934  -31.346 1.0000000000
127680  -50.833  -6.842  -31.285 1.0000000000
127681  -51.461  -6.760  -31.016 1.0000000000
127682  -52.182  -6.735  -30.818 1.0000000000
127683  -52.470  -7.493  -30.286 1.0000000000
127684  -52.837  -8.299  -29.788 1.0000000000
127685  -53.202  -9.064  -29.321 1.0000000000
127686  -53.592  -9.807  -28.838 1.0000000000
127687  -52.852  -9.885  -29.061 1.0000000000
127688  -52.497  -10.816  -28.851 1.0000000000
127689  -52.268  -11.789  -28.780 1.0000000000
127690  -51.266  -11.138  -29.636 1.0000000000
127691  -51.690  -11.951  -29.220 1.0000000000
127692  -52.234  -12.739  -28.832 1.0000000000
127693  -52.257  -13.666  -29.075 1.0000000000
127694  -52.565  -14.597  -29.442 1.0000000000
127695  -52.961  -15.408  -29.844 1.0000000000
127696  -53.484  -16.185  -30.199 1.0000000000
127697  -52.887  -15.468  -30.527 1.0000000000
127698  -52.869  -15.473  -31.225 1.0000000000
127700  -51.733  -13.960  -31.890 1.0000000000
136819  -60.225  -6.699  -27.324 1.0000000000
136898  -50.076  -4.459  -32.959 1.0000000000
136899  -49.747  -5.241  -32.700 1.0000000000
136900  -49.044  -4.631  -33.722 1.0000000000
136901  -49.292  -5.317  -33.138 1.0000000000
136902  -49.547  -6.150  -32.606 1.0000000000
136903  -49.400  -7.098  -32.605 1.0000000000
136904  -49.331  -8.047  -32.700 1.0000000000
136905  -49.476  -9.005  -32.881 1.0000000000
136906  -49.659  -9.868  -32.987 1.0000000000
136907  -49.299  -9.025  -33.495 1.0000000000
136908  -49.139  -9.020  -34.114 1.0000000000
161358  -59.580  -7.020  -27.824 1.0000000000
161366  -55.533  -1.695  -31.860 1.0000000000
161367  -55.966  -2.401  -31.424 1.0000000000
161368  -52.423  -3.698  -32.673 1.0000000000
161370  -53.818  -3.601  -32.249 1.0000000000
161371  -53.767  -5.059  -31.305 1.0000000000
161372  -54.129  -4.311  -31.637 1.0000000000
161373  -54.493  -3.538  -31.951 1.0000000000
161374  -55.109  -3.430  -31.669 1.0000000000
161375  -55.718  -3.277  -31.299 1.0000000000
161376  -56.338  -3.074  -30.920 1.0000000000
161377  -56.745  -3.819  -30.471 1.0000000000
161378  -57.141  -4.564  -30.037 1.0000000000
161379  -57.519  -5.250  -29.537 1.0000000000
161380  -56.595  -6.265  -29.666 1.0000000000
161381  -57.272  -6.126  -29.362 1.0000000000
161382  -57.962  -5.959  -29.037 1.0000000000
161383  -58.380  -6.627  -28.636 1.0000000000
161384  -58.893  -7.285  -28.205 1.0000000000
161385  -59.348  -7.940  -27.712 1.0000000000
161386  -59.050  -8.814  -27.556 1.0000000000
161387  -58.746  -9.647  -27.365 1.0000000000
161388  -58.366  -10.476  -27.173 1.0000000000
161389  -57.172  -9.983  -27.765 1.0000000000
161390  -57.586  -10.657  -27.360 1.0000000000
161391  -57.987  -11.304  -26.938 1.0000000000
161392  -57.698  -12.100  -26.688 1.0000000000
161393  -57.402  -12.884  -26.426 1.0000000000
161394  -57.094  -13.708  -26.209 1.0000000000
161395  -54.004  -10.576  -28.411 1.0000000000
161396  -54.466  -11.313  -28.031 1.0000000000
161397  -54.917  -12.041  -27.630 1.0000000000
161398  -53.940  -13.137  -27.703 1.0000000000
161399  -54.628  -12.908  -27.460 1.0000000000
161400  -55.339  -12.712  -27.229 1.0000000000
161401  -55.850  -13.338  -26.811 1.0000000000
161402  -56.353  -13.944  -26.424 1.0000000000
161403  -56.818  -14.534  -26.055 1.0000000000
161404  -56.545  -15.371  -25.936 1.0000000000
161405  -56.323  -16.238  -25.894 1.0000000000
161406  -56.214  -17.101  -25.970 1.0000000000
161407  -55.297  -16.839  -26.859 1.0000000000
161408  -55.770  -17.411  -26.505 1.0000000000
161422  -54.021  -16.909  -30.495 1.0000000000
161423  -54.675  -17.581  -30.828 1.0000000000
161440  -50.003  -10.675  -33.276 1.0000000000
