#!ascii label  , from subject 40tvs8ref_sym_20 vox2ras=TkReg
228
137  -22.437  -68.295  17.633 1.0000000000
1300  -20.902  -61.794  23.776 1.0000000000
1302  -21.651  -59.869  20.238 1.0000000000
3179  -21.928  -67.560  16.257 1.0000000000
3181  -17.520  -69.059  16.190 1.0000000000
3220  -23.919  -64.519  21.230 1.0000000000
3221  -21.553  -60.677  22.137 1.0000000000
3222  -24.001  -63.799  19.165 1.0000000000
3223  -23.603  -63.268  17.377 1.0000000000
6950  -17.219  -60.368  23.413 1.0000000000
7787  -22.861  -68.990  19.345 1.0000000000
7788  -18.531  -70.772  16.875 1.0000000000
7789  -19.625  -72.220  17.598 1.0000000000
7848  -19.950  -62.621  25.206 1.0000000000
7849  -23.339  -65.138  23.194 1.0000000000
10859  -22.163  -67.939  16.882 1.0000000000
10860  -19.688  -68.592  15.963 1.0000000000
10861  -20.125  -69.121  16.465 1.0000000000
10900  -23.812  -66.558  19.438 1.0000000000
10901  -24.055  -64.137  20.194 1.0000000000
10902  -23.729  -66.229  18.415 1.0000000000
10903  -23.573  -65.881  17.570 1.0000000000
15420  -18.679  -61.577  24.314 1.0000000000
15422  -19.062  -60.918  23.678 1.0000000000
15423  -21.665  -60.255  21.240 1.0000000000
15424  -19.671  -59.571  22.232 1.0000000000
15425  -19.843  -59.076  21.432 1.0000000000
15430  -23.118  -65.368  15.999 1.0000000000
17099  -22.958  -69.251  20.323 1.0000000000
17100  -21.435  -70.796  18.196 1.0000000000
17101  -21.737  -71.157  19.097 1.0000000000
17231  -22.943  -65.326  24.129 1.0000000000
17232  -23.491  -67.323  22.379 1.0000000000
17233  -23.652  -67.110  21.386 1.0000000000
24155  -21.707  -67.220  15.629 1.0000000000
24157  -19.409  -68.154  15.428 1.0000000000
24158  -17.246  -68.455  15.676 1.0000000000
24228  -22.847  -62.801  22.732 1.0000000000
24229  -21.278  -61.238  22.982 1.0000000000
24230  -23.131  -62.381  21.754 1.0000000000
24231  -23.251  -61.984  20.746 1.0000000000
24232  -23.197  -61.628  19.754 1.0000000000
24233  -23.045  -61.333  18.836 1.0000000000
24234  -23.821  -63.516  18.247 1.0000000000
24235  -23.352  -65.567  16.774 1.0000000000
31577  -19.442  -60.195  22.999 1.0000000000
33755  -22.649  -68.731  18.405 1.0000000000
33756  -20.537  -69.781  16.931 1.0000000000
33757  -20.957  -70.356  17.439 1.0000000000
33758  -19.101  -71.533  17.150 1.0000000000
33920  -20.496  -62.270  24.481 1.0000000000
33921  -21.430  -63.741  25.330 1.0000000000
33922  -21.995  -63.510  24.535 1.0000000000
33923  -22.492  -63.208  23.622 1.0000000000
33924  -23.679  -64.886  22.206 1.0000000000
33925  -23.754  -66.830  20.362 1.0000000000
39046  -17.952  -69.876  16.589 1.0000000000
41579  -22.283  -68.101  17.266 1.0000000000
41580  -21.171  -68.602  16.615 1.0000000000
41581  -21.369  -68.872  16.885 1.0000000000
41620  -23.233  -67.494  18.505 1.0000000000
41621  -23.739  -66.359  18.924 1.0000000000
41622  -23.176  -67.312  18.031 1.0000000000
41623  -23.051  -67.153  17.581 1.0000000000
46140  -19.791  -61.597  24.107 1.0000000000
46141  -18.855  -61.264  24.007 1.0000000000
46142  -19.980  -61.314  23.749 1.0000000000
46143  -21.660  -60.068  20.725 1.0000000000
46144  -20.759  -59.584  21.375 1.0000000000
46145  -20.769  -59.400  20.880 1.0000000000
46146  -19.853  -58.876  20.972 1.0000000000
46149  -21.625  -59.747  19.761 1.0000000000
46150  -22.501  -66.319  15.440 1.0000000000
46151  -23.015  -65.298  15.635 1.0000000000
47819  -22.979  -69.344  20.844 1.0000000000
47820  -22.388  -70.236  19.668 1.0000000000
47952  -23.310  -68.378  21.940 1.0000000000
47953  -23.374  -68.297  21.400 1.0000000000
55619  -21.854  -67.357  15.962 1.0000000000
55620  -20.640  -67.816  15.443 1.0000000000
55621  -20.725  -67.939  15.780 1.0000000000
55622  -18.558  -68.897  16.010 1.0000000000
55623  -18.425  -68.589  15.793 1.0000000000
55624  -17.348  -68.722  15.964 1.0000000000
55625  -16.206  -68.552  15.841 1.0000000000
55740  -23.494  -63.611  22.053 1.0000000000
55741  -22.994  -62.591  22.269 1.0000000000
55742  -23.616  -63.390  21.539 1.0000000000
55743  -24.029  -63.983  19.666 1.0000000000
55744  -23.776  -63.016  20.478 1.0000000000
55745  -23.785  -62.831  19.971 1.0000000000
55746  -23.255  -61.791  20.245 1.0000000000
55747  -23.720  -62.668  19.468 1.0000000000
55748  -23.682  -62.484  19.008 1.0000000000
55749  -23.973  -63.636  18.708 1.0000000000
55750  -22.863  -66.854  16.801 1.0000000000
55751  -23.519  -65.742  17.146 1.0000000000
55752  -22.792  -66.632  16.497 1.0000000000
55753  -22.714  -66.504  16.127 1.0000000000
69303  -17.043  -60.777  23.706 1.0000000000
69305  -16.132  -60.637  23.500 1.0000000000
69308  -21.449  -60.921  22.578 1.0000000000
69309  -20.379  -60.656  23.016 1.0000000000
69310  -20.527  -60.336  22.639 1.0000000000
69330  -23.472  -62.272  18.091 1.0000000000
74339  -22.776  -68.840  18.881 1.0000000000
74340  -21.865  -69.607  17.857 1.0000000000
74341  -22.014  -69.767  18.299 1.0000000000
74342  -20.546  -71.552  17.817 1.0000000000
74343  -20.291  -71.300  17.471 1.0000000000
74344  -19.361  -71.915  17.311 1.0000000000
74727  -19.104  -62.284  25.041 1.0000000000
74729  -20.237  -62.491  24.821 1.0000000000
74731  -21.139  -63.816  25.742 1.0000000000
74732  -22.035  -64.528  25.262 1.0000000000
74733  -23.169  -65.220  23.680 1.0000000000
74734  -22.536  -64.351  24.404 1.0000000000
74735  -22.802  -64.222  23.955 1.0000000000
74736  -22.270  -63.381  24.055 1.0000000000
74737  -23.010  -64.123  23.459 1.0000000000
74738  -23.214  -63.973  23.013 1.0000000000
74739  -23.573  -65.031  22.724 1.0000000000
74740  -23.406  -68.080  20.360 1.0000000000
74741  -23.764  -66.974  20.904 1.0000000000
74742  -23.380  -67.930  19.868 1.0000000000
74743  -23.349  -67.818  19.389 1.0000000000
87367  -19.507  -70.313  16.803 1.0000000000
87368  -19.290  -69.930  16.628 1.0000000000
87369  -18.241  -70.331  16.730 1.0000000000
93275  -22.044  -67.756  16.549 1.0000000000
93276  -20.840  -68.159  16.044 1.0000000000
93277  -21.054  -68.399  16.307 1.0000000000
93278  -19.909  -68.863  16.195 1.0000000000
93279  -18.802  -69.174  16.248 1.0000000000
93348  -23.985  -65.519  20.326 1.0000000000
93349  -23.952  -64.335  20.702 1.0000000000
93350  -24.111  -65.324  19.817 1.0000000000
93351  -24.011  -65.174  19.305 1.0000000000
93352  -24.014  -65.017  18.809 1.0000000000
93353  -23.953  -64.851  18.368 1.0000000000
93354  -23.642  -66.053  17.966 1.0000000000
93355  -22.992  -67.019  17.174 1.0000000000
101487  -17.955  -60.981  23.883 1.0000000000
101488  -18.153  -60.596  23.574 1.0000000000
101489  -21.592  -60.462  21.696 1.0000000000
101490  -20.602  -60.056  22.243 1.0000000000
101491  -20.685  -59.840  21.789 1.0000000000
101492  -19.758  -59.333  21.844 1.0000000000
101502  -23.525  -64.321  16.665 1.0000000000
101503  -23.470  -63.118  16.965 1.0000000000
104507  -22.916  -69.137  19.802 1.0000000000
104508  -22.204  -69.974  18.715 1.0000000000
104509  -22.298  -70.096  19.190 1.0000000000
104510  -21.590  -70.971  18.650 1.0000000000
104511  -20.764  -71.792  18.205 1.0000000000
104741  -19.658  -62.813  25.531 1.0000000000
104743  -22.693  -65.401  24.587 1.0000000000
104744  -23.158  -66.367  23.790 1.0000000000
104745  -23.349  -66.312  23.288 1.0000000000
104746  -23.494  -66.211  22.824 1.0000000000
104747  -23.691  -66.116  22.385 1.0000000000
104748  -23.614  -67.234  21.899 1.0000000000
104749  -23.374  -68.207  20.864 1.0000000000
112325  -17.304  -70.679  16.981 1.0000000000
117803  -21.641  -67.162  15.289 1.0000000000
117807  -18.188  -68.151  15.208 1.0000000000
117808  -19.530  -68.346  15.713 1.0000000000
117809  -18.302  -68.337  15.532 1.0000000000
117811  -16.134  -68.317  15.495 1.0000000000
117972  -21.960  -62.160  23.324 1.0000000000
117973  -21.120  -61.472  23.411 1.0000000000
117974  -22.129  -61.945  22.884 1.0000000000
117975  -22.307  -61.692  22.442 1.0000000000
117976  -22.421  -61.462  21.962 1.0000000000
117977  -23.691  -63.202  21.017 1.0000000000
117978  -23.228  -62.173  21.243 1.0000000000
117979  -22.498  -61.228  21.481 1.0000000000
117980  -22.522  -61.056  21.005 1.0000000000
117981  -22.511  -60.876  20.511 1.0000000000
117982  -22.475  -60.681  20.026 1.0000000000
117983  -22.431  -60.539  19.546 1.0000000000
117984  -23.126  -61.439  19.309 1.0000000000
117985  -23.550  -62.376  18.551 1.0000000000
117986  -23.752  -63.385  17.800 1.0000000000
117987  -23.841  -64.698  17.925 1.0000000000
117988  -23.778  -64.603  17.473 1.0000000000
117989  -23.615  -64.424  17.074 1.0000000000
117990  -23.308  -65.424  16.379 1.0000000000
117991  -22.554  -66.369  15.786 1.0000000000
136175  -20.184  -60.952  23.404 1.0000000000
136176  -19.279  -60.522  23.368 1.0000000000
136177  -18.336  -60.198  23.254 1.0000000000
136178  -19.546  -59.887  22.633 1.0000000000
136179  -18.443  -59.853  22.933 1.0000000000
136180  -17.377  -59.967  23.142 1.0000000000
136203  -22.370  -60.417  19.070 1.0000000000
142379  -22.546  -68.512  18.028 1.0000000000
142380  -21.536  -69.099  17.224 1.0000000000
142381  -21.684  -69.375  17.526 1.0000000000
142382  -20.731  -70.075  17.179 1.0000000000
142383  -19.771  -70.667  16.972 1.0000000000
142384  -21.184  -70.579  17.826 1.0000000000
142385  -20.030  -70.992  17.209 1.0000000000
142386  -18.823  -71.169  16.924 1.0000000000
142391  -20.992  -72.001  18.608 1.0000000000
142395  -18.712  -72.759  17.588 1.0000000000
142855  -19.578  -61.854  24.429 1.0000000000
142856  -20.709  -62.058  24.138 1.0000000000
142858  -20.440  -63.214  25.682 1.0000000000
142859  -20.726  -63.099  25.309 1.0000000000
142860  -22.304  -64.461  24.818 1.0000000000
142861  -21.702  -63.605  24.965 1.0000000000
142862  -21.039  -62.986  24.910 1.0000000000
142863  -21.357  -62.839  24.507 1.0000000000
142864  -21.567  -62.659  24.113 1.0000000000
142865  -21.778  -62.416  23.725 1.0000000000
142866  -22.676  -63.009  23.196 1.0000000000
142867  -23.370  -63.789  22.542 1.0000000000
142868  -23.798  -64.709  21.728 1.0000000000
142869  -23.763  -65.996  21.836 1.0000000000
142870  -23.893  -65.849  21.318 1.0000000000
142871  -23.953  -65.687  20.808 1.0000000000
142872  -23.773  -66.706  19.880 1.0000000000
142873  -23.299  -67.704  18.923 1.0000000000
158092  -20.352  -69.459  16.671 1.0000000000
158093  -19.040  -69.539  16.444 1.0000000000
158094  -17.752  -69.447  16.425 1.0000000000
158096  -16.778  -69.697  16.676 1.0000000000
