#!ascii label  , from subject 40tvs8ref_sym_20 vox2ras=TkReg
165
1716  -10.487  -65.888  26.899 1.0000000000
1717  -18.750  -63.189  26.572 1.0000000000
3819  -9.429  -66.774  28.451 1.0000000000
3821  -17.349  -63.611  28.047 1.0000000000
6035  -11.941  -65.576  29.955 1.0000000000
6948  -16.458  -61.912  24.554 1.0000000000
7844  -11.586  -64.856  25.629 1.0000000000
7845  -13.079  -64.735  28.291 1.0000000000
7846  -14.440  -64.009  26.960 1.0000000000
7847  -15.600  -63.106  25.688 1.0000000000
15421  -16.842  -61.188  23.982 1.0000000000
17215  -8.642  -66.931  26.824 1.0000000000
17217  -9.167  -66.405  26.082 1.0000000000
17218  -9.707  -65.825  25.412 1.0000000000
17219  -11.049  -65.451  26.218 1.0000000000
17220  -13.773  -64.735  29.768 1.0000000000
17221  -12.496  -65.098  29.085 1.0000000000
17222  -14.381  -64.314  28.915 1.0000000000
17223  -18.060  -63.405  27.293 1.0000000000
17224  -15.859  -63.667  27.449 1.0000000000
17225  -16.529  -63.356  26.776 1.0000000000
17226  -15.064  -63.580  26.311 1.0000000000
17227  -17.138  -63.008  26.103 1.0000000000
17228  -17.689  -62.598  25.461 1.0000000000
17229  -19.351  -62.958  25.883 1.0000000000
25306  -8.203  -67.439  27.617 1.0000000000
25307  -9.947  -66.306  27.621 1.0000000000
29443  -13.204  -65.194  30.650 1.0000000000
33908  -12.012  -64.190  25.078 1.0000000000
33909  -10.725  -66.114  29.184 1.0000000000
33910  -11.200  -65.714  28.327 1.0000000000
33911  -11.830  -65.327  27.577 1.0000000000
33912  -15.109  -63.970  28.135 1.0000000000
33913  -13.762  -64.389  27.598 1.0000000000
33914  -12.430  -64.941  26.922 1.0000000000
33915  -13.069  -64.370  26.378 1.0000000000
33916  -13.553  -63.866  25.756 1.0000000000
33917  -14.022  -63.236  25.167 1.0000000000
33918  -16.023  -62.530  25.091 1.0000000000
33919  -18.245  -62.116  24.892 1.0000000000
47935  -9.553  -66.373  26.874 1.0000000000
47936  -8.885  -66.672  26.462 1.0000000000
47937  -9.819  -66.162  26.494 1.0000000000
47938  -10.106  -65.915  26.149 1.0000000000
47939  -10.765  -65.681  26.545 1.0000000000
47940  -14.748  -64.394  29.686 1.0000000000
47941  -14.062  -64.493  29.326 1.0000000000
47943  -18.429  -63.263  26.950 1.0000000000
47944  -17.291  -63.312  27.036 1.0000000000
47945  -17.596  -63.148  26.694 1.0000000000
47946  -16.839  -63.170  26.422 1.0000000000
47947  -17.938  -63.043  26.335 1.0000000000
47948  -18.226  -62.886  26.002 1.0000000000
47949  -19.063  -63.051  26.225 1.0000000000
57535  -8.572  -67.365  28.494 1.0000000000
57536  -7.953  -67.715  28.050 1.0000000000
57537  -8.817  -67.101  28.049 1.0000000000
57538  -9.059  -66.831  27.608 1.0000000000
57539  -9.657  -66.517  28.021 1.0000000000
64736  -12.912  -65.424  31.118 1.0000000000
69304  -15.942  -61.053  23.754 1.0000000000
74695  -10.658  -65.339  25.514 1.0000000000
74697  -10.863  -65.028  25.228 1.0000000000
74699  -11.776  -64.552  25.362 1.0000000000
74700  -11.076  -66.053  30.024 1.0000000000
74701  -10.480  -66.352  29.632 1.0000000000
74702  -11.338  -65.815  29.588 1.0000000000
74703  -12.765  -64.927  28.663 1.0000000000
74704  -11.836  -65.405  28.703 1.0000000000
74705  -12.117  -65.225  28.299 1.0000000000
74706  -11.494  -65.522  27.922 1.0000000000
74707  -12.473  -65.018  27.940 1.0000000000
74708  -16.960  -63.756  28.406 1.0000000000
74709  -15.820  -63.842  28.471 1.0000000000
74710  -16.216  -63.735  28.102 1.0000000000
74711  -15.147  -63.810  27.216 1.0000000000
74712  -14.793  -63.983  27.537 1.0000000000
74713  -14.113  -64.193  27.292 1.0000000000
74714  -13.106  -64.663  27.265 1.0000000000
74715  -13.438  -64.456  26.958 1.0000000000
74716  -12.751  -64.674  26.645 1.0000000000
74717  -13.753  -64.225  26.657 1.0000000000
74718  -15.329  -63.338  26.000 1.0000000000
74719  -14.328  -63.711  26.040 1.0000000000
74720  -14.556  -63.460  25.752 1.0000000000
74721  -13.801  -63.580  25.470 1.0000000000
74722  -14.799  -63.162  25.443 1.0000000000
74723  -15.009  -62.831  25.148 1.0000000000
74724  -15.826  -62.826  25.385 1.0000000000
74725  -18.814  -62.542  25.350 1.0000000000
74726  -17.958  -62.372  25.172 1.0000000000
74728  -19.351  -62.113  24.724 1.0000000000
94427  -9.207  -67.006  28.886 1.0000000000
101484  -17.582  -61.699  24.456 1.0000000000
101485  -16.652  -61.564  24.270 1.0000000000
101486  -17.764  -61.364  24.161 1.0000000000
104715  -7.731  -67.529  26.728 1.0000000000
104717  -7.975  -67.242  26.371 1.0000000000
104721  -9.454  -66.116  25.741 1.0000000000
104722  -10.415  -65.628  25.813 1.0000000000
104723  -11.347  -65.155  25.925 1.0000000000
104724  -12.850  -65.129  29.872 1.0000000000
104725  -12.221  -65.329  29.513 1.0000000000
104726  -13.126  -64.883  29.420 1.0000000000
104727  -13.415  -64.672  29.001 1.0000000000
104728  -13.746  -64.493  28.587 1.0000000000
104729  -17.695  -63.525  27.659 1.0000000000
104730  -16.570  -63.588  27.737 1.0000000000
104731  -16.924  -63.459  27.384 1.0000000000
104732  -16.209  -63.486  27.117 1.0000000000
104733  -15.459  -63.660  26.880 1.0000000000
104734  -14.759  -63.816  26.624 1.0000000000
104735  -15.785  -63.467  26.533 1.0000000000
104736  -16.103  -63.235  26.221 1.0000000000
104737  -16.365  -63.036  25.884 1.0000000000
104738  -16.618  -62.816  25.577 1.0000000000
104739  -17.419  -62.821  25.772 1.0000000000
104740  -18.530  -62.721  25.675 1.0000000000
120487  -7.300  -68.079  27.569 1.0000000000
120488  -7.520  -67.809  27.138 1.0000000000
120489  -8.410  -67.185  27.166 1.0000000000
120490  -9.318  -66.597  27.229 1.0000000000
120491  -10.210  -66.091  27.244 1.0000000000
120496  -18.067  -63.848  28.290 1.0000000000
120500  -18.830  -63.632  27.527 1.0000000000
120501  -19.199  -63.553  27.149 1.0000000000
120502  -19.536  -63.486  26.778 1.0000000000
120503  -19.847  -63.403  26.415 1.0000000000
130382  -11.672  -65.798  30.397 1.0000000000
130384  -12.318  -65.562  30.774 1.0000000000
130385  -12.580  -65.360  30.310 1.0000000000
130386  -13.501  -64.968  30.192 1.0000000000
136169  -15.760  -61.464  24.024 1.0000000000
142815  -8.946  -66.015  24.987 1.0000000000
142819  -11.301  -64.293  24.690 1.0000000000
142823  -10.069  -66.443  28.822 1.0000000000
142824  -11.578  -65.585  29.135 1.0000000000
142825  -10.926  -65.890  28.755 1.0000000000
142826  -10.288  -66.218  28.391 1.0000000000
142827  -10.568  -66.016  27.974 1.0000000000
142828  -10.862  -65.819  27.601 1.0000000000
142829  -11.146  -65.630  27.227 1.0000000000
142830  -15.438  -64.034  28.854 1.0000000000
142831  -14.761  -64.148  28.522 1.0000000000
142832  -14.088  -64.326  28.224 1.0000000000
142833  -15.487  -63.828  27.802 1.0000000000
142834  -14.420  -64.143  27.897 1.0000000000
142835  -13.429  -64.550  27.943 1.0000000000
142836  -12.816  -64.838  27.593 1.0000000000
142837  -12.127  -65.145  27.234 1.0000000000
142838  -11.436  -65.425  26.904 1.0000000000
142839  -11.718  -65.222  26.576 1.0000000000
142840  -12.043  -64.913  26.307 1.0000000000
142841  -12.321  -64.637  26.013 1.0000000000
142842  -14.063  -63.960  26.345 1.0000000000
142843  -13.317  -64.133  26.049 1.0000000000
142844  -12.539  -64.337  25.728 1.0000000000
142845  -12.768  -64.041  25.436 1.0000000000
142846  -12.990  -63.710  25.155 1.0000000000
142850  -16.248  -62.236  24.816 1.0000000000
142851  -16.860  -62.542  25.293 1.0000000000
142852  -17.113  -62.279  25.004 1.0000000000
142853  -17.373  -61.996  24.732 1.0000000000
142854  -18.472  -61.856  24.608 1.0000000000
142857  -20.127  -63.329  26.056 1.0000000000
