#!ascii label  , from subject 40tvs8ref_sym_20 vox2ras=TkReg
185
128  -52.104  -38.992  17.025 1.0000000000
1661  -52.018  -36.744  13.630 1.0000000000
3129  -54.961  -38.169  15.580 1.0000000000
3728  -46.206  -38.378  14.181 1.0000000000
5070  -52.003  -35.493  12.048 1.0000000000
5071  -55.102  -35.612  12.521 1.0000000000
7714  -49.322  -38.916  16.701 1.0000000000
7715  -52.054  -37.826  15.336 1.0000000000
7716  -49.178  -38.025  14.857 1.0000000000
7717  -49.016  -36.993  12.940 1.0000000000
9412  -54.953  -36.950  14.021 1.0000000000
9413  -58.113  -36.059  12.764 1.0000000000
10809  -53.509  -38.535  16.287 1.0000000000
12750  -52.064  -34.765  11.286 1.0000000000
12751  -53.692  -34.770  11.653 1.0000000000
16943  -49.283  -38.471  15.790 1.0000000000
16944  -47.828  -38.674  15.471 1.0000000000
16945  -46.062  -37.838  13.279 1.0000000000
16946  -47.607  -37.710  13.519 1.0000000000
16947  -47.494  -37.124  12.593 1.0000000000
16948  -48.960  -36.362  12.040 1.0000000000
20970  -52.029  -37.289  14.445 1.0000000000
20971  -53.477  -37.365  14.652 1.0000000000
20972  -53.496  -36.775  13.826 1.0000000000
20974  -56.609  -35.823  12.624 1.0000000000
27558  -52.015  -36.151  12.831 1.0000000000
27559  -53.576  -36.183  13.078 1.0000000000
27560  -53.601  -35.510  12.331 1.0000000000
27561  -55.217  -34.876  11.816 1.0000000000
33556  -50.714  -38.859  16.893 1.0000000000
33557  -52.066  -38.380  16.198 1.0000000000
33558  -50.666  -38.355  16.052 1.0000000000
33559  -50.610  -37.852  15.142 1.0000000000
33560  -50.546  -37.376  14.254 1.0000000000
33561  -47.690  -38.228  14.457 1.0000000000
33562  -49.054  -37.556  13.872 1.0000000000
33563  -50.510  -36.851  13.350 1.0000000000
33564  -50.504  -36.271  12.481 1.0000000000
33565  -50.474  -35.557  11.652 1.0000000000
38476  -53.503  -37.946  15.498 1.0000000000
38477  -54.951  -37.566  14.817 1.0000000000
38478  -56.463  -37.178  14.156 1.0000000000
38479  -55.038  -36.309  13.242 1.0000000000
38480  -56.553  -36.518  13.341 1.0000000000
41527  -52.789  -39.033  17.043 1.0000000000
41528  -53.509  -38.812  16.668 1.0000000000
41529  -52.811  -38.749  16.656 1.0000000000
43470  -52.099  -34.380  10.947 1.0000000000
43471  -52.899  -34.378  11.124 1.0000000000
47663  -47.890  -38.869  15.947 1.0000000000
47664  -47.178  -38.974  15.788 1.0000000000
47665  -45.999  -37.524  12.826 1.0000000000
47666  -46.765  -37.494  12.935 1.0000000000
47667  -46.703  -37.168  12.464 1.0000000000
51690  -52.025  -37.018  14.018 1.0000000000
51691  -52.772  -37.022  14.138 1.0000000000
51692  -52.780  -36.741  13.732 1.0000000000
55465  -54.958  -38.446  15.960 1.0000000000
55467  -55.670  -38.289  15.608 1.0000000000
55469  -55.669  -38.006  15.234 1.0000000000
61290  -52.015  -35.831  12.435 1.0000000000
61291  -52.813  -35.830  12.589 1.0000000000
61292  -52.834  -35.487  12.218 1.0000000000
61294  -54.464  -34.821  11.750 1.0000000000
61295  -55.283  -34.503  11.501 1.0000000000
61296  -56.028  -34.573  11.543 1.0000000000
73863  -48.622  -39.228  17.127 1.0000000000
73866  -49.980  -39.155  17.327 1.0000000000
73867  -50.004  -38.876  16.808 1.0000000000
73868  -50.684  -38.606  16.497 1.0000000000
73869  -49.987  -38.626  16.367 1.0000000000
73870  -49.219  -38.243  15.324 1.0000000000
73871  -49.936  -38.155  15.464 1.0000000000
73872  -49.892  -37.918  15.015 1.0000000000
73873  -50.563  -37.618  14.704 1.0000000000
73874  -49.853  -37.704  14.552 1.0000000000
73875  -46.269  -38.620  14.642 1.0000000000
73876  -47.022  -38.545  14.775 1.0000000000
73877  -46.961  -38.307  14.300 1.0000000000
73878  -48.301  -37.362  13.215 1.0000000000
73879  -48.329  -37.636  13.680 1.0000000000
73880  -49.021  -37.287  13.402 1.0000000000
73881  -49.764  -37.214  13.614 1.0000000000
73882  -49.771  -36.918  13.137 1.0000000000
73883  -50.512  -36.556  12.907 1.0000000000
73884  -49.756  -36.631  12.699 1.0000000000
73885  -48.931  -36.007  11.652 1.0000000000
73886  -49.713  -35.967  11.844 1.0000000000
73887  -49.685  -35.605  11.463 1.0000000000
73888  -50.472  -35.180  11.299 1.0000000000
85950  -52.051  -38.109  15.788 1.0000000000
85951  -52.776  -38.169  15.856 1.0000000000
85952  -52.765  -37.884  15.435 1.0000000000
85953  -54.202  -37.159  14.331 1.0000000000
85954  -54.209  -37.461  14.750 1.0000000000
85955  -54.942  -37.263  14.416 1.0000000000
85956  -55.693  -37.373  14.474 1.0000000000
85957  -55.712  -37.047  14.098 1.0000000000
85958  -54.331  -35.894  12.812 1.0000000000
85959  -54.315  -36.233  13.166 1.0000000000
85960  -55.065  -35.963  12.876 1.0000000000
85961  -57.352  -35.942  12.695 1.0000000000
85962  -56.557  -36.174  13.000 1.0000000000
85963  -57.313  -36.292  13.060 1.0000000000
85964  -57.280  -36.646  13.441 1.0000000000
85965  -58.050  -36.417  13.145 1.0000000000
85967  -58.875  -36.206  12.867 1.0000000000
93184  -54.218  -38.617  16.298 1.0000000000
93185  -54.208  -38.344  15.916 1.0000000000
96678  -52.039  -35.143  11.658 1.0000000000
96679  -52.856  -35.131  11.847 1.0000000000
96680  -52.873  -34.764  11.488 1.0000000000
96681  -53.701  -34.401  11.299 1.0000000000
104224  -48.682  -38.986  16.553 1.0000000000
104225  -49.313  -38.692  16.236 1.0000000000
104226  -48.616  -38.776  16.098 1.0000000000
104227  -48.555  -38.562  15.633 1.0000000000
104228  -48.494  -38.354  15.163 1.0000000000
104229  -46.143  -38.114  13.736 1.0000000000
104230  -46.910  -38.051  13.847 1.0000000000
104231  -46.846  -37.779  13.389 1.0000000000
104232  -47.544  -37.434  13.063 1.0000000000
104233  -48.255  -37.066  12.759 1.0000000000
104234  -48.980  -36.695  12.495 1.0000000000
104235  -48.219  -36.746  12.303 1.0000000000
111474  -52.057  -37.558  14.871 1.0000000000
111475  -52.760  -37.602  14.988 1.0000000000
111476  -52.772  -37.309  14.553 1.0000000000
111477  -53.473  -37.068  14.232 1.0000000000
111478  -54.194  -36.845  13.929 1.0000000000
111480  -55.856  -35.700  12.572 1.0000000000
111484  -58.969  -35.843  12.491 1.0000000000
120107  -45.494  -38.678  14.550 1.0000000000
120112  -45.307  -37.840  13.173 1.0000000000
125742  -52.014  -36.454  13.231 1.0000000000
125743  -52.811  -36.448  13.357 1.0000000000
125744  -52.812  -36.153  12.963 1.0000000000
125745  -53.588  -35.846  12.698 1.0000000000
125746  -54.359  -35.549  12.434 1.0000000000
125747  -53.669  -35.136  11.989 1.0000000000
125748  -54.408  -35.190  12.076 1.0000000000
125749  -55.155  -35.244  12.166 1.0000000000
141801  -50.662  -39.169  17.409 1.0000000000
141802  -51.432  -38.884  16.966 1.0000000000
141803  -52.094  -38.671  16.611 1.0000000000
141804  -51.398  -38.608  16.548 1.0000000000
141805  -51.368  -38.353  16.149 1.0000000000
141806  -51.366  -38.065  15.705 1.0000000000
141807  -49.966  -38.391  15.915 1.0000000000
141808  -50.649  -38.099  15.599 1.0000000000
141809  -51.342  -37.817  15.241 1.0000000000
141810  -51.284  -37.557  14.792 1.0000000000
141811  -51.289  -37.310  14.346 1.0000000000
141812  -51.264  -37.060  13.926 1.0000000000
141814  -47.754  -38.465  14.956 1.0000000000
141815  -48.428  -38.133  14.649 1.0000000000
141816  -47.651  -37.985  13.977 1.0000000000
141817  -48.347  -37.903  14.143 1.0000000000
141818  -49.120  -37.802  14.352 1.0000000000
141819  -49.812  -37.469  14.081 1.0000000000
141820  -50.514  -37.133  13.795 1.0000000000
141821  -51.250  -36.776  13.503 1.0000000000
141822  -51.256  -36.492  13.084 1.0000000000
141823  -51.285  -36.174  12.669 1.0000000000
141824  -51.252  -35.862  12.257 1.0000000000
141825  -49.732  -36.325  12.260 1.0000000000
141826  -50.494  -35.917  12.058 1.0000000000
141827  -51.251  -35.513  11.845 1.0000000000
141828  -51.264  -35.154  11.462 1.0000000000
141829  -51.276  -34.777  11.120 1.0000000000
156388  -52.795  -38.452  16.271 1.0000000000
156389  -53.488  -38.247  15.893 1.0000000000
156390  -54.210  -38.053  15.538 1.0000000000
156391  -53.493  -37.662  15.076 1.0000000000
156392  -54.236  -37.755  15.154 1.0000000000
156393  -54.965  -37.878  15.216 1.0000000000
156394  -55.693  -37.689  14.846 1.0000000000
156396  -57.208  -37.327  14.240 1.0000000000
156397  -53.543  -36.474  13.443 1.0000000000
156398  -54.243  -36.538  13.538 1.0000000000
156399  -54.979  -36.628  13.626 1.0000000000
156400  -55.806  -36.061  12.942 1.0000000000
156401  -55.757  -36.404  13.324 1.0000000000
156402  -55.741  -36.730  13.696 1.0000000000
156403  -56.506  -36.845  13.761 1.0000000000
