#!ascii label  , from subject 40tvs8ref_sym_20 vox2ras=TkReg
155
771  -62.293  -46.525  14.563 1.0000000000
2280  -64.359  -45.776  17.332 1.0000000000
2690  -59.619  -46.739  14.976 1.0000000000
2691  -62.002  -47.944  16.181 1.0000000000
5996  -59.810  -45.226  13.503 1.0000000000
5997  -62.508  -44.814  13.025 1.0000000000
9402  -63.561  -48.140  17.280 1.0000000000
9403  -64.198  -46.990  15.641 1.0000000000
9404  -64.619  -45.521  13.997 1.0000000000
9405  -65.033  -43.868  12.436 1.0000000000
10370  -60.716  -48.026  16.344 1.0000000000
10371  -61.841  -48.585  16.986 1.0000000000
13832  -60.949  -46.653  14.758 1.0000000000
13833  -59.704  -46.013  14.226 1.0000000000
13834  -61.061  -45.850  14.040 1.0000000000
13835  -61.164  -44.993  13.319 1.0000000000
13836  -62.424  -45.686  13.798 1.0000000000
20947  -64.162  -47.159  17.199 1.0000000000
20948  -63.931  -47.638  16.426 1.0000000000
20949  -64.552  -46.587  16.409 1.0000000000
20951  -65.103  -45.168  14.845 1.0000000000
20953  -64.861  -44.680  13.210 1.0000000000
23274  -58.255  -46.862  15.212 1.0000000000
23275  -59.490  -47.434  15.791 1.0000000000
23276  -60.841  -47.367  15.582 1.0000000000
23277  -62.143  -47.260  15.374 1.0000000000
29350  -58.327  -46.155  14.381 1.0000000000
29351  -58.426  -45.443  13.629 1.0000000000
38447  -63.075  -48.535  18.319 1.0000000000
38448  -62.763  -48.734  17.495 1.0000000000
38449  -63.035  -48.235  16.693 1.0000000000
38450  -63.222  -47.628  15.838 1.0000000000
38451  -63.345  -46.922  15.011 1.0000000000
38452  -64.841  -45.895  15.641 1.0000000000
38453  -64.437  -46.301  14.814 1.0000000000
38454  -63.583  -46.154  14.184 1.0000000000
38455  -63.725  -45.294  13.410 1.0000000000
38456  -63.813  -44.413  12.660 1.0000000000
41090  -61.208  -48.662  17.068 1.0000000000
41091  -61.726  -48.867  17.418 1.0000000000
44552  -61.633  -46.591  14.661 1.0000000000
44553  -61.003  -46.260  14.399 1.0000000000
44554  -61.695  -46.187  14.293 1.0000000000
44555  -61.745  -45.767  13.926 1.0000000000
44556  -62.359  -46.118  14.180 1.0000000000
51667  -64.306  -46.522  17.201 1.0000000000
51668  -64.329  -46.880  16.797 1.0000000000
51669  -64.494  -46.203  16.851 1.0000000000
54150  -58.843  -47.453  15.901 1.0000000000
54151  -59.441  -47.742  16.178 1.0000000000
54152  -61.371  -47.985  16.245 1.0000000000
54153  -60.791  -47.686  15.951 1.0000000000
54154  -61.447  -47.650  15.861 1.0000000000
54155  -61.520  -47.313  15.480 1.0000000000
54156  -62.077  -47.607  15.774 1.0000000000
64537  -58.937  -46.795  15.076 1.0000000000
64538  -58.317  -46.506  14.792 1.0000000000
64539  -58.999  -46.439  14.673 1.0000000000
64540  -59.758  -45.644  13.875 1.0000000000
64541  -59.066  -45.734  13.933 1.0000000000
64542  -59.128  -45.346  13.571 1.0000000000
64544  -59.151  -44.944  13.193 1.0000000000
64546  -59.838  -44.818  13.131 1.0000000000
64547  -61.840  -44.865  13.191 1.0000000000
64549  -61.892  -44.453  12.813 1.0000000000
64551  -62.561  -44.386  12.667 1.0000000000
85878  -63.636  -47.979  17.712 1.0000000000
85879  -63.376  -48.144  18.224 1.0000000000
85880  -63.322  -48.364  17.803 1.0000000000
85881  -62.957  -48.673  17.918 1.0000000000
85882  -63.175  -48.449  17.382 1.0000000000
85883  -62.877  -48.473  17.099 1.0000000000
85884  -63.362  -48.230  16.975 1.0000000000
85885  -64.079  -47.327  16.051 1.0000000000
85886  -63.684  -47.713  16.117 1.0000000000
85887  -63.756  -47.371  15.718 1.0000000000
85888  -63.288  -47.318  15.411 1.0000000000
85889  -63.822  -47.028  15.288 1.0000000000
85891  -64.862  -45.572  16.080 1.0000000000
85893  -64.945  -45.433  14.390 1.0000000000
85894  -64.814  -45.785  14.802 1.0000000000
85895  -64.533  -45.927  14.399 1.0000000000
85896  -64.040  -46.283  14.477 1.0000000000
85897  -64.140  -45.871  14.057 1.0000000000
85898  -63.642  -45.718  13.790 1.0000000000
85899  -64.223  -45.451  13.672 1.0000000000
85900  -64.942  -44.275  12.828 1.0000000000
85901  -64.369  -44.593  12.897 1.0000000000
85902  -64.428  -44.163  12.509 1.0000000000
85903  -63.853  -43.963  12.264 1.0000000000
92394  -60.050  -48.050  16.457 1.0000000000
92396  -61.295  -48.339  16.649 1.0000000000
92397  -61.923  -48.266  16.573 1.0000000000
98626  -60.301  -46.689  14.880 1.0000000000
98627  -59.673  -46.370  14.596 1.0000000000
98628  -60.334  -46.314  14.501 1.0000000000
98629  -60.378  -45.942  14.148 1.0000000000
98630  -60.445  -45.543  13.801 1.0000000000
98631  -60.491  -45.124  13.424 1.0000000000
98632  -61.132  -45.435  13.696 1.0000000000
98633  -61.800  -45.312  13.564 1.0000000000
98634  -62.463  -45.237  13.408 1.0000000000
111432  -63.881  -47.407  17.700 1.0000000000
111433  -63.897  -47.719  17.218 1.0000000000
111434  -63.769  -47.925  16.824 1.0000000000
111435  -64.077  -47.455  16.798 1.0000000000
111436  -64.253  -47.175  16.403 1.0000000000
111437  -64.438  -46.825  16.026 1.0000000000
111439  -65.172  -44.892  15.323 1.0000000000
111441  -65.240  -44.802  14.443 1.0000000000
111443  -64.731  -45.123  13.600 1.0000000000
115748  -58.876  -47.146  15.498 1.0000000000
115749  -59.549  -47.093  15.372 1.0000000000
115750  -60.112  -47.721  16.059 1.0000000000
115751  -60.158  -47.409  15.688 1.0000000000
115752  -60.229  -47.054  15.282 1.0000000000
115753  -60.907  -47.013  15.181 1.0000000000
115754  -61.578  -46.960  15.072 1.0000000000
115755  -62.216  -46.905  14.962 1.0000000000
125710  -64.346  -45.052  17.454 1.0000000000
130132  -57.611  -46.565  14.888 1.0000000000
130133  -57.645  -46.226  14.479 1.0000000000
130135  -59.015  -46.086  14.298 1.0000000000
130136  -58.356  -45.802  13.993 1.0000000000
130137  -57.731  -45.533  13.688 1.0000000000
130144  -60.523  -44.707  13.060 1.0000000000
156302  -63.125  -48.290  18.719 1.0000000000
156303  -62.825  -48.675  18.818 1.0000000000
156304  -62.727  -48.849  18.437 1.0000000000
156307  -62.329  -48.682  17.250 1.0000000000
156308  -62.453  -48.416  16.831 1.0000000000
156309  -62.540  -48.120  16.414 1.0000000000
156310  -63.530  -47.986  16.535 1.0000000000
156311  -63.142  -47.948  16.240 1.0000000000
156312  -62.626  -47.803  15.997 1.0000000000
156313  -62.695  -47.472  15.595 1.0000000000
156314  -62.755  -47.112  15.184 1.0000000000
156315  -62.821  -46.738  14.770 1.0000000000
156316  -64.689  -45.884  16.483 1.0000000000
156317  -64.711  -46.234  16.037 1.0000000000
156318  -64.605  -46.493  15.628 1.0000000000
156319  -64.994  -45.552  15.235 1.0000000000
156320  -64.729  -46.164  15.221 1.0000000000
156321  -64.319  -46.648  15.230 1.0000000000
156322  -63.945  -46.662  14.882 1.0000000000
156323  -63.457  -46.540  14.606 1.0000000000
156324  -62.940  -46.365  14.377 1.0000000000
156325  -63.016  -45.938  13.971 1.0000000000
156326  -63.076  -45.507  13.547 1.0000000000
156327  -63.123  -45.067  13.197 1.0000000000
156328  -64.320  -45.017  13.293 1.0000000000
156329  -63.782  -44.854  13.051 1.0000000000
156330  -63.177  -44.627  12.838 1.0000000000
156331  -63.204  -44.205  12.460 1.0000000000
156354  -65.503  -43.438  12.417 1.0000000000
