#!ascii label  , from subject 40tvs8ref_sym_20 vox2ras=TkReg
204
305  -23.712  -99.967  13.716 1.0000000000
1277  -27.822  -97.524  12.313 1.0000000000
1701  -19.259  -101.647  15.135 1.0000000000
2368  -19.408  -102.951  8.517 1.0000000000
5272  -21.358  -100.584  14.301 1.0000000000
5273  -19.173  -102.248  11.549 1.0000000000
5274  -21.573  -101.515  11.046 1.0000000000
6907  -25.944  -98.999  13.172 1.0000000000
6908  -23.951  -100.699  10.691 1.0000000000
7811  -21.100  -99.860  17.662 1.0000000000
7812  -23.275  -98.939  16.816 1.0000000000
7815  -25.630  -98.069  16.066 1.0000000000
9661  -21.892  -102.227  8.112 1.0000000000
12952  -22.554  -100.249  13.978 1.0000000000
12953  -21.452  -101.032  12.617 1.0000000000
12954  -22.697  -100.712  12.392 1.0000000000
15352  -26.911  -98.300  12.738 1.0000000000
15353  -25.869  -99.180  11.709 1.0000000000
17148  -20.800  -99.457  19.174 1.0000000000
17149  -21.840  -98.851  18.613 1.0000000000
17150  -22.149  -99.355  17.205 1.0000000000
17151  -22.980  -98.313  18.165 1.0000000000
17158  -25.290  -97.306  17.276 1.0000000000
17159  -26.288  -96.755  16.808 1.0000000000
17160  -26.680  -97.477  15.637 1.0000000000
21580  -19.295  -102.620  9.924 1.0000000000
21585  -24.005  -100.851  9.243 1.0000000000
21586  -22.934  -101.501  9.434 1.0000000000
27922  -20.293  -101.095  14.731 1.0000000000
27923  -19.182  -101.934  13.308 1.0000000000
27924  -20.227  -101.452  12.932 1.0000000000
27925  -20.333  -101.902  11.199 1.0000000000
27926  -20.477  -102.346  9.647 1.0000000000
31477  -24.887  -99.551  13.470 1.0000000000
31478  -23.841  -100.365  12.184 1.0000000000
31479  -24.941  -99.866  11.961 1.0000000000
31480  -24.946  -99.975  10.530 1.0000000000
33816  -19.128  -101.354  16.810 1.0000000000
33818  -20.078  -100.443  18.070 1.0000000000
33819  -20.279  -100.835  16.481 1.0000000000
33820  -21.284  -100.226  15.994 1.0000000000
33821  -22.357  -99.793  15.593 1.0000000000
33822  -23.510  -99.501  15.253 1.0000000000
33829  -24.137  -97.849  17.740 1.0000000000
33830  -24.521  -98.548  16.479 1.0000000000
33831  -24.707  -99.119  14.964 1.0000000000
33832  -25.843  -98.612  14.654 1.0000000000
33833  -26.864  -97.998  14.273 1.0000000000
39217  -22.810  -101.153  10.914 1.0000000000
39218  -21.739  -101.949  9.501 1.0000000000
39219  -20.653  -102.614  8.251 1.0000000000
43672  -23.132  -100.114  13.851 1.0000000000
43673  -22.633  -100.503  13.150 1.0000000000
43674  -23.197  -100.379  13.023 1.0000000000
46072  -27.372  -97.920  12.511 1.0000000000
46074  -27.346  -97.961  11.801 1.0000000000
47868  -21.670  -98.571  19.200 1.0000000000
47870  -22.416  -98.563  18.374 1.0000000000
47871  -22.762  -98.027  18.708 1.0000000000
47878  -26.026  -96.371  17.245 1.0000000000
52297  -18.696  -101.847  15.348 1.0000000000
52300  -19.365  -102.790  9.205 1.0000000000
52301  -18.732  -102.879  9.377 1.0000000000
52302  -18.791  -103.060  8.671 1.0000000000
52306  -23.517  -101.276  8.622 1.0000000000
61897  -20.808  -100.829  14.514 1.0000000000
61898  -20.238  -101.253  13.834 1.0000000000
61899  -20.799  -101.023  13.628 1.0000000000
61900  -21.520  -101.279  11.827 1.0000000000
61901  -20.886  -101.476  11.931 1.0000000000
61902  -20.944  -101.700  11.126 1.0000000000
61903  -20.395  -102.115  10.397 1.0000000000
61904  -21.007  -101.934  10.316 1.0000000000
69097  -25.439  -99.290  13.332 1.0000000000
69098  -24.935  -99.755  12.706 1.0000000000
69099  -25.461  -99.438  12.578 1.0000000000
69101  -25.405  -99.562  11.145 1.0000000000
69102  -25.369  -99.563  10.427 1.0000000000
69103  -24.907  -99.963  9.802 1.0000000000
74480  -18.516  -101.516  16.954 1.0000000000
74481  -19.012  -101.139  17.600 1.0000000000
74485  -20.956  -99.682  18.413 1.0000000000
74486  -20.461  -99.962  18.624 1.0000000000
74487  -20.599  -100.198  17.876 1.0000000000
74488  -20.186  -100.668  17.291 1.0000000000
74489  -20.717  -100.358  17.094 1.0000000000
74490  -20.783  -100.508  16.242 1.0000000000
74491  -21.221  -100.042  16.867 1.0000000000
74492  -22.694  -99.107  16.998 1.0000000000
74493  -22.253  -99.574  16.390 1.0000000000
74494  -22.810  -99.384  16.219 1.0000000000
74495  -22.941  -99.644  15.429 1.0000000000
74496  -23.401  -99.226  16.054 1.0000000000
74515  -25.478  -97.709  16.711 1.0000000000
74516  -24.945  -97.979  16.950 1.0000000000
74517  -25.068  -98.333  16.290 1.0000000000
74518  -24.605  -98.868  15.740 1.0000000000
74519  -25.173  -98.647  15.593 1.0000000000
74520  -25.288  -98.884  14.807 1.0000000000
74521  -25.759  -98.379  15.398 1.0000000000
74522  -27.138  -97.170  15.333 1.0000000000
74523  -26.783  -97.756  14.960 1.0000000000
74524  -27.240  -97.429  14.695 1.0000000000
74525  -27.318  -97.638  13.997 1.0000000000
87780  -19.167  -102.071  12.418 1.0000000000
87795  -23.871  -100.537  11.443 1.0000000000
87796  -23.320  -100.741  11.559 1.0000000000
87797  -23.381  -100.921  10.790 1.0000000000
87798  -22.385  -101.872  8.756 1.0000000000
87799  -22.345  -101.730  9.463 1.0000000000
87800  -21.803  -102.119  8.805 1.0000000000
87801  -21.191  -102.325  8.825 1.0000000000
87802  -21.289  -102.430  8.180 1.0000000000
97042  -21.952  -100.383  14.125 1.0000000000
97043  -21.403  -100.798  13.455 1.0000000000
97044  -22.027  -100.622  13.297 1.0000000000
97045  -22.112  -100.866  12.496 1.0000000000
97046  -22.162  -101.099  11.725 1.0000000000
101362  -26.406  -98.656  13.002 1.0000000000
101363  -25.928  -99.098  12.430 1.0000000000
101364  -26.412  -98.744  12.229 1.0000000000
104594  -20.575  -99.121  19.697 1.0000000000
104596  -21.294  -99.156  18.872 1.0000000000
104597  -21.457  -99.367  18.171 1.0000000000
104598  -21.615  -99.589  17.431 1.0000000000
104599  -22.014  -99.091  17.938 1.0000000000
104600  -22.589  -98.836  17.736 1.0000000000
104601  -23.181  -98.620  17.545 1.0000000000
104613  -25.502  -96.613  17.465 1.0000000000
104614  -25.796  -97.048  17.052 1.0000000000
104615  -25.993  -97.436  16.470 1.0000000000
104616  -26.161  -97.784  15.856 1.0000000000
104617  -26.501  -97.128  16.245 1.0000000000
104618  -26.960  -96.834  15.975 1.0000000000
112572  -19.212  -102.428  10.724 1.0000000000
112573  -18.641  -102.573  10.918 1.0000000000
112574  -18.663  -102.730  10.121 1.0000000000
112581  -24.002  -100.815  9.963 1.0000000000
112582  -23.448  -101.092  10.061 1.0000000000
112583  -23.497  -101.234  9.331 1.0000000000
112584  -22.972  -101.597  8.699 1.0000000000
112585  -22.462  -101.978  8.037 1.0000000000
117878  -27.787  -97.528  11.559 1.0000000000
126592  -19.790  -101.371  14.883 1.0000000000
126593  -19.208  -101.793  14.211 1.0000000000
126594  -19.728  -101.523  14.010 1.0000000000
126595  -19.680  -101.672  13.109 1.0000000000
126596  -19.681  -101.872  12.206 1.0000000000
126597  -20.823  -101.251  12.766 1.0000000000
126598  -20.265  -101.682  12.033 1.0000000000
126599  -19.740  -102.078  11.360 1.0000000000
126600  -19.817  -102.296  10.520 1.0000000000
126601  -19.920  -102.491  9.761 1.0000000000
126602  -19.968  -102.669  9.055 1.0000000000
135907  -24.297  -99.787  13.589 1.0000000000
135908  -23.787  -100.177  12.920 1.0000000000
135909  -24.362  -99.978  12.817 1.0000000000
135910  -24.397  -100.174  12.063 1.0000000000
135911  -24.409  -100.279  11.333 1.0000000000
135912  -25.439  -99.511  11.854 1.0000000000
135913  -24.947  -99.914  11.267 1.0000000000
135914  -24.473  -100.370  10.604 1.0000000000
135915  -24.506  -100.444  9.872 1.0000000000
142553  -18.624  -101.698  16.176 1.0000000000
142554  -19.224  -101.519  16.002 1.0000000000
142558  -20.279  -99.729  19.344 1.0000000000
142561  -19.619  -100.939  17.472 1.0000000000
142562  -19.726  -101.123  16.649 1.0000000000
142563  -19.786  -101.256  15.803 1.0000000000
142564  -20.309  -100.967  15.598 1.0000000000
142565  -20.809  -100.662  15.372 1.0000000000
142566  -21.319  -100.391  15.126 1.0000000000
142567  -21.723  -99.795  16.578 1.0000000000
142568  -21.800  -99.992  15.756 1.0000000000
142569  -21.884  -100.194  14.939 1.0000000000
142570  -22.460  -100.025  14.779 1.0000000000
142571  -23.046  -99.872  14.637 1.0000000000
142572  -23.609  -99.742  14.474 1.0000000000
142592  -23.556  -98.078  17.951 1.0000000000
142593  -23.776  -98.435  17.370 1.0000000000
142594  -24.716  -97.604  17.526 1.0000000000
142595  -24.383  -98.216  17.191 1.0000000000
142596  -23.906  -98.751  16.645 1.0000000000
142597  -24.031  -99.055  15.892 1.0000000000
142598  -24.102  -99.334  15.078 1.0000000000
142599  -24.207  -99.558  14.336 1.0000000000
142600  -24.805  -99.343  14.202 1.0000000000
142601  -25.374  -99.110  14.057 1.0000000000
142602  -25.915  -98.827  13.913 1.0000000000
142603  -26.288  -98.075  15.193 1.0000000000
142604  -26.365  -98.318  14.477 1.0000000000
142605  -26.399  -98.525  13.736 1.0000000000
142606  -26.876  -98.189  13.492 1.0000000000
142607  -27.355  -97.814  13.205 1.0000000000
158605  -23.262  -100.553  12.292 1.0000000000
158606  -22.755  -100.924  11.668 1.0000000000
158607  -22.207  -101.342  10.988 1.0000000000
158608  -22.872  -101.334  10.151 1.0000000000
158609  -22.294  -101.552  10.207 1.0000000000
158610  -21.662  -101.756  10.248 1.0000000000
158611  -21.108  -102.158  9.551 1.0000000000
158612  -20.572  -102.513  8.925 1.0000000000
158613  -20.033  -102.804  8.362 1.0000000000
158616  -21.953  -102.304  7.397 1.0000000000
