#!ascii label  , from subject 40tvs8ref_sym_20 vox2ras=TkReg
333
143  -6.579  -51.721  14.568 1.0000000000
1324  -6.917  -48.385  13.010 1.0000000000
1326  -7.030  -55.630  10.552 1.0000000000
2393  -5.881  -56.089  15.973 1.0000000000
2396  -6.939  -58.618  13.574 1.0000000000
3242  -6.437  -48.167  15.885 1.0000000000
3243  -5.664  -47.077  14.758 1.0000000000
3244  -6.982  -49.993  13.805 1.0000000000
3245  -6.799  -52.133  11.230 1.0000000000
3246  -6.029  -53.911  12.060 1.0000000000
5346  -6.997  -60.119  15.215 1.0000000000
5347  -10.091  -57.958  17.117 1.0000000000
5348  -9.795  -56.997  15.280 1.0000000000
6994  -7.333  -50.418  10.539 1.0000000000
9737  -6.026  -53.963  15.036 1.0000000000
9744  -4.517  -60.118  14.790 1.0000000000
9745  -4.882  -58.432  13.362 1.0000000000
9746  -5.422  -56.437  12.379 1.0000000000
9747  -6.957  -57.213  11.903 1.0000000000
10922  -6.832  -49.811  15.331 1.0000000000
10923  -6.748  -48.993  14.882 1.0000000000
10924  -6.894  -50.847  14.202 1.0000000000
10925  -6.651  -51.880  12.962 1.0000000000
10926  -6.293  -52.794  13.376 1.0000000000
13026  -10.188  -58.615  17.858 1.0000000000
15490  -6.236  -47.641  13.958 1.0000000000
15494  -6.698  -47.780  12.486 1.0000000000
15495  -7.360  -48.602  11.501 1.0000000000
15496  -7.303  -49.363  11.879 1.0000000000
15497  -6.607  -54.055  10.540 1.0000000000
15498  -6.906  -53.260  10.053 1.0000000000
15499  -7.345  -54.861  10.024 1.0000000000
15501  -8.190  -55.820  10.822 1.0000000000
21775  -6.520  -54.914  17.023 1.0000000000
21777  -6.347  -53.873  16.511 1.0000000000
21778  -6.294  -52.788  16.138 1.0000000000
21779  -5.953  -55.083  15.440 1.0000000000
21796  -4.351  -60.907  15.572 1.0000000000
21797  -5.344  -61.450  15.170 1.0000000000
21798  -6.973  -59.353  14.445 1.0000000000
21799  -5.550  -59.814  13.666 1.0000000000
21800  -5.693  -59.019  12.935 1.0000000000
21801  -5.116  -57.452  12.832 1.0000000000
21802  -5.823  -58.119  12.265 1.0000000000
21803  -5.909  -57.218  11.618 1.0000000000
21804  -6.971  -57.911  12.748 1.0000000000
21806  -9.728  -56.714  14.229 1.0000000000
24268  -5.587  -47.018  16.199 1.0000000000
24269  -5.143  -46.627  15.519 1.0000000000
24270  -6.080  -47.552  15.348 1.0000000000
24271  -6.576  -48.222  14.442 1.0000000000
24272  -6.965  -49.174  13.417 1.0000000000
24273  -7.089  -50.204  12.205 1.0000000000
24274  -6.930  -51.065  12.561 1.0000000000
24275  -6.373  -53.030  11.602 1.0000000000
24276  -6.216  -54.959  10.940 1.0000000000
28043  -5.735  -56.985  16.647 1.0000000000
28054  -6.981  -60.856  15.933 1.0000000000
28055  -8.603  -59.774  17.018 1.0000000000
28056  -8.492  -59.069  16.267 1.0000000000
28057  -8.420  -58.340  15.479 1.0000000000
28058  -8.322  -57.790  14.551 1.0000000000
28059  -9.919  -57.421  16.233 1.0000000000
31681  -7.153  -51.310  10.879 1.0000000000
31682  -7.251  -52.471  9.610 1.0000000000
34009  -6.119  -47.477  16.830 1.0000000000
34010  -6.715  -48.962  16.349 1.0000000000
34011  -6.801  -50.696  15.738 1.0000000000
39448  -6.452  -51.775  15.865 1.0000000000
39449  -6.199  -52.810  14.746 1.0000000000
39469  -4.667  -58.890  16.095 1.0000000000
39470  -4.810  -58.135  15.335 1.0000000000
39471  -5.472  -60.660  14.427 1.0000000000
39472  -4.695  -59.297  14.037 1.0000000000
39473  -5.044  -57.260  14.723 1.0000000000
39474  -5.363  -56.237  14.199 1.0000000000
39475  -5.606  -55.175  13.804 1.0000000000
39476  -5.877  -54.033  13.500 1.0000000000
39477  -5.747  -55.185  12.195 1.0000000000
39478  -6.075  -56.154  11.169 1.0000000000
39479  -6.977  -56.483  11.158 1.0000000000
39480  -8.301  -57.282  13.595 1.0000000000
39481  -8.277  -56.847  12.614 1.0000000000
39482  -8.226  -56.362  11.672 1.0000000000
41642  -6.775  -50.725  14.993 1.0000000000
41643  -6.868  -50.356  14.776 1.0000000000
41644  -6.734  -51.297  14.391 1.0000000000
41645  -6.607  -51.804  13.779 1.0000000000
41646  -6.484  -52.250  13.976 1.0000000000
46210  -6.558  -47.997  13.496 1.0000000000
46211  -6.082  -47.346  13.697 1.0000000000
46214  -6.834  -48.093  12.757 1.0000000000
46215  -7.140  -48.508  12.249 1.0000000000
46216  -7.124  -48.880  12.464 1.0000000000
46217  -6.710  -54.912  10.404 1.0000000000
46218  -6.889  -54.520  10.163 1.0000000000
46219  -7.196  -55.214  10.317 1.0000000000
46220  -7.713  -55.462  10.310 1.0000000000
46221  -7.566  -55.772  10.636 1.0000000000
52495  -6.236  -55.512  16.514 1.0000000000
52496  -6.453  -54.414  16.746 1.0000000000
52497  -6.216  -55.001  16.235 1.0000000000
52498  -6.233  -54.484  15.990 1.0000000000
52499  -5.907  -55.601  15.686 1.0000000000
52517  -6.077  -61.632  15.813 1.0000000000
52518  -6.951  -58.996  14.012 1.0000000000
52519  -6.281  -59.334  13.579 1.0000000000
52520  -6.259  -58.958  13.110 1.0000000000
52521  -5.731  -58.568  12.572 1.0000000000
52522  -6.318  -58.500  12.785 1.0000000000
52523  -6.347  -58.135  12.382 1.0000000000
52524  -6.956  -58.289  13.173 1.0000000000
55807  -6.002  -47.496  16.090 1.0000000000
55808  -5.804  -47.272  15.783 1.0000000000
55809  -6.243  -47.855  15.608 1.0000000000
55810  -6.925  -49.441  14.389 1.0000000000
55811  -6.718  -48.601  14.680 1.0000000000
55812  -6.865  -49.061  14.154 1.0000000000
55813  -6.719  -48.658  13.906 1.0000000000
55814  -6.938  -49.541  13.573 1.0000000000
55815  -7.036  -50.094  13.018 1.0000000000
55816  -6.937  -50.536  13.180 1.0000000000
55817  -6.307  -52.889  12.491 1.0000000000
55818  -6.501  -52.443  12.281 1.0000000000
55819  -6.171  -53.493  11.795 1.0000000000
55820  -6.230  -54.019  11.222 1.0000000000
55821  -6.049  -54.490  11.432 1.0000000000
62098  -6.206  -56.393  17.160 1.0000000000
62117  -9.415  -59.562  17.812 1.0000000000
62118  -10.133  -58.284  17.490 1.0000000000
62119  -9.320  -58.863  17.082 1.0000000000
62120  -9.294  -58.497  16.729 1.0000000000
62121  -8.478  -58.684  15.889 1.0000000000
62122  -9.256  -58.151  16.358 1.0000000000
62123  -9.154  -57.850  15.902 1.0000000000
62124  -10.008  -57.654  16.698 1.0000000000
69510  -5.396  -46.845  15.138 1.0000000000
69527  -7.381  -49.444  11.050 1.0000000000
69531  -7.370  -51.007  9.843 1.0000000000
69532  -6.953  -51.152  11.722 1.0000000000
69533  -7.096  -50.749  11.549 1.0000000000
69534  -6.933  -51.713  11.043 1.0000000000
69535  -7.183  -53.735  9.689 1.0000000000
69536  -7.096  -52.836  9.846 1.0000000000
69537  -7.322  -53.331  9.425 1.0000000000
69538  -7.509  -52.914  9.252 1.0000000000
74941  -5.900  -47.208  17.245 1.0000000000
74945  -6.856  -49.822  16.078 1.0000000000
88375  -6.189  -53.334  15.586 1.0000000000
88376  -6.369  -52.259  15.987 1.0000000000
88377  -6.234  -52.838  15.434 1.0000000000
88378  -6.338  -52.286  15.315 1.0000000000
88379  -6.083  -53.382  14.869 1.0000000000
88428  -4.386  -60.557  15.104 1.0000000000
88429  -4.378  -59.915  15.784 1.0000000000
88430  -4.395  -59.514  15.365 1.0000000000
88431  -4.713  -58.527  15.709 1.0000000000
88432  -4.527  -59.137  15.003 1.0000000000
88433  -7.013  -60.485  15.584 1.0000000000
88434  -6.200  -60.901  15.075 1.0000000000
88435  -6.230  -60.504  14.717 1.0000000000
88436  -5.077  -59.250  13.348 1.0000000000
88437  -4.969  -59.712  13.639 1.0000000000
88438  -4.770  -58.863  13.695 1.0000000000
88439  -4.733  -58.304  14.295 1.0000000000
88440  -4.864  -57.866  14.006 1.0000000000
88441  -5.181  -56.804  14.414 1.0000000000
88442  -4.980  -57.375  13.699 1.0000000000
88443  -5.319  -56.929  12.638 1.0000000000
88444  -5.263  -56.346  13.328 1.0000000000
88445  -5.451  -55.825  13.084 1.0000000000
88446  -5.742  -54.624  13.615 1.0000000000
88447  -5.612  -55.263  12.909 1.0000000000
88448  -5.781  -54.613  12.839 1.0000000000
88449  -5.609  -55.827  12.274 1.0000000000
88450  -6.363  -57.307  11.655 1.0000000000
88451  -5.990  -56.660  11.396 1.0000000000
88452  -6.412  -56.862  11.365 1.0000000000
88453  -6.490  -56.378  11.110 1.0000000000
88454  -6.953  -56.871  11.520 1.0000000000
88455  -9.048  -57.358  14.975 1.0000000000
88456  -8.320  -57.497  14.100 1.0000000000
88457  -9.016  -57.159  14.471 1.0000000000
88459  -8.980  -56.822  13.427 1.0000000000
88461  -8.270  -56.631  12.145 1.0000000000
93388  -6.710  -48.952  15.631 1.0000000000
93389  -6.630  -48.554  15.385 1.0000000000
93390  -6.833  -49.435  15.089 1.0000000000
93391  -6.870  -49.871  14.569 1.0000000000
93392  -6.934  -50.401  13.996 1.0000000000
93393  -6.919  -50.920  13.430 1.0000000000
93394  -6.758  -51.356  13.590 1.0000000000
93395  -6.433  -52.311  13.172 1.0000000000
93396  -6.102  -53.309  12.727 1.0000000000
97175  -11.071  -58.411  18.561 1.0000000000
97177  -10.978  -57.767  17.789 1.0000000000
97178  -10.892  -57.491  17.403 1.0000000000
101610  -5.964  -47.334  14.372 1.0000000000
101611  -5.453  -46.827  14.456 1.0000000000
101612  -5.756  -47.089  14.062 1.0000000000
101620  -7.075  -48.170  12.013 1.0000000000
101621  -7.323  -48.997  11.652 1.0000000000
101622  -7.403  -49.898  11.219 1.0000000000
101623  -6.634  -53.132  10.807 1.0000000000
101624  -6.812  -52.719  10.591 1.0000000000
101625  -6.718  -53.714  10.205 1.0000000000
101626  -7.063  -54.127  9.939 1.0000000000
101627  -7.497  -54.520  9.719 1.0000000000
101630  -8.338  -55.550  10.474 1.0000000000
101631  -8.834  -55.893  10.993 1.0000000000
112925  -6.521  -53.825  17.252 1.0000000000
112928  -6.298  -52.281  16.679 1.0000000000
112929  -6.303  -53.332  16.305 1.0000000000
112930  -6.181  -53.917  15.779 1.0000000000
112931  -6.009  -54.527  15.240 1.0000000000
112960  -4.249  -61.277  15.950 1.0000000000
112961  -4.604  -61.722  15.585 1.0000000000
112962  -4.706  -61.363  15.190 1.0000000000
112963  -4.799  -60.936  14.822 1.0000000000
112964  -6.983  -59.711  14.838 1.0000000000
112965  -6.223  -60.097  14.311 1.0000000000
112966  -6.235  -59.712  13.943 1.0000000000
112967  -5.588  -59.460  13.276 1.0000000000
112968  -5.169  -58.823  12.987 1.0000000000
112969  -5.035  -57.914  13.107 1.0000000000
112970  -5.274  -58.356  12.659 1.0000000000
112971  -5.411  -57.863  12.428 1.0000000000
112972  -5.507  -57.418  12.099 1.0000000000
112973  -5.626  -56.894  11.913 1.0000000000
112974  -5.875  -57.676  11.921 1.0000000000
112975  -6.378  -57.717  12.021 1.0000000000
112976  -6.958  -57.614  12.278 1.0000000000
112977  -10.624  -56.700  15.459 1.0000000000
112978  -9.764  -56.832  14.763 1.0000000000
112980  -10.542  -56.512  14.413 1.0000000000
118067  -4.916  -46.390  15.886 1.0000000000
118068  -5.355  -46.810  15.894 1.0000000000
118069  -5.600  -47.063  15.472 1.0000000000
118070  -5.859  -47.319  15.041 1.0000000000
118071  -6.520  -48.221  15.133 1.0000000000
118072  -6.328  -47.896  14.896 1.0000000000
118073  -6.140  -47.597  14.634 1.0000000000
118074  -6.391  -47.936  14.178 1.0000000000
118075  -6.655  -48.313  13.732 1.0000000000
118076  -6.926  -48.796  13.211 1.0000000000
118077  -7.150  -49.269  12.663 1.0000000000
118078  -7.164  -49.676  12.886 1.0000000000
118079  -7.110  -50.605  12.428 1.0000000000
118080  -6.888  -51.571  11.914 1.0000000000
118081  -6.764  -51.478  12.745 1.0000000000
118082  -6.642  -52.011  12.067 1.0000000000
118083  -6.622  -52.562  11.428 1.0000000000
118084  -6.401  -53.571  11.000 1.0000000000
118085  -6.418  -54.488  10.746 1.0000000000
118086  -6.573  -55.315  10.684 1.0000000000
126874  -6.255  -55.968  16.823 1.0000000000
126875  -5.793  -56.559  16.284 1.0000000000
126898  -6.901  -61.205  16.265 1.0000000000
126900  -7.796  -60.327  16.474 1.0000000000
126901  -7.783  -59.980  16.124 1.0000000000
126902  -9.378  -59.210  17.456 1.0000000000
126903  -8.546  -59.422  16.622 1.0000000000
126904  -7.746  -59.602  15.745 1.0000000000
126905  -7.716  -59.222  15.368 1.0000000000
126906  -7.685  -58.860  14.969 1.0000000000
126907  -7.650  -58.541  14.517 1.0000000000
126908  -7.604  -58.239  14.075 1.0000000000
126909  -8.346  -58.055  15.014 1.0000000000
126910  -9.082  -57.610  15.442 1.0000000000
126911  -9.850  -57.198  15.752 1.0000000000
126913  -10.731  -57.042  16.441 1.0000000000
126914  -10.680  -56.853  15.957 1.0000000000
136459  -7.226  -49.775  12.059 1.0000000000
136460  -7.267  -50.308  11.414 1.0000000000
136461  -7.233  -50.807  10.735 1.0000000000
136462  -6.944  -52.265  10.336 1.0000000000
136463  -7.133  -51.874  10.195 1.0000000000
136464  -7.274  -51.419  10.055 1.0000000000
143114  -5.858  -47.252  16.516 1.0000000000
143115  -6.296  -47.841  16.364 1.0000000000
143116  -6.297  -47.805  17.065 1.0000000000
143117  -6.463  -48.170  16.603 1.0000000000
143118  -6.616  -48.526  16.144 1.0000000000
143119  -6.792  -49.348  15.863 1.0000000000
143120  -6.797  -50.251  15.533 1.0000000000
143121  -6.678  -51.174  15.167 1.0000000000
159300  -6.403  -51.756  16.536 1.0000000000
159303  -6.602  -51.225  15.775 1.0000000000
159304  -6.510  -51.698  15.228 1.0000000000
159305  -6.399  -52.258  14.638 1.0000000000
159363  -4.276  -60.275  16.190 1.0000000000
159364  -4.578  -59.257  16.488 1.0000000000
159365  -5.110  -58.307  16.770 1.0000000000
159366  -5.167  -57.915  16.405 1.0000000000
159367  -5.233  -57.557  16.021 1.0000000000
159368  -5.340  -57.115  15.701 1.0000000000
159369  -6.128  -61.238  15.434 1.0000000000
159370  -5.413  -61.058  14.786 1.0000000000
159371  -4.837  -60.586  14.410 1.0000000000
159372  -5.491  -60.276  14.011 1.0000000000
159373  -4.947  -60.110  14.070 1.0000000000
159374  -4.551  -59.770  14.362 1.0000000000
159375  -4.613  -58.725  14.625 1.0000000000
159376  -4.950  -57.662  15.027 1.0000000000
159377  -5.429  -56.641  15.385 1.0000000000
159378  -5.522  -56.214  15.069 1.0000000000
159379  -5.610  -55.697  14.830 1.0000000000
159380  -5.755  -55.146  14.630 1.0000000000
159381  -5.174  -56.846  13.509 1.0000000000
159382  -5.493  -55.721  13.999 1.0000000000
159383  -5.841  -54.590  14.440 1.0000000000
159384  -5.908  -53.990  14.274 1.0000000000
159385  -6.030  -53.396  14.161 1.0000000000
159386  -6.239  -52.847  14.048 1.0000000000
159387  -6.068  -53.416  13.446 1.0000000000
159388  -5.948  -53.985  12.783 1.0000000000
159389  -5.882  -54.547  12.133 1.0000000000
159390  -5.703  -56.359  11.678 1.0000000000
159391  -5.841  -55.710  11.598 1.0000000000
159392  -5.927  -55.108  11.521 1.0000000000
159393  -6.168  -55.559  11.088 1.0000000000
159394  -6.516  -55.902  10.816 1.0000000000
159395  -6.998  -56.058  10.838 1.0000000000
159396  -7.629  -57.907  13.640 1.0000000000
159397  -7.625  -57.609  13.168 1.0000000000
159398  -7.606  -57.322  12.692 1.0000000000
159399  -8.987  -56.981  13.964 1.0000000000
159400  -8.280  -57.071  13.098 1.0000000000
159401  -7.576  -57.047  12.216 1.0000000000
159402  -7.588  -56.760  11.820 1.0000000000
159403  -7.559  -56.479  11.366 1.0000000000
159404  -7.557  -56.127  11.006 1.0000000000
159405  -8.203  -56.136  11.230 1.0000000000
