#!ascii label  , from subject 40tvs8ref_sym_20 vox2ras=TkReg
252
1156  -39.478  30.376  17.212 1.0000000000
2217  -41.789  27.129  21.321 1.0000000000
2218  -45.957  26.489  18.136 1.0000000000
2219  -50.971  27.504  16.352 1.0000000000
4907  -40.757  29.659  21.892 1.0000000000
4908  -42.112  30.817  15.412 1.0000000000
4909  -42.648  28.296  17.305 1.0000000000
4910  -45.374  28.996  16.167 1.0000000000
4911  -48.528  27.012  17.148 1.0000000000
6688  -39.084  31.335  19.899 1.0000000000
9215  -44.251  24.896  21.336 1.0000000000
9216  -40.625  28.482  19.307 1.0000000000
9217  -43.602  26.471  19.453 1.0000000000
9218  -46.773  24.721  20.350 1.0000000000
9219  -49.185  24.688  19.324 1.0000000000
9220  -51.619  24.921  18.540 1.0000000000
12587  -40.835  30.930  22.017 1.0000000000
12588  -43.528  31.288  14.833 1.0000000000
12589  -43.692  29.930  15.777 1.0000000000
12590  -45.124  30.404  15.257 1.0000000000
12591  -46.725  29.431  15.720 1.0000000000
20482  -42.961  25.989  21.215 1.0000000000
20483  -38.844  30.689  18.542 1.0000000000
20484  -39.576  29.773  19.583 1.0000000000
20485  -39.953  29.339  18.253 1.0000000000
20486  -44.338  27.355  17.619 1.0000000000
20487  -43.068  27.256  18.301 1.0000000000
20488  -44.737  26.391  18.715 1.0000000000
20489  -45.221  25.598  19.869 1.0000000000
20490  -46.367  25.549  19.194 1.0000000000
20491  -47.935  24.683  19.746 1.0000000000
20492  -47.596  25.624  18.691 1.0000000000
20493  -49.802  27.291  16.737 1.0000000000
20494  -50.103  25.965  17.818 1.0000000000
20495  -51.318  26.198  17.448 1.0000000000
20496  -52.788  25.139  18.187 1.0000000000
20497  -52.414  26.336  17.028 1.0000000000
27265  -41.055  28.366  21.619 1.0000000000
27266  -40.680  30.456  16.178 1.0000000000
27267  -41.020  29.279  17.125 1.0000000000
27268  -42.328  29.525  16.335 1.0000000000
27269  -43.997  28.566  16.660 1.0000000000
27270  -45.657  27.616  17.088 1.0000000000
27271  -47.262  26.751  17.652 1.0000000000
27272  -46.944  27.976  16.631 1.0000000000
27273  -48.277  28.339  16.204 1.0000000000
37889  -45.476  23.844  21.672 1.0000000000
37890  -39.941  30.419  20.892 1.0000000000
37891  -40.334  29.031  20.605 1.0000000000
37892  -41.272  27.801  20.358 1.0000000000
37893  -41.464  28.236  18.154 1.0000000000
37894  -42.019  27.417  19.220 1.0000000000
37895  -42.563  26.716  20.340 1.0000000000
37896  -44.048  25.757  20.502 1.0000000000
37897  -45.519  24.810  20.856 1.0000000000
37898  -46.866  23.793  21.323 1.0000000000
37899  -48.149  23.709  20.882 1.0000000000
37900  -49.437  23.690  20.484 1.0000000000
37901  -50.713  23.673  20.087 1.0000000000
37902  -48.825  25.739  18.218 1.0000000000
37903  -50.391  24.745  18.918 1.0000000000
37904  -51.949  23.758  19.761 1.0000000000
37905  -53.154  23.985  19.361 1.0000000000
43309  -44.326  30.853  15.035 1.0000000000
43310  -45.048  31.050  14.754 1.0000000000
51200  -41.940  26.747  21.732 1.0000000000
51201  -42.526  26.142  21.623 1.0000000000
51202  -42.335  26.550  21.236 1.0000000000
51203  -39.093  30.516  17.836 1.0000000000
51204  -39.346  29.997  18.376 1.0000000000
51205  -39.738  29.851  17.724 1.0000000000
51206  -45.169  26.919  17.867 1.0000000000
51207  -44.542  26.852  18.155 1.0000000000
51208  -45.344  26.415  18.415 1.0000000000
51209  -45.547  25.937  18.956 1.0000000000
51210  -46.153  25.993  18.677 1.0000000000
51211  -46.962  25.571  18.949 1.0000000000
51212  -46.775  26.058  18.421 1.0000000000
51213  -50.392  27.403  16.532 1.0000000000
51214  -50.550  26.748  17.070 1.0000000000
51215  -51.136  26.843  16.876 1.0000000000
51216  -51.894  26.273  17.268 1.0000000000
51217  -51.686  26.924  16.678 1.0000000000
60798  -41.185  29.905  22.421 1.0000000000
60801  -41.154  28.704  22.202 1.0000000000
60802  -40.853  29.033  21.771 1.0000000000
60803  -41.376  30.614  15.766 1.0000000000
60804  -41.524  29.981  16.207 1.0000000000
60805  -42.222  30.162  15.866 1.0000000000
60806  -44.520  29.483  15.973 1.0000000000
60807  -43.821  29.277  16.210 1.0000000000
60808  -44.686  28.748  16.409 1.0000000000
60809  -44.839  28.066  16.855 1.0000000000
60810  -45.526  28.264  16.606 1.0000000000
60811  -46.305  27.791  16.853 1.0000000000
60812  -46.180  28.486  16.363 1.0000000000
60813  -47.415  29.561  15.496 1.0000000000
60814  -47.519  28.874  15.944 1.0000000000
60816  -48.912  28.484  15.976 1.0000000000
84483  -43.657  24.986  21.629 1.0000000000
84486  -44.813  23.873  21.871 1.0000000000
84487  -44.857  24.377  21.499 1.0000000000
84490  -39.504  30.858  20.408 1.0000000000
84491  -40.053  29.070  19.423 1.0000000000
84492  -39.978  29.376  20.126 1.0000000000
84493  -40.398  28.723  19.967 1.0000000000
84494  -40.737  28.396  20.468 1.0000000000
84495  -40.946  28.132  19.841 1.0000000000
84496  -41.840  28.793  17.182 1.0000000000
84497  -41.235  28.746  17.634 1.0000000000
84498  -42.034  28.245  17.680 1.0000000000
84499  -43.308  26.852  18.840 1.0000000000
84500  -42.491  27.307  18.691 1.0000000000
84501  -42.778  26.928  19.294 1.0000000000
84502  -42.302  27.054  19.784 1.0000000000
84503  -43.075  26.547  19.898 1.0000000000
84504  -43.286  26.237  20.405 1.0000000000
84505  -43.859  26.122  20.021 1.0000000000
84506  -46.005  25.178  20.068 1.0000000000
84507  -45.393  25.217  20.359 1.0000000000
84508  -46.148  24.755  20.597 1.0000000000
84509  -46.214  24.298  21.118 1.0000000000
84510  -46.873  24.266  20.850 1.0000000000
84511  -47.531  23.748  21.111 1.0000000000
84512  -47.468  24.250  20.574 1.0000000000
84513  -48.570  24.665  19.538 1.0000000000
84514  -48.675  24.192  20.107 1.0000000000
84515  -49.331  24.191  19.895 1.0000000000
84516  -50.113  23.665  20.266 1.0000000000
84517  -49.962  24.171  19.679 1.0000000000
84518  -47.912  26.882  17.395 1.0000000000
84519  -48.068  26.254  17.903 1.0000000000
84520  -48.687  26.363  17.678 1.0000000000
84521  -50.846  25.432  18.177 1.0000000000
84522  -50.242  25.330  18.370 1.0000000000
84523  -50.991  24.820  18.725 1.0000000000
84524  -51.162  24.247  19.319 1.0000000000
84525  -51.797  24.320  19.132 1.0000000000
84526  -52.561  23.861  19.559 1.0000000000
84527  -52.406  24.437  18.934 1.0000000000
84529  -53.551  24.645  18.528 1.0000000000
96384  -41.269  30.516  22.449 1.0000000000
96385  -40.777  30.292  21.965 1.0000000000
96386  -42.818  31.056  15.111 1.0000000000
96387  -42.915  30.378  15.581 1.0000000000
96388  -43.597  30.634  15.304 1.0000000000
96389  -44.426  30.171  15.529 1.0000000000
96390  -45.209  29.735  15.736 1.0000000000
96391  -46.025  29.241  15.936 1.0000000000
96392  -45.919  29.937  15.492 1.0000000000
110595  -43.077  25.573  21.579 1.0000000000
110596  -43.617  25.441  21.239 1.0000000000
110597  -38.876  31.023  19.244 1.0000000000
110598  -39.244  30.551  19.766 1.0000000000
110599  -39.219  30.244  19.075 1.0000000000
110600  -39.700  29.518  18.894 1.0000000000
110601  -40.306  28.868  18.771 1.0000000000
110602  -43.483  27.816  17.437 1.0000000000
110603  -42.843  27.745  17.791 1.0000000000
110604  -43.682  27.281  17.927 1.0000000000
110605  -43.909  26.817  18.483 1.0000000000
110606  -44.176  26.420  19.067 1.0000000000
110607  -44.429  26.035  19.654 1.0000000000
110608  -44.997  25.976  19.311 1.0000000000
110609  -45.805  25.565  19.539 1.0000000000
110610  -46.588  25.141  19.792 1.0000000000
110611  -47.336  24.697  20.048 1.0000000000
110612  -47.123  25.121  19.459 1.0000000000
110613  -47.778  25.128  19.228 1.0000000000
110614  -48.395  25.143  18.979 1.0000000000
110615  -49.198  27.159  16.955 1.0000000000
110616  -49.336  26.501  17.465 1.0000000000
110617  -49.963  26.627  17.265 1.0000000000
110618  -50.707  26.114  17.622 1.0000000000
110619  -51.456  25.565  17.995 1.0000000000
110620  -52.217  25.054  18.373 1.0000000000
110621  -52.057  25.658  17.829 1.0000000000
110622  -52.619  25.733  17.614 1.0000000000
125058  -41.278  28.066  22.039 1.0000000000
125059  -41.364  27.728  21.460 1.0000000000
125060  -40.004  30.369  16.663 1.0000000000
125061  -40.225  29.801  17.136 1.0000000000
125062  -40.806  29.842  16.654 1.0000000000
125063  -41.652  29.353  16.694 1.0000000000
125064  -42.485  28.889  16.814 1.0000000000
125065  -43.010  29.718  16.038 1.0000000000
125066  -43.148  29.073  16.490 1.0000000000
125067  -43.283  28.404  16.962 1.0000000000
125068  -44.176  27.905  17.113 1.0000000000
125069  -44.988  27.469  17.342 1.0000000000
125070  -45.774  27.028  17.585 1.0000000000
125071  -46.597  26.596  17.867 1.0000000000
125072  -46.450  27.176  17.347 1.0000000000
125073  -47.107  27.352  17.131 1.0000000000
125074  -47.785  27.540  16.894 1.0000000000
125075  -46.843  28.704  16.164 1.0000000000
125076  -47.634  28.185  16.423 1.0000000000
125077  -48.413  27.678  16.687 1.0000000000
125078  -49.045  27.837  16.458 1.0000000000
134518  -38.683  31.805  19.362 1.0000000000
134521  -38.839  31.064  17.303 1.0000000000
134530  -39.288  30.960  16.703 1.0000000000
134531  -39.878  30.985  16.167 1.0000000000
134532  -40.534  31.088  15.717 1.0000000000
134537  -42.758  31.683  14.662 1.0000000000
134538  -43.503  31.898  14.379 1.0000000000
154631  -46.072  23.270  21.844 1.0000000000
154633  -40.361  30.701  21.475 1.0000000000
154634  -40.381  30.024  21.392 1.0000000000
154635  -39.670  30.100  20.271 1.0000000000
154636  -40.093  29.703  20.786 1.0000000000
154637  -40.492  29.361  21.273 1.0000000000
154638  -40.719  28.705  21.118 1.0000000000
154639  -41.082  28.060  20.981 1.0000000000
154640  -41.556  27.461  20.865 1.0000000000
154641  -40.465  29.268  17.645 1.0000000000
154642  -40.717  28.760  18.172 1.0000000000
154643  -40.998  28.320  18.700 1.0000000000
154644  -42.239  27.739  18.188 1.0000000000
154645  -41.740  27.806  18.683 1.0000000000
154646  -41.305  27.933  19.244 1.0000000000
154647  -41.599  27.571  19.772 1.0000000000
154648  -41.884  27.239  20.322 1.0000000000
154649  -42.122  26.901  20.800 1.0000000000
154650  -42.769  26.372  20.796 1.0000000000
154651  -43.484  25.865  20.833 1.0000000000
154652  -44.196  25.340  20.922 1.0000000000
154653  -44.621  25.667  20.193 1.0000000000
154654  -44.799  25.271  20.648 1.0000000000
154655  -44.875  24.847  21.092 1.0000000000
154656  -45.531  24.342  21.306 1.0000000000
154657  -46.164  23.810  21.512 1.0000000000
154659  -47.476  23.271  21.560 1.0000000000
154661  -48.802  23.216  21.195 1.0000000000
154662  -48.066  24.213  20.329 1.0000000000
154663  -48.781  23.692  20.672 1.0000000000
154664  -49.485  23.206  21.008 1.0000000000
154668  -47.424  26.146  18.150 1.0000000000
154669  -48.207  25.664  18.435 1.0000000000
154670  -48.989  25.181  18.752 1.0000000000
154671  -49.472  25.846  18.018 1.0000000000
154672  -49.619  25.242  18.569 1.0000000000
154673  -49.809  24.706  19.116 1.0000000000
154674  -50.541  24.178  19.451 1.0000000000
154675  -51.341  23.706  19.916 1.0000000000
154676  -52.086  23.262  20.351 1.0000000000
154677  -52.690  23.320  20.165 1.0000000000
154679  -53.821  23.537  19.747 1.0000000000
154680  -52.992  24.579  18.747 1.0000000000
154681  -53.705  24.096  19.115 1.0000000000
154748  -50.858  28.117  15.801 1.0000000000
154757  -51.543  27.557  16.094 1.0000000000
