#!ascii label  , from subject 40tvs8ref_sym_20 vox2ras=TkReg
478
124  -62.817  -7.884  -2.406 1.0000000000
330  -55.432  -6.598  -2.112 1.0000000000
534  -50.913  -16.853  5.048 1.0000000000
1746  -60.060  -5.659  -0.702 1.0000000000
1748  -59.910  -1.958  -6.249 1.0000000000
2242  -58.138  -11.811  1.658 1.0000000000
2243  -53.426  -12.283  1.383 1.0000000000
2244  -50.453  -16.012  -2.215 1.0000000000
3870  -57.702  -5.829  -1.131 1.0000000000
3871  -60.916  -3.074  -2.970 1.0000000000
3872  -58.904  -2.599  -2.771 1.0000000000
4963  -56.732  -14.678  2.356 1.0000000000
4964  -54.611  -14.412  3.625 1.0000000000
4965  -55.754  -11.743  1.974 1.0000000000
4966  -52.071  -14.695  3.237 1.0000000000
4968  -49.281  -18.428  -0.552 1.0000000000
6066  -53.623  -8.164  -3.605 1.0000000000
6067  -56.405  -3.182  -3.625 1.0000000000
6723  -48.892  -18.051  3.416 1.0000000000
7914  -62.040  -6.261  -1.161 1.0000000000
7916  -61.226  -4.978  -4.067 1.0000000000
7919  -59.662  0.116  -5.167 1.0000000000
9277  -63.527  -9.879  -0.001 1.0000000000
9285  -60.427  -12.169  1.170 1.0000000000
9286  -61.595  -9.025  0.608 1.0000000000
9287  -59.246  -8.808  0.643 1.0000000000
9288  -56.849  -8.885  0.413 1.0000000000
9289  -54.617  -9.626  -0.426 1.0000000000
9290  -50.483  -16.273  1.560 1.0000000000
9291  -51.915  -14.064  -0.278 1.0000000000
9292  -52.996  -11.392  -2.003 1.0000000000
9293  -51.338  -13.160  -3.771 1.0000000000
11550  -56.540  -6.104  -1.554 1.0000000000
11551  -58.306  -4.201  -1.878 1.0000000000
11552  -57.107  -4.425  -2.258 1.0000000000
12643  -54.044  -15.706  4.251 1.0000000000
12644  -52.781  -15.636  4.499 1.0000000000
12645  -53.359  -14.417  3.638 1.0000000000
12646  -51.507  -15.763  4.162 1.0000000000
17370  -61.177  -5.808  -0.737 1.0000000000
17371  -61.967  -5.496  -2.587 1.0000000000
17372  -61.517  -4.685  -2.010 1.0000000000
17373  -60.614  -2.382  -4.609 1.0000000000
17374  -60.476  -3.492  -5.096 1.0000000000
17379  -58.207  -1.154  -4.009 1.0000000000
20630  -64.211  -10.552  -0.537 1.0000000000
20631  -63.266  -11.276  0.742 1.0000000000
20650  -57.483  -13.276  2.080 1.0000000000
20651  -58.600  -13.405  1.556 1.0000000000
20652  -59.291  -11.943  1.358 1.0000000000
20653  -61.066  -10.591  0.957 1.0000000000
20654  -59.867  -10.430  1.082 1.0000000000
20655  -60.417  -8.914  0.679 1.0000000000
20656  -58.744  -10.330  1.167 1.0000000000
20657  -54.500  -11.887  1.861 1.0000000000
20658  -56.318  -10.307  1.180 1.0000000000
20659  -55.116  -10.531  0.954 1.0000000000
20660  -55.691  -9.150  0.084 1.0000000000
20661  -54.060  -11.027  0.497 1.0000000000
20662  -48.306  -19.171  2.287 1.0000000000
20663  -49.639  -17.212  2.489 1.0000000000
20664  -49.146  -18.356  1.384 1.0000000000
20665  -49.901  -17.289  -1.419 1.0000000000
20666  -50.622  -16.303  -0.401 1.0000000000
20667  -51.252  -15.087  -1.266 1.0000000000
20668  -52.504  -12.779  -1.150 1.0000000000
20669  -51.791  -13.729  -2.086 1.0000000000
20670  -52.239  -12.315  -2.919 1.0000000000
20671  -50.946  -14.639  -2.986 1.0000000000
25398  -58.891  -5.672  -0.849 1.0000000000
25399  -60.670  -4.185  -1.702 1.0000000000
25400  -59.514  -4.095  -1.680 1.0000000000
25401  -60.034  -2.645  -2.697 1.0000000000
25402  -60.227  -1.568  -4.066 1.0000000000
27367  -55.730  -14.548  3.125 1.0000000000
27368  -56.390  -13.146  2.567 1.0000000000
27369  -56.986  -11.742  1.925 1.0000000000
27370  -55.204  -13.075  2.826 1.0000000000
27371  -53.966  -13.135  2.725 1.0000000000
27372  -52.772  -13.511  2.297 1.0000000000
27374  -48.558  -19.431  0.283 1.0000000000
29514  -54.447  -7.310  -2.800 1.0000000000
29515  -55.894  -4.908  -2.812 1.0000000000
29516  -54.854  -5.587  -3.482 1.0000000000
31047  -49.700  -17.249  4.360 1.0000000000
34098  -62.556  -7.028  -1.740 1.0000000000
34100  -62.055  -6.467  -3.228 1.0000000000
34103  -61.252  -3.939  -3.486 1.0000000000
34109  -57.600  -2.831  -3.096 1.0000000000
34110  -59.384  -1.150  -3.846 1.0000000000
34111  -60.071  -0.798  -5.684 1.0000000000
34113  -59.461  -0.267  -7.454 1.0000000000
38070  -63.550  -9.664  -1.759 1.0000000000
38071  -63.388  -8.763  -1.107 1.0000000000
38093  -57.810  -14.876  1.728 1.0000000000
38094  -59.712  -13.668  1.295 1.0000000000
38095  -61.617  -12.477  1.116 1.0000000000
38096  -62.248  -10.901  0.921 1.0000000000
38097  -62.663  -9.374  0.393 1.0000000000
38098  -62.814  -8.013  -0.508 1.0000000000
38099  -61.934  -7.576  -0.092 1.0000000000
38100  -60.871  -7.336  0.073 1.0000000000
38101  -59.730  -7.206  0.013 1.0000000000
38102  -57.555  -10.272  1.242 1.0000000000
38103  -58.090  -8.758  0.557 1.0000000000
38104  -58.502  -7.228  -0.129 1.0000000000
38105  -57.305  -7.400  -0.367 1.0000000000
38106  -56.172  -7.660  -0.722 1.0000000000
38107  -55.084  -8.139  -1.291 1.0000000000
38108  -50.411  -16.283  3.427 1.0000000000
38109  -51.161  -15.315  2.487 1.0000000000
38110  -51.890  -14.220  1.561 1.0000000000
38111  -49.924  -17.378  0.509 1.0000000000
38112  -51.196  -15.238  0.616 1.0000000000
38113  -52.572  -13.038  0.660 1.0000000000
38114  -53.220  -11.737  -0.245 1.0000000000
38115  -53.749  -10.354  -1.157 1.0000000000
38116  -54.162  -8.906  -1.995 1.0000000000
38117  -53.381  -9.803  -2.831 1.0000000000
38118  -52.577  -10.732  -3.703 1.0000000000
41670  -62.796  -8.370  -2.707 1.0000000000
42270  -55.968  -6.318  -1.809 1.0000000000
42271  -56.837  -5.263  -1.904 1.0000000000
42272  -56.244  -5.475  -2.168 1.0000000000
43363  -52.522  -16.226  4.890 1.0000000000
43364  -51.857  -16.231  4.838 1.0000000000
43365  -52.141  -15.667  4.385 1.0000000000
43366  -51.215  -16.305  4.618 1.0000000000
48090  -60.617  -5.727  -0.683 1.0000000000
48091  -61.409  -5.200  -1.314 1.0000000000
48092  -60.901  -5.041  -1.211 1.0000000000
48093  -60.334  -2.149  -5.358 1.0000000000
48094  -60.195  -2.694  -5.670 1.0000000000
48095  -59.710  -2.546  -6.472 1.0000000000
48097  -59.264  -2.379  -7.278 1.0000000000
51350  -63.708  -11.523  0.634 1.0000000000
51370  -57.827  -12.554  1.881 1.0000000000
51371  -58.387  -12.596  1.669 1.0000000000
51372  -58.714  -11.871  1.502 1.0000000000
51373  -59.583  -11.201  1.231 1.0000000000
51374  -58.999  -11.113  1.319 1.0000000000
51375  -59.325  -10.358  1.130 1.0000000000
51376  -58.460  -11.059  1.405 1.0000000000
51377  -53.963  -11.990  1.650 1.0000000000
51378  -54.823  -11.211  1.396 1.0000000000
51379  -54.267  -11.369  1.197 1.0000000000
51380  -54.562  -10.759  0.763 1.0000000000
51381  -53.723  -11.680  0.966 1.0000000000
51383  -48.731  -18.755  1.833 1.0000000000
51385  -50.185  -16.662  -1.816 1.0000000000
51386  -50.583  -16.220  -1.333 1.0000000000
51387  -50.877  -15.565  -1.739 1.0000000000
51388  -51.554  -14.406  -1.678 1.0000000000
51389  -51.137  -14.892  -2.146 1.0000000000
51390  -51.401  -14.207  -2.551 1.0000000000
51391  -50.696  -15.338  -2.600 1.0000000000
57690  -58.297  -5.730  -0.964 1.0000000000
57691  -59.235  -4.878  -1.246 1.0000000000
57692  -58.629  -4.928  -1.330 1.0000000000
57693  -58.614  -3.390  -2.309 1.0000000000
57694  -59.194  -3.349  -2.207 1.0000000000
57695  -59.479  -2.580  -2.678 1.0000000000
57696  -60.180  -2.051  -3.348 1.0000000000
57697  -59.722  -1.868  -3.213 1.0000000000
60970  -54.311  -15.063  3.947 1.0000000000
60971  -54.877  -15.127  3.683 1.0000000000
60972  -55.211  -14.458  3.422 1.0000000000
60973  -56.084  -13.856  2.876 1.0000000000
60974  -55.504  -13.787  3.095 1.0000000000
60975  -55.795  -13.099  2.742 1.0000000000
60976  -54.909  -13.754  3.229 1.0000000000
60977  -52.716  -14.489  3.478 1.0000000000
60978  -53.666  -13.766  3.185 1.0000000000
60979  -53.046  -13.875  3.017 1.0000000000
60980  -53.357  -13.239  2.588 1.0000000000
60981  -52.474  -14.086  2.766 1.0000000000
64890  -54.013  -7.736  -3.194 1.0000000000
64891  -54.645  -6.445  -3.132 1.0000000000
64892  -54.218  -6.827  -3.516 1.0000000000
75150  -62.337  -6.634  -1.438 1.0000000000
75151  -62.394  -6.701  -2.474 1.0000000000
75152  -62.254  -6.242  -2.157 1.0000000000
75153  -61.645  -5.212  -3.359 1.0000000000
75154  -61.641  -5.735  -3.628 1.0000000000
75157  -60.579  -5.314  -4.969 1.0000000000
75158  -60.865  -3.540  -2.256 1.0000000000
75159  -61.241  -3.824  -2.477 1.0000000000
75160  -61.143  -3.470  -3.207 1.0000000000
75161  -59.752  -3.892  -6.039 1.0000000000
75173  -56.137  -4.059  -3.207 1.0000000000
75174  -56.713  -3.832  -2.897 1.0000000000
75175  -56.999  -2.973  -3.325 1.0000000000
75176  -59.023  -0.390  -4.429 1.0000000000
75177  -58.807  -1.130  -3.849 1.0000000000
75178  -59.545  -0.519  -4.478 1.0000000000
75179  -59.957  -0.763  -4.613 1.0000000000
75180  -59.935  -0.292  -5.425 1.0000000000
75186  -58.852  -0.763  -8.595 1.0000000000
75187  -59.310  -0.918  -7.717 1.0000000000
84932  -63.884  -10.187  -0.254 1.0000000000
84933  -63.906  -10.099  -1.177 1.0000000000
84934  -63.766  -9.642  -0.812 1.0000000000
84935  -63.488  -9.190  -1.448 1.0000000000
84936  -63.568  -9.216  -0.499 1.0000000000
84991  -56.853  -15.411  2.123 1.0000000000
84992  -57.258  -14.750  1.995 1.0000000000
84993  -59.536  -12.782  1.321 1.0000000000
84994  -59.137  -13.513  1.382 1.0000000000
84995  -60.116  -12.919  1.227 1.0000000000
84996  -60.706  -13.091  1.210 1.0000000000
84997  -61.018  -12.313  1.127 1.0000000000
84998  -61.914  -11.693  1.010 1.0000000000
84999  -61.344  -11.535  1.042 1.0000000000
85000  -61.330  -9.791  0.832 1.0000000000
85001  -61.906  -9.942  0.768 1.0000000000
85002  -62.130  -9.179  0.514 1.0000000000
85003  -62.784  -8.676  -0.007 1.0000000000
85004  -62.297  -8.452  0.168 1.0000000000
85005  -62.414  -7.767  -0.261 1.0000000000
85006  -61.819  -8.275  0.312 1.0000000000
85007  -59.831  -8.877  0.668 1.0000000000
85008  -60.656  -8.124  0.394 1.0000000000
85009  -60.090  -8.071  0.385 1.0000000000
85010  -60.300  -7.290  0.080 1.0000000000
85011  -59.522  -8.038  0.342 1.0000000000
85012  -56.369  -11.740  1.977 1.0000000000
85013  -57.261  -11.018  1.581 1.0000000000
85014  -56.654  -11.023  1.602 1.0000000000
85015  -56.606  -9.598  0.796 1.0000000000
85016  -57.219  -9.525  0.862 1.0000000000
85017  -57.466  -8.808  0.498 1.0000000000
85018  -58.298  -8.024  0.216 1.0000000000
85019  -57.688  -8.081  0.129 1.0000000000
85020  -57.896  -7.260  -0.245 1.0000000000
85021  -57.097  -8.156  0.025 1.0000000000
85022  -55.138  -9.359  -0.151 1.0000000000
85023  -55.943  -8.391  -0.330 1.0000000000
85024  -55.373  -8.633  -0.562 1.0000000000
85025  -55.609  -7.895  -0.985 1.0000000000
85026  -54.867  -8.900  -0.869 1.0000000000
85027  -49.272  -17.590  3.908 1.0000000000
85028  -50.050  -16.780  3.913 1.0000000000
85029  -49.621  -17.142  3.434 1.0000000000
85030  -50.071  -16.749  2.015 1.0000000000
85031  -50.360  -16.240  2.527 1.0000000000
85032  -50.788  -15.767  2.044 1.0000000000
85033  -51.518  -14.773  2.019 1.0000000000
85034  -51.199  -15.227  1.592 1.0000000000
85035  -48.953  -18.940  -0.125 1.0000000000
85036  -49.280  -18.403  0.433 1.0000000000
85037  -49.624  -17.920  -0.023 1.0000000000
85038  -51.277  -15.178  -0.334 1.0000000000
85039  -50.928  -15.757  0.108 1.0000000000
85040  -51.565  -14.667  0.166 1.0000000000
85041  -51.871  -14.152  0.644 1.0000000000
85042  -52.226  -13.551  0.211 1.0000000000
85043  -52.914  -12.410  0.210 1.0000000000
85044  -52.557  -12.908  -0.243 1.0000000000
85045  -52.770  -12.111  -1.570 1.0000000000
85046  -53.129  -11.565  -1.127 1.0000000000
85047  -53.365  -10.900  -1.573 1.0000000000
85048  -53.964  -9.672  -1.586 1.0000000000
85049  -53.577  -10.131  -1.984 1.0000000000
85050  -53.763  -9.354  -2.406 1.0000000000
85051  -53.203  -10.628  -2.416 1.0000000000
85052  -51.808  -12.769  -3.361 1.0000000000
85053  -52.421  -11.543  -3.307 1.0000000000
85054  -51.972  -11.991  -3.742 1.0000000000
94518  -57.115  -5.960  -1.326 1.0000000000
94519  -58.026  -5.019  -1.482 1.0000000000
94520  -57.435  -5.098  -1.683 1.0000000000
94521  -57.705  -4.299  -2.052 1.0000000000
94522  -58.004  -3.483  -2.476 1.0000000000
96486  -53.152  -16.282  4.773 1.0000000000
96487  -53.431  -15.647  4.481 1.0000000000
96488  -53.686  -15.038  4.093 1.0000000000
96489  -53.992  -14.409  3.691 1.0000000000
96490  -53.059  -15.031  4.095 1.0000000000
96491  -52.419  -15.061  3.948 1.0000000000
96492  -51.791  -15.236  3.682 1.0000000000
104994  -61.660  -6.007  -0.909 1.0000000000
104995  -62.044  -5.832  -1.846 1.0000000000
104996  -61.769  -5.493  -1.566 1.0000000000
104997  -61.791  -5.055  -2.277 1.0000000000
104998  -61.613  -4.709  -3.048 1.0000000000
104999  -60.795  -2.709  -3.790 1.0000000000
105000  -60.897  -3.176  -4.023 1.0000000000
105001  -60.587  -2.928  -4.862 1.0000000000
105002  -59.980  -3.304  -5.864 1.0000000000
105008  -56.666  -2.343  -4.048 1.0000000000
105009  -57.299  -2.111  -3.775 1.0000000000
105011  -58.431  -0.374  -4.511 1.0000000000
110862  -64.374  -11.007  -0.898 1.0000000000
110863  -64.212  -11.150  -0.023 1.0000000000
110864  -63.844  -10.828  0.235 1.0000000000
110865  -63.438  -10.538  0.402 1.0000000000
110898  -57.089  -13.987  2.238 1.0000000000
110899  -57.652  -14.044  1.901 1.0000000000
110900  -58.027  -13.329  1.812 1.0000000000
110901  -58.966  -12.678  1.479 1.0000000000
110902  -59.866  -12.042  1.245 1.0000000000
110903  -60.756  -11.398  1.081 1.0000000000
110904  -60.178  -11.270  1.142 1.0000000000
110905  -60.457  -10.511  1.021 1.0000000000
110906  -60.747  -9.710  0.869 1.0000000000
110907  -61.027  -8.947  0.664 1.0000000000
110908  -60.189  -9.653  0.906 1.0000000000
110909  -59.594  -9.629  0.909 1.0000000000
110910  -59.009  -9.574  0.917 1.0000000000
110911  -55.133  -11.779  1.927 1.0000000000
110912  -56.035  -11.034  1.570 1.0000000000
110913  -55.405  -11.116  1.522 1.0000000000
110914  -55.721  -10.409  1.109 1.0000000000
110915  -56.001  -9.694  0.676 1.0000000000
110916  -56.271  -8.973  0.280 1.0000000000
110917  -55.412  -9.849  0.508 1.0000000000
110918  -54.847  -10.097  0.310 1.0000000000
110919  -54.351  -10.337  0.049 1.0000000000
110920  -48.570  -18.594  2.869 1.0000000000
110921  -49.254  -17.644  2.970 1.0000000000
110922  -48.970  -18.206  2.402 1.0000000000
110923  -49.382  -17.739  1.948 1.0000000000
110924  -49.807  -17.312  1.481 1.0000000000
110925  -49.601  -17.868  -0.990 1.0000000000
110926  -49.956  -17.431  -0.470 1.0000000000
110927  -50.279  -16.823  -0.914 1.0000000000
110928  -50.954  -15.723  -0.853 1.0000000000
110929  -51.597  -14.576  -0.782 1.0000000000
110930  -52.209  -13.440  -0.741 1.0000000000
110931  -51.873  -13.950  -1.203 1.0000000000
110932  -52.158  -13.266  -1.612 1.0000000000
110933  -52.394  -12.576  -2.030 1.0000000000
110934  -52.624  -11.857  -2.454 1.0000000000
110935  -52.032  -13.035  -2.500 1.0000000000
110936  -51.613  -13.486  -2.955 1.0000000000
110937  -51.156  -13.907  -3.382 1.0000000000
120702  -59.512  -5.592  -0.776 1.0000000000
120703  -60.401  -4.893  -1.184 1.0000000000
120704  -59.845  -4.845  -1.200 1.0000000000
120705  -60.107  -4.121  -1.656 1.0000000000
120706  -60.354  -3.420  -2.165 1.0000000000
120707  -58.908  -4.122  -1.754 1.0000000000
120708  -59.773  -3.352  -2.165 1.0000000000
120709  -60.569  -2.788  -2.762 1.0000000000
120710  -60.562  -2.325  -3.559 1.0000000000
120711  -60.482  -1.933  -4.321 1.0000000000
120712  -60.349  -1.626  -5.120 1.0000000000
125294  -55.883  -15.272  2.862 1.0000000000
125295  -54.554  -15.789  3.906 1.0000000000
125296  -55.379  -15.225  3.337 1.0000000000
125297  -56.222  -14.622  2.759 1.0000000000
125298  -56.603  -13.932  2.573 1.0000000000
125299  -56.948  -13.224  2.337 1.0000000000
125300  -57.256  -12.499  2.090 1.0000000000
125301  -57.574  -11.767  1.806 1.0000000000
125302  -56.694  -12.451  2.249 1.0000000000
125303  -56.102  -12.422  2.354 1.0000000000
125304  -55.478  -12.422  2.398 1.0000000000
125305  -54.297  -13.748  3.283 1.0000000000
125306  -54.584  -13.094  2.818 1.0000000000
125307  -54.862  -12.420  2.361 1.0000000000
125308  -54.244  -12.506  2.265 1.0000000000
125309  -53.641  -12.661  2.086 1.0000000000
125310  -53.102  -12.875  1.823 1.0000000000
125314  -48.203  -19.932  -0.262 1.0000000000
125319  -49.187  -18.300  -1.501 1.0000000000
125320  -49.492  -17.720  -1.915 1.0000000000
130578  -54.923  -6.928  -2.435 1.0000000000
130579  -55.669  -5.744  -2.465 1.0000000000
130580  -55.136  -6.066  -2.765 1.0000000000
130581  -55.352  -5.219  -3.136 1.0000000000
130582  -55.576  -4.377  -3.509 1.0000000000
130584  -55.082  -4.673  -3.842 1.0000000000
134738  -49.965  -17.476  5.204 1.0000000000
134739  -50.294  -16.997  4.746 1.0000000000
134741  -48.922  -18.038  4.358 1.0000000000
134742  -48.531  -18.434  3.887 1.0000000000
134746  -47.900  -19.536  2.759 1.0000000000
143370  -62.718  -7.438  -2.078 1.0000000000
143374  -61.500  -6.756  -4.139 1.0000000000
143375  -62.045  -5.980  -2.892 1.0000000000
143376  -61.590  -6.250  -3.883 1.0000000000
143381  -61.118  -4.387  -1.805 1.0000000000
143382  -61.499  -4.230  -2.748 1.0000000000
143383  -61.268  -4.446  -3.779 1.0000000000
143384  -60.914  -3.698  -4.269 1.0000000000
143385  -60.834  -4.236  -4.528 1.0000000000
143386  -60.723  -4.786  -4.752 1.0000000000
143399  -56.486  -4.644  -2.521 1.0000000000
143400  -57.329  -3.631  -2.675 1.0000000000
143401  -58.249  -2.697  -2.921 1.0000000000
143402  -57.930  -1.976  -3.534 1.0000000000
143403  -58.539  -1.899  -3.361 1.0000000000
143404  -59.139  -1.840  -3.273 1.0000000000
143405  -59.867  -1.296  -3.898 1.0000000000
143406  -60.224  -1.137  -4.839 1.0000000000
143407  -60.053  -1.336  -6.009 1.0000000000
143412  -59.519  0.327  -7.172 1.0000000000
143413  -59.775  0.069  -6.279 1.0000000000
143414  -59.786  -0.512  -6.575 1.0000000000
155169  -63.564  -10.171  -2.085 1.0000000000
155171  -63.172  -9.247  -2.381 1.0000000000
155172  -63.181  -8.782  -2.048 1.0000000000
155173  -63.113  -8.313  -1.754 1.0000000000
155240  -58.193  -14.140  1.650 1.0000000000
155241  -58.751  -14.263  1.477 1.0000000000
155242  -59.347  -14.391  1.371 1.0000000000
155246  -62.496  -11.878  0.989 1.0000000000
155247  -62.772  -11.068  0.841 1.0000000000
155248  -62.989  -10.334  0.590 1.0000000000
155249  -61.661  -10.739  0.912 1.0000000000
155250  -62.477  -10.123  0.691 1.0000000000
155251  -63.148  -9.601  0.234 1.0000000000
155252  -63.217  -8.922  -0.220 1.0000000000
155253  -63.176  -8.337  -0.804 1.0000000000
155254  -62.951  -7.862  -1.437 1.0000000000
155255  -62.715  -7.493  -1.121 1.0000000000
155256  -62.422  -7.162  -0.798 1.0000000000
155257  -62.025  -6.879  -0.577 1.0000000000
155258  -61.222  -8.196  0.369 1.0000000000
155259  -61.411  -7.431  0.008 1.0000000000
155260  -61.559  -6.700  -0.400 1.0000000000
155261  -61.034  -6.578  -0.298 1.0000000000
155262  -60.478  -6.472  -0.266 1.0000000000
155263  -59.898  -6.406  -0.347 1.0000000000
155264  -57.868  -11.028  1.500 1.0000000000
155265  -58.176  -10.273  1.224 1.0000000000
155266  -58.422  -9.526  0.924 1.0000000000
155267  -56.931  -10.278  1.227 1.0000000000
155268  -57.815  -9.521  0.911 1.0000000000
155269  -58.677  -8.767  0.608 1.0000000000
155270  -58.960  -7.962  0.266 1.0000000000
155271  -59.128  -7.185  -0.061 1.0000000000
155272  -59.310  -6.397  -0.400 1.0000000000
155273  -58.704  -6.428  -0.490 1.0000000000
155274  -58.103  -6.507  -0.600 1.0000000000
155275  -57.516  -6.606  -0.736 1.0000000000
155276  -56.523  -8.253  -0.122 1.0000000000
155277  -56.755  -7.471  -0.523 1.0000000000
155278  -56.934  -6.714  -0.920 1.0000000000
155279  -56.347  -6.925  -1.139 1.0000000000
155280  -55.791  -7.116  -1.398 1.0000000000
155281  -55.285  -7.407  -1.685 1.0000000000
155282  -50.592  -16.499  4.314 1.0000000000
155283  -50.881  -15.983  3.846 1.0000000000
155284  -51.246  -15.477  3.348 1.0000000000
155285  -49.985  -16.717  2.982 1.0000000000
155286  -50.781  -15.793  2.955 1.0000000000
155287  -51.599  -14.941  2.875 1.0000000000
155288  -51.947  -14.411  2.428 1.0000000000
155289  -52.295  -13.830  1.954 1.0000000000
155290  -52.612  -13.226  1.520 1.0000000000
155291  -48.866  -18.912  0.831 1.0000000000
155292  -49.547  -17.875  0.947 1.0000000000
155293  -50.200  -16.822  1.031 1.0000000000
155294  -50.265  -16.882  0.032 1.0000000000
155295  -50.558  -16.311  0.573 1.0000000000
155296  -50.873  -15.748  1.105 1.0000000000
155297  -51.537  -14.683  1.114 1.0000000000
155298  -52.224  -13.643  1.103 1.0000000000
155299  -52.955  -12.644  1.050 1.0000000000
155300  -53.284  -12.004  0.611 1.0000000000
155301  -53.606  -11.345  0.154 1.0000000000
155302  -53.903  -10.668  -0.318 1.0000000000
155303  -52.851  -12.247  -0.701 1.0000000000
155304  -53.499  -11.081  -0.712 1.0000000000
155305  -54.144  -9.966  -0.769 1.0000000000
155306  -54.387  -9.260  -1.214 1.0000000000
155307  -54.589  -8.535  -1.619 1.0000000000
155308  -54.787  -7.756  -2.030 1.0000000000
155309  -54.322  -8.098  -2.418 1.0000000000
155310  -53.898  -8.552  -2.816 1.0000000000
155311  -53.524  -8.957  -3.235 1.0000000000
155312  -52.836  -11.055  -2.866 1.0000000000
155313  -52.995  -10.236  -3.270 1.0000000000
155314  -53.131  -9.405  -3.662 1.0000000000
155318  -50.233  -15.740  -3.045 1.0000000000
155323  -50.845  -13.561  -4.160 1.0000000000
