#!ascii label  , from subject 40tvs8ref_sym_20 vox2ras=TkReg
278
187  -45.546  -48.800  44.958 1.0000000000
1489  -42.665  -49.462  42.170 1.0000000000
1491  -45.653  -52.645  45.223 1.0000000000
3442  -44.144  -49.125  43.526 1.0000000000
3443  -44.161  -50.991  43.703 1.0000000000
3444  -45.455  -50.659  45.034 1.0000000000
5810  -46.732  -50.331  46.525 1.0000000000
7315  -41.286  -49.697  40.876 1.0000000000
7316  -41.516  -51.681  41.417 1.0000000000
7317  -42.821  -51.350  42.467 1.0000000000
7318  -44.401  -53.001  44.119 1.0000000000
7320  -46.888  -52.178  46.433 1.0000000000
8851  -41.924  -47.820  41.149 1.0000000000
8852  -43.466  -47.589  42.509 1.0000000000
8853  -44.946  -47.221  44.102 1.0000000000
11122  -44.851  -48.957  44.179 1.0000000000
11123  -44.748  -49.870  44.289 1.0000000000
11124  -45.442  -49.698  44.978 1.0000000000
16087  -41.981  -49.578  41.471 1.0000000000
16088  -42.032  -50.524  41.622 1.0000000000
16089  -42.704  -50.368  42.261 1.0000000000
16090  -44.875  -51.828  44.475 1.0000000000
16091  -44.224  -52.046  43.896 1.0000000000
16092  -45.023  -52.817  44.639 1.0000000000
16093  -45.280  -53.738  44.854 1.0000000000
16094  -45.895  -53.568  45.340 1.0000000000
16095  -47.358  -51.028  47.222 1.0000000000
16096  -46.731  -51.210  46.516 1.0000000000
16097  -47.472  -51.958  47.067 1.0000000000
19578  -41.116  -47.913  40.514 1.0000000000
19579  -41.648  -46.962  40.735 1.0000000000
19581  -43.212  -46.693  42.117 1.0000000000
19582  -43.983  -46.567  42.927 1.0000000000
19583  -44.208  -47.436  43.304 1.0000000000
19584  -44.742  -46.395  43.710 1.0000000000
24628  -43.392  -49.264  42.859 1.0000000000
24629  -43.375  -50.198  42.911 1.0000000000
24630  -44.066  -50.035  43.586 1.0000000000
24631  -44.813  -50.816  44.371 1.0000000000
24632  -45.522  -51.660  45.085 1.0000000000
28915  -46.232  -48.656  45.763 1.0000000000
28916  -46.132  -49.560  45.751 1.0000000000
28917  -46.769  -49.362  46.449 1.0000000000
28918  -47.391  -50.119  47.203 1.0000000000
32473  -40.603  -49.864  40.264 1.0000000000
32474  -40.688  -50.819  40.573 1.0000000000
32475  -41.364  -50.667  41.060 1.0000000000
32476  -42.167  -51.541  41.884 1.0000000000
32477  -42.972  -52.336  42.769 1.0000000000
32478  -43.483  -51.169  43.064 1.0000000000
32479  -43.597  -52.188  43.323 1.0000000000
32480  -43.834  -53.136  43.642 1.0000000000
32481  -44.716  -53.904  44.402 1.0000000000
32484  -46.093  -50.507  45.785 1.0000000000
32485  -46.128  -51.424  45.755 1.0000000000
32486  -46.271  -52.439  45.791 1.0000000000
32489  -46.496  -53.388  45.867 1.0000000000
36799  -40.749  -48.885  40.346 1.0000000000
36800  -41.522  -48.747  40.969 1.0000000000
36801  -42.255  -48.611  41.626 1.0000000000
36802  -42.441  -46.858  41.402 1.0000000000
36803  -42.728  -47.711  41.793 1.0000000000
36804  -43.018  -48.509  42.308 1.0000000000
36805  -43.785  -48.359  42.977 1.0000000000
36806  -44.502  -48.194  43.762 1.0000000000
36807  -45.237  -48.021  44.530 1.0000000000
36814  -45.467  -46.249  44.498 1.0000000000
36815  -45.663  -47.061  44.893 1.0000000000
36816  -45.961  -47.844  45.244 1.0000000000
41842  -45.190  -48.873  44.577 1.0000000000
41843  -45.146  -49.314  44.586 1.0000000000
41844  -45.477  -49.231  44.958 1.0000000000
46807  -42.330  -49.527  41.805 1.0000000000
46808  -42.342  -49.986  41.837 1.0000000000
46809  -42.680  -49.920  42.208 1.0000000000
46810  -45.232  -52.249  44.859 1.0000000000
46811  -44.948  -52.338  44.511 1.0000000000
46812  -45.336  -52.713  44.913 1.0000000000
46813  -45.455  -53.190  44.998 1.0000000000
46814  -45.761  -53.087  45.259 1.0000000000
46815  -47.726  -51.374  47.442 1.0000000000
46816  -47.397  -51.487  47.138 1.0000000000
46817  -47.797  -51.826  47.333 1.0000000000
50301  -43.881  -46.142  42.777 1.0000000000
50302  -44.267  -46.038  43.142 1.0000000000
50303  -44.362  -46.472  43.318 1.0000000000
56407  -43.776  -49.201  43.187 1.0000000000
56408  -43.728  -49.642  43.211 1.0000000000
56409  -44.075  -49.587  43.563 1.0000000000
56410  -45.120  -50.257  44.675 1.0000000000
56411  -44.781  -50.338  44.326 1.0000000000
56412  -45.150  -50.748  44.698 1.0000000000
56413  -45.159  -51.242  44.723 1.0000000000
56414  -45.482  -51.155  45.044 1.0000000000
63608  -46.490  -49.001  46.117 1.0000000000
63609  -46.824  -48.906  46.465 1.0000000000
63612  -47.719  -50.019  47.552 1.0000000000
63613  -47.700  -50.486  47.556 1.0000000000
71302  -40.956  -49.770  40.547 1.0000000000
71303  -40.975  -50.237  40.664 1.0000000000
71304  -41.313  -50.162  40.940 1.0000000000
71305  -42.429  -50.949  42.037 1.0000000000
71306  -42.101  -51.038  41.734 1.0000000000
71307  -42.503  -51.456  42.162 1.0000000000
71308  -42.583  -51.943  42.331 1.0000000000
71309  -42.898  -51.852  42.592 1.0000000000
71310  -43.758  -50.588  43.318 1.0000000000
71311  -43.431  -50.668  42.998 1.0000000000
71312  -43.821  -51.096  43.389 1.0000000000
71313  -44.298  -52.531  44.002 1.0000000000
71314  -43.926  -52.125  43.610 1.0000000000
71315  -44.002  -52.607  43.736 1.0000000000
71316  -43.690  -52.683  43.484 1.0000000000
71317  -44.118  -53.087  43.891 1.0000000000
71318  -44.252  -53.533  44.035 1.0000000000
71319  -44.536  -53.466  44.269 1.0000000000
71320  -45.747  -54.116  45.187 1.0000000000
71325  -46.443  -49.937  46.117 1.0000000000
71326  -46.097  -50.034  45.759 1.0000000000
71327  -46.425  -50.397  46.173 1.0000000000
71328  -46.790  -51.691  46.471 1.0000000000
71329  -46.434  -51.325  46.138 1.0000000000
71330  -46.499  -51.825  46.120 1.0000000000
71331  -46.199  -51.935  45.755 1.0000000000
71332  -46.592  -52.309  46.108 1.0000000000
71339  -46.819  -53.260  46.112 1.0000000000
78255  -41.080  -51.241  40.977 1.0000000000
81768  -40.420  -48.953  40.051 1.0000000000
81769  -40.514  -48.491  40.120 1.0000000000
81770  -41.518  -47.877  40.844 1.0000000000
81771  -41.307  -48.324  40.738 1.0000000000
81772  -41.692  -48.295  41.075 1.0000000000
81773  -41.888  -48.696  41.303 1.0000000000
81774  -42.084  -48.207  41.378 1.0000000000
81776  -42.292  -46.407  41.266 1.0000000000
81777  -42.696  -46.338  41.625 1.0000000000
81778  -43.326  -47.163  42.317 1.0000000000
81779  -42.986  -47.202  41.936 1.0000000000
81780  -43.107  -47.636  42.155 1.0000000000
81781  -42.848  -48.121  42.053 1.0000000000
81782  -43.239  -48.057  42.388 1.0000000000
81783  -43.403  -48.439  42.642 1.0000000000
81784  -43.618  -47.984  42.728 1.0000000000
81785  -44.581  -47.334  43.711 1.0000000000
81786  -44.338  -47.826  43.537 1.0000000000
81787  -44.704  -47.732  43.933 1.0000000000
81788  -44.878  -48.112  44.142 1.0000000000
81789  -45.063  -47.640  44.316 1.0000000000
81809  -45.932  -46.595  45.090 1.0000000000
81810  -46.045  -47.021  45.231 1.0000000000
81811  -45.791  -47.458  45.073 1.0000000000
81812  -46.174  -47.393  45.398 1.0000000000
81813  -46.305  -47.752  45.600 1.0000000000
93748  -44.500  -49.033  43.867 1.0000000000
93749  -44.433  -49.494  43.914 1.0000000000
93750  -44.794  -49.404  44.237 1.0000000000
93751  -45.117  -49.768  44.632 1.0000000000
93752  -45.437  -50.184  45.021 1.0000000000
102685  -41.622  -49.635  41.185 1.0000000000
102686  -41.655  -50.091  41.247 1.0000000000
102687  -42.000  -50.032  41.558 1.0000000000
102688  -42.370  -50.449  41.929 1.0000000000
102689  -42.742  -50.845  42.356 1.0000000000
102690  -44.519  -51.396  44.088 1.0000000000
102691  -44.189  -51.517  43.789 1.0000000000
102692  -44.556  -51.923  44.171 1.0000000000
102693  -44.604  -52.442  44.269 1.0000000000
102694  -44.697  -52.927  44.394 1.0000000000
102695  -44.829  -53.391  44.516 1.0000000000
102696  -45.134  -53.295  44.764 1.0000000000
102697  -45.590  -53.661  45.102 1.0000000000
102698  -46.054  -54.043  45.454 1.0000000000
102699  -47.037  -50.662  46.904 1.0000000000
102700  -46.715  -50.757  46.543 1.0000000000
102701  -47.044  -51.118  46.863 1.0000000000
102702  -47.088  -51.580  46.804 1.0000000000
102703  -47.171  -52.078  46.733 1.0000000000
106857  -41.953  -52.108  41.861 1.0000000000
108966  -40.711  -47.998  40.208 1.0000000000
108968  -41.412  -47.443  40.597 1.0000000000
108969  -41.779  -47.402  40.928 1.0000000000
108973  -43.603  -46.651  42.532 1.0000000000
108974  -43.705  -47.082  42.696 1.0000000000
108975  -43.831  -47.502  42.896 1.0000000000
108976  -44.087  -46.998  43.102 1.0000000000
108977  -44.468  -46.906  43.509 1.0000000000
108978  -44.840  -46.809  43.904 1.0000000000
118906  -42.993  -49.365  42.526 1.0000000000
118907  -43.006  -49.825  42.541 1.0000000000
118908  -43.361  -49.730  42.871 1.0000000000
118909  -43.717  -50.116  43.255 1.0000000000
118910  -44.082  -50.508  43.641 1.0000000000
118911  -44.414  -49.956  43.925 1.0000000000
118912  -44.440  -50.417  43.966 1.0000000000
118913  -44.492  -50.891  44.033 1.0000000000
118914  -44.828  -51.318  44.419 1.0000000000
118915  -45.182  -51.749  44.799 1.0000000000
118916  -45.563  -52.161  45.160 1.0000000000
128953  -45.895  -48.737  45.355 1.0000000000
128954  -45.823  -49.163  45.371 1.0000000000
128955  -46.149  -49.092  45.771 1.0000000000
128956  -46.478  -49.463  46.080 1.0000000000
128957  -46.763  -49.854  46.471 1.0000000000
128958  -47.103  -49.278  46.824 1.0000000000
128959  -47.091  -49.748  46.819 1.0000000000
128960  -47.070  -50.219  46.860 1.0000000000
128961  -47.363  -50.584  47.237 1.0000000000
128962  -47.679  -50.945  47.554 1.0000000000
138669  -40.647  -50.334  40.424 1.0000000000
138670  -41.027  -50.731  40.816 1.0000000000
138671  -41.422  -51.171  41.212 1.0000000000
138672  -41.715  -50.611  41.320 1.0000000000
138673  -41.773  -51.117  41.464 1.0000000000
138674  -41.852  -51.630  41.668 1.0000000000
138678  -43.039  -50.283  42.597 1.0000000000
138679  -43.086  -50.760  42.683 1.0000000000
138680  -43.152  -51.249  42.770 1.0000000000
138681  -43.866  -51.605  43.476 1.0000000000
138682  -43.549  -51.667  43.162 1.0000000000
138683  -43.255  -51.751  42.891 1.0000000000
138684  -43.285  -52.260  43.044 1.0000000000
138685  -43.385  -52.734  43.206 1.0000000000
138686  -43.551  -53.178  43.386 1.0000000000
138689  -44.909  -54.344  44.564 1.0000000000
138690  -44.991  -53.832  44.607 1.0000000000
138696  -45.777  -49.635  45.361 1.0000000000
138697  -45.734  -50.133  45.364 1.0000000000
138698  -45.762  -50.593  45.394 1.0000000000
138699  -46.407  -50.854  46.166 1.0000000000
138700  -46.099  -50.971  45.772 1.0000000000
138701  -45.790  -51.054  45.394 1.0000000000
138702  -45.826  -51.535  45.403 1.0000000000
138703  -45.883  -52.059  45.451 1.0000000000
138704  -45.944  -52.564  45.515 1.0000000000
138705  -47.879  -52.298  47.245 1.0000000000
138707  -47.284  -52.548  46.681 1.0000000000
138710  -46.998  -52.648  46.404 1.0000000000
138711  -46.696  -52.794  46.113 1.0000000000
138712  -46.365  -52.922  45.853 1.0000000000
138713  -46.057  -53.002  45.551 1.0000000000
138714  -46.186  -53.447  45.561 1.0000000000
147132  -40.294  -50.929  40.301 1.0000000000
151363  -40.307  -49.440  40.018 1.0000000000
151364  -40.691  -49.363  40.288 1.0000000000
151365  -41.018  -49.285  40.610 1.0000000000
151366  -40.905  -48.401  40.422 1.0000000000
151367  -41.136  -48.793  40.635 1.0000000000
151368  -41.377  -49.218  40.909 1.0000000000
151369  -41.741  -49.160  41.216 1.0000000000
151370  -42.101  -49.095  41.539 1.0000000000
151371  -42.451  -49.032  41.895 1.0000000000
151372  -41.901  -46.468  40.910 1.0000000000
151373  -42.033  -46.922  41.071 1.0000000000
151374  -42.183  -47.353  41.249 1.0000000000
151375  -42.848  -46.772  41.734 1.0000000000
151376  -42.593  -47.292  41.574 1.0000000000
151377  -42.329  -47.776  41.445 1.0000000000
151378  -42.462  -48.170  41.709 1.0000000000
151379  -42.635  -48.576  41.967 1.0000000000
151380  -42.820  -48.975  42.238 1.0000000000
151381  -43.193  -48.889  42.580 1.0000000000
151382  -43.588  -48.815  42.918 1.0000000000
151383  -43.972  -48.735  43.252 1.0000000000
151384  -43.989  -47.901  43.119 1.0000000000
151385  -44.159  -48.282  43.352 1.0000000000
151386  -44.342  -48.639  43.597 1.0000000000
151387  -44.700  -48.559  43.966 1.0000000000
151388  -45.053  -48.488  44.354 1.0000000000
151389  -45.392  -48.405  44.737 1.0000000000
151409  -45.111  -46.337  44.102 1.0000000000
151410  -45.207  -46.737  44.289 1.0000000000
151411  -45.835  -46.168  44.886 1.0000000000
151412  -45.568  -46.652  44.695 1.0000000000
151413  -45.308  -47.146  44.502 1.0000000000
151414  -45.422  -47.549  44.717 1.0000000000
151415  -45.586  -47.919  44.908 1.0000000000
151416  -45.748  -48.331  45.118 1.0000000000
151417  -46.105  -48.265  45.506 1.0000000000
