#!ascii label  , from subject 40tvs8ref_sym_20 vox2ras=TkReg
204
535  -44.198  -23.107  -2.949 1.0000000000
2245  -46.260  -18.664  -5.801 1.0000000000
2253  -38.590  -21.281  -5.198 1.0000000000
4967  -46.234  -22.149  -1.008 1.0000000000
4969  -47.443  -20.029  -2.592 1.0000000000
4970  -48.454  -17.521  -4.020 1.0000000000
4971  -45.274  -20.962  -4.447 1.0000000000
4993  -39.396  -19.845  -6.901 1.0000000000
9294  -49.322  -14.726  -5.382 1.0000000000
9295  -47.204  -16.067  -7.147 1.0000000000
9316  -40.057  -24.449  -2.893 1.0000000000
9319  -41.194  -22.930  -4.687 1.0000000000
9320  -42.238  -21.195  -6.297 1.0000000000
9321  -43.379  -19.235  -7.798 1.0000000000
12647  -45.248  -22.753  -2.027 1.0000000000
12648  -46.874  -21.141  -1.810 1.0000000000
12649  -45.833  -21.716  -2.780 1.0000000000
12650  -46.391  -20.588  -3.528 1.0000000000
12651  -44.740  -22.068  -3.715 1.0000000000
20672  -47.385  -18.107  -4.901 1.0000000000
20673  -48.925  -16.112  -4.730 1.0000000000
20674  -47.879  -16.758  -5.571 1.0000000000
20675  -48.268  -15.416  -6.249 1.0000000000
20676  -46.772  -17.391  -6.462 1.0000000000
20736  -39.280  -22.955  -4.161 1.0000000000
20737  -39.765  -22.240  -5.107 1.0000000000
20738  -41.738  -22.073  -5.503 1.0000000000
20739  -40.282  -21.476  -5.986 1.0000000000
20741  -41.267  -19.864  -7.602 1.0000000000
27375  -47.796  -20.392  -0.800 1.0000000000
27376  -48.430  -19.305  -1.605 1.0000000000
27377  -49.002  -18.114  -2.394 1.0000000000
27378  -49.502  -16.789  -3.116 1.0000000000
27379  -47.982  -18.807  -3.315 1.0000000000
27380  -46.903  -19.370  -4.208 1.0000000000
27381  -45.786  -19.827  -5.137 1.0000000000
27419  -39.031  -20.587  -6.084 1.0000000000
31056  -43.557  -24.078  -2.171 1.0000000000
38120  -49.944  -15.431  -3.853 1.0000000000
38121  -50.331  -13.981  -4.556 1.0000000000
38187  -41.502  -24.920  -2.271 1.0000000000
38188  -42.135  -24.103  -3.118 1.0000000000
38196  -40.625  -23.712  -3.809 1.0000000000
38197  -42.754  -23.202  -3.940 1.0000000000
38198  -43.258  -22.262  -4.727 1.0000000000
38199  -43.856  -21.235  -5.449 1.0000000000
38200  -44.331  -20.206  -6.184 1.0000000000
38201  -40.728  -20.686  -6.796 1.0000000000
38202  -42.791  -20.246  -7.047 1.0000000000
38203  -44.866  -19.107  -6.894 1.0000000000
38204  -45.392  -17.967  -7.574 1.0000000000
43367  -44.705  -22.997  -2.495 1.0000000000
43368  -45.540  -22.251  -2.395 1.0000000000
43369  -45.013  -22.442  -2.870 1.0000000000
43370  -45.294  -21.913  -3.268 1.0000000000
43371  -44.465  -22.589  -3.338 1.0000000000
51392  -46.830  -18.391  -5.346 1.0000000000
51393  -47.620  -17.460  -5.229 1.0000000000
51394  -47.077  -17.741  -5.673 1.0000000000
51395  -47.335  -17.064  -6.014 1.0000000000
51396  -46.504  -18.061  -6.132 1.0000000000
51453  -37.880  -20.950  -4.628 1.0000000000
51455  -38.370  -21.596  -4.712 1.0000000000
51456  -38.917  -22.135  -4.712 1.0000000000
51457  -39.155  -21.791  -5.185 1.0000000000
51458  -40.023  -21.871  -5.569 1.0000000000
51459  -39.400  -21.434  -5.656 1.0000000000
60982  -46.628  -21.821  -0.449 1.0000000000
60983  -47.433  -20.876  -0.363 1.0000000000
60984  -46.998  -21.310  -0.893 1.0000000000
60985  -47.143  -20.610  -2.221 1.0000000000
60986  -47.656  -20.250  -1.712 1.0000000000
60987  -47.943  -19.688  -2.105 1.0000000000
60988  -48.721  -18.725  -2.004 1.0000000000
60989  -48.231  -19.101  -2.490 1.0000000000
60990  -48.508  -18.470  -2.854 1.0000000000
60991  -47.730  -19.429  -2.955 1.0000000000
60992  -45.855  -20.768  -3.992 1.0000000000
60993  -46.650  -19.971  -3.877 1.0000000000
60994  -46.107  -20.186  -4.330 1.0000000000
60995  -46.347  -19.619  -4.668 1.0000000000
60996  -45.527  -20.411  -4.792 1.0000000000
68195  -44.114  -23.904  -1.686 1.0000000000
85057  -48.986  -17.157  -3.566 1.0000000000
85058  -49.744  -16.112  -3.467 1.0000000000
85059  -49.207  -16.516  -3.917 1.0000000000
85060  -49.118  -15.446  -5.052 1.0000000000
85061  -49.626  -15.094  -4.639 1.0000000000
85062  -49.827  -14.364  -4.970 1.0000000000
85067  -47.740  -15.744  -6.694 1.0000000000
85225  -39.781  -24.780  -2.428 1.0000000000
85227  -40.787  -24.742  -2.615 1.0000000000
85228  -41.813  -24.536  -2.697 1.0000000000
85229  -41.069  -24.374  -3.067 1.0000000000
85248  -40.194  -23.020  -4.500 1.0000000000
85249  -39.929  -23.370  -4.031 1.0000000000
85250  -40.908  -23.329  -4.252 1.0000000000
85251  -41.681  -23.544  -3.930 1.0000000000
85252  -41.961  -23.119  -4.346 1.0000000000
85253  -42.999  -22.756  -4.338 1.0000000000
85254  -42.228  -22.694  -4.774 1.0000000000
85255  -41.986  -21.653  -5.907 1.0000000000
85256  -42.793  -21.737  -5.549 1.0000000000
85257  -43.043  -21.254  -5.921 1.0000000000
85258  -44.084  -20.733  -5.820 1.0000000000
85259  -43.310  -20.758  -6.295 1.0000000000
85260  -39.217  -20.201  -6.489 1.0000000000
85261  -39.844  -20.684  -6.485 1.0000000000
85262  -40.040  -20.291  -6.906 1.0000000000
85263  -42.292  -19.656  -7.770 1.0000000000
85264  -42.019  -20.090  -7.379 1.0000000000
85265  -43.075  -19.756  -7.438 1.0000000000
85266  -43.848  -19.767  -7.019 1.0000000000
85267  -44.124  -19.224  -7.378 1.0000000000
85268  -45.138  -18.539  -7.234 1.0000000000
85269  -44.412  -18.673  -7.729 1.0000000000
96493  -45.769  -22.462  -1.532 1.0000000000
96494  -46.564  -21.666  -1.423 1.0000000000
96495  -46.086  -21.973  -1.919 1.0000000000
96496  -46.362  -21.449  -2.302 1.0000000000
96497  -46.644  -20.912  -2.699 1.0000000000
96498  -46.926  -20.331  -3.062 1.0000000000
96499  -46.111  -21.161  -3.177 1.0000000000
96500  -45.573  -21.361  -3.636 1.0000000000
96501  -45.023  -21.515  -4.087 1.0000000000
110938  -47.941  -17.792  -4.460 1.0000000000
110939  -48.706  -16.810  -4.365 1.0000000000
110940  -48.174  -17.129  -4.801 1.0000000000
110941  -48.383  -16.479  -5.127 1.0000000000
110942  -48.610  -15.763  -5.471 1.0000000000
110943  -48.804  -15.041  -5.815 1.0000000000
110944  -48.080  -16.081  -5.912 1.0000000000
110945  -47.538  -16.423  -6.354 1.0000000000
110946  -47.004  -16.720  -6.808 1.0000000000
111041  -39.103  -24.379  -2.623 1.0000000000
111053  -38.684  -22.470  -4.226 1.0000000000
111054  -39.500  -22.602  -4.636 1.0000000000
111055  -40.439  -22.627  -4.946 1.0000000000
111056  -41.459  -22.523  -5.123 1.0000000000
111057  -40.680  -22.263  -5.373 1.0000000000
111058  -40.977  -21.836  -5.783 1.0000000000
111059  -41.231  -21.415  -6.201 1.0000000000
111061  -40.296  -19.905  -7.297 1.0000000000
111062  -40.517  -19.513  -7.725 1.0000000000
111064  -42.614  -19.168  -8.154 1.0000000000
125315  -48.564  -19.408  -0.666 1.0000000000
125316  -47.352  -20.796  -1.306 1.0000000000
125317  -48.126  -19.852  -1.199 1.0000000000
125318  -48.889  -18.871  -1.089 1.0000000000
125321  -49.740  -17.081  -2.294 1.0000000000
125322  -49.994  -16.420  -2.673 1.0000000000
125323  -49.262  -17.465  -2.758 1.0000000000
125324  -48.757  -17.806  -3.210 1.0000000000
125325  -48.221  -18.159  -3.683 1.0000000000
125326  -47.182  -19.733  -3.421 1.0000000000
125327  -47.422  -19.127  -3.777 1.0000000000
125328  -47.680  -18.475  -4.122 1.0000000000
125329  -47.133  -18.760  -4.562 1.0000000000
125330  -46.589  -19.018  -5.020 1.0000000000
125331  -46.039  -19.264  -5.479 1.0000000000
125417  -38.829  -20.948  -5.656 1.0000000000
125423  -38.823  -19.259  -6.878 1.0000000000
134764  -44.942  -23.234  -1.614 1.0000000000
134765  -44.405  -23.451  -2.104 1.0000000000
134766  -43.854  -23.594  -2.569 1.0000000000
155319  -50.463  -15.032  -3.425 1.0000000000
155320  -50.660  -14.309  -3.803 1.0000000000
155321  -49.423  -15.800  -4.282 1.0000000000
155322  -50.140  -14.710  -4.203 1.0000000000
155324  -51.015  -12.814  -4.517 1.0000000000
155520  -41.202  -25.271  -1.810 1.0000000000
155521  -42.241  -24.987  -1.824 1.0000000000
155522  -42.553  -24.589  -2.245 1.0000000000
155523  -42.849  -24.150  -2.675 1.0000000000
155524  -43.175  -23.674  -3.068 1.0000000000
155545  -39.376  -24.073  -3.087 1.0000000000
155546  -39.026  -23.292  -3.714 1.0000000000
155547  -39.640  -23.753  -3.575 1.0000000000
155548  -40.328  -24.115  -3.353 1.0000000000
155549  -41.374  -23.964  -3.500 1.0000000000
155550  -42.452  -23.656  -3.528 1.0000000000
155551  -43.493  -23.212  -3.464 1.0000000000
155552  -43.757  -22.723  -3.854 1.0000000000
155553  -44.015  -22.213  -4.227 1.0000000000
155554  -44.273  -21.715  -4.601 1.0000000000
155555  -42.502  -22.207  -5.161 1.0000000000
155556  -43.539  -21.768  -5.125 1.0000000000
155557  -44.576  -21.147  -4.957 1.0000000000
155558  -44.851  -20.597  -5.312 1.0000000000
155559  -45.077  -20.050  -5.669 1.0000000000
155560  -45.309  -19.522  -6.030 1.0000000000
155561  -39.628  -21.069  -6.067 1.0000000000
155562  -40.516  -21.090  -6.383 1.0000000000
155563  -41.490  -20.996  -6.593 1.0000000000
155564  -41.006  -20.264  -7.193 1.0000000000
155565  -41.746  -20.539  -6.979 1.0000000000
155566  -42.530  -20.721  -6.672 1.0000000000
155567  -43.587  -20.252  -6.661 1.0000000000
155568  -44.627  -19.647  -6.563 1.0000000000
155569  -45.569  -18.938  -6.353 1.0000000000
155570  -45.839  -18.330  -6.691 1.0000000000
155571  -46.108  -17.729  -7.009 1.0000000000
155572  -46.328  -17.083  -7.352 1.0000000000
155574  -45.632  -17.368  -7.913 1.0000000000
