#!ascii label  , from subject 40tvs8ref_sym_20 vox2ras=TkReg
255
610  -49.593  8.663  -23.291 1.0000000000
1359  -51.573  9.842  -16.188 1.0000000000
2465  -53.873  7.106  -17.127 1.0000000000
2466  -49.045  2.765  -24.272 1.0000000000
5516  -52.013  11.020  -19.742 1.0000000000
5517  -53.617  10.010  -16.114 1.0000000000
5518  -51.893  7.816  -20.299 1.0000000000
5519  -51.380  4.763  -20.702 1.0000000000
5520  -49.242  5.565  -23.654 1.0000000000
7055  -50.281  11.945  -19.132 1.0000000000
7056  -49.896  11.882  -23.209 1.0000000000
9957  -47.112  9.300  -26.550 1.0000000000
9959  -45.691  7.059  -29.894 1.0000000000
9960  -47.247  6.269  -26.852 1.0000000000
9961  -47.951  3.471  -27.624 1.0000000000
13196  -50.936  9.855  -21.687 1.0000000000
13197  -52.052  9.401  -20.096 1.0000000000
13198  -50.800  8.223  -21.819 1.0000000000
13199  -50.545  6.653  -22.015 1.0000000000
13200  -49.383  7.058  -23.467 1.0000000000
15597  -49.222  11.033  -19.474 1.0000000000
15598  -49.461  12.820  -20.687 1.0000000000
15599  -50.498  12.717  -21.031 1.0000000000
15600  -49.563  13.267  -22.839 1.0000000000
22308  -52.048  8.565  -14.759 1.0000000000
22309  -54.029  8.747  -16.681 1.0000000000
22310  -54.301  9.380  -14.274 1.0000000000
22311  -55.005  8.322  -14.965 1.0000000000
22316  -50.135  3.744  -22.435 1.0000000000
22320  -49.136  1.294  -24.624 1.0000000000
22327  -47.241  10.843  -26.513 1.0000000000
22328  -45.985  9.688  -27.962 1.0000000000
22334  -46.524  5.744  -30.234 1.0000000000
22335  -46.368  6.624  -28.423 1.0000000000
22336  -46.998  5.202  -28.749 1.0000000000
22337  -47.483  4.791  -27.153 1.0000000000
22338  -47.763  3.986  -29.056 1.0000000000
28360  -52.093  11.266  -17.482 1.0000000000
28361  -52.627  10.363  -15.835 1.0000000000
28362  -52.914  10.535  -17.982 1.0000000000
28363  -53.043  8.982  -18.461 1.0000000000
28364  -52.924  7.409  -18.736 1.0000000000
28365  -52.662  5.895  -18.997 1.0000000000
28366  -51.618  6.228  -20.539 1.0000000000
28367  -50.284  5.141  -22.199 1.0000000000
28368  -49.046  4.135  -23.941 1.0000000000
31820  -50.024  9.846  -18.203 1.0000000000
31821  -50.994  10.976  -17.604 1.0000000000
31822  -51.397  12.077  -19.272 1.0000000000
31823  -51.031  11.521  -21.457 1.0000000000
31824  -49.819  10.262  -23.232 1.0000000000
40084  -53.065  9.360  -14.207 1.0000000000
40105  -48.698  12.191  -24.860 1.0000000000
40106  -48.587  10.557  -24.941 1.0000000000
40107  -48.385  9.018  -24.953 1.0000000000
40113  -45.188  8.538  -29.632 1.0000000000
40114  -46.074  8.110  -28.122 1.0000000000
40115  -47.110  7.819  -26.596 1.0000000000
40116  -48.287  7.429  -25.019 1.0000000000
40117  -48.210  5.904  -25.243 1.0000000000
40118  -48.152  4.434  -25.568 1.0000000000
40119  -48.310  3.088  -26.022 1.0000000000
40121  -48.757  2.307  -27.987 1.0000000000
40122  -48.783  1.791  -26.429 1.0000000000
43916  -50.259  9.233  -22.520 1.0000000000
43917  -50.875  9.026  -21.753 1.0000000000
43918  -50.197  8.441  -22.559 1.0000000000
43919  -50.099  7.644  -22.635 1.0000000000
43920  -49.523  7.849  -23.326 1.0000000000
46319  -49.558  13.290  -21.675 1.0000000000
53026  -51.359  8.629  -15.861 1.0000000000
53028  -51.814  9.174  -15.473 1.0000000000
53029  -53.974  7.916  -16.935 1.0000000000
53030  -54.483  8.550  -15.855 1.0000000000
53031  -54.506  7.787  -16.081 1.0000000000
53033  -54.352  6.923  -16.296 1.0000000000
53035  -53.695  6.290  -17.281 1.0000000000
53036  -49.554  3.251  -23.287 1.0000000000
53037  -50.038  3.033  -22.573 1.0000000000
53039  -49.438  1.817  -23.620 1.0000000000
53040  -49.072  2.047  -24.489 1.0000000000
53048  -45.472  9.927  -28.780 1.0000000000
53054  -47.103  5.202  -30.425 1.0000000000
53055  -46.727  5.479  -29.489 1.0000000000
53056  -47.203  4.864  -29.698 1.0000000000
53057  -47.354  4.574  -28.943 1.0000000000
53058  -47.696  4.328  -29.744 1.0000000000
62626  -52.188  11.345  -18.613 1.0000000000
62627  -52.565  11.024  -17.732 1.0000000000
62628  -52.473  10.743  -18.891 1.0000000000
62629  -51.964  8.598  -20.218 1.0000000000
62630  -52.552  9.196  -19.272 1.0000000000
62631  -52.497  8.398  -19.395 1.0000000000
62632  -53.020  8.211  -18.596 1.0000000000
62633  -52.406  7.583  -19.527 1.0000000000
62634  -52.285  6.807  -19.675 1.0000000000
62635  -51.756  6.994  -20.445 1.0000000000
62636  -49.905  6.108  -22.805 1.0000000000
62637  -50.421  5.895  -22.095 1.0000000000
62638  -49.753  5.346  -22.942 1.0000000000
62639  -49.665  4.632  -23.032 1.0000000000
62640  -49.150  4.841  -23.769 1.0000000000
69829  -49.744  11.556  -19.247 1.0000000000
69830  -49.652  10.480  -18.864 1.0000000000
69831  -50.133  11.010  -18.565 1.0000000000
69832  -50.491  10.512  -17.896 1.0000000000
69833  -50.658  11.471  -18.414 1.0000000000
69834  -51.216  11.687  -18.340 1.0000000000
69835  -50.826  12.120  -19.153 1.0000000000
69836  -50.351  12.437  -22.160 1.0000000000
69837  -50.875  12.220  -21.283 1.0000000000
69838  -50.483  11.700  -22.310 1.0000000000
69839  -50.496  10.894  -22.364 1.0000000000
69840  -49.905  11.022  -23.192 1.0000000000
89964  -53.179  10.334  -15.894 1.0000000000
89965  -52.858  9.916  -14.955 1.0000000000
89966  -53.440  9.975  -14.989 1.0000000000
89986  -52.013  5.315  -19.866 1.0000000000
89988  -51.838  4.586  -20.001 1.0000000000
90017  -48.655  13.027  -24.786 1.0000000000
90019  -47.152  10.073  -26.468 1.0000000000
90020  -47.917  10.690  -25.751 1.0000000000
90021  -47.851  9.927  -25.752 1.0000000000
90022  -48.465  9.765  -24.970 1.0000000000
90023  -47.737  9.124  -25.778 1.0000000000
90035  -45.840  6.646  -30.816 1.0000000000
90037  -45.420  7.302  -30.677 1.0000000000
90038  -45.074  8.026  -30.545 1.0000000000
90039  -45.384  7.749  -29.768 1.0000000000
90040  -45.614  8.314  -28.882 1.0000000000
90041  -45.769  7.559  -28.972 1.0000000000
90042  -46.812  6.449  -27.619 1.0000000000
90043  -46.678  7.211  -27.473 1.0000000000
90044  -47.152  7.031  -26.690 1.0000000000
90045  -47.679  7.625  -25.831 1.0000000000
90046  -47.692  6.842  -25.917 1.0000000000
90047  -48.205  6.665  -25.139 1.0000000000
90048  -47.731  6.066  -26.061 1.0000000000
90049  -47.658  4.081  -27.385 1.0000000000
90050  -47.777  4.572  -26.408 1.0000000000
90051  -47.877  3.924  -26.592 1.0000000000
90052  -48.190  3.775  -25.784 1.0000000000
90053  -48.048  3.244  -26.839 1.0000000000
90058  -49.396  2.151  -28.674 1.0000000000
90060  -48.773  2.037  -27.277 1.0000000000
97480  -51.606  10.508  -20.802 1.0000000000
97481  -52.060  10.206  -19.976 1.0000000000
97482  -51.487  9.621  -20.936 1.0000000000
97483  -51.461  8.826  -20.994 1.0000000000
97484  -51.362  8.026  -21.092 1.0000000000
97485  -51.220  7.231  -21.240 1.0000000000
97486  -50.678  7.447  -21.914 1.0000000000
97487  -49.968  6.851  -22.728 1.0000000000
97488  -49.319  6.308  -23.539 1.0000000000
101801  -48.793  10.333  -19.741 1.0000000000
101802  -48.808  11.494  -20.134 1.0000000000
101803  -49.339  12.049  -19.954 1.0000000000
101804  -49.871  12.411  -19.863 1.0000000000
101805  -50.417  12.597  -19.964 1.0000000000
101806  -49.986  12.924  -20.828 1.0000000000
101807  -50.028  13.012  -21.922 1.0000000000
101808  -49.844  12.665  -23.035 1.0000000000
113883  -53.916  9.435  -16.376 1.0000000000
113884  -53.967  9.723  -15.167 1.0000000000
113885  -54.341  9.228  -15.503 1.0000000000
113886  -54.741  8.969  -14.618 1.0000000000
113896  -50.753  4.249  -21.556 1.0000000000
113898  -50.624  3.534  -21.717 1.0000000000
113903  -49.426  1.059  -23.844 1.0000000000
113915  -47.339  11.705  -26.516 1.0000000000
113916  -46.655  11.092  -27.244 1.0000000000
113917  -46.577  10.239  -27.208 1.0000000000
113918  -46.525  9.471  -27.230 1.0000000000
113928  -46.021  6.341  -30.089 1.0000000000
113929  -45.976  6.829  -29.169 1.0000000000
113930  -46.300  6.103  -29.294 1.0000000000
113931  -46.646  5.909  -28.539 1.0000000000
113932  -46.986  5.701  -27.782 1.0000000000
113933  -47.340  5.501  -27.003 1.0000000000
113934  -47.246  4.978  -27.960 1.0000000000
113935  -47.497  4.315  -28.161 1.0000000000
113936  -47.847  3.689  -28.337 1.0000000000
127612  -51.821  10.735  -16.699 1.0000000000
127613  -52.073  10.152  -15.945 1.0000000000
127614  -52.374  10.855  -16.691 1.0000000000
127615  -52.889  10.701  -16.795 1.0000000000
127616  -53.294  10.296  -17.039 1.0000000000
127617  -52.564  9.998  -19.105 1.0000000000
127618  -53.054  9.837  -18.236 1.0000000000
127619  -53.475  9.636  -17.328 1.0000000000
127620  -53.546  8.887  -17.532 1.0000000000
127621  -53.487  8.056  -17.751 1.0000000000
127622  -53.392  7.261  -17.959 1.0000000000
127623  -53.285  6.466  -18.067 1.0000000000
127624  -52.795  6.637  -18.914 1.0000000000
127625  -52.147  6.041  -19.788 1.0000000000
127626  -51.498  5.479  -20.607 1.0000000000
127627  -51.110  6.445  -21.276 1.0000000000
127628  -50.941  5.699  -21.358 1.0000000000
127629  -50.833  4.938  -21.463 1.0000000000
127630  -50.197  4.420  -22.296 1.0000000000
127631  -49.584  3.935  -23.187 1.0000000000
127632  -49.031  3.448  -24.097 1.0000000000
136835  -49.581  9.193  -18.562 1.0000000000
136837  -50.355  9.206  -17.583 1.0000000000
136839  -51.307  10.446  -16.894 1.0000000000
136840  -51.559  11.302  -17.511 1.0000000000
136841  -51.746  11.663  -18.424 1.0000000000
136842  -51.770  11.664  -19.535 1.0000000000
136843  -50.957  12.443  -20.127 1.0000000000
136844  -51.340  11.996  -20.423 1.0000000000
136845  -51.537  11.282  -20.588 1.0000000000
136846  -51.037  10.691  -21.560 1.0000000000
136847  -50.391  10.071  -22.444 1.0000000000
136848  -49.693  9.442  -23.269 1.0000000000
161206  -52.292  9.613  -15.123 1.0000000000
161207  -52.519  9.002  -14.399 1.0000000000
161209  -53.674  9.523  -14.143 1.0000000000
161210  -53.287  8.783  -13.470 1.0000000000
161233  -53.084  5.710  -18.207 1.0000000000
161269  -49.023  13.487  -23.725 1.0000000000
161270  -49.262  12.830  -23.910 1.0000000000
161271  -49.312  12.033  -24.019 1.0000000000
161272  -48.028  11.520  -25.703 1.0000000000
161273  -48.645  11.361  -24.918 1.0000000000
161274  -49.269  11.208  -24.089 1.0000000000
161275  -49.200  10.396  -24.117 1.0000000000
161276  -49.078  9.648  -24.123 1.0000000000
161277  -48.988  8.855  -24.115 1.0000000000
161294  -44.843  8.840  -30.428 1.0000000000
161296  -45.508  9.121  -28.777 1.0000000000
161297  -45.995  8.883  -28.023 1.0000000000
161298  -46.530  8.673  -27.303 1.0000000000
161299  -46.203  7.390  -28.233 1.0000000000
161300  -46.566  7.969  -27.381 1.0000000000
161301  -47.092  8.562  -26.605 1.0000000000
161302  -47.728  8.411  -25.802 1.0000000000
161303  -48.315  8.246  -24.967 1.0000000000
161304  -48.924  8.056  -24.157 1.0000000000
161305  -48.812  7.259  -24.260 1.0000000000
161306  -48.747  6.482  -24.310 1.0000000000
161307  -48.702  5.748  -24.435 1.0000000000
161308  -47.764  5.320  -26.206 1.0000000000
161309  -48.158  5.150  -25.407 1.0000000000
161310  -48.620  4.996  -24.592 1.0000000000
161311  -48.577  4.310  -24.748 1.0000000000
161312  -48.573  3.603  -24.953 1.0000000000
161313  -48.637  2.944  -25.146 1.0000000000
161314  -48.274  3.841  -29.815 1.0000000000
161318  -48.779  2.624  -28.607 1.0000000000
161319  -48.287  2.873  -27.808 1.0000000000
161320  -48.356  2.606  -27.103 1.0000000000
161321  -48.528  2.444  -26.278 1.0000000000
161322  -48.769  2.249  -25.381 1.0000000000
161323  -48.928  1.529  -25.528 1.0000000000
