#!ascii label  , from subject 40tvs8ref_sym_20 vox2ras=TkReg
138
62  -64.650  -14.068  20.982 1.0000000000
1480  -66.239  -12.360  16.213 1.0000000000
3428  -64.408  -12.969  15.104 1.0000000000
7294  -65.684  -13.412  18.711 1.0000000000
7295  -63.524  -14.939  19.452 1.0000000000
7296  -64.283  -14.193  17.264 1.0000000000
8768  -66.304  -11.639  20.076 1.0000000000
8769  -66.801  -10.470  17.488 1.0000000000
8770  -66.484  -9.224  14.997 1.0000000000
16042  -66.028  -12.923  17.505 1.0000000000
16043  -65.134  -13.911  17.917 1.0000000000
16044  -65.402  -13.429  16.678 1.0000000000
19374  -66.375  -10.573  20.911 1.0000000000
19375  -66.640  -9.945  19.588 1.0000000000
19376  -66.615  -11.092  18.794 1.0000000000
19377  -66.730  -9.401  18.335 1.0000000000
19379  -66.176  -8.543  15.924 1.0000000000
24601  -66.228  -11.706  14.977 1.0000000000
24602  -65.469  -12.772  15.498 1.0000000000
24603  -65.352  -12.033  14.300 1.0000000000
32416  -65.241  -13.773  19.936 1.0000000000
32417  -64.191  -14.604  20.160 1.0000000000
32418  -64.705  -14.285  19.077 1.0000000000
32419  -63.913  -14.606  18.383 1.0000000000
32421  -64.415  -13.665  16.188 1.0000000000
36527  -65.001  -13.366  21.601 1.0000000000
36553  -65.815  -12.129  21.272 1.0000000000
36554  -65.599  -12.993  20.528 1.0000000000
36555  -66.091  -12.594  19.350 1.0000000000
36556  -66.449  -12.107  18.070 1.0000000000
36557  -66.653  -11.493  16.801 1.0000000000
36558  -66.582  -8.903  17.092 1.0000000000
36559  -66.771  -9.894  16.239 1.0000000000
36560  -66.676  -10.847  15.484 1.0000000000
36561  -66.447  -10.103  14.197 1.0000000000
41229  -64.149  -14.525  21.078 1.0000000000
46762  -66.169  -12.642  16.867 1.0000000000
46763  -65.765  -13.194  17.061 1.0000000000
46764  -65.849  -12.915  16.445 1.0000000000
50095  -66.636  -9.127  19.349 1.0000000000
50096  -66.708  -9.662  18.946 1.0000000000
56362  -66.131  -11.344  14.342 1.0000000000
56363  -65.817  -11.897  14.551 1.0000000000
56364  -65.691  -11.496  13.939 1.0000000000
71167  -65.479  -13.606  19.323 1.0000000000
71168  -65.018  -14.064  19.477 1.0000000000
71169  -65.259  -13.866  18.895 1.0000000000
71170  -64.731  -14.068  17.550 1.0000000000
71171  -64.548  -14.275  18.156 1.0000000000
71172  -64.108  -14.413  17.829 1.0000000000
71173  -63.457  -14.747  18.138 1.0000000000
71175  -64.968  -12.904  15.249 1.0000000000
71176  -64.983  -13.281  15.797 1.0000000000
71177  -64.443  -13.329  15.655 1.0000000000
77850  -63.894  -14.808  19.761 1.0000000000
81091  -64.695  -13.498  22.123 1.0000000000
81092  -65.111  -12.993  21.953 1.0000000000
81156  -66.340  -11.126  20.496 1.0000000000
81157  -66.137  -11.408  21.103 1.0000000000
81158  -66.075  -11.918  20.676 1.0000000000
81159  -65.735  -12.593  20.882 1.0000000000
81160  -66.004  -12.393  20.272 1.0000000000
81161  -65.845  -12.810  19.963 1.0000000000
81162  -66.225  -12.137  19.691 1.0000000000
81163  -66.723  -10.796  18.134 1.0000000000
81164  -66.551  -11.615  18.419 1.0000000000
81165  -66.671  -11.301  17.777 1.0000000000
81166  -66.576  -11.775  17.452 1.0000000000
81167  -66.758  -11.000  17.145 1.0000000000
81170  -66.154  -8.428  16.965 1.0000000000
81171  -66.376  -8.816  15.435 1.0000000000
81172  -66.556  -9.117  16.056 1.0000000000
81173  -66.649  -9.549  15.623 1.0000000000
81174  -66.778  -10.352  15.821 1.0000000000
81175  -66.679  -10.024  15.204 1.0000000000
81176  -66.588  -10.539  14.824 1.0000000000
81177  -66.509  -9.659  14.589 1.0000000000
102604  -65.862  -13.198  18.113 1.0000000000
102605  -65.467  -13.723  18.282 1.0000000000
102606  -65.625  -13.472  17.682 1.0000000000
102607  -65.329  -13.684  17.268 1.0000000000
102608  -64.866  -13.836  16.967 1.0000000000
102609  -63.844  -12.919  15.069 1.0000000000
102610  -63.888  -13.331  15.561 1.0000000000
108600  -66.526  -10.246  20.261 1.0000000000
108601  -66.522  -10.810  19.838 1.0000000000
108602  -66.474  -11.361  19.454 1.0000000000
108603  -66.654  -10.515  19.196 1.0000000000
108604  -66.740  -10.229  18.553 1.0000000000
108605  -66.789  -9.939  17.910 1.0000000000
108608  -65.608  -8.246  15.814 1.0000000000
108609  -65.920  -8.346  15.340 1.0000000000
118843  -66.269  -12.051  15.584 1.0000000000
118844  -65.910  -12.592  15.830 1.0000000000
118845  -65.886  -12.257  15.203 1.0000000000
118846  -65.421  -12.415  14.897 1.0000000000
118847  -64.911  -12.520  14.694 1.0000000000
118849  -64.807  -12.114  14.141 1.0000000000
138502  -64.974  -13.902  20.479 1.0000000000
138503  -64.452  -14.354  20.565 1.0000000000
138504  -64.737  -14.214  20.042 1.0000000000
138505  -64.478  -14.464  19.629 1.0000000000
138506  -64.132  -14.645  19.256 1.0000000000
138507  -64.925  -14.106  18.514 1.0000000000
138508  -64.328  -14.479  18.730 1.0000000000
138509  -63.715  -14.780  18.938 1.0000000000
138513  -65.458  -13.111  16.095 1.0000000000
138514  -64.943  -13.575  16.387 1.0000000000
138515  -64.363  -13.953  16.724 1.0000000000
138516  -63.889  -13.700  16.062 1.0000000000
138517  -63.820  -14.028  16.549 1.0000000000
138518  -63.754  -14.272  17.054 1.0000000000
150550  -64.558  -13.835  21.776 1.0000000000
150551  -64.854  -13.699  21.297 1.0000000000
150630  -65.434  -12.788  21.437 1.0000000000
150631  -65.323  -13.163  21.090 1.0000000000
150632  -65.185  -13.524  20.752 1.0000000000
150633  -65.425  -13.386  20.230 1.0000000000
150634  -65.683  -13.217  19.636 1.0000000000
150635  -65.914  -13.023  19.006 1.0000000000
150636  -66.400  -11.875  19.079 1.0000000000
150637  -66.303  -12.361  18.688 1.0000000000
150638  -66.105  -12.793  18.376 1.0000000000
150639  -66.280  -12.516  17.757 1.0000000000
150640  -66.428  -12.223  17.127 1.0000000000
150641  -66.484  -11.955  16.478 1.0000000000
150643  -66.691  -9.126  17.700 1.0000000000
150644  -66.792  -9.631  17.291 1.0000000000
150645  -66.408  -8.720  16.501 1.0000000000
150646  -66.707  -9.401  16.662 1.0000000000
150647  -66.838  -10.187  16.879 1.0000000000
150648  -66.798  -10.735  16.484 1.0000000000
150649  -66.677  -11.210  16.129 1.0000000000
150650  -66.503  -11.649  15.826 1.0000000000
150651  -66.492  -11.299  15.204 1.0000000000
150652  -66.404  -10.974  14.564 1.0000000000
150653  -66.250  -10.515  13.928 1.0000000000
150654  -66.292  -9.254  13.982 1.0000000000
