#!ascii label  , from subject 40tvs8ref_sym_20 vox2ras=TkReg
434
397  -42.697  -12.891  21.094 1.0000000000
899  -44.013  -19.906  20.353 1.0000000000
900  -41.497  -18.756  22.944 1.0000000000
901  -45.866  -14.563  21.218 1.0000000000
1177  -35.925  -15.507  21.466 1.0000000000
1886  -38.334  -17.003  23.183 1.0000000000
1887  -39.763  -11.300  20.245 1.0000000000
2820  -45.148  -17.456  21.578 1.0000000000
4142  -42.147  -15.729  22.653 1.0000000000
4143  -39.871  -17.915  23.358 1.0000000000
4144  -40.535  -14.783  22.582 1.0000000000
4145  -39.029  -13.855  22.258 1.0000000000
4146  -41.232  -12.048  20.772 1.0000000000
6229  -42.869  -19.462  21.827 1.0000000000
6230  -43.743  -16.629  22.369 1.0000000000
6231  -44.277  -13.708  21.255 1.0000000000
8275  -36.986  -16.194  22.496 1.0000000000
8276  -37.569  -13.101  21.607 1.0000000000
8277  -38.392  -10.681  19.540 1.0000000000
8279  -46.223  -11.885  18.962 1.0000000000
8280  -44.699  -11.280  18.650 1.0000000000
8283  -43.119  -10.677  18.161 1.0000000000
8284  -41.714  -9.959  17.627 1.0000000000
11822  -42.418  -14.261  22.029 1.0000000000
11823  -41.365  -15.235  22.631 1.0000000000
11824  -41.663  -13.796  21.934 1.0000000000
11825  -40.918  -13.333  21.814 1.0000000000
11826  -41.947  -12.470  20.960 1.0000000000
14219  -42.828  -20.833  20.350 1.0000000000
14220  -42.310  -20.627  21.133 1.0000000000
14221  -43.467  -19.718  21.101 1.0000000000
14222  -45.617  -16.022  21.651 1.0000000000
14223  -44.468  -17.064  22.037 1.0000000000
14224  -44.861  -15.585  21.907 1.0000000000
14225  -44.024  -15.145  22.039 1.0000000000
14226  -45.045  -14.136  21.309 1.0000000000
14260  -44.856  -19.888  19.612 1.0000000000
14261  -44.615  -20.782  19.106 1.0000000000
14262  -43.672  -20.783  19.667 1.0000000000
15052  -35.664  -17.105  21.609 1.0000000000
18187  -41.071  -20.213  22.577 1.0000000000
18189  -40.350  -19.857  23.078 1.0000000000
18190  -39.080  -17.448  23.340 1.0000000000
18191  -38.741  -19.050  23.499 1.0000000000
18192  -37.945  -18.629  23.404 1.0000000000
18194  -37.282  -18.192  23.149 1.0000000000
18195  -36.664  -17.798  22.746 1.0000000000
18196  -37.632  -16.599  22.908 1.0000000000
18197  -39.387  -12.464  21.441 1.0000000000
18198  -38.295  -13.478  21.979 1.0000000000
18199  -38.660  -12.080  21.111 1.0000000000
18200  -37.943  -11.764  20.768 1.0000000000
18201  -39.050  -11.001  19.886 1.0000000000
18205  -47.046  -10.328  15.805 1.0000000000
18206  -47.084  -11.169  17.577 1.0000000000
18207  -46.305  -10.881  17.360 1.0000000000
18208  -45.450  -11.576  18.844 1.0000000000
18209  -45.561  -10.592  17.151 1.0000000000
18218  -42.407  -10.341  17.856 1.0000000000
23507  -45.199  -19.005  20.338 1.0000000000
23508  -44.632  -18.774  21.059 1.0000000000
23509  -45.829  -17.814  20.987 1.0000000000
23510  -46.304  -16.452  21.279 1.0000000000
23511  -46.639  -14.980  21.070 1.0000000000
24007  -36.065  -13.967  21.202 1.0000000000
25888  -41.830  -17.246  22.918 1.0000000000
25889  -40.694  -18.356  23.237 1.0000000000
25890  -41.024  -16.773  23.037 1.0000000000
25891  -40.212  -16.310  23.050 1.0000000000
25892  -39.443  -15.835  22.982 1.0000000000
25893  -38.683  -15.386  22.814 1.0000000000
25894  -39.773  -14.297  22.463 1.0000000000
25895  -40.174  -12.901  21.665 1.0000000000
25896  -40.477  -11.629  20.533 1.0000000000
29894  -41.713  -20.466  21.903 1.0000000000
29895  -42.191  -19.154  22.477 1.0000000000
29896  -43.978  -18.467  21.719 1.0000000000
29897  -43.347  -18.085  22.282 1.0000000000
29898  -42.626  -17.664  22.672 1.0000000000
29899  -42.938  -16.207  22.570 1.0000000000
29900  -43.234  -14.736  22.057 1.0000000000
29901  -43.476  -13.303  21.173 1.0000000000
35113  -39.565  -19.465  23.413 1.0000000000
35120  -36.094  -17.468  22.225 1.0000000000
35121  -36.435  -15.809  22.017 1.0000000000
35122  -37.978  -14.967  22.538 1.0000000000
35123  -37.307  -14.595  22.168 1.0000000000
35124  -36.650  -14.248  21.719 1.0000000000
35125  -36.897  -12.814  21.187 1.0000000000
35126  -37.286  -11.461  20.325 1.0000000000
35127  -37.840  -10.337  19.140 1.0000000000
35130  -46.838  -13.508  20.267 1.0000000000
35132  -46.942  -12.241  19.067 1.0000000000
35133  -46.021  -13.150  20.289 1.0000000000
35134  -45.261  -12.761  20.227 1.0000000000
35135  -44.501  -12.365  20.113 1.0000000000
35136  -43.765  -12.035  19.989 1.0000000000
35143  -44.789  -10.317  16.937 1.0000000000
35144  -43.926  -10.976  18.425 1.0000000000
35145  -42.986  -11.668  19.806 1.0000000000
35146  -42.253  -11.338  19.573 1.0000000000
35147  -41.492  -11.019  19.249 1.0000000000
35148  -40.769  -10.677  18.918 1.0000000000
35150  -41.104  -9.549  17.596 1.0000000000
35151  -40.090  -10.315  18.667 1.0000000000
35152  -39.500  -9.921  18.491 1.0000000000
35153  -38.970  -9.504  18.404 1.0000000000
42542  -42.562  -13.569  21.596 1.0000000000
42543  -42.053  -14.036  21.988 1.0000000000
42544  -42.180  -13.356  21.572 1.0000000000
42545  -41.800  -13.111  21.479 1.0000000000
42546  -42.293  -12.676  21.067 1.0000000000
44939  -43.428  -20.356  20.354 1.0000000000
44940  -43.154  -20.280  20.719 1.0000000000
44941  -43.745  -19.812  20.717 1.0000000000
44942  -45.758  -15.280  21.492 1.0000000000
44943  -45.256  -15.793  21.810 1.0000000000
44944  -45.369  -15.065  21.595 1.0000000000
44945  -44.974  -14.832  21.669 1.0000000000
44946  -45.462  -14.357  21.262 1.0000000000
44980  -44.425  -19.897  19.986 1.0000000000
44981  -44.263  -20.331  19.647 1.0000000000
44982  -43.843  -20.341  19.997 1.0000000000
44983  -43.251  -20.807  20.009 1.0000000000
45772  -35.834  -16.287  21.549 1.0000000000
45773  -35.430  -17.098  21.219 1.0000000000
48907  -41.282  -19.518  22.807 1.0000000000
48908  -40.714  -20.076  22.854 1.0000000000
48909  -40.915  -19.311  23.048 1.0000000000
48910  -38.723  -17.210  23.280 1.0000000000
48911  -38.511  -18.040  23.397 1.0000000000
48912  -38.162  -17.803  23.318 1.0000000000
48913  -37.601  -18.412  23.297 1.0000000000
48914  -37.802  -17.598  23.214 1.0000000000
48915  -37.466  -17.392  23.051 1.0000000000
48916  -37.968  -16.802  23.078 1.0000000000
48917  -39.570  -11.841  20.910 1.0000000000
48918  -39.012  -12.274  21.281 1.0000000000
48919  -39.217  -11.669  20.712 1.0000000000
48920  -38.867  -11.496  20.552 1.0000000000
48921  -39.417  -11.146  20.065 1.0000000000
48925  -46.633  -10.196  15.652 1.0000000000
48926  -46.686  -10.603  16.572 1.0000000000
48927  -46.302  -10.458  16.496 1.0000000000
48928  -45.920  -10.739  17.281 1.0000000000
54540  -45.511  -18.437  20.683 1.0000000000
54541  -46.116  -17.965  20.633 1.0000000000
54543  -46.650  -16.657  21.039 1.0000000000
54544  -46.846  -15.942  21.099 1.0000000000
54545  -46.485  -15.725  21.242 1.0000000000
54546  -47.008  -15.212  20.992 1.0000000000
58507  -41.980  -16.479  22.825 1.0000000000
58508  -41.430  -16.967  22.990 1.0000000000
58509  -41.579  -16.233  22.862 1.0000000000
58510  -40.952  -15.010  22.603 1.0000000000
58511  -40.782  -15.769  22.864 1.0000000000
58512  -40.372  -15.543  22.853 1.0000000000
58513  -39.818  -16.079  23.034 1.0000000000
58514  -39.982  -15.307  22.799 1.0000000000
58515  -39.606  -15.053  22.744 1.0000000000
58516  -40.162  -14.549  22.513 1.0000000000
58517  -41.080  -12.656  21.331 1.0000000000
58518  -40.555  -13.098  21.751 1.0000000000
58519  -40.706  -12.445  21.251 1.0000000000
58520  -40.326  -12.253  21.150 1.0000000000
58521  -40.861  -11.859  20.635 1.0000000000
65702  -42.592  -20.061  21.495 1.0000000000
65703  -42.003  -20.561  21.516 1.0000000000
65704  -42.295  -19.971  21.884 1.0000000000
65705  -41.968  -19.833  22.231 1.0000000000
65706  -42.533  -19.323  22.175 1.0000000000
65707  -44.907  -18.136  21.363 1.0000000000
65708  -44.316  -18.625  21.400 1.0000000000
65709  -44.552  -17.962  21.651 1.0000000000
65710  -44.118  -16.846  22.223 1.0000000000
65711  -43.899  -17.574  22.154 1.0000000000
65712  -43.564  -17.368  22.364 1.0000000000
65713  -42.995  -17.888  22.489 1.0000000000
65714  -43.189  -17.140  22.528 1.0000000000
65715  -42.783  -16.937  22.655 1.0000000000
65716  -43.336  -16.426  22.497 1.0000000000
65717  -44.174  -14.416  21.682 1.0000000000
65718  -43.636  -14.947  22.047 1.0000000000
65719  -43.748  -14.220  21.667 1.0000000000
65720  -43.323  -13.988  21.655 1.0000000000
65721  -43.859  -13.502  21.212 1.0000000000
65823  -44.072  -21.227  19.218 1.0000000000
77610  -40.275  -18.144  23.318 1.0000000000
77611  -40.116  -18.919  23.333 1.0000000000
77612  -39.728  -18.721  23.436 1.0000000000
77613  -38.181  -19.614  23.434 1.0000000000
77627  -36.846  -16.982  22.635 1.0000000000
77628  -36.389  -17.600  22.505 1.0000000000
77629  -36.542  -16.800  22.392 1.0000000000
77630  -36.282  -16.647  22.138 1.0000000000
77631  -36.698  -15.984  22.270 1.0000000000
77632  -38.862  -14.614  22.574 1.0000000000
77633  -38.314  -15.183  22.685 1.0000000000
77634  -38.505  -14.389  22.448 1.0000000000
77635  -37.888  -13.309  21.830 1.0000000000
77636  -37.774  -14.036  22.149 1.0000000000
77637  -37.426  -13.848  21.923 1.0000000000
77638  -36.982  -14.410  21.957 1.0000000000
77639  -37.073  -13.661  21.721 1.0000000000
77640  -36.754  -13.530  21.483 1.0000000000
77641  -37.236  -12.924  21.407 1.0000000000
77642  -38.147  -11.208  20.185 1.0000000000
77643  -37.606  -11.625  20.563 1.0000000000
77644  -37.836  -11.043  19.991 1.0000000000
77645  -37.553  -10.893  19.734 1.0000000000
77646  -38.107  -10.512  19.319 1.0000000000
77653  -47.230  -13.707  20.255 1.0000000000
77658  -46.674  -11.478  18.271 1.0000000000
77659  -47.017  -11.674  18.358 1.0000000000
77660  -46.600  -12.055  19.026 1.0000000000
77661  -46.493  -12.699  19.717 1.0000000000
77662  -46.124  -12.494  19.666 1.0000000000
77663  -45.637  -12.948  20.265 1.0000000000
77664  -45.759  -12.292  19.624 1.0000000000
77665  -45.072  -11.419  18.754 1.0000000000
77666  -44.996  -11.951  19.510 1.0000000000
77667  -44.618  -11.789  19.424 1.0000000000
77668  -44.147  -12.185  20.058 1.0000000000
77669  -44.242  -11.650  19.351 1.0000000000
77686  -45.155  -9.998  16.224 1.0000000000
77687  -44.759  -9.785  16.098 1.0000000000
77689  -43.953  -10.475  17.563 1.0000000000
77690  -43.514  -10.842  18.293 1.0000000000
77691  -43.472  -11.334  19.119 1.0000000000
77692  -43.097  -11.178  19.005 1.0000000000
77693  -42.619  -11.501  19.693 1.0000000000
77694  -42.718  -10.999  18.870 1.0000000000
77695  -42.049  -10.171  17.722 1.0000000000
77696  -41.956  -10.686  18.547 1.0000000000
77697  -41.593  -10.529  18.386 1.0000000000
77698  -41.128  -10.848  19.085 1.0000000000
77699  -41.240  -10.348  18.239 1.0000000000
77706  -40.568  -9.980  18.051 1.0000000000
77708  -39.773  -10.135  18.512 1.0000000000
77711  -39.549  -9.046  18.216 1.0000000000
77712  -39.304  -8.780  18.264 1.0000000000
95008  -42.310  -14.974  22.373 1.0000000000
95009  -41.768  -15.461  22.646 1.0000000000
95010  -41.925  -14.730  22.347 1.0000000000
95011  -41.516  -14.502  22.324 1.0000000000
95012  -41.119  -14.272  22.273 1.0000000000
95013  -40.739  -14.047  22.232 1.0000000000
95014  -41.287  -13.555  21.871 1.0000000000
95015  -41.437  -12.870  21.410 1.0000000000
95016  -41.591  -12.268  20.891 1.0000000000
99323  -42.273  -21.314  20.386 1.0000000000
99325  -42.570  -20.735  20.731 1.0000000000
99326  -42.883  -20.181  21.115 1.0000000000
99327  -43.182  -19.598  21.489 1.0000000000
99328  -45.410  -16.765  21.683 1.0000000000
99329  -44.800  -17.276  21.816 1.0000000000
99330  -45.081  -16.561  21.896 1.0000000000
99331  -44.688  -16.332  22.033 1.0000000000
99332  -44.311  -16.121  22.183 1.0000000000
99333  -43.884  -15.890  22.269 1.0000000000
99334  -44.442  -15.357  21.997 1.0000000000
99335  -44.554  -14.626  21.681 1.0000000000
99336  -44.654  -13.925  21.271 1.0000000000
99396  -45.286  -19.880  19.291 1.0000000000
99397  -45.163  -20.322  19.056 1.0000000000
99398  -44.691  -20.349  19.288 1.0000000000
99399  -44.132  -20.780  19.374 1.0000000000
99403  -42.660  -21.294  20.027 1.0000000000
106465  -40.844  -20.866  22.269 1.0000000000
106467  -40.505  -20.746  22.608 1.0000000000
106469  -39.777  -20.383  23.104 1.0000000000
106470  -39.461  -17.685  23.358 1.0000000000
106471  -39.312  -18.485  23.446 1.0000000000
106472  -38.899  -18.272  23.444 1.0000000000
106473  -38.347  -18.832  23.451 1.0000000000
106474  -37.807  -19.392  23.414 1.0000000000
106477  -37.087  -18.995  23.196 1.0000000000
106480  -36.964  -17.993  22.984 1.0000000000
106481  -37.139  -17.187  22.869 1.0000000000
106482  -37.298  -16.415  22.727 1.0000000000
106483  -39.205  -13.133  21.882 1.0000000000
106484  -38.668  -13.646  22.140 1.0000000000
106485  -38.832  -12.945  21.759 1.0000000000
106486  -38.459  -12.766  21.585 1.0000000000
106487  -38.103  -12.569  21.420 1.0000000000
106488  -37.764  -12.382  21.226 1.0000000000
106489  -38.299  -11.913  20.941 1.0000000000
106490  -38.481  -11.347  20.377 1.0000000000
106491  -38.678  -10.849  19.733 1.0000000000
106497  -47.441  -10.447  15.919 1.0000000000
106498  -47.474  -10.858  16.830 1.0000000000
106499  -47.082  -10.732  16.733 1.0000000000
106500  -46.703  -11.018  17.447 1.0000000000
106501  -46.284  -11.347  18.190 1.0000000000
106502  -45.851  -11.726  18.921 1.0000000000
106503  -45.882  -11.207  18.121 1.0000000000
106504  -45.507  -11.062  18.039 1.0000000000
106505  -45.140  -10.924  17.902 1.0000000000
106520  -42.783  -10.498  18.015 1.0000000000
106522  -42.512  -9.734  17.117 1.0000000000
116291  -44.588  -19.471  20.356 1.0000000000
116292  -44.328  -19.354  20.712 1.0000000000
116293  -44.931  -18.906  20.734 1.0000000000
116294  -45.228  -18.286  21.032 1.0000000000
116295  -45.509  -17.630  21.284 1.0000000000
116296  -46.412  -17.329  20.892 1.0000000000
116297  -46.098  -17.147  21.187 1.0000000000
116298  -45.770  -16.943  21.462 1.0000000000
116299  -45.952  -16.245  21.499 1.0000000000
116300  -46.129  -15.499  21.378 1.0000000000
116301  -46.261  -14.754  21.123 1.0000000000
116352  -45.448  -19.433  19.597 1.0000000000
116353  -45.026  -19.445  19.976 1.0000000000
117457  -35.994  -14.728  21.361 1.0000000000
117458  -35.640  -15.454  21.096 1.0000000000
121846  -41.696  -18.006  22.957 1.0000000000
121847  -41.115  -18.545  23.116 1.0000000000
121848  -41.294  -17.769  23.077 1.0000000000
121849  -40.870  -17.558  23.158 1.0000000000
121850  -40.460  -17.352  23.213 1.0000000000
121851  -41.188  -15.997  22.866 1.0000000000
121852  -40.623  -16.538  23.064 1.0000000000
121853  -40.038  -17.107  23.220 1.0000000000
121854  -39.654  -16.867  23.210 1.0000000000
121855  -39.269  -16.631  23.184 1.0000000000
121856  -38.866  -16.420  23.101 1.0000000000
121857  -38.483  -16.207  23.011 1.0000000000
121858  -39.049  -15.613  22.899 1.0000000000
121859  -39.227  -14.836  22.661 1.0000000000
121860  -39.403  -14.083  22.367 1.0000000000
121861  -40.358  -13.810  22.170 1.0000000000
121862  -39.989  -13.577  22.099 1.0000000000
121863  -39.592  -13.348  22.001 1.0000000000
121864  -39.766  -12.673  21.565 1.0000000000
121865  -39.937  -12.042  21.031 1.0000000000
121866  -40.111  -11.483  20.382 1.0000000000
131610  -41.151  -20.977  21.919 1.0000000000
131611  -41.415  -20.354  22.278 1.0000000000
131612  -41.635  -19.684  22.550 1.0000000000
131613  -41.855  -18.963  22.715 1.0000000000
131614  -44.047  -19.248  21.072 1.0000000000
131615  -43.750  -19.115  21.445 1.0000000000
131616  -43.427  -18.971  21.777 1.0000000000
131617  -44.224  -17.783  21.920 1.0000000000
131618  -43.664  -18.293  22.000 1.0000000000
131619  -43.120  -18.824  22.097 1.0000000000
131620  -42.773  -18.626  22.371 1.0000000000
131621  -42.429  -18.436  22.625 1.0000000000
131622  -42.064  -18.216  22.794 1.0000000000
131623  -42.240  -17.472  22.808 1.0000000000
131624  -42.374  -16.735  22.769 1.0000000000
131625  -42.537  -15.975  22.654 1.0000000000
131626  -43.487  -15.683  22.346 1.0000000000
131627  -43.098  -15.465  22.382 1.0000000000
131628  -42.696  -15.228  22.380 1.0000000000
131629  -42.815  -14.494  22.039 1.0000000000
131630  -42.929  -13.782  21.634 1.0000000000
131631  -43.087  -13.093  21.141 1.0000000000
131760  -45.126  -20.725  18.919 1.0000000000
146353  -40.536  -19.113  23.216 1.0000000000
146354  -39.964  -19.664  23.256 1.0000000000
146355  -39.388  -20.218  23.265 1.0000000000
146356  -39.151  -19.270  23.461 1.0000000000
146357  -38.972  -20.034  23.386 1.0000000000
146375  -35.882  -18.265  22.282 1.0000000000
146376  -35.663  -18.102  21.999 1.0000000000
146377  -35.876  -17.290  21.930 1.0000000000
146378  -36.050  -16.460  21.841 1.0000000000
146379  -36.183  -15.645  21.743 1.0000000000
146380  -38.128  -15.991  22.885 1.0000000000
146381  -37.788  -15.794  22.725 1.0000000000
146382  -37.454  -15.600  22.556 1.0000000000
146383  -38.147  -14.200  22.292 1.0000000000
146384  -37.614  -14.789  22.364 1.0000000000
146385  -37.150  -15.361  22.347 1.0000000000
146386  -36.850  -15.180  22.131 1.0000000000
146387  -36.559  -14.997  21.893 1.0000000000
146388  -36.281  -14.850  21.629 1.0000000000
146389  -36.349  -14.112  21.476 1.0000000000
146390  -36.456  -13.392  21.234 1.0000000000
146391  -36.599  -12.646  20.934 1.0000000000
146392  -37.410  -12.247  21.028 1.0000000000
146393  -37.073  -12.074  20.827 1.0000000000
146394  -36.778  -11.942  20.543 1.0000000000
146395  -36.991  -11.324  20.066 1.0000000000
146396  -37.247  -10.753  19.522 1.0000000000
146397  -37.554  -10.180  18.942 1.0000000000
146404  -47.141  -14.436  20.708 1.0000000000
146405  -46.766  -14.221  20.746 1.0000000000
146406  -46.373  -14.024  20.749 1.0000000000
146410  -47.455  -11.314  17.645 1.0000000000
146411  -47.366  -11.829  18.412 1.0000000000
146413  -46.893  -12.860  19.703 1.0000000000
146414  -46.438  -13.344  20.284 1.0000000000
146415  -45.964  -13.846  20.814 1.0000000000
146416  -45.547  -13.648  20.815 1.0000000000
146417  -45.155  -13.429  20.800 1.0000000000
146418  -44.775  -13.225  20.763 1.0000000000
146419  -45.366  -12.142  19.574 1.0000000000
146420  -44.874  -12.560  20.183 1.0000000000
146421  -44.376  -13.010  20.722 1.0000000000
146422  -44.007  -12.821  20.672 1.0000000000
146423  -43.634  -12.642  20.620 1.0000000000
146424  -43.247  -12.424  20.572 1.0000000000
146444  -45.172  -10.465  17.051 1.0000000000
146445  -44.773  -10.791  17.794 1.0000000000
146446  -44.379  -10.131  16.829 1.0000000000
146447  -44.365  -10.633  17.678 1.0000000000
146448  -44.318  -11.130  18.532 1.0000000000
146449  -43.866  -11.487  19.256 1.0000000000
146450  -43.368  -11.846  19.903 1.0000000000
146451  -42.845  -12.240  20.497 1.0000000000
146452  -42.478  -12.049  20.445 1.0000000000
146453  -42.114  -11.873  20.337 1.0000000000
146454  -41.750  -11.699  20.204 1.0000000000
146455  -42.332  -10.843  18.705 1.0000000000
146456  -41.872  -11.178  19.398 1.0000000000
146457  -41.393  -11.509  20.062 1.0000000000
146458  -41.002  -11.333  19.904 1.0000000000
146459  -40.642  -11.157  19.759 1.0000000000
146460  -40.284  -10.976  19.607 1.0000000000
146463  -41.895  -9.290  17.094 1.0000000000
146465  -41.618  -9.047  17.156 1.0000000000
146466  -41.377  -9.777  17.546 1.0000000000
146467  -40.911  -10.159  18.161 1.0000000000
146468  -40.430  -10.494  18.782 1.0000000000
146469  -39.937  -10.810  19.449 1.0000000000
146470  -39.597  -10.650  19.304 1.0000000000
146471  -39.260  -10.481  19.145 1.0000000000
146472  -38.956  -10.303  19.033 1.0000000000
146474  -39.220  -9.733  18.431 1.0000000000
146475  -38.675  -10.114  18.881 1.0000000000
146476  -38.407  -9.926  18.737 1.0000000000
146477  -38.135  -9.731  18.638 1.0000000000
