#!ascii label  , from subject 40tvs8ref_sym_20 vox2ras=TkReg
215
1915  -30.441  -53.558  40.646 1.0000000000
1916  -33.049  -57.481  42.643 1.0000000000
1917  -35.300  -56.388  40.891 1.0000000000
4207  -31.711  -52.924  39.282 1.0000000000
4208  -33.001  -54.984  40.363 1.0000000000
4209  -34.285  -54.419  39.629 1.0000000000
6269  -35.771  -53.782  39.232 1.0000000000
8353  -29.561  -54.208  42.327 1.0000000000
8354  -31.052  -56.236  43.112 1.0000000000
8355  -31.855  -55.580  41.542 1.0000000000
8356  -34.065  -56.915  41.558 1.0000000000
8358  -36.697  -55.838  40.611 1.0000000000
11887  -32.437  -52.589  38.767 1.0000000000
11888  -33.001  -53.687  39.314 1.0000000000
11889  -33.730  -53.363  38.942 1.0000000000
18382  -29.945  -53.861  41.466 1.0000000000
18383  -30.700  -54.999  41.816 1.0000000000
18384  -31.164  -54.654  41.069 1.0000000000
18385  -34.168  -55.667  40.561 1.0000000000
18386  -33.571  -55.927  40.942 1.0000000000
18387  -34.647  -56.643  41.156 1.0000000000
18388  -35.133  -57.638  41.768 1.0000000000
18389  -35.775  -57.389  41.449 1.0000000000
18390  -36.960  -54.532  39.951 1.0000000000
18391  -36.254  -54.847  39.945 1.0000000000
18392  -37.365  -55.587  40.550 1.0000000000
21285  -32.093  -56.822  42.821 1.0000000000
21286  -31.631  -57.250  43.804 1.0000000000
26005  -31.004  -53.235  39.903 1.0000000000
26006  -31.726  -54.322  40.374 1.0000000000
26007  -32.354  -54.012  39.798 1.0000000000
26008  -33.632  -54.678  39.918 1.0000000000
26009  -34.812  -55.379  40.278 1.0000000000
29987  -34.484  -53.034  38.720 1.0000000000
35347  -29.164  -54.597  43.217 1.0000000000
35348  -29.976  -55.628  43.532 1.0000000000
35349  -30.291  -55.279  42.649 1.0000000000
35350  -31.425  -55.915  42.301 1.0000000000
35351  -32.549  -56.499  42.118 1.0000000000
35352  -32.400  -55.291  40.902 1.0000000000
35353  -33.060  -56.174  41.433 1.0000000000
35354  -33.520  -57.186  42.030 1.0000000000
35358  -35.000  -54.113  39.352 1.0000000000
35359  -35.539  -55.125  40.033 1.0000000000
35360  -35.990  -56.117  40.673 1.0000000000
35361  -37.764  -56.633  41.195 1.0000000000
35362  -37.083  -56.907  41.210 1.0000000000
35363  -36.458  -57.141  41.279 1.0000000000
36747  -29.413  -52.591  41.047 1.0000000000
36750  -29.959  -52.263  40.192 1.0000000000
36751  -30.606  -51.963  39.428 1.0000000000
36752  -31.352  -51.594  38.779 1.0000000000
38855  -30.724  -56.701  44.163 1.0000000000
42608  -33.080  -52.996  38.816 1.0000000000
49102  -30.183  -53.688  41.044 1.0000000000
49103  -30.548  -54.266  41.232 1.0000000000
49104  -30.801  -54.102  40.848 1.0000000000
49105  -34.742  -56.009  40.700 1.0000000000
49106  -34.418  -56.137  40.827 1.0000000000
49107  -34.976  -56.517  40.987 1.0000000000
49108  -35.207  -57.019  41.312 1.0000000000
49109  -35.539  -56.897  41.177 1.0000000000
49111  -37.164  -55.050  40.281 1.0000000000
49112  -37.713  -55.447  40.602 1.0000000000
52005  -32.573  -57.149  42.696 1.0000000000
52006  -32.311  -57.329  43.185 1.0000000000
58702  -31.370  -53.086  39.602 1.0000000000
58703  -31.676  -53.630  39.811 1.0000000000
58704  -32.036  -53.477  39.523 1.0000000000
58705  -33.659  -54.054  39.430 1.0000000000
58706  -33.323  -54.196  39.618 1.0000000000
58707  -33.965  -54.545  39.756 1.0000000000
58708  -34.219  -55.008  40.068 1.0000000000
58709  -34.573  -54.898  39.957 1.0000000000
78187  -29.371  -54.384  42.748 1.0000000000
78188  -29.731  -54.933  42.910 1.0000000000
78189  -29.920  -54.764  42.466 1.0000000000
78190  -31.262  -55.321  41.624 1.0000000000
78191  -31.041  -55.476  41.991 1.0000000000
78192  -31.620  -55.774  41.887 1.0000000000
78193  -31.984  -56.212  42.188 1.0000000000
78194  -32.203  -56.037  41.809 1.0000000000
78195  -32.363  -54.654  40.368 1.0000000000
78196  -32.089  -54.820  40.634 1.0000000000
78197  -32.694  -55.120  40.607 1.0000000000
78198  -33.834  -56.426  41.264 1.0000000000
78199  -33.310  -56.053  41.180 1.0000000000
78200  -33.563  -56.525  41.460 1.0000000000
78201  -33.289  -56.671  41.730 1.0000000000
78202  -33.789  -57.029  41.772 1.0000000000
78204  -34.284  -57.416  41.870 1.0000000000
78206  -35.394  -58.150  42.086 1.0000000000
78210  -35.124  -53.411  38.946 1.0000000000
78211  -34.745  -53.585  39.038 1.0000000000
78212  -35.380  -53.955  39.285 1.0000000000
78213  -36.495  -55.361  40.278 1.0000000000
78214  -35.895  -55.001  39.979 1.0000000000
78215  -36.140  -55.494  40.293 1.0000000000
78216  -35.776  -55.642  40.358 1.0000000000
78217  -36.333  -55.976  40.605 1.0000000000
78219  -38.104  -56.501  41.216 1.0000000000
78220  -38.301  -57.006  41.503 1.0000000000
78223  -37.327  -57.409  41.526 1.0000000000
78224  -36.774  -57.018  41.225 1.0000000000
78225  -37.006  -57.528  41.581 1.0000000000
78226  -36.674  -57.647  41.639 1.0000000000
81638  -29.159  -52.758  41.490 1.0000000000
81646  -29.485  -51.737  40.403 1.0000000000
81647  -29.783  -51.589  40.026 1.0000000000
81648  -30.275  -52.104  39.838 1.0000000000
81652  -31.273  -50.922  38.601 1.0000000000
81653  -31.745  -51.461  38.514 1.0000000000
86895  -30.522  -55.951  43.279 1.0000000000
86896  -30.375  -56.183  43.800 1.0000000000
86897  -30.866  -56.467  43.612 1.0000000000
86899  -31.463  -57.497  44.291 1.0000000000
95125  -32.053  -52.753  38.993 1.0000000000
95126  -32.316  -53.305  39.251 1.0000000000
95127  -32.698  -53.160  39.007 1.0000000000
95128  -33.361  -53.534  39.107 1.0000000000
95129  -33.997  -53.900  39.273 1.0000000000
106816  -29.730  -54.052  41.900 1.0000000000
106817  -30.119  -54.614  42.049 1.0000000000
106818  -30.328  -54.459  41.649 1.0000000000
106819  -30.924  -54.822  41.436 1.0000000000
106820  -31.521  -55.150  41.300 1.0000000000
106821  -33.596  -55.312  40.443 1.0000000000
106822  -33.299  -55.452  40.651 1.0000000000
106823  -33.870  -55.789  40.740 1.0000000000
106824  -34.111  -56.281  41.018 1.0000000000
106825  -34.343  -56.785  41.351 1.0000000000
106826  -34.565  -57.281  41.637 1.0000000000
106827  -34.880  -57.139  41.486 1.0000000000
106828  -35.454  -57.498  41.608 1.0000000000
106829  -36.038  -57.874  41.806 1.0000000000
106830  -36.378  -54.167  39.584 1.0000000000
106831  -36.006  -54.314  39.584 1.0000000000
106832  -36.603  -54.691  39.947 1.0000000000
106833  -36.830  -55.229  40.271 1.0000000000
106834  -37.036  -55.760  40.563 1.0000000000
112041  -31.571  -56.518  42.973 1.0000000000
112042  -31.348  -56.745  43.437 1.0000000000
112043  -31.850  -57.030  43.323 1.0000000000
112044  -32.049  -57.525  43.642 1.0000000000
122119  -30.739  -53.414  40.266 1.0000000000
122120  -31.078  -53.959  40.475 1.0000000000
122121  -31.360  -53.797  40.126 1.0000000000
122122  -31.995  -54.155  40.089 1.0000000000
122123  -32.665  -54.513  40.100 1.0000000000
122124  -32.672  -53.847  39.544 1.0000000000
122125  -33.004  -54.367  39.833 1.0000000000
122126  -33.301  -54.824  40.126 1.0000000000
122127  -33.892  -55.164  40.247 1.0000000000
122128  -34.472  -55.505  40.402 1.0000000000
122129  -35.065  -55.891  40.612 1.0000000000
126184  -33.241  -58.021  42.992 1.0000000000
131861  -33.842  -52.663  38.564 1.0000000000
131862  -34.251  -52.484  38.440 1.0000000000
131864  -35.528  -53.247  38.897 1.0000000000
131867  -36.138  -53.613  39.210 1.0000000000
131868  -36.711  -54.009  39.570 1.0000000000
147049  -29.021  -54.803  43.676 1.0000000000
147051  -29.547  -55.116  43.371 1.0000000000
147052  -30.115  -55.441  43.094 1.0000000000
147053  -30.695  -55.756  42.874 1.0000000000
147054  -30.482  -55.138  42.197 1.0000000000
147055  -30.859  -55.611  42.413 1.0000000000
147056  -31.231  -56.060  42.713 1.0000000000
147057  -31.768  -56.358  42.576 1.0000000000
147058  -32.302  -56.664  42.439 1.0000000000
147059  -32.810  -56.970  42.384 1.0000000000
147060  -31.432  -54.491  40.710 1.0000000000
147061  -31.752  -55.032  40.957 1.0000000000
147062  -32.112  -55.436  41.214 1.0000000000
147063  -32.992  -55.590  40.884 1.0000000000
147064  -32.736  -55.734  41.173 1.0000000000
147065  -32.449  -55.861  41.457 1.0000000000
147066  -32.783  -56.316  41.700 1.0000000000
147067  -33.038  -56.815  42.049 1.0000000000
147068  -33.276  -57.319  42.327 1.0000000000
147069  -33.746  -57.705  42.312 1.0000000000
147072  -34.818  -57.785  41.944 1.0000000000
147078  -34.104  -53.213  38.846 1.0000000000
147079  -34.364  -53.744  39.145 1.0000000000
147080  -34.616  -54.288  39.497 1.0000000000
147081  -35.640  -54.487  39.643 1.0000000000
147082  -35.272  -54.626  39.717 1.0000000000
147083  -34.911  -54.757  39.823 1.0000000000
147084  -35.175  -55.258  40.157 1.0000000000
147085  -35.399  -55.770  40.495 1.0000000000
147086  -35.641  -56.253  40.778 1.0000000000
147088  -37.574  -56.129  40.883 1.0000000000
147089  -37.226  -56.259  40.901 1.0000000000
147090  -37.973  -57.155  41.488 1.0000000000
147091  -37.413  -56.790  41.209 1.0000000000
147092  -36.878  -56.372  40.912 1.0000000000
147093  -36.540  -56.498  40.916 1.0000000000
147094  -36.230  -56.622  40.966 1.0000000000
147095  -35.876  -56.762  41.074 1.0000000000
147096  -36.114  -57.277  41.372 1.0000000000
151202  -28.851  -53.971  43.023 1.0000000000
151203  -29.033  -53.766  42.551 1.0000000000
151208  -29.654  -53.232  41.248 1.0000000000
151209  -29.920  -53.078  40.818 1.0000000000
151217  -29.679  -52.428  40.602 1.0000000000
151218  -30.183  -52.925  40.397 1.0000000000
151219  -30.476  -52.761  40.034 1.0000000000
151220  -30.802  -52.610  39.681 1.0000000000
151221  -31.151  -52.461  39.330 1.0000000000
151223  -30.965  -51.789  39.080 1.0000000000
151224  -31.494  -52.281  38.995 1.0000000000
151225  -31.884  -52.095  38.741 1.0000000000
157524  -30.230  -56.444  44.371 1.0000000000
157525  -30.587  -56.937  44.707 1.0000000000
157526  -31.180  -56.979  43.971 1.0000000000
