#!ascii label  , from subject 40tvs8ref_sym_20 vox2ras=TkReg
319
196  -5.228  -17.680  41.248 1.0000000000
579  -8.213  -27.260  41.085 1.0000000000
1283  -11.859  -24.301  38.738 1.0000000000
1506  -4.065  -20.800  38.702 1.0000000000
2373  -10.122  -19.430  39.564 1.0000000000
2374  -6.806  -22.610  41.120 1.0000000000
2375  -4.277  -25.277  40.910 1.0000000000
3470  -3.921  -17.942  38.125 1.0000000000
3471  -4.204  -19.098  40.570 1.0000000000
5290  -10.055  -25.972  39.782 1.0000000000
5291  -9.330  -23.586  39.940 1.0000000000
5292  -7.553  -24.977  41.038 1.0000000000
5293  -5.126  -23.847  41.864 1.0000000000
5294  -5.758  -26.110  42.072 1.0000000000
9677  -7.618  -18.766  40.633 1.0000000000
9678  -11.004  -21.884  39.120 1.0000000000
9679  -8.441  -21.205  40.260 1.0000000000
9680  -5.993  -20.166  41.320 1.0000000000
9681  -4.554  -21.482  41.385 1.0000000000
9682  -4.133  -23.072  39.917 1.0000000000
11150  -4.190  -17.718  40.344 1.0000000000
11151  -4.623  -18.367  41.097 1.0000000000
12970  -9.135  -26.662  40.372 1.0000000000
12971  -8.808  -25.503  40.409 1.0000000000
12972  -7.861  -26.135  41.016 1.0000000000
12973  -6.655  -25.557  41.620 1.0000000000
12974  -6.939  -26.707  41.683 1.0000000000
16172  -3.984  -19.420  38.371 1.0000000000
16173  -3.839  -18.854  36.968 1.0000000000
16174  -3.964  -20.305  37.241 1.0000000000
16176  -4.082  -21.686  37.504 1.0000000000
21627  -9.654  -18.219  39.909 1.0000000000
21628  -8.428  -17.902  40.363 1.0000000000
21629  -8.829  -19.145  40.090 1.0000000000
21630  -12.791  -23.399  38.563 1.0000000000
21631  -12.337  -22.184  38.715 1.0000000000
21632  -11.453  -23.066  38.938 1.0000000000
21633  -8.022  -23.093  40.539 1.0000000000
21634  -8.893  -22.375  40.065 1.0000000000
21635  -7.620  -21.935  40.678 1.0000000000
21636  -7.225  -20.749  40.858 1.0000000000
21637  -6.390  -21.389  41.217 1.0000000000
21638  -5.223  -20.784  41.497 1.0000000000
21639  -5.541  -22.007  41.537 1.0000000000
21640  -4.535  -24.522  41.647 1.0000000000
21641  -4.302  -23.380  41.303 1.0000000000
21642  -4.170  -24.184  40.454 1.0000000000
21643  -4.250  -23.870  38.765 1.0000000000
21644  -4.289  -24.963  39.408 1.0000000000
24680  -4.027  -18.506  39.485 1.0000000000
24681  -4.038  -19.897  39.749 1.0000000000
27954  -10.939  -25.176  39.214 1.0000000000
27955  -10.591  -23.920  39.310 1.0000000000
27956  -9.714  -24.745  39.853 1.0000000000
27957  -8.477  -24.294  40.464 1.0000000000
27958  -7.145  -23.805  41.108 1.0000000000
27959  -5.926  -23.232  41.617 1.0000000000
27960  -6.264  -24.399  41.614 1.0000000000
27961  -5.434  -24.964  42.023 1.0000000000
27962  -4.748  -25.648  41.888 1.0000000000
39268  -7.129  -17.477  40.817 1.0000000000
39269  -6.345  -18.287  41.140 1.0000000000
39271  -11.867  -20.975  38.934 1.0000000000
39272  -10.564  -20.685  39.296 1.0000000000
39273  -10.145  -22.711  39.494 1.0000000000
39274  -9.682  -21.578  39.679 1.0000000000
39275  -9.265  -20.376  39.850 1.0000000000
39276  -8.051  -20.022  40.414 1.0000000000
39277  -6.809  -19.539  40.983 1.0000000000
39278  -5.584  -18.955  41.373 1.0000000000
39279  -4.895  -19.559  41.338 1.0000000000
39280  -4.393  -20.269  40.991 1.0000000000
39281  -4.118  -21.086  40.288 1.0000000000
39282  -4.799  -22.677  41.651 1.0000000000
39283  -4.197  -22.268  40.853 1.0000000000
39284  -4.114  -21.911  39.309 1.0000000000
39285  -4.179  -22.752  38.200 1.0000000000
39305  -7.245  -27.934  41.838 1.0000000000
39306  -6.035  -27.321  42.212 1.0000000000
39307  -4.926  -26.814  42.154 1.0000000000
39308  -4.440  -26.446  41.235 1.0000000000
39311  -4.379  -26.147  39.819 1.0000000000
41867  -5.176  -16.916  41.190 1.0000000000
41870  -4.609  -17.653  40.987 1.0000000000
41871  -4.891  -18.029  41.245 1.0000000000
43690  -8.685  -26.964  40.716 1.0000000000
43691  -8.511  -26.401  40.688 1.0000000000
43692  -8.031  -26.701  41.021 1.0000000000
43693  -7.397  -26.419  41.361 1.0000000000
43694  -7.564  -26.997  41.396 1.0000000000
46892  -4.023  -20.126  38.540 1.0000000000
46893  -3.979  -19.879  37.785 1.0000000000
46894  -4.025  -20.564  38.018 1.0000000000
46895  -4.019  -21.004  37.417 1.0000000000
46896  -4.080  -21.239  38.104 1.0000000000
52345  -10.536  -18.935  39.498 1.0000000000
52346  -10.316  -18.349  39.684 1.0000000000
52347  -9.891  -18.822  39.718 1.0000000000
52348  -9.236  -18.678  39.974 1.0000000000
52349  -9.468  -19.299  39.809 1.0000000000
52350  -12.333  -23.851  38.618 1.0000000000
52351  -12.120  -23.227  38.712 1.0000000000
52352  -11.671  -23.656  38.830 1.0000000000
52353  -7.400  -22.862  40.835 1.0000000000
52354  -7.827  -22.502  40.587 1.0000000000
52355  -7.211  -22.270  40.889 1.0000000000
52356  -7.005  -21.681  40.967 1.0000000000
52357  -6.588  -22.005  41.167 1.0000000000
52358  -5.958  -21.688  41.383 1.0000000000
52359  -6.145  -22.309  41.381 1.0000000000
52360  -4.347  -24.892  41.342 1.0000000000
52361  -4.291  -24.343  41.157 1.0000000000
52362  -4.210  -24.732  40.716 1.0000000000
52363  -4.213  -24.564  39.947 1.0000000000
52364  -4.264  -25.111  40.199 1.0000000000
56492  -4.185  -18.411  40.445 1.0000000000
56493  -4.083  -18.103  39.926 1.0000000000
56494  -4.084  -18.806  40.053 1.0000000000
56495  -4.026  -19.203  39.621 1.0000000000
56496  -4.101  -19.496  40.184 1.0000000000
61950  -10.511  -25.575  39.497 1.0000000000
61951  -10.312  -24.965  39.538 1.0000000000
61952  -9.887  -25.362  39.819 1.0000000000
61953  -8.171  -25.263  40.733 1.0000000000
61954  -8.646  -24.938  40.456 1.0000000000
61955  -8.007  -24.652  40.755 1.0000000000
61956  -7.819  -24.039  40.780 1.0000000000
61957  -7.375  -24.379  41.055 1.0000000000
61958  -6.717  -24.114  41.353 1.0000000000
61959  -6.929  -24.692  41.337 1.0000000000
61960  -6.216  -25.843  41.877 1.0000000000
61961  -6.047  -25.259  41.856 1.0000000000
61962  -5.586  -25.533  42.058 1.0000000000
61963  -5.059  -25.304  42.020 1.0000000000
61964  -5.205  -25.863  42.069 1.0000000000
87925  -8.014  -18.324  40.490 1.0000000000
87926  -7.786  -17.682  40.594 1.0000000000
87927  -7.376  -18.117  40.732 1.0000000000
87928  -6.736  -17.886  40.957 1.0000000000
87929  -6.990  -18.557  40.886 1.0000000000
87933  -11.658  -22.056  38.892 1.0000000000
87934  -12.096  -21.588  38.834 1.0000000000
87935  -11.434  -21.461  38.981 1.0000000000
87936  -11.194  -20.839  39.080 1.0000000000
87937  -10.778  -21.284  39.224 1.0000000000
87938  -9.955  -23.720  39.607 1.0000000000
87939  -10.360  -23.301  39.397 1.0000000000
87940  -9.734  -23.137  39.695 1.0000000000
87941  -8.672  -21.779  40.175 1.0000000000
87942  -9.305  -21.984  39.867 1.0000000000
87943  -9.083  -21.393  39.957 1.0000000000
87944  -9.469  -20.979  39.750 1.0000000000
87945  -8.848  -20.811  40.051 1.0000000000
87946  -8.642  -20.220  40.129 1.0000000000
87947  -8.241  -20.622  40.333 1.0000000000
87948  -6.599  -20.461  41.122 1.0000000000
87949  -7.030  -20.147  40.924 1.0000000000
87950  -6.390  -19.858  41.177 1.0000000000
87951  -6.182  -19.258  41.220 1.0000000000
87952  -5.797  -19.578  41.339 1.0000000000
87953  -5.230  -19.262  41.381 1.0000000000
87954  -5.414  -19.864  41.401 1.0000000000
87955  -4.877  -21.118  41.468 1.0000000000
87956  -4.734  -20.498  41.355 1.0000000000
87957  -4.457  -20.863  41.210 1.0000000000
87958  -4.193  -20.671  40.719 1.0000000000
87959  -4.255  -21.274  40.947 1.0000000000
87960  -5.509  -23.541  41.780 1.0000000000
87961  -5.316  -22.937  41.741 1.0000000000
87962  -4.956  -23.262  41.771 1.0000000000
87963  -4.158  -23.240  40.658 1.0000000000
87964  -4.229  -22.842  41.102 1.0000000000
87965  -4.124  -22.672  40.448 1.0000000000
87966  -4.077  -22.097  40.188 1.0000000000
87967  -4.121  -22.495  39.626 1.0000000000
87968  -4.150  -22.330  38.747 1.0000000000
87969  -4.150  -22.905  39.093 1.0000000000
87970  -4.296  -24.288  38.231 1.0000000000
87971  -4.245  -23.737  37.918 1.0000000000
88019  -7.396  -28.524  41.937 1.0000000000
88021  -6.657  -27.628  42.057 1.0000000000
88022  -6.162  -27.926  42.301 1.0000000000
88024  -5.042  -27.388  42.232 1.0000000000
88026  -4.603  -26.610  41.779 1.0000000000
93800  -4.373  -18.016  40.776 1.0000000000
93801  -4.390  -18.710  40.879 1.0000000000
97074  -9.573  -26.334  40.071 1.0000000000
97075  -9.441  -25.754  40.088 1.0000000000
97076  -8.970  -26.079  40.378 1.0000000000
97077  -8.331  -25.828  40.696 1.0000000000
97078  -7.701  -25.563  41.027 1.0000000000
97079  -7.102  -25.266  41.337 1.0000000000
97080  -7.230  -25.849  41.340 1.0000000000
97081  -6.794  -26.133  41.640 1.0000000000
97082  -6.330  -26.407  41.905 1.0000000000
102838  -3.953  -18.664  38.252 1.0000000000
102839  -3.874  -18.394  37.531 1.0000000000
102840  -3.924  -19.122  37.692 1.0000000000
102841  -3.906  -19.589  37.078 1.0000000000
102842  -3.878  -20.044  36.462 1.0000000000
102844  -3.936  -20.749  36.638 1.0000000000
102846  -4.070  -22.137  36.914 1.0000000000
112659  -9.023  -18.068  40.138 1.0000000000
112660  -8.618  -18.540  40.225 1.0000000000
112661  -8.223  -18.969  40.370 1.0000000000
112663  -13.028  -22.335  38.675 1.0000000000
112664  -12.577  -22.772  38.634 1.0000000000
112665  -11.892  -22.634  38.807 1.0000000000
112666  -11.222  -22.476  39.027 1.0000000000
112667  -8.666  -23.332  40.232 1.0000000000
112668  -9.113  -22.992  39.992 1.0000000000
112669  -8.473  -22.722  40.285 1.0000000000
112670  -8.248  -22.145  40.386 1.0000000000
112671  -8.030  -21.575  40.478 1.0000000000
112672  -7.818  -20.998  40.565 1.0000000000
112673  -7.414  -21.349  40.781 1.0000000000
112674  -6.816  -21.070  41.038 1.0000000000
112675  -6.191  -20.777  41.275 1.0000000000
112676  -5.597  -20.475  41.420 1.0000000000
112677  -5.775  -21.086  41.425 1.0000000000
112678  -5.380  -21.401  41.522 1.0000000000
112679  -5.004  -21.740  41.554 1.0000000000
112680  -4.785  -24.150  41.863 1.0000000000
112681  -4.636  -23.585  41.727 1.0000000000
112682  -4.420  -23.956  41.493 1.0000000000
112683  -4.214  -23.792  40.895 1.0000000000
112684  -4.137  -23.641  40.159 1.0000000000
112685  -4.179  -23.454  39.364 1.0000000000
112686  -4.196  -24.009  39.645 1.0000000000
112687  -4.256  -24.425  39.113 1.0000000000
112688  -4.331  -24.844  38.577 1.0000000000
119025  -3.953  -17.500  38.660 1.0000000000
119028  -3.983  -18.209  38.797 1.0000000000
119029  -3.997  -18.951  38.940 1.0000000000
119030  -4.014  -19.670  39.073 1.0000000000
119031  -4.048  -20.354  39.227 1.0000000000
126666  -11.394  -24.754  38.960 1.0000000000
126667  -11.215  -24.117  39.037 1.0000000000
126668  -10.759  -24.559  39.275 1.0000000000
126669  -10.153  -24.338  39.548 1.0000000000
126670  -9.526  -24.133  39.887 1.0000000000
126671  -9.271  -25.144  40.142 1.0000000000
126672  -9.090  -24.534  40.172 1.0000000000
126673  -8.896  -23.930  40.195 1.0000000000
126674  -8.237  -23.685  40.499 1.0000000000
126675  -7.576  -23.460  40.819 1.0000000000
126676  -6.951  -23.222  41.140 1.0000000000
126677  -6.340  -22.926  41.391 1.0000000000
126678  -6.520  -23.533  41.410 1.0000000000
126679  -6.089  -23.815  41.633 1.0000000000
126680  -5.670  -24.132  41.832 1.0000000000
126681  -6.496  -24.974  41.613 1.0000000000
126682  -5.854  -24.685  41.845 1.0000000000
126683  -5.285  -24.427  41.958 1.0000000000
126684  -4.912  -24.742  41.963 1.0000000000
126685  -4.635  -25.088  41.782 1.0000000000
126686  -4.409  -25.446  41.513 1.0000000000
135973  -12.992  -24.033  38.497 1.0000000000
135984  -11.557  -25.381  38.898 1.0000000000
135989  -10.175  -26.579  39.752 1.0000000000
135990  -9.721  -26.918  40.065 1.0000000000
158762  -6.896  -16.847  40.877 1.0000000000
158764  -6.132  -17.627  41.133 1.0000000000
158765  -5.757  -17.972  41.261 1.0000000000
158772  -11.641  -20.346  39.012 1.0000000000
158774  -10.344  -20.058  39.425 1.0000000000
158775  -11.007  -23.498  39.120 1.0000000000
158776  -10.781  -22.906  39.202 1.0000000000
158777  -10.578  -22.291  39.280 1.0000000000
158778  -9.525  -22.562  39.778 1.0000000000
158779  -9.929  -22.142  39.591 1.0000000000
158780  -10.344  -21.722  39.395 1.0000000000
158781  -10.115  -21.134  39.480 1.0000000000
158782  -9.902  -20.525  39.565 1.0000000000
158783  -9.700  -19.905  39.680 1.0000000000
158784  -9.051  -19.769  39.961 1.0000000000
158785  -8.429  -19.598  40.248 1.0000000000
158786  -7.823  -19.426  40.529 1.0000000000
158787  -7.650  -20.401  40.634 1.0000000000
158788  -7.442  -19.804  40.711 1.0000000000
158789  -7.223  -19.190  40.786 1.0000000000
158790  -6.574  -18.924  41.078 1.0000000000
158791  -5.959  -18.632  41.292 1.0000000000
158792  -5.386  -18.320  41.349 1.0000000000
158793  -5.038  -18.655  41.340 1.0000000000
158794  -4.756  -18.964  41.221 1.0000000000
158795  -4.491  -19.263  41.054 1.0000000000
158796  -5.037  -20.152  41.432 1.0000000000
158797  -4.610  -19.886  41.219 1.0000000000
158798  -4.304  -19.671  40.784 1.0000000000
158799  -4.165  -20.068  40.448 1.0000000000
158800  -4.083  -20.475  40.012 1.0000000000
158801  -4.072  -20.918  39.533 1.0000000000
158802  -5.709  -22.626  41.579 1.0000000000
158803  -5.146  -22.342  41.657 1.0000000000
158804  -4.668  -22.091  41.528 1.0000000000
158805  -4.521  -23.024  41.536 1.0000000000
158806  -4.429  -22.462  41.347 1.0000000000
158807  -4.356  -21.878  41.151 1.0000000000
158808  -4.156  -21.683  40.584 1.0000000000
158809  -4.081  -21.503  39.848 1.0000000000
158810  -4.098  -21.347  39.010 1.0000000000
158811  -4.123  -21.778  38.419 1.0000000000
158812  -4.150  -22.224  37.832 1.0000000000
158814  -4.203  -23.305  38.513 1.0000000000
158846  -8.346  -27.882  41.187 1.0000000000
158873  -7.721  -27.605  41.473 1.0000000000
158874  -7.085  -27.321  41.747 1.0000000000
158875  -6.515  -27.023  41.979 1.0000000000
158876  -5.897  -26.707  42.119 1.0000000000
158877  -5.555  -27.626  42.368 1.0000000000
158878  -5.439  -27.034  42.248 1.0000000000
158879  -5.344  -26.448  42.150 1.0000000000
158880  -4.839  -26.231  42.020 1.0000000000
158881  -4.495  -26.027  41.653 1.0000000000
158882  -4.370  -25.865  41.038 1.0000000000
158890  -4.382  -26.291  40.554 1.0000000000
158891  -4.319  -25.705  40.370 1.0000000000
158892  -4.343  -25.544  39.639 1.0000000000
