#!ascii label  , from subject 40tvs8ref_sym_20 vox2ras=TkReg
128
2390  -5.600  -45.349  26.908 1.0000000000
2721  -6.707  -41.347  25.146 1.0000000000
5331  -4.433  -46.385  29.229 1.0000000000
9701  -7.749  -40.523  28.053 1.0000000000
9726  -4.248  -43.744  30.297 1.0000000000
9727  -5.539  -43.093  28.113 1.0000000000
9728  -7.774  -42.595  26.780 1.0000000000
9729  -7.452  -44.118  25.597 1.0000000000
21753  -4.829  -45.842  27.915 1.0000000000
21754  -4.727  -44.616  28.520 1.0000000000
21755  -5.616  -44.220  27.573 1.0000000000
21756  -6.782  -42.870  27.491 1.0000000000
21757  -6.838  -43.947  26.869 1.0000000000
21758  -7.633  -43.366  26.187 1.0000000000
21759  -6.802  -44.773  26.316 1.0000000000
23331  -6.515  -42.058  24.653 1.0000000000
28029  -4.394  -47.613  28.464 1.0000000000
28030  -4.773  -46.993  27.194 1.0000000000
28031  -5.596  -46.232  26.331 1.0000000000
39341  -8.009  -40.234  27.144 1.0000000000
39416  -4.410  -42.152  29.459 1.0000000000
39417  -4.371  -45.039  29.794 1.0000000000
39418  -4.614  -43.403  29.021 1.0000000000
39419  -5.327  -41.924  28.619 1.0000000000
39420  -6.629  -41.763  28.043 1.0000000000
39421  -7.754  -41.573  27.408 1.0000000000
39422  -7.873  -41.183  26.459 1.0000000000
39423  -7.652  -41.941  25.913 1.0000000000
39424  -7.461  -42.683  25.356 1.0000000000
39425  -7.245  -43.400  24.795 1.0000000000
39426  -6.617  -45.570  25.697 1.0000000000
39427  -7.285  -44.889  24.978 1.0000000000
52473  -5.190  -45.573  27.363 1.0000000000
52474  -5.158  -44.995  27.682 1.0000000000
52475  -5.670  -44.781  27.251 1.0000000000
52476  -6.226  -44.053  27.209 1.0000000000
52477  -6.245  -44.631  26.891 1.0000000000
52478  -6.834  -44.364  26.594 1.0000000000
52479  -6.196  -45.058  26.604 1.0000000000
54242  -6.254  -40.856  25.056 1.0000000000
54244  -6.144  -41.207  24.818 1.0000000000
54245  -6.056  -41.565  24.587 1.0000000000
54246  -6.603  -41.708  24.898 1.0000000000
62076  -4.511  -47.322  27.797 1.0000000000
62077  -4.479  -47.884  27.387 1.0000000000
88108  -8.093  -39.788  27.394 1.0000000000
88109  -8.015  -40.385  27.621 1.0000000000
88297  -4.301  -42.933  29.809 1.0000000000
88298  -4.339  -46.608  29.967 1.0000000000
88300  -4.406  -45.703  29.518 1.0000000000
88301  -5.050  -43.810  28.232 1.0000000000
88302  -4.700  -44.010  28.781 1.0000000000
88303  -5.015  -43.255  28.524 1.0000000000
88304  -4.915  -42.667  28.748 1.0000000000
88305  -5.447  -42.528  28.363 1.0000000000
88306  -5.947  -41.814  28.307 1.0000000000
88307  -6.079  -42.414  28.053 1.0000000000
88308  -7.376  -42.750  27.172 1.0000000000
88309  -7.323  -42.226  27.469 1.0000000000
88310  -7.770  -42.089  27.089 1.0000000000
88311  -7.965  -41.414  26.963 1.0000000000
88312  -8.021  -41.958  26.646 1.0000000000
88313  -7.724  -41.574  26.186 1.0000000000
88314  -7.821  -42.290  26.351 1.0000000000
88315  -7.556  -43.737  25.899 1.0000000000
88316  -7.702  -43.032  25.781 1.0000000000
88317  -7.560  -43.394  25.484 1.0000000000
88318  -7.386  -43.036  25.049 1.0000000000
88319  -7.515  -43.766  25.186 1.0000000000
88321  -6.111  -45.898  26.004 1.0000000000
88322  -6.019  -46.311  25.671 1.0000000000
88324  -6.940  -45.627  25.036 1.0000000000
88325  -7.172  -45.250  24.669 1.0000000000
88326  -7.306  -44.496  24.602 1.0000000000
92451  -6.818  -40.991  25.395 1.0000000000
112882  -4.249  -44.584  30.808 1.0000000000
112883  -4.586  -46.127  28.538 1.0000000000
112884  -4.548  -45.475  28.848 1.0000000000
112885  -4.775  -45.268  28.238 1.0000000000
112886  -5.105  -44.444  28.008 1.0000000000
112887  -5.565  -43.695  27.858 1.0000000000
112888  -6.127  -43.001  27.778 1.0000000000
112889  -6.188  -43.529  27.513 1.0000000000
112890  -6.828  -43.385  27.187 1.0000000000
112891  -7.362  -43.268  26.839 1.0000000000
112892  -7.695  -42.984  26.483 1.0000000000
112893  -7.359  -43.667  26.548 1.0000000000
112894  -7.305  -44.066  26.268 1.0000000000
112895  -7.229  -44.444  25.975 1.0000000000
115880  -5.983  -41.916  24.344 1.0000000000
126841  -4.440  -47.006  28.877 1.0000000000
126842  -4.577  -46.723  28.188 1.0000000000
126843  -4.806  -46.415  27.557 1.0000000000
126844  -5.161  -46.137  27.019 1.0000000000
126845  -5.611  -45.796  26.634 1.0000000000
126846  -5.154  -46.590  26.715 1.0000000000
158981  -7.756  -40.053  26.657 1.0000000000
159205  -4.313  -41.548  29.696 1.0000000000
159206  -4.693  -41.435  29.198 1.0000000000
159209  -4.297  -44.366  30.005 1.0000000000
159210  -4.505  -44.825  29.122 1.0000000000
159211  -4.455  -44.194  29.367 1.0000000000
159212  -4.387  -43.553  29.596 1.0000000000
159213  -4.544  -42.777  29.248 1.0000000000
159214  -4.809  -42.031  28.976 1.0000000000
159215  -5.211  -41.322  28.828 1.0000000000
159216  -5.856  -41.260  28.566 1.0000000000
159217  -6.533  -41.205  28.314 1.0000000000
159218  -7.184  -41.126  28.059 1.0000000000
159219  -6.723  -42.330  27.775 1.0000000000
159220  -7.261  -41.694  27.765 1.0000000000
159221  -7.718  -41.053  27.724 1.0000000000
159222  -8.012  -40.912  27.303 1.0000000000
159223  -7.953  -40.729  26.812 1.0000000000
159226  -7.331  -41.248  25.755 1.0000000000
159227  -7.235  -41.637  25.496 1.0000000000
159228  -7.756  -42.666  26.072 1.0000000000
159229  -7.552  -42.324  25.631 1.0000000000
159230  -7.158  -41.995  25.236 1.0000000000
159231  -7.050  -42.341  24.963 1.0000000000
159232  -6.912  -42.703  24.705 1.0000000000
159234  -6.114  -45.468  26.303 1.0000000000
159235  -6.710  -45.162  26.004 1.0000000000
159236  -7.154  -44.852  25.672 1.0000000000
159238  -7.028  -45.262  25.349 1.0000000000
159239  -7.373  -44.538  25.285 1.0000000000
159240  -7.417  -44.138  24.903 1.0000000000
159241  -7.222  -43.765  24.525 1.0000000000
