#!ascii label  , from subject 40tvs8ref_sym_20 vox2ras=TkReg
214
838  -16.530  -36.963  -9.357 1.0000000000
1795  -15.337  -39.178  -5.728 1.0000000000
1796  -17.204  -36.400  -8.958 1.0000000000
3949  -15.035  -39.307  -6.216 1.0000000000
3950  -17.330  -35.641  -10.975 1.0000000000
3951  -16.914  -36.260  -9.942 1.0000000000
3952  -17.946  -34.875  -11.238 1.0000000000
8024  -15.456  -39.568  -4.717 1.0000000000
8025  -16.275  -38.472  -6.072 1.0000000000
8026  -15.878  -37.879  -7.905 1.0000000000
8027  -16.249  -37.745  -7.343 1.0000000000
8028  -17.058  -37.549  -7.217 1.0000000000
8029  -17.726  -36.541  -8.480 1.0000000000
11630  -17.652  -35.091  -11.557 1.0000000000
11631  -17.653  -35.071  -11.339 1.0000000000
11632  -18.032  -34.502  -12.021 1.0000000000
17600  -14.999  -39.632  -5.236 1.0000000000
17602  -15.444  -39.445  -5.039 1.0000000000
17603  -15.798  -39.041  -5.403 1.0000000000
17604  -15.794  -38.864  -5.719 1.0000000000
17605  -16.145  -37.691  -8.534 1.0000000000
17606  -15.674  -38.224  -7.678 1.0000000000
17607  -16.172  -37.341  -8.729 1.0000000000
17608  -17.062  -36.273  -9.505 1.0000000000
17609  -16.456  -37.120  -8.475 1.0000000000
17610  -16.741  -37.052  -8.169 1.0000000000
17611  -16.685  -37.661  -7.160 1.0000000000
17612  -17.052  -37.186  -7.806 1.0000000000
17613  -17.403  -37.015  -7.903 1.0000000000
17614  -17.395  -36.660  -8.485 1.0000000000
25539  -15.047  -39.301  -5.936 1.0000000000
25540  -16.976  -36.221  -10.226 1.0000000000
25541  -16.681  -36.527  -9.694 1.0000000000
25542  -17.260  -35.733  -10.644 1.0000000000
25543  -17.403  -35.546  -10.686 1.0000000000
25544  -17.455  -35.694  -10.076 1.0000000000
25545  -17.508  -35.927  -9.619 1.0000000000
25546  -17.835  -35.112  -10.826 1.0000000000
34392  -15.542  -39.771  -4.351 1.0000000000
34393  -15.844  -39.331  -4.992 1.0000000000
34394  -16.266  -38.836  -5.651 1.0000000000
34395  -16.623  -38.342  -6.320 1.0000000000
34396  -15.392  -38.936  -6.823 1.0000000000
34397  -15.313  -38.798  -6.792 1.0000000000
34398  -15.495  -38.679  -6.670 1.0000000000
34399  -16.380  -37.112  -8.835 1.0000000000
34400  -16.036  -37.841  -7.655 1.0000000000
34401  -15.776  -38.467  -6.509 1.0000000000
34402  -16.220  -38.231  -6.470 1.0000000000
34403  -16.743  -37.990  -6.631 1.0000000000
34404  -17.126  -37.799  -6.940 1.0000000000
34408  -17.692  -36.054  -9.197 1.0000000000
34409  -18.062  -35.984  -9.189 1.0000000000
42350  -17.810  -34.814  -11.850 1.0000000000
42351  -17.898  -34.693  -11.900 1.0000000000
42352  -18.045  -34.483  -12.146 1.0000000000
42353  -18.180  -34.243  -12.295 1.0000000000
48320  -15.156  -39.412  -5.463 1.0000000000
48321  -15.192  -39.613  -5.011 1.0000000000
48322  -15.363  -39.404  -5.241 1.0000000000
48323  -15.604  -39.190  -5.338 1.0000000000
48324  -15.554  -39.103  -5.593 1.0000000000
48325  -16.344  -37.300  -8.971 1.0000000000
48326  -16.135  -37.486  -8.643 1.0000000000
48327  -16.367  -37.110  -9.077 1.0000000000
48328  -17.160  -36.303  -9.207 1.0000000000
48329  -16.909  -36.641  -8.923 1.0000000000
48330  -17.003  -36.677  -8.591 1.0000000000
48331  -16.906  -37.121  -7.910 1.0000000000
48332  -17.175  -36.855  -8.273 1.0000000000
48333  -17.244  -36.939  -8.101 1.0000000000
48334  -17.334  -36.568  -8.675 1.0000000000
57924  -14.992  -39.361  -6.016 1.0000000000
57925  -17.140  -35.958  -10.559 1.0000000000
57926  -17.085  -35.986  -10.391 1.0000000000
57927  -17.300  -35.648  -10.818 1.0000000000
57928  -17.816  -34.885  -11.492 1.0000000000
57929  -17.575  -35.238  -11.079 1.0000000000
57930  -17.690  -35.173  -11.031 1.0000000000
57931  -17.487  -35.596  -10.417 1.0000000000
57932  -17.690  -35.296  -10.670 1.0000000000
57933  -17.676  -35.374  -10.459 1.0000000000
57934  -17.917  -34.936  -11.032 1.0000000000
75838  -15.307  -39.695  -4.623 1.0000000000
75842  -15.479  -39.659  -4.566 1.0000000000
75843  -15.654  -39.556  -4.694 1.0000000000
75844  -15.631  -39.445  -4.877 1.0000000000
75845  -16.046  -38.701  -5.810 1.0000000000
75846  -16.066  -38.875  -5.575 1.0000000000
75847  -16.258  -38.667  -5.839 1.0000000000
75848  -16.430  -38.582  -5.997 1.0000000000
75849  -16.510  -38.366  -6.188 1.0000000000
75851  -15.471  -38.979  -6.855 1.0000000000
75852  -15.557  -38.724  -7.096 1.0000000000
75853  -15.776  -38.002  -7.884 1.0000000000
75854  -15.537  -38.453  -7.336 1.0000000000
75855  -15.586  -38.329  -7.377 1.0000000000
75856  -15.390  -38.735  -6.796 1.0000000000
75857  -15.707  -38.266  -7.308 1.0000000000
75858  -16.839  -36.319  -9.929 1.0000000000
75859  -16.544  -36.730  -9.384 1.0000000000
75860  -16.705  -36.580  -9.557 1.0000000000
75861  -16.328  -37.404  -7.951 1.0000000000
75862  -16.240  -37.468  -8.097 1.0000000000
75863  -16.104  -37.753  -7.583 1.0000000000
75864  -15.846  -38.185  -7.050 1.0000000000
75865  -16.011  -38.089  -6.940 1.0000000000
75866  -16.004  -38.328  -6.477 1.0000000000
75867  -16.226  -38.014  -6.844 1.0000000000
75868  -16.875  -37.637  -7.137 1.0000000000
75869  -16.721  -37.820  -6.917 1.0000000000
75870  -16.891  -37.798  -6.889 1.0000000000
75871  -16.920  -37.905  -6.779 1.0000000000
75872  -17.111  -37.656  -7.087 1.0000000000
75874  -17.304  -37.370  -7.420 1.0000000000
75875  -17.562  -36.768  -8.201 1.0000000000
75876  -17.656  -36.857  -8.081 1.0000000000
75877  -17.847  -36.603  -8.390 1.0000000000
75881  -17.616  -36.046  -9.341 1.0000000000
75886  -18.288  -35.875  -9.333 1.0000000000
94659  -15.097  -39.380  -6.178 1.0000000000
94660  -17.487  -35.353  -11.281 1.0000000000
94661  -17.511  -35.337  -11.182 1.0000000000
94662  -17.704  -35.008  -11.505 1.0000000000
94663  -17.864  -34.747  -11.742 1.0000000000
94664  -18.024  -34.559  -11.856 1.0000000000
94665  -18.134  -34.506  -11.635 1.0000000000
105410  -15.464  -39.460  -4.861 1.0000000000
105411  -15.620  -39.328  -5.041 1.0000000000
105412  -15.621  -39.251  -5.162 1.0000000000
105413  -15.784  -38.955  -5.554 1.0000000000
105414  -16.014  -38.598  -5.970 1.0000000000
105415  -15.899  -38.198  -7.950 1.0000000000
105417  -15.887  -37.923  -8.092 1.0000000000
105418  -15.923  -37.746  -8.253 1.0000000000
105419  -16.020  -37.583  -8.386 1.0000000000
105420  -16.972  -36.326  -9.637 1.0000000000
105421  -16.674  -36.741  -9.159 1.0000000000
105422  -16.790  -36.677  -9.019 1.0000000000
105423  -16.665  -36.997  -8.502 1.0000000000
105424  -16.495  -37.407  -7.808 1.0000000000
105425  -16.424  -37.710  -7.249 1.0000000000
105426  -16.673  -37.320  -7.713 1.0000000000
105427  -16.889  -37.414  -7.469 1.0000000000
105428  -16.994  -37.486  -7.368 1.0000000000
105429  -17.240  -37.292  -7.534 1.0000000000
105430  -17.189  -37.200  -7.713 1.0000000000
105431  -17.358  -36.907  -8.083 1.0000000000
105432  -17.497  -36.655  -8.391 1.0000000000
121027  -14.848  -39.733  -5.348 1.0000000000
121028  -15.033  -39.451  -5.604 1.0000000000
121029  -15.221  -39.149  -5.909 1.0000000000
121030  -16.766  -36.571  -9.822 1.0000000000
121031  -16.649  -36.667  -9.580 1.0000000000
121032  -16.877  -36.317  -9.964 1.0000000000
121033  -16.979  -36.109  -10.213 1.0000000000
121034  -17.089  -36.000  -10.317 1.0000000000
121035  -17.449  -35.438  -10.937 1.0000000000
121036  -17.297  -35.669  -10.640 1.0000000000
121037  -17.139  -35.935  -10.262 1.0000000000
121038  -17.282  -35.920  -10.115 1.0000000000
121039  -17.234  -36.024  -9.731 1.0000000000
121040  -17.444  -35.939  -9.557 1.0000000000
121041  -17.386  -36.182  -9.272 1.0000000000
121042  -17.528  -35.782  -9.834 1.0000000000
121043  -17.673  -35.518  -10.192 1.0000000000
121044  -17.930  -35.192  -10.540 1.0000000000
121046  -18.001  -34.840  -11.144 1.0000000000
130873  -16.057  -38.195  -8.353 1.0000000000
130874  -16.237  -37.787  -8.800 1.0000000000
130885  -16.831  -36.595  -10.043 1.0000000000
130886  -17.003  -36.302  -10.395 1.0000000000
130887  -17.147  -36.064  -10.682 1.0000000000
130890  -17.300  -35.780  -10.985 1.0000000000
130892  -17.632  -35.240  -11.558 1.0000000000
144217  -15.768  -39.649  -4.514 1.0000000000
144218  -15.964  -39.429  -4.825 1.0000000000
144220  -15.820  -39.172  -5.216 1.0000000000
144221  -16.094  -39.065  -5.342 1.0000000000
144222  -16.360  -38.960  -5.481 1.0000000000
144223  -16.538  -38.691  -5.864 1.0000000000
144224  -16.706  -38.456  -6.201 1.0000000000
144228  -15.230  -39.110  -6.522 1.0000000000
144229  -15.509  -38.630  -7.182 1.0000000000
144230  -15.361  -38.824  -6.867 1.0000000000
144231  -15.147  -39.097  -6.423 1.0000000000
144232  -15.152  -39.095  -6.346 1.0000000000
144233  -15.244  -39.025  -6.261 1.0000000000
144234  -15.394  -38.889  -6.217 1.0000000000
144235  -16.435  -36.927  -9.211 1.0000000000
144236  -16.284  -37.151  -8.863 1.0000000000
144237  -16.132  -37.504  -8.324 1.0000000000
144238  -16.467  -37.059  -8.788 1.0000000000
144239  -16.205  -37.498  -8.231 1.0000000000
144240  -15.933  -37.940  -7.666 1.0000000000
144241  -15.790  -38.256  -7.172 1.0000000000
144242  -15.617  -38.557  -6.606 1.0000000000
144243  -15.529  -38.879  -6.039 1.0000000000
144244  -15.785  -38.728  -6.006 1.0000000000
144245  -16.005  -38.495  -6.156 1.0000000000
144246  -16.240  -38.313  -6.328 1.0000000000
144247  -16.428  -37.967  -6.818 1.0000000000
144248  -16.480  -38.087  -6.592 1.0000000000
144249  -16.521  -38.249  -6.312 1.0000000000
144250  -16.728  -38.132  -6.483 1.0000000000
144251  -16.871  -38.079  -6.644 1.0000000000
144252  -17.093  -37.921  -6.836 1.0000000000
144256  -17.482  -37.120  -7.776 1.0000000000
144262  -17.509  -36.296  -9.034 1.0000000000
144263  -17.522  -36.363  -8.841 1.0000000000
144264  -17.671  -36.344  -8.746 1.0000000000
144266  -17.838  -36.056  -9.115 1.0000000000
144267  -17.916  -36.240  -8.864 1.0000000000
144268  -18.171  -36.146  -9.024 1.0000000000
