#!ascii label  , from subject 40tvs8ref_sym_20 vox2ras=TkReg
312
152  -42.479  0.543  -37.003 1.0000000000
613  -46.746  -9.843  -42.069 1.0000000000
1365  -46.973  -3.988  -36.063 1.0000000000
1366  -48.996  -9.521  -37.593 1.0000000000
1367  -43.824  -4.700  -39.747 1.0000000000
3283  -45.143  1.555  -37.214 1.0000000000
3284  -47.461  -0.761  -36.140 1.0000000000
3285  -44.982  -1.701  -37.072 1.0000000000
3286  -45.386  -4.446  -37.959 1.0000000000
3287  -43.055  -2.321  -38.288 1.0000000000
5538  -48.263  -9.446  -40.298 1.0000000000
7064  -48.956  -3.188  -34.425 1.0000000000
7065  -48.352  -6.512  -34.281 1.0000000000
7067  -47.321  -6.773  -36.600 1.0000000000
7068  -46.387  -6.892  -39.034 1.0000000000
7069  -45.219  -6.990  -41.228 1.0000000000
7936  -40.153  -0.232  -37.790 1.0000000000
9982  -41.177  -2.550  -39.917 1.0000000000
9983  -42.098  -4.962  -41.813 1.0000000000
9984  -43.351  -7.479  -43.053 1.0000000000
9987  -44.187  -10.713  -42.764 1.0000000000
10961  -42.481  2.314  -37.049 1.0000000000
10962  -43.795  2.789  -37.466 1.0000000000
10963  -43.780  1.077  -37.025 1.0000000000
10964  -44.998  -0.123  -36.924 1.0000000000
10965  -43.767  -0.635  -37.184 1.0000000000
10966  -43.981  -2.047  -37.578 1.0000000000
10967  -42.717  -1.000  -37.524 1.0000000000
13218  -47.645  -9.576  -41.384 1.0000000000
13219  -49.297  -10.806  -40.807 1.0000000000
13220  -48.337  -11.140  -41.574 1.0000000000
13222  -47.092  -11.502  -41.977 1.0000000000
15611  -47.278  -2.376  -35.990 1.0000000000
15612  -48.340  -1.948  -35.313 1.0000000000
15613  -47.950  -3.544  -35.238 1.0000000000
15614  -48.549  -4.827  -34.230 1.0000000000
15615  -47.658  -5.175  -35.265 1.0000000000
15616  -47.809  -6.650  -35.480 1.0000000000
15617  -47.013  -5.449  -36.264 1.0000000000
15618  -44.603  -4.603  -38.847 1.0000000000
15619  -45.785  -5.676  -38.471 1.0000000000
15620  -45.116  -5.786  -39.469 1.0000000000
15621  -45.894  -6.893  -40.179 1.0000000000
15622  -44.434  -5.855  -40.518 1.0000000000
22389  -40.604  -1.502  -38.863 1.0000000000
22394  -42.632  -6.164  -42.518 1.0000000000
22402  -42.705  -9.500  -43.494 1.0000000000
24343  -46.287  0.400  -36.798 1.0000000000
24344  -46.184  -1.232  -36.578 1.0000000000
24345  -46.118  -2.830  -36.756 1.0000000000
24346  -46.196  -4.280  -37.003 1.0000000000
24347  -45.144  -3.117  -37.481 1.0000000000
24348  -44.263  -3.361  -38.237 1.0000000000
24349  -43.441  -3.511  -39.027 1.0000000000
28400  -48.741  -9.373  -38.986 1.0000000000
28402  -49.932  -10.617  -39.644 1.0000000000
31847  -48.699  -8.207  -34.565 1.0000000000
31848  -48.345  -8.201  -35.774 1.0000000000
31849  -48.002  -8.161  -37.039 1.0000000000
31850  -46.416  -5.624  -37.372 1.0000000000
31851  -46.845  -6.820  -37.799 1.0000000000
31852  -47.662  -8.128  -38.392 1.0000000000
31853  -47.281  -8.120  -39.707 1.0000000000
31854  -46.769  -8.128  -40.819 1.0000000000
31855  -46.021  -8.369  -41.735 1.0000000000
34155  -41.252  1.691  -36.917 1.0000000000
34156  -41.348  0.136  -37.268 1.0000000000
40180  -41.686  -1.290  -38.073 1.0000000000
40181  -42.106  -2.490  -39.028 1.0000000000
40182  -42.549  -3.647  -39.872 1.0000000000
40184  -41.665  -3.701  -40.836 1.0000000000
40185  -43.036  -4.798  -40.686 1.0000000000
40186  -43.633  -5.956  -41.577 1.0000000000
40187  -44.325  -7.226  -42.265 1.0000000000
40188  -45.013  -8.650  -42.495 1.0000000000
40196  -43.881  -9.032  -43.093 1.0000000000
40197  -45.498  -10.255  -42.482 1.0000000000
40198  -45.716  -11.827  -42.023 1.0000000000
41681  -42.501  1.424  -36.951 1.0000000000
41682  -43.131  1.683  -37.034 1.0000000000
41683  -43.131  0.833  -37.008 1.0000000000
41684  -43.769  0.209  -37.056 1.0000000000
41685  -43.125  -0.041  -37.109 1.0000000000
41686  -43.229  -0.813  -37.320 1.0000000000
41687  -42.574  -0.262  -37.216 1.0000000000
43938  -47.201  -9.703  -41.799 1.0000000000
43939  -48.035  -10.369  -41.527 1.0000000000
43940  -47.549  -10.490  -41.926 1.0000000000
43941  -47.736  -11.322  -41.819 1.0000000000
43942  -46.936  -10.690  -42.138 1.0000000000
46331  -47.144  -3.183  -36.008 1.0000000000
46332  -47.663  -2.938  -35.616 1.0000000000
46333  -47.450  -3.763  -35.628 1.0000000000
46334  -47.745  -4.400  -35.202 1.0000000000
46335  -47.293  -4.596  -35.694 1.0000000000
46336  -47.330  -5.304  -35.759 1.0000000000
46337  -46.916  -4.717  -36.170 1.0000000000
46338  -44.203  -4.675  -39.328 1.0000000000
46339  -44.861  -5.159  -39.121 1.0000000000
46340  -44.474  -5.230  -39.593 1.0000000000
46341  -44.788  -5.833  -39.975 1.0000000000
46342  -44.091  -5.268  -40.109 1.0000000000
53093  -49.148  -9.620  -36.920 1.0000000000
53095  -49.746  -10.259  -37.227 1.0000000000
55924  -44.476  2.144  -37.338 1.0000000000
55926  -45.173  2.381  -37.478 1.0000000000
55928  -45.806  1.792  -37.263 1.0000000000
55930  -45.697  0.998  -37.003 1.0000000000
55931  -44.971  -0.952  -36.955 1.0000000000
55932  -45.587  -0.677  -36.846 1.0000000000
55933  -45.553  -1.477  -36.861 1.0000000000
55934  -46.157  -2.013  -36.588 1.0000000000
55935  -45.552  -2.250  -36.943 1.0000000000
55936  -45.630  -2.987  -37.120 1.0000000000
55937  -45.046  -2.393  -37.266 1.0000000000
55938  -43.503  -2.210  -37.931 1.0000000000
55939  -44.126  -2.696  -37.881 1.0000000000
55940  -43.694  -2.819  -38.278 1.0000000000
55941  -43.825  -3.445  -38.611 1.0000000000
55942  -43.250  -2.930  -38.716 1.0000000000
62693  -48.512  -9.385  -39.667 1.0000000000
62694  -49.341  -10.010  -39.345 1.0000000000
62695  -49.147  -10.027  -40.029 1.0000000000
62697  -50.130  -11.405  -40.397 1.0000000000
69874  -48.634  -2.556  -34.908 1.0000000000
69876  -49.153  -2.403  -34.594 1.0000000000
69880  -49.276  -3.833  -33.873 1.0000000000
69881  -48.402  -5.650  -34.230 1.0000000000
69885  -48.692  -7.288  -33.795 1.0000000000
69887  -48.448  -7.325  -34.345 1.0000000000
69888  -47.526  -6.718  -36.015 1.0000000000
69889  -48.032  -7.403  -35.590 1.0000000000
69890  -47.793  -7.423  -36.205 1.0000000000
69891  -48.172  -8.200  -36.349 1.0000000000
69892  -47.548  -7.453  -36.837 1.0000000000
69893  -45.801  -4.362  -37.491 1.0000000000
69894  -46.256  -4.945  -37.147 1.0000000000
69895  -45.887  -5.037  -37.710 1.0000000000
69896  -46.046  -6.303  -38.785 1.0000000000
69897  -46.326  -6.258  -38.172 1.0000000000
69898  -46.612  -6.844  -38.441 1.0000000000
69899  -47.220  -7.468  -38.096 1.0000000000
69900  -47.014  -7.466  -38.744 1.0000000000
69901  -47.482  -8.114  -39.040 1.0000000000
69902  -46.817  -7.505  -39.345 1.0000000000
69903  -45.585  -6.943  -40.686 1.0000000000
69904  -46.307  -7.519  -40.480 1.0000000000
69905  -45.991  -7.564  -41.020 1.0000000000
69906  -46.452  -8.229  -41.302 1.0000000000
69907  -45.631  -7.682  -41.522 1.0000000000
75286  -40.613  1.433  -36.956 1.0000000000
90203  -40.711  -0.106  -37.439 1.0000000000
90204  -41.474  -0.622  -37.586 1.0000000000
90205  -40.891  -0.786  -37.914 1.0000000000
90206  -40.914  -1.992  -39.392 1.0000000000
90207  -41.394  -1.987  -38.936 1.0000000000
90208  -41.660  -2.532  -39.465 1.0000000000
90209  -42.347  -3.042  -39.486 1.0000000000
90210  -41.908  -3.099  -39.869 1.0000000000
90214  -41.400  -4.351  -41.947 1.0000000000
90215  -41.219  -3.706  -41.469 1.0000000000
90216  -41.862  -4.337  -41.353 1.0000000000
90217  -42.328  -4.291  -40.845 1.0000000000
90218  -42.575  -4.876  -41.245 1.0000000000
90219  -43.289  -5.358  -41.129 1.0000000000
90220  -42.847  -5.430  -41.622 1.0000000000
90221  -43.002  -6.792  -42.877 1.0000000000
90222  -43.504  -6.648  -42.378 1.0000000000
90223  -43.850  -7.328  -42.696 1.0000000000
90224  -44.705  -7.925  -42.465 1.0000000000
90225  -44.130  -8.085  -42.793 1.0000000000
90244  -43.433  -10.097  -43.115 1.0000000000
90245  -43.284  -9.263  -43.313 1.0000000000
90246  -44.096  -9.825  -42.965 1.0000000000
90247  -44.725  -9.638  -42.776 1.0000000000
90248  -44.856  -10.480  -42.655 1.0000000000
90249  -45.656  -11.079  -42.342 1.0000000000
90250  -44.947  -11.259  -42.341 1.0000000000
93457  -42.494  3.181  -37.306 1.0000000000
93458  -43.176  3.382  -37.613 1.0000000000
93459  -43.145  2.532  -37.243 1.0000000000
93460  -43.782  1.959  -37.178 1.0000000000
93461  -44.446  1.305  -37.097 1.0000000000
93462  -45.090  0.765  -37.020 1.0000000000
93463  -44.434  0.493  -37.027 1.0000000000
93464  -44.386  -0.357  -37.027 1.0000000000
93465  -44.364  -1.180  -37.150 1.0000000000
93466  -44.473  -1.897  -37.323 1.0000000000
93467  -43.862  -1.337  -37.323 1.0000000000
93468  -43.370  -1.511  -37.609 1.0000000000
93469  -42.886  -1.707  -37.903 1.0000000000
97520  -47.986  -9.512  -40.901 1.0000000000
97521  -48.856  -10.080  -40.647 1.0000000000
97522  -48.474  -10.222  -41.110 1.0000000000
97523  -48.893  -10.953  -41.280 1.0000000000
97528  -47.217  -12.336  -41.672 1.0000000000
101827  -47.402  -1.542  -36.006 1.0000000000
101828  -47.922  -1.356  -35.701 1.0000000000
101829  -47.820  -2.131  -35.630 1.0000000000
101830  -48.179  -2.727  -35.252 1.0000000000
101831  -48.441  -3.357  -34.837 1.0000000000
101832  -48.746  -3.976  -34.276 1.0000000000
101833  -48.206  -4.173  -34.747 1.0000000000
101834  -48.074  -4.992  -34.732 1.0000000000
101835  -48.004  -5.833  -34.814 1.0000000000
101836  -48.083  -6.591  -34.908 1.0000000000
101837  -47.661  -5.904  -35.295 1.0000000000
101838  -47.401  -5.988  -35.851 1.0000000000
101839  -47.132  -6.091  -36.415 1.0000000000
101840  -44.972  -4.535  -38.398 1.0000000000
101841  -45.546  -5.081  -38.192 1.0000000000
101842  -45.176  -5.125  -38.678 1.0000000000
101843  -45.477  -5.727  -38.957 1.0000000000
101844  -45.773  -6.297  -39.300 1.0000000000
101845  -46.144  -6.883  -39.616 1.0000000000
101846  -45.475  -6.322  -39.811 1.0000000000
101847  -45.166  -6.352  -40.359 1.0000000000
101848  -44.822  -6.423  -40.936 1.0000000000
114026  -39.620  -0.410  -38.206 1.0000000000
114027  -40.361  -0.915  -38.264 1.0000000000
114035  -41.633  -4.995  -42.395 1.0000000000
114036  -42.355  -5.541  -42.240 1.0000000000
114038  -42.149  -6.352  -43.022 1.0000000000
114053  -43.572  -10.896  -42.756 1.0000000000
114054  -44.309  -11.445  -42.352 1.0000000000
118230  -43.851  3.609  -37.878 1.0000000000
118239  -46.892  -0.209  -36.470 1.0000000000
118240  -45.640  0.169  -36.858 1.0000000000
118241  -46.238  -0.425  -36.657 1.0000000000
118242  -46.827  -1.008  -36.358 1.0000000000
118243  -46.809  -1.775  -36.316 1.0000000000
118244  -46.730  -2.583  -36.392 1.0000000000
118245  -46.611  -3.405  -36.483 1.0000000000
118246  -46.570  -4.141  -36.521 1.0000000000
118247  -46.171  -3.556  -36.900 1.0000000000
118248  -45.725  -3.670  -37.283 1.0000000000
118249  -45.276  -3.806  -37.722 1.0000000000
118250  -44.601  -2.556  -37.554 1.0000000000
118251  -44.692  -3.245  -37.848 1.0000000000
118252  -44.847  -3.911  -38.123 1.0000000000
118253  -44.440  -4.025  -38.558 1.0000000000
118254  -44.036  -4.091  -38.978 1.0000000000
118255  -43.570  -4.173  -39.403 1.0000000000
127706  -48.887  -9.431  -38.277 1.0000000000
127707  -49.639  -10.150  -37.918 1.0000000000
127708  -49.487  -10.066  -38.658 1.0000000000
127709  -50.145  -10.669  -38.933 1.0000000000
127710  -50.731  -11.344  -39.224 1.0000000000
127711  -49.656  -10.688  -40.271 1.0000000000
136909  -49.035  -9.016  -34.769 1.0000000000
136910  -48.224  -7.386  -34.980 1.0000000000
136911  -48.537  -8.191  -35.161 1.0000000000
136912  -48.906  -8.970  -35.377 1.0000000000
136914  -48.641  -8.922  -36.675 1.0000000000
136915  -48.488  -8.871  -37.304 1.0000000000
136916  -46.600  -4.859  -36.633 1.0000000000
136917  -46.721  -5.528  -36.784 1.0000000000
136918  -46.851  -6.158  -36.990 1.0000000000
136919  -46.102  -5.641  -37.926 1.0000000000
136920  -46.597  -6.196  -37.555 1.0000000000
136921  -47.087  -6.808  -37.203 1.0000000000
136922  -47.390  -7.486  -37.425 1.0000000000
136923  -47.828  -8.145  -37.708 1.0000000000
136924  -48.346  -8.845  -37.981 1.0000000000
136925  -48.167  -8.779  -38.667 1.0000000000
136926  -47.972  -8.765  -39.335 1.0000000000
136927  -47.759  -8.729  -39.955 1.0000000000
136928  -46.583  -7.481  -39.953 1.0000000000
136929  -47.013  -8.092  -40.276 1.0000000000
136930  -47.499  -8.753  -40.570 1.0000000000
136931  -47.178  -8.847  -41.152 1.0000000000
136932  -46.879  -8.933  -41.642 1.0000000000
136933  -46.431  -9.082  -41.947 1.0000000000
143533  -41.849  2.920  -37.147 1.0000000000
143534  -41.860  2.011  -36.954 1.0000000000
143535  -41.874  1.117  -36.953 1.0000000000
143536  -41.951  0.316  -37.110 1.0000000000
143537  -41.320  0.924  -37.032 1.0000000000
143538  -40.701  0.701  -37.141 1.0000000000
143539  -40.072  0.423  -37.375 1.0000000000
161494  -42.043  -0.441  -37.398 1.0000000000
161495  -42.196  -1.151  -37.749 1.0000000000
161496  -42.387  -1.823  -38.229 1.0000000000
161497  -41.151  -1.417  -38.422 1.0000000000
161498  -41.888  -1.918  -38.569 1.0000000000
161499  -42.560  -2.451  -38.630 1.0000000000
161500  -42.780  -3.004  -39.084 1.0000000000
161501  -42.999  -3.580  -39.506 1.0000000000
161502  -43.186  -4.224  -39.795 1.0000000000
161507  -40.989  -3.134  -40.914 1.0000000000
161508  -41.420  -3.129  -40.384 1.0000000000
161509  -42.142  -3.648  -40.381 1.0000000000
161510  -42.778  -4.222  -40.337 1.0000000000
161511  -43.404  -4.756  -40.212 1.0000000000
161512  -43.693  -5.325  -40.647 1.0000000000
161513  -44.016  -5.883  -41.035 1.0000000000
161514  -44.367  -6.505  -41.446 1.0000000000
161515  -43.148  -6.021  -42.085 1.0000000000
161516  -43.946  -6.555  -41.950 1.0000000000
161517  -44.819  -7.111  -41.844 1.0000000000
161518  -45.199  -7.792  -42.005 1.0000000000
161519  -45.510  -8.530  -42.162 1.0000000000
161520  -45.882  -9.260  -42.244 1.0000000000
161542  -42.520  -8.702  -43.663 1.0000000000
161544  -43.620  -8.270  -43.122 1.0000000000
161545  -44.475  -8.804  -42.799 1.0000000000
161546  -45.344  -9.445  -42.543 1.0000000000
161547  -46.155  -10.021  -42.337 1.0000000000
161548  -46.316  -10.859  -42.274 1.0000000000
161549  -46.389  -11.680  -42.053 1.0000000000
161551  -45.022  -11.993  -41.955 1.0000000000
161552  -45.806  -12.616  -41.640 1.0000000000
