#!ascii label  , from subject 40tvs8ref_sym_20 vox2ras=TkReg
76
321  -6.139  -45.546  21.749 1.0000000000
801  -6.372  -42.778  24.141 1.0000000000
3842  -4.532  -43.735  21.911 1.0000000000
3844  -4.603  -44.873  20.590 1.0000000000
6051  -6.192  -44.170  23.003 1.0000000000
11522  -5.208  -44.432  21.793 1.0000000000
11523  -4.527  -44.317  21.276 1.0000000000
11524  -5.328  -45.130  21.128 1.0000000000
11525  -5.413  -45.714  20.452 1.0000000000
13924  -5.351  -42.493  23.549 1.0000000000
13925  -5.270  -43.162  23.011 1.0000000000
13926  -6.269  -43.471  23.610 1.0000000000
25354  -4.814  -45.407  19.857 1.0000000000
29480  -5.194  -43.820  22.391 1.0000000000
29481  -6.135  -44.847  22.394 1.0000000000
39428  -7.132  -44.131  24.242 1.0000000000
39429  -7.102  -44.909  23.638 1.0000000000
39430  -6.916  -45.628  23.007 1.0000000000
39431  -6.775  -46.355  22.329 1.0000000000
42242  -5.657  -44.941  21.774 1.0000000000
42243  -5.253  -44.781  21.475 1.0000000000
42244  -5.701  -45.298  21.438 1.0000000000
44644  -5.855  -42.615  23.832 1.0000000000
44645  -5.793  -42.952  23.574 1.0000000000
44646  -6.321  -43.123  23.875 1.0000000000
57610  -4.569  -44.612  20.931 1.0000000000
57611  -4.312  -44.324  21.055 1.0000000000
57615  -4.461  -45.052  20.005 1.0000000000
57616  -4.699  -45.152  20.252 1.0000000000
57617  -5.862  -46.257  20.401 1.0000000000
57618  -5.515  -45.996  20.081 1.0000000000
64817  -5.702  -43.620  23.000 1.0000000000
64818  -5.235  -43.491  22.703 1.0000000000
64819  -5.662  -43.952  22.683 1.0000000000
64820  -5.603  -44.264  22.371 1.0000000000
64821  -6.148  -44.512  22.705 1.0000000000
88327  -7.264  -44.842  24.297 1.0000000000
88328  -7.064  -44.495  23.943 1.0000000000
88332  -6.884  -46.407  23.003 1.0000000000
88333  -6.882  -45.976  22.686 1.0000000000
88334  -6.807  -46.786  22.653 1.0000000000
94468  -4.806  -44.035  21.835 1.0000000000
94469  -4.476  -44.003  21.592 1.0000000000
94470  -4.836  -44.348  21.523 1.0000000000
94471  -4.863  -44.658  21.194 1.0000000000
94472  -4.930  -44.988  20.852 1.0000000000
94473  -4.999  -45.269  20.522 1.0000000000
94474  -5.354  -45.426  20.798 1.0000000000
98791  -5.010  -42.107  23.573 1.0000000000
98792  -4.958  -42.461  23.313 1.0000000000
98793  -4.900  -42.769  23.049 1.0000000000
98794  -5.306  -42.828  23.286 1.0000000000
98795  -5.728  -43.261  23.299 1.0000000000
98796  -6.226  -43.819  23.314 1.0000000000
115881  -6.409  -42.411  24.393 1.0000000000
120591  -4.316  -44.026  21.415 1.0000000000
120599  -4.567  -45.323  19.593 1.0000000000
120600  -4.914  -45.670  19.484 1.0000000000
120601  -5.108  -45.563  20.165 1.0000000000
130486  -4.859  -43.095  22.766 1.0000000000
130488  -4.794  -43.731  22.125 1.0000000000
130489  -5.160  -44.124  22.085 1.0000000000
130490  -5.616  -44.613  22.067 1.0000000000
130491  -6.130  -45.190  22.062 1.0000000000
159233  -6.820  -43.043  24.428 1.0000000000
159242  -6.794  -43.430  24.178 1.0000000000
159243  -6.752  -43.783  23.902 1.0000000000
159244  -6.728  -44.124  23.597 1.0000000000
159245  -6.680  -44.525  23.303 1.0000000000
159246  -7.127  -45.671  23.690 1.0000000000
159247  -6.987  -45.275  23.325 1.0000000000
159248  -6.660  -44.882  22.988 1.0000000000
159249  -6.590  -45.213  22.690 1.0000000000
159250  -6.559  -45.571  22.362 1.0000000000
159251  -6.589  -45.913  21.999 1.0000000000
159277  -6.776  -46.735  21.971 1.0000000000
