#!ascii label  , from subject 40tvs8ref_sym_20 vox2ras=TkReg
238
294  -32.377  -64.010  47.792 1.0000000000
774  -31.563  -59.348  46.538 1.0000000000
2327  -34.374  -61.973  45.246 1.0000000000
5175  -35.059  -58.965  42.847 1.0000000000
5176  -33.862  -59.695  44.215 1.0000000000
5177  -35.577  -61.189  44.352 1.0000000000
6002  -32.498  -61.558  47.614 1.0000000000
9539  -32.081  -58.294  44.478 1.0000000000
9540  -33.018  -60.537  45.852 1.0000000000
9541  -33.382  -62.858  46.527 1.0000000000
9542  -35.493  -63.427  45.031 1.0000000000
9543  -34.039  -64.248  45.410 1.0000000000
9544  -32.607  -65.009  45.865 1.0000000000
11440  -32.273  -63.318  48.565 1.0000000000
11442  -31.858  -64.359  48.148 1.0000000000
11444  -31.721  -64.838  47.113 1.0000000000
12855  -36.044  -59.703  43.158 1.0000000000
12856  -35.400  -60.084  43.662 1.0000000000
12857  -36.211  -60.800  43.883 1.0000000000
13842  -31.481  -59.794  47.485 1.0000000000
13843  -31.977  -60.931  48.015 1.0000000000
13844  -32.098  -60.390  47.161 1.0000000000
21287  -32.509  -57.842  43.518 1.0000000000
21288  -34.225  -60.842  44.842 1.0000000000
21289  -33.404  -60.092  45.029 1.0000000000
21290  -33.743  -61.248  45.484 1.0000000000
21291  -33.278  -61.736  46.228 1.0000000000
21292  -33.840  -62.371  45.818 1.0000000000
21294  -36.213  -63.064  44.900 1.0000000000
21295  -36.123  -64.256  44.944 1.0000000000
21297  -34.449  -65.016  45.041 1.0000000000
21298  -33.647  -65.416  45.160 1.0000000000
21299  -33.364  -64.654  45.741 1.0000000000
21300  -32.865  -65.675  45.155 1.0000000000
27747  -33.961  -58.221  42.621 1.0000000000
27748  -33.409  -58.556  43.364 1.0000000000
27749  -34.392  -59.306  43.438 1.0000000000
27750  -34.779  -60.461  44.239 1.0000000000
27751  -34.955  -61.579  44.789 1.0000000000
29365  -32.249  -62.128  48.429 1.0000000000
29366  -32.586  -62.813  47.945 1.0000000000
35355  -34.511  -57.933  42.158 1.0000000000
35356  -35.644  -58.671  42.427 1.0000000000
38856  -31.312  -57.784  44.801 1.0000000000
38857  -31.802  -58.782  45.535 1.0000000000
38858  -32.917  -58.902  44.273 1.0000000000
38859  -32.564  -59.352  45.223 1.0000000000
38860  -32.293  -59.840  46.198 1.0000000000
38861  -32.696  -60.990  46.656 1.0000000000
38862  -32.894  -62.201  47.061 1.0000000000
38863  -32.945  -63.398  47.231 1.0000000000
38864  -36.247  -61.932  44.569 1.0000000000
38865  -35.578  -62.284  44.829 1.0000000000
38866  -34.903  -62.686  45.113 1.0000000000
38867  -35.281  -64.624  44.972 1.0000000000
38868  -34.765  -63.824  45.161 1.0000000000
38869  -34.322  -63.084  45.488 1.0000000000
38870  -33.748  -63.519  45.929 1.0000000000
38871  -33.146  -63.960  46.433 1.0000000000
38872  -32.504  -64.439  46.782 1.0000000000
42160  -32.338  -63.661  48.208 1.0000000000
42161  -32.121  -63.873  48.424 1.0000000000
42162  -32.118  -64.201  47.973 1.0000000000
42163  -31.775  -64.624  47.639 1.0000000000
42164  -32.067  -64.474  47.500 1.0000000000
43575  -36.515  -60.070  43.300 1.0000000000
43576  -36.150  -60.232  43.536 1.0000000000
43577  -36.581  -60.580  43.680 1.0000000000
44560  -31.260  -59.058  46.654 1.0000000000
44561  -31.211  -59.268  47.133 1.0000000000
44562  -31.522  -59.576  46.993 1.0000000000
44563  -31.790  -60.093  47.336 1.0000000000
44564  -31.820  -59.846  46.873 1.0000000000
52007  -32.777  -57.665  43.069 1.0000000000
52008  -34.342  -61.403  45.066 1.0000000000
52009  -33.980  -61.043  45.156 1.0000000000
52010  -34.083  -61.591  45.336 1.0000000000
52011  -33.826  -61.819  45.671 1.0000000000
52012  -34.114  -62.174  45.547 1.0000000000
52014  -36.522  -64.048  44.926 1.0000000000
52015  -36.422  -64.716  44.925 1.0000000000
52019  -33.258  -65.584  45.191 1.0000000000
61605  -34.487  -58.600  42.717 1.0000000000
61606  -34.172  -58.767  43.039 1.0000000000
61607  -34.711  -59.153  43.157 1.0000000000
61608  -35.512  -60.654  44.041 1.0000000000
61609  -35.095  -60.273  43.934 1.0000000000
61610  -35.231  -60.830  44.294 1.0000000000
61611  -34.911  -61.037  44.527 1.0000000000
61612  -35.252  -61.391  44.567 1.0000000000
64570  -32.242  -61.236  47.822 1.0000000000
64571  -32.138  -61.524  48.234 1.0000000000
64572  -32.363  -61.850  48.042 1.0000000000
64573  -32.410  -62.452  48.178 1.0000000000
64574  -32.545  -62.157  47.801 1.0000000000
78203  -34.016  -57.559  42.083 1.0000000000
78208  -36.180  -59.076  42.621 1.0000000000
86898  -31.843  -57.773  44.142 1.0000000000
86900  -31.692  -58.018  44.613 1.0000000000
86901  -31.555  -58.276  45.168 1.0000000000
86902  -31.944  -58.523  44.989 1.0000000000
86903  -33.630  -59.124  43.779 1.0000000000
86904  -33.163  -58.724  43.808 1.0000000000
86905  -33.384  -59.278  44.233 1.0000000000
86906  -33.200  -60.323  45.433 1.0000000000
86907  -32.967  -59.720  45.110 1.0000000000
86908  -32.782  -59.927  45.559 1.0000000000
86909  -32.408  -59.586  45.713 1.0000000000
86910  -32.665  -60.173  46.015 1.0000000000
86911  -32.530  -60.401  46.450 1.0000000000
86912  -32.899  -60.792  46.278 1.0000000000
86913  -33.358  -62.304  46.380 1.0000000000
86914  -33.084  -61.943  46.621 1.0000000000
86915  -33.161  -62.562  46.807 1.0000000000
86916  -32.975  -62.808  47.229 1.0000000000
86917  -33.187  -63.133  46.897 1.0000000000
86919  -36.567  -61.694  44.365 1.0000000000
86920  -36.566  -62.263  44.670 1.0000000000
86921  -35.861  -63.268  44.965 1.0000000000
86922  -35.888  -62.677  44.867 1.0000000000
86923  -35.536  -62.868  45.013 1.0000000000
86924  -35.226  -62.481  44.977 1.0000000000
86925  -35.193  -63.049  45.094 1.0000000000
86929  -34.230  -64.623  45.216 1.0000000000
86930  -34.619  -64.401  45.117 1.0000000000
86931  -34.397  -64.007  45.268 1.0000000000
86932  -34.538  -63.428  45.281 1.0000000000
86933  -34.193  -63.645  45.470 1.0000000000
86934  -34.008  -63.291  45.737 1.0000000000
86935  -33.883  -63.878  45.634 1.0000000000
86936  -32.967  -64.817  45.802 1.0000000000
86937  -33.224  -64.305  46.054 1.0000000000
86938  -32.882  -64.483  46.176 1.0000000000
86939  -32.843  -64.222  46.599 1.0000000000
86940  -32.547  -64.711  46.297 1.0000000000
94320  -32.192  -62.994  48.916 1.0000000000
94323  -31.890  -64.095  48.622 1.0000000000
96867  -35.578  -59.327  43.016 1.0000000000
96868  -35.264  -59.513  43.270 1.0000000000
96869  -35.720  -59.866  43.416 1.0000000000
96870  -35.816  -60.432  43.793 1.0000000000
96871  -35.882  -61.007  44.112 1.0000000000
98643  -31.181  -59.498  47.625 1.0000000000
98644  -31.473  -60.060  47.969 1.0000000000
98646  -31.755  -60.355  47.809 1.0000000000
98647  -32.050  -60.641  47.609 1.0000000000
98648  -32.315  -60.964  47.403 1.0000000000
112045  -32.264  -58.055  43.985 1.0000000000
112046  -34.063  -60.271  44.562 1.0000000000
112047  -33.609  -59.874  44.612 1.0000000000
112048  -33.811  -60.467  44.928 1.0000000000
112049  -33.609  -60.693  45.273 1.0000000000
112050  -33.377  -60.887  45.669 1.0000000000
112051  -33.191  -61.170  46.073 1.0000000000
112052  -33.501  -61.477  45.862 1.0000000000
112053  -33.567  -62.044  46.003 1.0000000000
112054  -33.603  -62.611  46.170 1.0000000000
112056  -36.566  -62.865  44.883 1.0000000000
112057  -36.551  -63.449  44.938 1.0000000000
112058  -36.182  -63.658  44.942 1.0000000000
112059  -35.809  -63.858  44.976 1.0000000000
112063  -34.044  -65.206  45.117 1.0000000000
112064  -33.860  -64.838  45.305 1.0000000000
112065  -33.707  -64.466  45.537 1.0000000000
112066  -33.492  -65.022  45.415 1.0000000000
112067  -33.111  -65.171  45.482 1.0000000000
112068  -32.711  -65.322  45.487 1.0000000000
112069  -32.318  -65.452  45.490 1.0000000000
115766  -31.321  -58.842  46.202 1.0000000000
126183  -33.486  -57.851  42.587 1.0000000000
126185  -33.678  -58.379  42.977 1.0000000000
126186  -33.883  -58.917  43.369 1.0000000000
126187  -34.128  -59.499  43.816 1.0000000000
126188  -34.934  -59.707  43.534 1.0000000000
126189  -34.607  -59.885  43.845 1.0000000000
126190  -34.317  -60.082  44.240 1.0000000000
126191  -34.491  -60.652  44.537 1.0000000000
126192  -34.614  -61.217  44.781 1.0000000000
126193  -34.662  -61.772  44.999 1.0000000000
130174  -32.042  -61.784  48.631 1.0000000000
130176  -32.314  -62.725  48.544 1.0000000000
130177  -32.434  -63.069  48.267 1.0000000000
130178  -32.558  -63.427  47.972 1.0000000000
147070  -34.226  -58.088  42.365 1.0000000000
147071  -34.778  -58.451  42.483 1.0000000000
147073  -35.080  -58.298  42.272 1.0000000000
147074  -35.346  -58.821  42.622 1.0000000000
147075  -35.866  -59.204  42.812 1.0000000000
157527  -31.053  -57.211  44.496 1.0000000000
157528  -30.904  -57.490  45.027 1.0000000000
157529  -31.183  -58.050  45.330 1.0000000000
157531  -31.676  -59.072  46.046 1.0000000000
157532  -32.956  -58.165  43.410 1.0000000000
157533  -32.709  -58.359  43.853 1.0000000000
157534  -32.463  -58.577  44.327 1.0000000000
157535  -33.140  -59.470  44.660 1.0000000000
157536  -32.712  -59.122  44.736 1.0000000000
157537  -32.359  -58.799  44.846 1.0000000000
157538  -32.177  -59.026  45.357 1.0000000000
157539  -32.041  -59.305  45.907 1.0000000000
157540  -31.893  -59.565  46.380 1.0000000000
157541  -32.179  -60.083  46.659 1.0000000000
157542  -32.403  -60.668  46.902 1.0000000000
157543  -32.560  -61.254  47.103 1.0000000000
157544  -32.991  -61.354  46.450 1.0000000000
157545  -32.805  -61.577  46.850 1.0000000000
157546  -32.679  -61.852  47.320 1.0000000000
157547  -32.775  -62.456  47.520 1.0000000000
157548  -32.787  -63.101  47.621 1.0000000000
157549  -32.691  -63.711  47.557 1.0000000000
157550  -36.583  -61.150  44.060 1.0000000000
157551  -36.230  -61.362  44.234 1.0000000000
157552  -35.919  -61.568  44.438 1.0000000000
157553  -36.224  -62.493  44.820 1.0000000000
157554  -35.921  -62.125  44.692 1.0000000000
157555  -35.593  -61.747  44.620 1.0000000000
157556  -35.255  -61.926  44.792 1.0000000000
157557  -34.948  -62.135  44.991 1.0000000000
157558  -34.634  -62.319  45.140 1.0000000000
157560  -35.689  -64.448  44.943 1.0000000000
157561  -35.399  -63.989  45.002 1.0000000000
157562  -34.876  -64.818  45.010 1.0000000000
157563  -35.031  -64.229  45.072 1.0000000000
157564  -35.126  -63.618  45.090 1.0000000000
157565  -34.854  -63.258  45.153 1.0000000000
157566  -34.612  -62.876  45.270 1.0000000000
157567  -34.378  -62.531  45.411 1.0000000000
157568  -34.078  -62.727  45.670 1.0000000000
157569  -33.821  -62.947  45.932 1.0000000000
157570  -33.571  -63.181  46.240 1.0000000000
157571  -33.577  -64.114  45.860 1.0000000000
157572  -33.462  -63.758  46.225 1.0000000000
157573  -33.322  -63.427  46.546 1.0000000000
157574  -33.057  -63.687  46.813 1.0000000000
157575  -32.767  -63.950  47.062 1.0000000000
157576  -32.449  -64.206  47.296 1.0000000000
157577  -32.098  -64.669  46.971 1.0000000000
157578  -31.720  -65.027  46.550 1.0000000000
