#!ascii label  , from subject 40tvs8ref_sym_20 vox2ras=TkReg
256
417  -26.089  -76.991  29.970 1.0000000000
936  -24.976  -73.921  35.245 1.0000000000
2324  -25.851  -70.146  32.167 1.0000000000
2854  -23.620  -73.783  40.046 1.0000000000
2855  -24.546  -75.340  37.573 1.0000000000
2856  -24.091  -72.529  37.707 1.0000000000
4247  -25.677  -78.685  32.289 1.0000000000
4251  -26.495  -78.243  27.297 1.0000000000
5168  -24.765  -68.807  34.567 1.0000000000
6293  -25.160  -77.071  34.984 1.0000000000
6294  -25.536  -75.559  32.622 1.0000000000
9530  -24.392  -70.702  36.083 1.0000000000
9531  -25.377  -72.062  33.642 1.0000000000
9532  -25.981  -73.465  30.983 1.0000000000
9534  -26.564  -71.426  29.472 1.0000000000
9535  -26.597  -74.840  28.307 1.0000000000
10535  -23.864  -73.142  38.873 1.0000000000
11927  -25.857  -77.857  31.109 1.0000000000
11928  -25.802  -79.416  30.901 1.0000000000
11929  -26.057  -78.538  29.739 1.0000000000
11930  -26.143  -79.231  28.380 1.0000000000
11931  -26.351  -77.611  28.680 1.0000000000
14327  -24.750  -74.670  36.388 1.0000000000
14328  -24.889  -76.157  36.306 1.0000000000
14329  -25.046  -75.493  35.102 1.0000000000
14330  -25.297  -76.322  33.804 1.0000000000
14331  -25.311  -74.746  33.951 1.0000000000
21265  -25.390  -69.496  33.397 1.0000000000
21266  -25.159  -70.452  34.107 1.0000000000
21267  -25.593  -71.114  32.899 1.0000000000
21268  -25.715  -72.748  32.367 1.0000000000
21269  -25.959  -71.750  31.594 1.0000000000
21276  -26.577  -73.080  28.890 1.0000000000
23570  -23.897  -75.149  40.026 1.0000000000
23571  -24.346  -75.958  38.807 1.0000000000
23572  -24.103  -74.560  38.831 1.0000000000
23573  -24.307  -73.920  37.640 1.0000000000
23574  -24.571  -73.238  36.486 1.0000000000
26077  -25.502  -79.488  33.548 1.0000000000
26079  -25.605  -80.287  32.094 1.0000000000
27736  -24.952  -67.813  33.875 1.0000000000
27737  -25.637  -68.539  32.650 1.0000000000
30043  -24.749  -76.769  37.532 1.0000000000
30044  -25.041  -77.738  36.220 1.0000000000
30045  -25.286  -78.652  34.863 1.0000000000
30046  -25.420  -77.930  33.617 1.0000000000
30047  -25.612  -77.153  32.408 1.0000000000
30048  -25.853  -76.280  31.271 1.0000000000
38829  -24.248  -71.602  36.879 1.0000000000
38830  -24.751  -72.313  35.677 1.0000000000
38831  -24.553  -69.729  35.335 1.0000000000
38832  -24.926  -71.361  34.881 1.0000000000
38833  -25.183  -73.005  34.428 1.0000000000
38834  -25.499  -73.722  33.149 1.0000000000
38835  -25.745  -74.547  31.785 1.0000000000
38836  -26.052  -75.269  30.457 1.0000000000
38839  -26.169  -69.191  31.399 1.0000000000
38841  -26.610  -69.786  30.054 1.0000000000
38842  -26.241  -70.770  30.811 1.0000000000
38843  -26.272  -72.425  30.225 1.0000000000
38844  -26.297  -74.157  29.640 1.0000000000
38845  -26.328  -75.933  29.117 1.0000000000
38846  -26.585  -76.531  27.854 1.0000000000
42647  -25.968  -77.431  30.540 1.0000000000
42648  -25.977  -78.208  30.441 1.0000000000
42649  -26.087  -77.767  29.889 1.0000000000
42650  -26.189  -78.105  29.196 1.0000000000
42651  -26.222  -77.309  29.337 1.0000000000
45047  -24.844  -74.332  35.793 1.0000000000
45048  -24.905  -75.078  35.742 1.0000000000
45049  -25.013  -74.688  35.165 1.0000000000
45050  -25.163  -75.113  34.532 1.0000000000
45051  -25.156  -74.319  34.605 1.0000000000
51985  -25.648  -69.839  32.792 1.0000000000
51986  -25.515  -70.302  33.153 1.0000000000
51987  -25.701  -70.620  32.530 1.0000000000
51988  -25.773  -71.434  32.258 1.0000000000
51989  -25.909  -70.938  31.878 1.0000000000
54640  -23.311  -73.372  40.633 1.0000000000
54642  -23.499  -74.044  40.642 1.0000000000
54643  -23.650  -74.708  40.640 1.0000000000
54644  -23.765  -74.483  40.031 1.0000000000
54645  -24.003  -74.873  39.427 1.0000000000
54646  -23.877  -74.180  39.441 1.0000000000
54647  -23.978  -72.847  38.288 1.0000000000
54648  -24.091  -73.545  38.246 1.0000000000
54649  -24.179  -73.227  37.672 1.0000000000
54650  -24.424  -73.590  37.056 1.0000000000
54651  -24.317  -72.877  37.108 1.0000000000
58822  -25.559  -79.120  32.896 1.0000000000
58823  -25.583  -79.889  32.866 1.0000000000
58824  -25.665  -79.493  32.232 1.0000000000
58825  -25.836  -79.778  30.197 1.0000000000
58826  -25.716  -80.211  30.746 1.0000000000
58832  -26.316  -78.745  27.826 1.0000000000
61588  -25.307  -68.174  33.261 1.0000000000
61589  -25.463  -67.715  32.920 1.0000000000
66022  -24.436  -75.642  38.193 1.0000000000
66023  -24.556  -76.360  38.168 1.0000000000
66024  -24.645  -76.047  37.553 1.0000000000
66025  -25.023  -76.601  35.649 1.0000000000
66026  -24.952  -76.960  36.264 1.0000000000
66027  -25.089  -77.412  35.594 1.0000000000
66028  -25.161  -78.204  35.535 1.0000000000
66029  -25.221  -77.857  34.902 1.0000000000
66030  -25.352  -78.291  34.233 1.0000000000
66031  -25.300  -77.503  34.295 1.0000000000
66032  -25.410  -75.954  33.188 1.0000000000
66033  -25.459  -76.755  33.096 1.0000000000
66034  -25.571  -76.375  32.492 1.0000000000
66035  -25.725  -76.726  31.836 1.0000000000
66036  -25.703  -75.914  31.950 1.0000000000
86832  -24.317  -71.162  36.474 1.0000000000
86833  -24.508  -71.968  36.276 1.0000000000
86834  -24.588  -71.522  35.871 1.0000000000
86836  -24.303  -68.881  35.560 1.0000000000
86837  -24.654  -69.275  34.943 1.0000000000
86838  -25.278  -71.246  33.884 1.0000000000
86839  -25.033  -70.904  34.502 1.0000000000
86840  -25.163  -71.711  34.271 1.0000000000
86841  -25.065  -72.175  34.659 1.0000000000
86842  -25.279  -72.522  34.041 1.0000000000
86843  -25.374  -73.355  33.818 1.0000000000
86844  -25.457  -72.879  33.408 1.0000000000
86845  -25.839  -73.124  31.666 1.0000000000
86846  -25.718  -73.626  32.036 1.0000000000
86847  -25.869  -74.012  31.360 1.0000000000
86848  -25.903  -74.912  31.109 1.0000000000
86849  -26.018  -74.361  30.691 1.0000000000
86857  -26.363  -68.709  31.048 1.0000000000
86861  -26.770  -70.937  29.090 1.0000000000
86862  -26.814  -70.090  29.407 1.0000000000
86863  -26.599  -70.601  29.758 1.0000000000
86864  -26.407  -70.281  30.418 1.0000000000
86865  -26.389  -71.096  30.134 1.0000000000
86866  -26.268  -71.586  30.519 1.0000000000
86867  -26.402  -71.923  29.851 1.0000000000
86868  -26.579  -73.943  28.600 1.0000000000
86869  -26.409  -73.621  29.264 1.0000000000
86870  -26.441  -74.489  28.982 1.0000000000
86871  -26.318  -75.038  29.379 1.0000000000
86872  -26.451  -75.367  28.718 1.0000000000
86873  -26.456  -76.230  28.489 1.0000000000
86874  -26.587  -75.675  28.078 1.0000000000
92690  -23.447  -73.074  40.046 1.0000000000
92691  -23.736  -73.440  39.470 1.0000000000
92692  -23.572  -72.764  39.469 1.0000000000
92693  -23.708  -72.468  38.885 1.0000000000
92694  -23.848  -72.156  38.307 1.0000000000
95197  -25.764  -78.271  31.697 1.0000000000
95198  -25.763  -79.045  31.627 1.0000000000
95199  -25.861  -78.643  31.032 1.0000000000
95200  -25.921  -78.989  30.325 1.0000000000
95201  -25.985  -79.330  29.606 1.0000000000
95202  -26.021  -79.712  28.898 1.0000000000
95203  -26.129  -78.886  29.051 1.0000000000
95204  -26.283  -78.416  28.528 1.0000000000
95205  -26.444  -77.927  28.013 1.0000000000
99517  -24.653  -75.000  36.984 1.0000000000
99518  -24.738  -75.743  36.934 1.0000000000
99519  -24.846  -75.388  36.362 1.0000000000
99520  -24.969  -75.812  35.701 1.0000000000
99521  -25.107  -76.274  35.047 1.0000000000
99522  -25.255  -76.715  34.390 1.0000000000
99523  -25.191  -75.909  34.456 1.0000000000
99524  -25.296  -75.539  33.867 1.0000000000
99525  -25.427  -75.151  33.289 1.0000000000
112005  -25.107  -69.164  33.984 1.0000000000
112006  -24.990  -69.648  34.318 1.0000000000
112007  -25.275  -69.973  33.739 1.0000000000
112008  -25.411  -70.790  33.499 1.0000000000
112009  -25.490  -71.605  33.273 1.0000000000
112010  -25.560  -72.403  33.012 1.0000000000
112011  -25.676  -71.913  32.657 1.0000000000
112012  -25.838  -72.241  31.988 1.0000000000
112013  -25.957  -72.565  31.305 1.0000000000
112023  -26.735  -71.699  28.789 1.0000000000
112024  -26.561  -72.222  29.189 1.0000000000
112026  -26.753  -73.421  28.215 1.0000000000
112028  -26.739  -75.133  27.664 1.0000000000
116437  -23.771  -75.377  40.639 1.0000000000
116438  -24.022  -75.842  40.012 1.0000000000
116439  -24.255  -76.250  39.403 1.0000000000
116440  -24.133  -75.552  39.415 1.0000000000
116441  -24.224  -75.253  38.815 1.0000000000
116442  -24.323  -74.948  38.221 1.0000000000
116443  -23.990  -73.857  38.840 1.0000000000
116444  -24.216  -74.254  38.230 1.0000000000
116445  -24.444  -74.647  37.620 1.0000000000
116446  -24.533  -74.274  37.012 1.0000000000
116447  -24.674  -73.965  36.426 1.0000000000
116448  -24.802  -73.590  35.870 1.0000000000
122287  -25.440  -79.863  34.158 1.0000000000
122290  -25.525  -80.669  32.717 1.0000000000
122291  -25.523  -81.062  31.954 1.0000000000
122292  -25.699  -79.839  31.479 1.0000000000
126157  -24.594  -67.446  34.485 1.0000000000
126158  -24.877  -68.313  34.220 1.0000000000
126159  -25.206  -68.665  33.619 1.0000000000
126160  -25.504  -69.016  33.016 1.0000000000
126161  -25.778  -69.374  32.421 1.0000000000
132013  -24.471  -76.665  38.785 1.0000000000
132015  -24.848  -77.552  37.501 1.0000000000
132016  -24.811  -76.487  36.918 1.0000000000
132017  -24.904  -77.246  36.891 1.0000000000
132018  -24.998  -78.037  36.865 1.0000000000
132019  -25.117  -78.485  36.200 1.0000000000
132022  -25.406  -79.080  34.216 1.0000000000
132023  -25.468  -78.719  33.572 1.0000000000
132024  -25.558  -78.321  32.951 1.0000000000
132025  -25.374  -77.130  33.698 1.0000000000
132026  -25.518  -77.543  33.010 1.0000000000
132027  -25.665  -77.905  32.356 1.0000000000
132028  -25.740  -77.507  31.752 1.0000000000
132029  -25.846  -77.082  31.198 1.0000000000
132030  -25.971  -76.646  30.615 1.0000000000
157446  -23.940  -71.254  37.497 1.0000000000
157447  -24.159  -72.080  37.283 1.0000000000
157448  -24.417  -72.425  36.687 1.0000000000
157449  -24.665  -72.778  36.078 1.0000000000
157450  -24.887  -73.119  35.457 1.0000000000
157452  -24.226  -69.373  35.919 1.0000000000
157453  -24.473  -70.227  35.704 1.0000000000
157454  -24.876  -70.110  34.719 1.0000000000
157455  -24.772  -70.579  35.111 1.0000000000
157456  -24.677  -71.045  35.490 1.0000000000
157457  -24.838  -71.844  35.276 1.0000000000
157458  -24.976  -72.654  35.042 1.0000000000
157459  -25.084  -73.488  34.829 1.0000000000
157460  -25.274  -73.874  34.201 1.0000000000
157461  -25.408  -74.234  33.551 1.0000000000
157462  -25.523  -74.617  32.899 1.0000000000
157463  -25.588  -73.256  32.719 1.0000000000
157464  -25.617  -74.121  32.453 1.0000000000
157465  -25.639  -75.051  32.219 1.0000000000
157466  -25.800  -75.428  31.524 1.0000000000
157467  -25.955  -75.787  30.841 1.0000000000
157468  -26.078  -76.137  30.193 1.0000000000
157476  -25.914  -68.879  32.051 1.0000000000
157477  -26.001  -69.676  31.767 1.0000000000
157482  -26.823  -69.283  29.749 1.0000000000
157484  -26.392  -69.477  30.716 1.0000000000
157485  -26.198  -69.988  31.081 1.0000000000
157486  -26.057  -70.448  31.497 1.0000000000
157487  -26.116  -71.262  31.200 1.0000000000
157488  -26.117  -72.075  30.908 1.0000000000
157489  -26.104  -72.916  30.614 1.0000000000
157490  -26.408  -72.760  29.556 1.0000000000
157491  -26.257  -73.295  29.913 1.0000000000
157492  -26.130  -73.822  30.283 1.0000000000
157493  -26.174  -74.716  30.045 1.0000000000
157494  -26.190  -75.619  29.781 1.0000000000
157495  -26.214  -76.483  29.527 1.0000000000
157496  -26.350  -76.777  28.898 1.0000000000
157497  -26.468  -77.076  28.265 1.0000000000
157498  -26.576  -77.381  27.615 1.0000000000
