#!ascii label  , from subject 40tvs8ref_sym_20 vox2ras=TkReg
362
488  -4.460  -29.160  70.517 1.0000000000
2109  -8.029  -24.809  68.795 1.0000000000
2110  -6.236  -30.380  64.697 1.0000000000
2111  -3.668  -35.696  73.591 1.0000000000
2112  -4.833  -36.447  67.527 1.0000000000
4640  -5.528  -26.547  72.915 1.0000000000
4642  -6.169  -26.869  69.516 1.0000000000
4643  -7.062  -27.357  66.524 1.0000000000
4644  -5.241  -29.626  67.561 1.0000000000
4649  -5.891  -38.761  69.606 1.0000000000
4650  -6.995  -38.296  66.724 1.0000000000
4651  -5.482  -36.557  64.591 1.0000000000
6531  -4.401  -29.151  73.741 1.0000000000
8894  -8.762  -25.183  65.620 1.0000000000
8895  -7.925  -28.006  63.425 1.0000000000
8896  -6.452  -31.070  61.539 1.0000000000
8899  -3.595  -32.433  71.861 1.0000000000
8900  -5.063  -38.893  72.773 1.0000000000
8901  -4.099  -36.171  70.532 1.0000000000
8902  -4.270  -32.762  68.861 1.0000000000
8903  -5.044  -33.322  65.979 1.0000000000
8904  -5.292  -33.839  62.936 1.0000000000
12320  -4.937  -27.778  71.660 1.0000000000
12321  -5.766  -26.674  71.178 1.0000000000
12322  -5.208  -27.919  69.990 1.0000000000
12323  -5.623  -28.160  68.482 1.0000000000
12324  -4.799  -29.337  69.043 1.0000000000
12331  -7.645  -37.923  65.353 1.0000000000
14723  -5.154  -27.929  74.850 1.0000000000
19678  -7.615  -24.654  70.437 1.0000000000
19684  -8.424  -24.984  67.185 1.0000000000
19685  -6.610  -28.786  65.554 1.0000000000
19686  -7.565  -27.653  64.987 1.0000000000
19687  -7.063  -29.138  64.060 1.0000000000
19688  -7.306  -29.528  62.470 1.0000000000
19689  -6.509  -30.746  63.169 1.0000000000
19693  -4.097  -35.396  74.530 1.0000000000
19695  -3.709  -33.932  73.909 1.0000000000
19696  -3.630  -32.354  73.298 1.0000000000
19697  -3.478  -34.140  72.653 1.0000000000
19701  -5.191  -37.780  68.513 1.0000000000
19702  -4.784  -37.780  69.999 1.0000000000
19703  -4.459  -36.352  69.009 1.0000000000
19704  -4.057  -34.500  69.601 1.0000000000
19705  -4.458  -34.682  68.186 1.0000000000
19706  -4.697  -32.965  67.470 1.0000000000
19707  -4.777  -34.924  66.684 1.0000000000
19708  -5.955  -36.489  63.200 1.0000000000
19709  -5.137  -35.303  63.694 1.0000000000
19710  -5.382  -35.353  62.215 1.0000000000
26782  -6.249  -25.451  74.226 1.0000000000
26784  -6.392  -25.512  72.478 1.0000000000
26785  -6.695  -25.666  70.804 1.0000000000
26786  -7.131  -25.831  69.209 1.0000000000
26787  -7.577  -26.021  67.636 1.0000000000
26788  -6.601  -27.068  68.025 1.0000000000
26789  -6.087  -28.446  67.001 1.0000000000
26790  -5.758  -30.000  66.146 1.0000000000
26795  -4.161  -37.065  74.608 1.0000000000
26798  -7.333  -39.076  69.222 1.0000000000
26799  -6.428  -38.551  68.122 1.0000000000
26800  -5.646  -37.708  67.088 1.0000000000
26801  -5.138  -36.535  66.051 1.0000000000
26802  -6.128  -37.565  65.662 1.0000000000
26803  -6.750  -37.324  64.310 1.0000000000
26804  -7.451  -37.042  62.967 1.0000000000
30594  -6.451  -25.570  75.767 1.0000000000
30595  -5.595  -26.621  74.614 1.0000000000
30596  -4.853  -27.732  73.367 1.0000000000
30597  -4.282  -29.073  72.167 1.0000000000
36929  -8.027  -26.265  66.077 1.0000000000
36930  -8.411  -26.551  64.461 1.0000000000
36933  -7.172  -29.846  60.838 1.0000000000
36941  -4.231  -30.776  73.986 1.0000000000
36942  -3.875  -30.685  72.714 1.0000000000
36943  -3.943  -30.730  71.135 1.0000000000
36945  -4.834  -38.604  74.465 1.0000000000
36946  -4.126  -37.542  73.196 1.0000000000
36947  -5.460  -38.849  71.139 1.0000000000
36948  -4.441  -37.717  71.550 1.0000000000
36949  -3.752  -35.997  72.097 1.0000000000
36950  -3.680  -34.285  71.125 1.0000000000
36951  -3.846  -32.613  70.321 1.0000000000
36952  -4.205  -30.880  69.607 1.0000000000
36953  -4.653  -31.128  68.153 1.0000000000
36954  -5.125  -31.413  66.748 1.0000000000
36955  -5.545  -31.743  65.347 1.0000000000
36956  -4.982  -35.158  65.186 1.0000000000
36957  -5.252  -33.593  64.472 1.0000000000
36958  -5.808  -32.137  63.811 1.0000000000
36959  -5.773  -32.406  62.233 1.0000000000
43040  -4.671  -28.431  71.044 1.0000000000
43041  -5.059  -27.838  70.790 1.0000000000
43042  -4.809  -28.502  70.256 1.0000000000
43043  -4.977  -28.607  69.496 1.0000000000
43044  -4.608  -29.234  69.766 1.0000000000
50398  -7.814  -24.698  69.627 1.0000000000
50402  -8.413  -24.279  68.570 1.0000000000
50403  -8.573  -24.321  67.792 1.0000000000
50404  -8.244  -24.892  67.979 1.0000000000
50405  -6.411  -29.564  65.118 1.0000000000
50406  -6.854  -28.971  64.810 1.0000000000
50407  -6.615  -29.749  64.362 1.0000000000
50408  -6.799  -29.953  63.596 1.0000000000
50409  -6.386  -30.565  63.953 1.0000000000
50413  -3.805  -35.566  74.138 1.0000000000
50414  -3.862  -34.674  74.224 1.0000000000
50415  -3.642  -34.794  73.754 1.0000000000
50416  -3.510  -34.031  73.331 1.0000000000
50417  -3.533  -34.939  73.109 1.0000000000
50421  -4.958  -37.133  67.997 1.0000000000
50422  -4.768  -37.128  68.721 1.0000000000
50423  -4.657  -36.407  68.259 1.0000000000
50424  -4.426  -35.538  68.547 1.0000000000
50425  -4.590  -35.605  67.809 1.0000000000
50426  -4.626  -34.798  67.436 1.0000000000
50427  -4.748  -35.695  67.063 1.0000000000
50429  -5.634  -35.940  62.718 1.0000000000
50431  -5.636  -35.342  61.545 1.0000000000
59995  -5.889  -25.991  73.619 1.0000000000
59996  -6.287  -25.480  73.345 1.0000000000
59997  -5.952  -26.030  72.697 1.0000000000
59998  -5.948  -26.762  70.342 1.0000000000
59999  -6.245  -26.157  70.977 1.0000000000
60000  -6.431  -26.251  70.179 1.0000000000
60001  -6.904  -25.745  69.989 1.0000000000
60002  -6.641  -26.345  69.381 1.0000000000
60003  -6.872  -26.451  68.609 1.0000000000
60004  -6.384  -26.963  68.770 1.0000000000
60005  -5.398  -28.849  67.987 1.0000000000
60006  -5.856  -28.315  67.725 1.0000000000
60007  -5.643  -29.025  67.250 1.0000000000
60008  -5.902  -29.212  66.549 1.0000000000
60009  -5.489  -29.816  66.850 1.0000000000
60019  -7.792  -39.258  69.773 1.0000000000
60021  -7.404  -38.546  67.297 1.0000000000
60022  -7.142  -38.708  67.978 1.0000000000
60023  -6.705  -38.444  67.416 1.0000000000
60024  -6.030  -38.182  67.606 1.0000000000
60025  -6.299  -38.080  66.907 1.0000000000
60026  -5.905  -37.644  66.372 1.0000000000
60027  -6.568  -37.951  66.214 1.0000000000
60029  -7.206  -37.643  64.845 1.0000000000
60030  -7.563  -37.481  64.176 1.0000000000
60031  -7.094  -37.185  63.620 1.0000000000
60032  -7.906  -37.331  63.483 1.0000000000
60033  -8.297  -37.123  62.876 1.0000000000
67201  -6.741  -25.718  76.394 1.0000000000
67203  -6.002  -26.079  75.219 1.0000000000
67205  -4.720  -28.489  74.293 1.0000000000
67206  -4.927  -27.806  74.144 1.0000000000
67207  -4.588  -28.409  73.534 1.0000000000
67208  -4.557  -28.382  72.723 1.0000000000
67209  -4.282  -29.082  72.971 1.0000000000
82085  -8.887  -24.474  66.268 1.0000000000
82090  -7.304  -26.691  67.066 1.0000000000
82091  -7.800  -26.145  66.843 1.0000000000
82092  -7.554  -26.823  66.282 1.0000000000
82093  -7.754  -27.841  64.223 1.0000000000
82094  -8.009  -27.090  64.721 1.0000000000
82095  -8.183  -27.250  63.944 1.0000000000
82096  -8.559  -26.659  63.655 1.0000000000
82097  -8.285  -27.433  63.115 1.0000000000
82099  -8.041  -28.163  62.616 1.0000000000
82100  -6.894  -30.299  61.995 1.0000000000
82101  -7.284  -29.690  61.657 1.0000000000
82102  -6.827  -30.439  61.205 1.0000000000
82103  -6.621  -30.573  60.376 1.0000000000
82104  -6.288  -31.178  60.754 1.0000000000
82123  -3.560  -32.398  72.584 1.0000000000
82124  -3.743  -31.536  72.981 1.0000000000
82125  -3.706  -31.544  72.231 1.0000000000
82126  -3.885  -30.656  71.926 1.0000000000
82127  -3.753  -31.578  71.452 1.0000000000
82131  -5.514  -39.270  73.428 1.0000000000
82133  -4.929  -38.792  73.638 1.0000000000
82134  -4.438  -38.135  73.817 1.0000000000
82135  -4.546  -38.290  73.012 1.0000000000
82136  -6.310  -39.112  70.181 1.0000000000
82138  -5.655  -38.813  70.355 1.0000000000
82139  -4.399  -37.064  70.246 1.0000000000
82140  -4.609  -37.753  70.772 1.0000000000
82141  -4.221  -36.962  71.026 1.0000000000
82142  -4.056  -36.901  71.808 1.0000000000
82143  -3.928  -36.095  71.321 1.0000000000
82144  -3.701  -35.183  71.585 1.0000000000
82145  -3.858  -35.260  70.813 1.0000000000
82146  -4.140  -33.618  69.249 1.0000000000
82147  -3.921  -33.531  69.960 1.0000000000
82148  -4.056  -32.685  69.593 1.0000000000
82149  -4.015  -31.744  69.946 1.0000000000
82150  -4.225  -31.797  69.215 1.0000000000
82151  -4.412  -30.973  68.876 1.0000000000
82152  -4.429  -31.901  68.512 1.0000000000
82153  -4.884  -33.164  66.729 1.0000000000
82154  -4.887  -32.204  67.093 1.0000000000
82155  -5.098  -32.371  66.365 1.0000000000
82156  -5.354  -31.581  66.069 1.0000000000
82157  -5.274  -32.535  65.650 1.0000000000
82158  -5.311  -36.559  65.280 1.0000000000
82159  -5.025  -35.829  65.595 1.0000000000
82160  -5.132  -35.886  64.882 1.0000000000
82161  -5.150  -34.564  63.298 1.0000000000
82162  -5.100  -34.488  64.047 1.0000000000
82163  -5.260  -33.739  63.691 1.0000000000
82164  -5.507  -32.852  64.137 1.0000000000
82165  -5.541  -32.986  63.360 1.0000000000
82166  -5.830  -32.279  63.029 1.0000000000
82167  -5.501  -33.095  62.570 1.0000000000
95902  -5.207  -27.166  72.232 1.0000000000
95903  -5.625  -26.588  72.035 1.0000000000
95904  -5.317  -27.209  71.384 1.0000000000
95905  -5.470  -27.290  70.556 1.0000000000
95906  -5.652  -27.367  69.779 1.0000000000
95907  -5.892  -27.493  69.006 1.0000000000
95908  -5.396  -28.029  69.230 1.0000000000
95909  -5.171  -28.710  68.733 1.0000000000
95910  -4.992  -29.483  68.289 1.0000000000
95921  -7.296  -38.112  66.032 1.0000000000
100230  -4.620  -29.245  74.389 1.0000000000
109157  -8.733  -24.409  67.035 1.0000000000
109158  -8.592  -25.096  66.386 1.0000000000
109159  -6.805  -28.057  65.995 1.0000000000
109160  -7.313  -27.501  65.766 1.0000000000
109161  -7.075  -28.215  65.276 1.0000000000
109162  -7.317  -28.377  64.505 1.0000000000
109163  -7.503  -28.577  63.743 1.0000000000
109164  -7.632  -28.749  62.970 1.0000000000
109165  -7.244  -29.357  63.263 1.0000000000
109166  -6.889  -30.144  62.786 1.0000000000
109167  -6.548  -30.916  62.370 1.0000000000
109173  -4.516  -35.235  74.699 1.0000000000
109175  -4.210  -34.570  74.449 1.0000000000
109176  -4.046  -33.858  74.258 1.0000000000
109179  -3.612  -33.207  73.568 1.0000000000
109180  -3.497  -33.233  72.972 1.0000000000
109181  -3.482  -33.281  72.273 1.0000000000
109186  -5.687  -39.303  72.538 1.0000000000
109187  -5.523  -38.321  69.040 1.0000000000
109188  -5.307  -38.347  69.778 1.0000000000
109189  -4.999  -37.781  69.263 1.0000000000
109190  -4.588  -37.083  69.495 1.0000000000
109191  -4.281  -36.252  69.767 1.0000000000
109192  -4.031  -35.370  70.036 1.0000000000
109193  -4.230  -35.436  69.291 1.0000000000
109194  -4.255  -34.559  68.906 1.0000000000
109195  -4.355  -33.728  68.511 1.0000000000
109196  -4.474  -32.836  68.178 1.0000000000
109197  -4.548  -33.862  67.765 1.0000000000
109198  -4.720  -33.945  67.076 1.0000000000
109199  -4.854  -34.085  66.341 1.0000000000
109200  -5.674  -36.547  63.856 1.0000000000
109201  -5.262  -35.949  64.139 1.0000000000
109202  -5.419  -35.987  63.415 1.0000000000
109203  -5.260  -35.311  62.979 1.0000000000
109204  -5.210  -34.644  62.541 1.0000000000
123930  -6.608  -24.921  73.984 1.0000000000
123932  -6.835  -25.015  72.299 1.0000000000
123933  -6.067  -26.099  71.799 1.0000000000
123934  -6.533  -25.570  71.662 1.0000000000
123936  -7.168  -25.181  70.616 1.0000000000
123937  -7.372  -25.244  69.820 1.0000000000
123938  -7.584  -25.320  69.034 1.0000000000
123939  -7.807  -25.420  68.218 1.0000000000
123940  -7.353  -25.917  68.428 1.0000000000
123941  -7.093  -26.541  67.857 1.0000000000
123942  -6.822  -27.220  67.277 1.0000000000
123943  -6.112  -27.632  68.237 1.0000000000
123944  -6.332  -27.762  67.507 1.0000000000
123945  -6.561  -27.907  66.756 1.0000000000
123946  -6.353  -28.601  66.282 1.0000000000
123947  -6.156  -29.398  65.830 1.0000000000
123948  -6.027  -30.186  65.430 1.0000000000
123958  -4.078  -36.238  74.571 1.0000000000
123959  -3.879  -36.462  74.058 1.0000000000
123963  -7.015  -39.261  69.935 1.0000000000
123964  -6.567  -39.002  69.416 1.0000000000
123966  -6.843  -38.868  68.705 1.0000000000
123967  -6.140  -38.672  68.853 1.0000000000
123968  -5.768  -38.259  68.311 1.0000000000
123969  -5.421  -37.762  67.809 1.0000000000
123970  -5.150  -37.157  67.295 1.0000000000
123971  -4.968  -36.485  66.781 1.0000000000
123972  -5.384  -37.153  66.559 1.0000000000
123973  -5.569  -37.149  65.831 1.0000000000
123974  -5.769  -37.122  65.080 1.0000000000
123975  -6.861  -37.806  65.508 1.0000000000
123976  -6.421  -37.450  64.983 1.0000000000
123977  -6.055  -37.035  64.415 1.0000000000
123978  -6.341  -36.938  63.729 1.0000000000
123979  -6.666  -36.845  63.061 1.0000000000
123980  -7.031  -36.691  62.421 1.0000000000
133505  -6.938  -25.074  76.269 1.0000000000
133507  -6.300  -25.463  75.048 1.0000000000
133508  -5.903  -26.010  74.444 1.0000000000
133509  -5.516  -26.565  73.775 1.0000000000
133510  -5.335  -27.245  74.751 1.0000000000
133511  -5.176  -27.176  73.963 1.0000000000
133512  -5.159  -27.127  73.108 1.0000000000
133513  -4.864  -27.753  72.498 1.0000000000
133514  -4.584  -28.412  71.875 1.0000000000
133515  -4.348  -29.082  71.341 1.0000000000
151751  -8.014  -25.534  67.409 1.0000000000
151752  -8.226  -25.630  66.623 1.0000000000
151753  -8.417  -25.734  65.839 1.0000000000
151754  -7.795  -26.945  65.521 1.0000000000
151755  -8.239  -26.398  65.284 1.0000000000
151756  -8.607  -25.873  65.018 1.0000000000
151764  -7.652  -29.103  61.307 1.0000000000
151765  -7.494  -29.227  60.486 1.0000000000
151789  -4.304  -29.924  73.909 1.0000000000
151790  -3.892  -31.560  73.605 1.0000000000
151791  -4.000  -30.708  73.421 1.0000000000
151792  -4.124  -29.856  73.233 1.0000000000
151793  -4.052  -29.829  72.435 1.0000000000
151794  -4.076  -29.877  71.624 1.0000000000
151795  -4.154  -29.906  70.818 1.0000000000
151800  -5.300  -38.929  75.194 1.0000000000
151802  -4.374  -37.870  74.555 1.0000000000
151803  -4.056  -37.325  73.969 1.0000000000
151804  -3.812  -36.663  73.390 1.0000000000
151806  -5.900  -39.272  71.727 1.0000000000
151807  -5.246  -38.920  71.937 1.0000000000
151808  -5.111  -38.361  70.528 1.0000000000
151809  -4.897  -38.357  71.328 1.0000000000
151810  -4.708  -38.368  72.180 1.0000000000
151811  -4.258  -37.665  72.372 1.0000000000
151812  -3.913  -36.814  72.598 1.0000000000
151813  -3.642  -35.882  72.874 1.0000000000
151814  -3.552  -35.076  72.324 1.0000000000
151815  -3.537  -34.221  71.911 1.0000000000
151816  -3.567  -33.374  71.520 1.0000000000
151817  -3.850  -34.413  70.379 1.0000000000
151818  -3.725  -33.445  70.738 1.0000000000
151819  -3.691  -32.511  71.092 1.0000000000
151820  -3.865  -31.641  70.709 1.0000000000
151821  -4.048  -30.797  70.337 1.0000000000
151822  -4.296  -30.004  70.018 1.0000000000
151823  -4.463  -30.108  69.285 1.0000000000
151824  -4.684  -30.223  68.574 1.0000000000
151825  -4.915  -30.342  67.866 1.0000000000
151826  -4.662  -32.070  67.802 1.0000000000
151827  -4.888  -31.254  67.465 1.0000000000
151828  -5.155  -30.521  67.134 1.0000000000
151829  -5.397  -30.697  66.456 1.0000000000
151830  -5.636  -30.836  65.743 1.0000000000
151831  -5.873  -31.055  65.009 1.0000000000
151832  -4.885  -35.787  66.315 1.0000000000
151833  -4.892  -35.021  65.957 1.0000000000
151834  -4.974  -34.261  65.573 1.0000000000
151835  -5.072  -35.235  64.433 1.0000000000
151836  -5.069  -34.380  64.812 1.0000000000
151837  -5.174  -33.470  65.219 1.0000000000
151838  -5.410  -32.684  64.912 1.0000000000
151839  -5.705  -31.952  64.584 1.0000000000
151840  -6.030  -31.259  64.255 1.0000000000
151841  -6.126  -31.427  63.507 1.0000000000
151842  -6.182  -31.581  62.729 1.0000000000
151843  -6.120  -31.699  61.888 1.0000000000
151844  -5.437  -33.213  61.769 1.0000000000
151845  -5.695  -32.499  61.441 1.0000000000
151846  -5.956  -31.837  61.086 1.0000000000
