#!ascii label  , from subject 40tvs8ref_sym_20 vox2ras=TkReg
182
200  -35.937  16.713  -4.062 1.0000000000
1512  -36.692  9.110  -4.240 1.0000000000
1514  -36.637  10.962  -7.246 1.0000000000
2261  -34.883  16.795  -0.815 1.0000000000
3480  -36.829  13.353  -4.195 1.0000000000
3481  -36.954  10.266  -5.753 1.0000000000
3482  -36.676  14.058  -5.771 1.0000000000
5010  -34.566  12.864  -1.203 1.0000000000
5011  -33.459  16.330  0.718 1.0000000000
9341  -36.053  8.986  -2.812 1.0000000000
9342  -35.767  13.198  -2.670 1.0000000000
9343  -35.810  16.988  -2.415 1.0000000000
11160  -36.774  15.167  -4.171 1.0000000000
11161  -37.006  13.779  -5.022 1.0000000000
11162  -36.475  15.478  -4.917 1.0000000000
12690  -33.434  14.414  0.484 1.0000000000
16203  -36.986  10.662  -6.526 1.0000000000
20791  -35.696  8.811  -2.046 1.0000000000
20792  -34.684  14.843  -1.018 1.0000000000
20793  -35.224  13.072  -1.954 1.0000000000
20794  -35.437  15.085  -1.754 1.0000000000
20795  -36.111  15.198  -2.509 1.0000000000
20796  -35.423  16.932  -1.613 1.0000000000
24696  -36.576  11.164  -4.229 1.0000000000
24697  -36.767  9.728  -4.962 1.0000000000
24698  -36.895  11.804  -5.003 1.0000000000
24699  -37.037  12.242  -5.852 1.0000000000
24700  -36.745  12.588  -6.552 1.0000000000
27450  -34.742  10.756  -1.264 1.0000000000
27451  -34.025  12.709  -0.410 1.0000000000
27452  -33.977  14.624  -0.249 1.0000000000
27453  -34.182  16.535  -0.071 1.0000000000
28968  -34.326  17.704  -3.861 1.0000000000
28969  -35.026  16.562  -4.679 1.0000000000
32627  -35.550  15.396  -5.514 1.0000000000
32628  -35.894  14.114  -6.327 1.0000000000
32629  -36.088  12.690  -7.114 1.0000000000
38263  -36.370  9.077  -3.561 1.0000000000
38264  -35.215  10.974  -1.989 1.0000000000
38265  -35.739  11.089  -2.739 1.0000000000
38266  -36.238  11.152  -3.471 1.0000000000
38267  -36.380  13.345  -3.407 1.0000000000
38268  -36.562  15.272  -3.315 1.0000000000
38269  -35.983  16.951  -3.238 1.0000000000
38277  -34.752  18.458  -2.411 1.0000000000
38278  -34.570  18.107  -3.146 1.0000000000
41880  -36.484  16.032  -4.107 1.0000000000
41881  -36.682  15.325  -4.552 1.0000000000
41882  -36.246  16.114  -4.492 1.0000000000
46922  -36.906  8.344  -4.658 1.0000000000
46923  -36.826  10.850  -6.885 1.0000000000
46924  -36.866  9.842  -6.840 1.0000000000
46927  -36.572  10.113  -7.564 1.0000000000
51511  -35.502  8.723  -1.642 1.0000000000
51512  -34.822  15.841  -0.906 1.0000000000
51513  -35.065  14.983  -1.408 1.0000000000
51514  -35.171  15.947  -1.298 1.0000000000
51515  -35.498  16.023  -1.657 1.0000000000
51516  -35.185  16.885  -1.206 1.0000000000
56520  -36.688  12.266  -4.223 1.0000000000
56521  -36.735  11.529  -4.606 1.0000000000
56522  -36.891  12.583  -4.614 1.0000000000
56523  -36.963  13.955  -5.417 1.0000000000
56524  -37.049  13.047  -5.430 1.0000000000
56525  -37.001  13.269  -5.815 1.0000000000
56526  -36.978  12.485  -6.214 1.0000000000
56527  -36.727  13.339  -6.167 1.0000000000
61111  -33.824  12.608  -0.052 1.0000000000
61112  -33.403  15.345  0.596 1.0000000000
61113  -33.671  14.495  0.116 1.0000000000
61114  -33.697  15.476  0.229 1.0000000000
61115  -34.038  15.595  -0.151 1.0000000000
61116  -33.800  16.432  0.321 1.0000000000
63721  -33.821  17.652  -4.166 1.0000000000
71648  -36.808  10.033  -5.357 1.0000000000
71649  -36.969  8.992  -5.357 1.0000000000
71663  -34.485  16.505  -4.935 1.0000000000
71664  -35.302  16.000  -5.088 1.0000000000
71665  -34.802  15.930  -5.339 1.0000000000
71669  -35.998  13.420  -6.717 1.0000000000
85412  -36.393  7.844  -2.837 1.0000000000
85414  -36.522  7.894  -3.215 1.0000000000
85415  -36.650  7.890  -3.582 1.0000000000
85416  -36.212  9.020  -3.166 1.0000000000
85417  -34.570  11.847  -1.245 1.0000000000
85418  -34.984  10.873  -1.635 1.0000000000
85419  -34.884  11.939  -1.617 1.0000000000
85420  -35.476  13.145  -2.307 1.0000000000
85421  -35.487  12.108  -2.376 1.0000000000
85422  -35.744  12.148  -2.722 1.0000000000
85423  -35.986  11.098  -3.083 1.0000000000
85424  -36.083  12.211  -3.095 1.0000000000
85425  -36.300  12.233  -3.446 1.0000000000
85426  -36.098  13.286  -3.029 1.0000000000
85427  -36.044  16.138  -2.437 1.0000000000
85428  -36.357  15.265  -2.910 1.0000000000
85429  -36.260  16.178  -2.839 1.0000000000
85430  -36.371  16.166  -3.264 1.0000000000
85431  -35.917  16.980  -2.830 1.0000000000
85451  -34.034  19.096  -2.065 1.0000000000
85453  -34.668  18.277  -2.788 1.0000000000
85454  -33.846  18.778  -2.792 1.0000000000
85455  -33.745  18.578  -3.141 1.0000000000
93816  -36.862  14.246  -4.221 1.0000000000
93817  -36.958  13.557  -4.638 1.0000000000
93818  -36.901  14.460  -4.612 1.0000000000
93819  -36.841  14.635  -4.990 1.0000000000
93820  -36.602  14.774  -5.352 1.0000000000
96572  -33.098  15.200  0.965 1.0000000000
102893  -36.991  10.478  -6.147 1.0000000000
111153  -35.870  8.892  -2.438 1.0000000000
111154  -34.604  13.865  -1.126 1.0000000000
111155  -34.894  12.974  -1.593 1.0000000000
111156  -34.931  13.971  -1.515 1.0000000000
111157  -35.294  14.084  -1.864 1.0000000000
111158  -35.616  14.150  -2.225 1.0000000000
111159  -35.900  14.196  -2.614 1.0000000000
111160  -35.752  15.133  -2.126 1.0000000000
111161  -35.784  16.076  -2.046 1.0000000000
111162  -35.680  16.974  -2.001 1.0000000000
119064  -36.569  10.123  -4.228 1.0000000000
119065  -36.710  9.408  -4.607 1.0000000000
119066  -36.652  10.454  -4.594 1.0000000000
119067  -36.771  10.798  -4.977 1.0000000000
119068  -36.949  11.047  -5.397 1.0000000000
119069  -37.004  12.854  -5.013 1.0000000000
119070  -37.021  12.053  -5.424 1.0000000000
119071  -37.028  11.247  -5.817 1.0000000000
119072  -37.056  11.463  -6.206 1.0000000000
119073  -36.915  11.663  -6.572 1.0000000000
119074  -36.702  11.809  -6.923 1.0000000000
125492  -34.336  11.758  -0.850 1.0000000000
125493  -34.250  12.798  -0.797 1.0000000000
125494  -33.743  13.596  0.040 1.0000000000
125495  -33.978  13.669  -0.338 1.0000000000
125496  -34.257  13.777  -0.734 1.0000000000
125497  -34.326  14.731  -0.631 1.0000000000
125498  -34.433  15.702  -0.528 1.0000000000
125499  -34.527  16.664  -0.446 1.0000000000
129096  -35.163  17.234  -3.963 1.0000000000
129097  -35.522  16.658  -4.396 1.0000000000
129098  -34.695  17.166  -4.259 1.0000000000
129099  -34.161  17.064  -4.548 1.0000000000
139091  -36.913  8.674  -4.970 1.0000000000
139109  -35.842  16.048  -4.828 1.0000000000
139110  -36.042  15.452  -5.235 1.0000000000
139111  -36.187  14.793  -5.661 1.0000000000
139112  -35.110  15.294  -5.774 1.0000000000
139113  -35.760  14.753  -5.948 1.0000000000
139114  -36.299  14.109  -6.078 1.0000000000
139115  -36.397  13.405  -6.467 1.0000000000
139116  -36.428  12.666  -6.851 1.0000000000
139117  -36.442  11.878  -7.228 1.0000000000
139125  -36.161  11.914  -7.537 1.0000000000
155749  -36.559  9.119  -3.892 1.0000000000
155750  -35.200  9.778  -1.663 1.0000000000
155751  -35.401  9.873  -2.043 1.0000000000
155752  -35.597  9.964  -2.404 1.0000000000
155753  -35.210  12.050  -2.000 1.0000000000
155754  -35.480  11.033  -2.383 1.0000000000
155755  -35.769  10.034  -2.744 1.0000000000
155756  -36.018  10.080  -3.105 1.0000000000
155757  -36.239  10.173  -3.498 1.0000000000
155758  -36.430  10.174  -3.858 1.0000000000
155759  -36.403  11.106  -3.835 1.0000000000
155760  -36.525  12.255  -3.837 1.0000000000
155761  -36.650  13.382  -3.795 1.0000000000
155762  -36.251  14.302  -2.978 1.0000000000
155763  -36.555  14.392  -3.370 1.0000000000
155764  -36.722  14.354  -3.776 1.0000000000
155765  -36.694  15.217  -3.758 1.0000000000
155766  -36.491  16.153  -3.684 1.0000000000
155767  -35.996  16.850  -3.658 1.0000000000
155775  -34.204  17.507  0.004 1.0000000000
155776  -34.543  17.598  -0.390 1.0000000000
155785  -34.801  17.693  -0.783 1.0000000000
155790  -34.762  18.488  -2.034 1.0000000000
155791  -35.399  17.757  -2.412 1.0000000000
155792  -35.377  17.686  -2.805 1.0000000000
155793  -35.399  17.596  -3.212 1.0000000000
155794  -35.302  17.420  -3.596 1.0000000000
155795  -34.477  17.918  -3.516 1.0000000000
