#!ascii label  , from subject 40tvs8ref_sym_20 vox2ras=TkReg
349
319  -2.960  -39.391  23.921 1.0000000000
799  -4.372  -39.847  24.469 1.0000000000
800  -3.971  -42.586  22.527 1.0000000000
1727  -1.765  -39.616  22.761 1.0000000000
1729  -2.770  -42.477  21.483 1.0000000000
2720  -4.838  -41.044  24.094 1.0000000000
3835  -3.218  -37.466  24.933 1.0000000000
3837  -2.508  -37.006  24.732 1.0000000000
3838  -1.980  -37.276  24.216 1.0000000000
3839  -2.358  -39.360  23.490 1.0000000000
3840  -2.274  -41.098  22.156 1.0000000000
3841  -2.834  -40.910  22.875 1.0000000000
3843  -3.944  -43.830  21.258 1.0000000000
6046  -4.030  -38.103  25.076 1.0000000000
6047  -3.722  -39.769  24.167 1.0000000000
6048  -3.590  -41.206  23.259 1.0000000000
6049  -4.203  -41.309  23.585 1.0000000000
6050  -4.650  -42.452  23.133 1.0000000000
7874  -2.210  -42.506  20.647 1.0000000000
7875  -2.915  -43.772  19.916 1.0000000000
7876  -3.452  -42.529  22.088 1.0000000000
7877  -3.354  -43.706  20.648 1.0000000000
11515  -3.042  -38.327  24.483 1.0000000000
11516  -2.798  -37.057  24.901 1.0000000000
11517  -2.711  -38.212  24.376 1.0000000000
11518  -2.418  -38.249  24.148 1.0000000000
11519  -2.680  -39.316  23.794 1.0000000000
11520  -2.603  -40.154  23.212 1.0000000000
11521  -2.899  -40.118  23.471 1.0000000000
13915  -4.433  -38.859  24.951 1.0000000000
13916  -4.283  -37.982  25.211 1.0000000000
13917  -4.192  -38.983  24.803 1.0000000000
13918  -3.846  -38.987  24.642 1.0000000000
13919  -4.104  -39.823  24.349 1.0000000000
13920  -4.011  -40.574  23.899 1.0000000000
13921  -4.287  -40.546  24.065 1.0000000000
13922  -5.477  -41.791  24.062 1.0000000000
13923  -4.752  -41.780  23.628 1.0000000000
17275  -1.861  -38.537  23.524 1.0000000000
17276  -1.636  -37.429  23.836 1.0000000000
17282  -2.496  -41.798  21.858 1.0000000000
17283  -2.212  -41.845  21.452 1.0000000000
17284  -2.446  -42.471  21.168 1.0000000000
17285  -2.505  -43.151  20.334 1.0000000000
17286  -2.792  -43.123  20.741 1.0000000000
17287  -3.843  -42.030  22.886 1.0000000000
17288  -3.507  -41.885  22.713 1.0000000000
17289  -3.768  -42.647  22.308 1.0000000000
17290  -3.923  -44.331  20.504 1.0000000000
17291  -3.637  -43.736  20.954 1.0000000000
23327  -4.593  -39.676  24.649 1.0000000000
23328  -4.514  -40.423  24.257 1.0000000000
23329  -4.950  -40.305  24.507 1.0000000000
23330  -5.640  -41.100  24.543 1.0000000000
25341  -2.244  -37.077  24.501 1.0000000000
25342  -2.152  -38.367  23.886 1.0000000000
25343  -2.073  -39.430  23.189 1.0000000000
25344  -2.003  -40.356  22.455 1.0000000000
25345  -2.299  -40.198  22.884 1.0000000000
25346  -2.566  -41.014  22.546 1.0000000000
25347  -2.825  -41.737  22.195 1.0000000000
25348  -4.209  -43.176  22.180 1.0000000000
25349  -3.951  -43.256  21.886 1.0000000000
25350  -4.199  -43.755  21.601 1.0000000000
25351  -4.186  -44.317  20.880 1.0000000000
29469  -3.630  -37.897  24.972 1.0000000000
29470  -3.510  -38.680  24.583 1.0000000000
29471  -3.351  -39.597  24.025 1.0000000000
29472  -3.311  -40.378  23.576 1.0000000000
29473  -3.629  -40.427  23.754 1.0000000000
29474  -3.929  -41.330  23.412 1.0000000000
29475  -4.030  -41.942  23.079 1.0000000000
29476  -4.422  -41.166  23.810 1.0000000000
29477  -4.360  -41.902  23.321 1.0000000000
29478  -4.289  -42.530  22.821 1.0000000000
29479  -4.571  -43.111  22.543 1.0000000000
33978  -1.784  -36.060  24.517 1.0000000000
33988  -1.952  -41.199  21.644 1.0000000000
33989  -1.947  -41.936  20.879 1.0000000000
33991  -2.298  -43.181  19.768 1.0000000000
33992  -2.681  -43.839  19.374 1.0000000000
33994  -3.234  -41.062  23.083 1.0000000000
33995  -3.175  -41.829  22.466 1.0000000000
33996  -3.124  -42.480  21.849 1.0000000000
33997  -3.695  -43.173  21.678 1.0000000000
33998  -3.385  -43.122  21.426 1.0000000000
33999  -3.111  -43.084  21.183 1.0000000000
34000  -3.096  -43.690  20.346 1.0000000000
42235  -2.990  -38.899  24.187 1.0000000000
42236  -2.862  -38.265  24.418 1.0000000000
42237  -2.818  -38.813  24.148 1.0000000000
42238  -2.684  -38.772  24.092 1.0000000000
42239  -2.802  -39.292  23.889 1.0000000000
42240  -2.762  -39.697  23.643 1.0000000000
42241  -2.934  -39.753  23.713 1.0000000000
44635  -4.399  -39.392  24.700 1.0000000000
44636  -4.329  -38.933  24.880 1.0000000000
44637  -4.284  -39.454  24.621 1.0000000000
44638  -4.144  -39.447  24.558 1.0000000000
44639  -4.247  -39.864  24.400 1.0000000000
44640  -4.206  -40.213  24.198 1.0000000000
44641  -4.346  -40.200  24.278 1.0000000000
44642  -5.924  -42.261  24.088 1.0000000000
44643  -5.430  -42.153  23.816 1.0000000000
47995  -1.809  -39.070  23.150 1.0000000000
47996  -1.683  -38.572  23.303 1.0000000000
47999  -1.592  -39.679  22.457 1.0000000000
48001  -1.734  -40.085  22.336 1.0000000000
48002  -2.603  -42.122  21.679 1.0000000000
48003  -2.456  -42.155  21.506 1.0000000000
48004  -2.594  -42.467  21.338 1.0000000000
48005  -2.605  -42.808  20.938 1.0000000000
48006  -2.768  -42.776  21.162 1.0000000000
48007  -3.879  -42.311  22.705 1.0000000000
48008  -3.791  -42.330  22.601 1.0000000000
48009  -3.861  -42.636  22.404 1.0000000000
48011  -3.804  -44.309  20.349 1.0000000000
54238  -4.640  -39.166  24.902 1.0000000000
54240  -4.731  -39.987  24.557 1.0000000000
54241  -5.027  -39.950  24.718 1.0000000000
57585  -3.289  -36.994  25.125 1.0000000000
57588  -2.655  -37.016  24.823 1.0000000000
57590  -2.538  -36.444  25.001 1.0000000000
57592  -2.403  -36.392  24.923 1.0000000000
57594  -2.378  -36.991  24.642 1.0000000000
57595  -2.398  -38.820  23.829 1.0000000000
57596  -2.277  -38.292  24.027 1.0000000000
57597  -2.250  -38.860  23.694 1.0000000000
57598  -2.108  -38.960  23.528 1.0000000000
57599  -2.184  -39.376  23.351 1.0000000000
57600  -2.174  -39.795  23.049 1.0000000000
57601  -2.320  -39.772  23.203 1.0000000000
57602  -2.707  -40.507  23.061 1.0000000000
57603  -2.599  -40.586  22.895 1.0000000000
57604  -2.678  -40.941  22.719 1.0000000000
57605  -2.669  -41.367  22.373 1.0000000000
57606  -2.826  -41.348  22.524 1.0000000000
57607  -4.384  -43.491  22.030 1.0000000000
57608  -4.211  -43.499  21.875 1.0000000000
57609  -4.351  -43.758  21.736 1.0000000000
57612  -4.356  -44.582  20.712 1.0000000000
57613  -4.218  -44.572  20.522 1.0000000000
64788  -4.172  -38.078  25.150 1.0000000000
64789  -4.192  -37.515  25.341 1.0000000000
64790  -4.096  -37.631  25.267 1.0000000000
64792  -3.930  -37.620  25.195 1.0000000000
64793  -3.715  -37.500  25.140 1.0000000000
64794  -3.838  -38.052  25.010 1.0000000000
64795  -3.774  -39.350  24.441 1.0000000000
64796  -3.686  -38.897  24.601 1.0000000000
64797  -3.621  -39.243  24.377 1.0000000000
64798  -3.433  -39.072  24.345 1.0000000000
64799  -3.557  -39.723  24.071 1.0000000000
64800  -3.514  -40.072  23.866 1.0000000000
64801  -3.673  -40.113  23.945 1.0000000000
64802  -4.121  -40.956  23.744 1.0000000000
64803  -3.946  -40.947  23.661 1.0000000000
64804  -4.070  -41.334  23.495 1.0000000000
64805  -4.003  -41.666  23.247 1.0000000000
64806  -4.124  -41.631  23.339 1.0000000000
64807  -4.613  -40.696  24.161 1.0000000000
64808  -4.468  -40.786  24.050 1.0000000000
64809  -4.563  -41.068  23.948 1.0000000000
64810  -4.700  -42.133  23.383 1.0000000000
64811  -4.550  -41.835  23.477 1.0000000000
64812  -4.481  -42.175  23.219 1.0000000000
64813  -4.303  -42.234  23.065 1.0000000000
64814  -4.453  -42.482  22.975 1.0000000000
64815  -4.440  -42.796  22.705 1.0000000000
64816  -4.617  -42.771  22.860 1.0000000000
74866  -1.941  -35.981  24.701 1.0000000000
74867  -1.876  -36.684  24.375 1.0000000000
74887  -2.123  -40.724  22.291 1.0000000000
74888  -1.978  -40.796  22.033 1.0000000000
74889  -2.103  -41.141  21.910 1.0000000000
74890  -2.205  -42.164  21.079 1.0000000000
74891  -2.073  -41.887  21.161 1.0000000000
74892  -2.076  -42.215  20.762 1.0000000000
74894  -2.086  -42.563  20.291 1.0000000000
74895  -2.128  -42.887  19.878 1.0000000000
74896  -2.240  -42.850  20.197 1.0000000000
74897  -2.718  -43.483  20.115 1.0000000000
74898  -2.589  -43.497  19.888 1.0000000000
74899  -2.813  -43.834  19.652 1.0000000000
74902  -3.451  -40.781  23.425 1.0000000000
74903  -3.261  -40.716  23.340 1.0000000000
74904  -3.401  -41.125  23.176 1.0000000000
74905  -3.484  -42.217  22.418 1.0000000000
74906  -3.333  -41.865  22.600 1.0000000000
74907  -3.320  -42.189  22.291 1.0000000000
74908  -3.167  -42.180  22.151 1.0000000000
74909  -3.291  -42.487  21.993 1.0000000000
74910  -3.945  -43.543  21.581 1.0000000000
74911  -3.833  -43.240  21.780 1.0000000000
74912  -3.820  -43.509  21.473 1.0000000000
74913  -3.481  -43.708  20.793 1.0000000000
74914  -3.507  -43.402  21.207 1.0000000000
74915  -3.360  -43.408  21.059 1.0000000000
74916  -3.235  -43.097  21.315 1.0000000000
74917  -3.216  -43.418  20.916 1.0000000000
74918  -3.083  -43.395  20.752 1.0000000000
74919  -3.231  -43.704  20.508 1.0000000000
94455  -3.139  -37.904  24.711 1.0000000000
94456  -3.004  -37.232  24.915 1.0000000000
94457  -2.915  -37.705  24.658 1.0000000000
94458  -2.757  -37.615  24.643 1.0000000000
94459  -2.611  -37.611  24.554 1.0000000000
94460  -2.463  -37.628  24.446 1.0000000000
94461  -2.566  -38.235  24.276 1.0000000000
94462  -2.549  -38.806  23.966 1.0000000000
94463  -2.518  -39.359  23.630 1.0000000000
94464  -2.474  -39.797  23.331 1.0000000000
94465  -2.630  -39.741  23.502 1.0000000000
94466  -2.732  -40.093  23.369 1.0000000000
94467  -2.859  -40.454  23.215 1.0000000000
98776  -4.399  -37.919  25.269 1.0000000000
98777  -4.379  -38.454  25.083 1.0000000000
98778  -4.247  -38.485  25.034 1.0000000000
98779  -4.118  -38.560  24.951 1.0000000000
98780  -3.938  -38.563  24.876 1.0000000000
98781  -4.036  -39.022  24.713 1.0000000000
98782  -3.973  -39.444  24.479 1.0000000000
98783  -3.913  -39.815  24.262 1.0000000000
98784  -3.861  -40.168  24.035 1.0000000000
98785  -4.058  -40.201  24.125 1.0000000000
98786  -4.175  -40.583  23.982 1.0000000000
98787  -4.243  -40.922  23.833 1.0000000000
98788  -5.128  -41.407  24.063 1.0000000000
98789  -4.747  -41.408  23.852 1.0000000000
98790  -5.061  -41.751  23.821 1.0000000000
104823  -1.905  -37.926  23.902 1.0000000000
104824  -1.797  -37.375  24.046 1.0000000000
104825  -1.747  -37.985  23.706 1.0000000000
104836  -2.390  -41.457  22.013 1.0000000000
104837  -2.237  -41.489  21.793 1.0000000000
104838  -2.355  -41.827  21.674 1.0000000000
104839  -2.335  -42.153  21.338 1.0000000000
104840  -2.331  -42.484  20.938 1.0000000000
104841  -2.351  -42.829  20.512 1.0000000000
104842  -2.470  -42.815  20.746 1.0000000000
104843  -2.636  -43.152  20.519 1.0000000000
104844  -2.838  -43.453  20.331 1.0000000000
104845  -3.739  -41.652  23.071 1.0000000000
104846  -3.540  -41.544  23.001 1.0000000000
104847  -3.701  -41.984  22.794 1.0000000000
104848  -3.653  -42.283  22.503 1.0000000000
104849  -3.616  -42.589  22.177 1.0000000000
104850  -3.917  -44.076  20.882 1.0000000000
104851  -3.788  -43.803  21.090 1.0000000000
104852  -3.774  -44.074  20.698 1.0000000000
115870  -4.504  -39.278  24.798 1.0000000000
115871  -4.449  -39.793  24.532 1.0000000000
115872  -4.442  -40.145  24.358 1.0000000000
115873  -4.538  -40.048  24.450 1.0000000000
115874  -4.679  -40.339  24.368 1.0000000000
115875  -4.895  -40.672  24.310 1.0000000000
115876  -5.331  -40.330  24.712 1.0000000000
115877  -5.263  -40.677  24.513 1.0000000000
115878  -5.189  -41.044  24.291 1.0000000000
115879  -5.565  -41.458  24.313 1.0000000000
120569  -2.124  -37.170  24.371 1.0000000000
120570  -2.315  -37.668  24.329 1.0000000000
120571  -2.195  -37.740  24.206 1.0000000000
120572  -2.064  -37.832  24.070 1.0000000000
120573  -2.014  -38.453  23.731 1.0000000000
120574  -1.976  -39.009  23.353 1.0000000000
120575  -1.930  -39.525  22.983 1.0000000000
120576  -1.887  -39.989  22.617 1.0000000000
120577  -2.038  -39.864  22.860 1.0000000000
120578  -2.147  -40.246  22.694 1.0000000000
120579  -2.292  -40.662  22.521 1.0000000000
120580  -2.469  -40.192  23.050 1.0000000000
120581  -2.468  -40.644  22.710 1.0000000000
120582  -2.444  -41.079  22.351 1.0000000000
120583  -2.537  -41.424  22.215 1.0000000000
120584  -2.645  -41.752  22.033 1.0000000000
120585  -2.793  -42.121  21.836 1.0000000000
120586  -4.082  -42.874  22.351 1.0000000000
120587  -3.941  -42.933  22.198 1.0000000000
120588  -4.066  -43.231  22.015 1.0000000000
120589  -4.063  -43.515  21.725 1.0000000000
120590  -4.056  -43.776  21.433 1.0000000000
120592  -4.177  -44.024  21.271 1.0000000000
120593  -4.042  -44.045  21.084 1.0000000000
120594  -4.056  -44.317  20.701 1.0000000000
120595  -4.095  -44.557  20.356 1.0000000000
130449  -4.302  -37.443  25.400 1.0000000000
130457  -3.432  -37.674  24.957 1.0000000000
130458  -3.737  -38.473  24.812 1.0000000000
130459  -3.577  -38.313  24.784 1.0000000000
130460  -3.363  -38.104  24.752 1.0000000000
130461  -3.282  -38.503  24.532 1.0000000000
130462  -3.170  -38.957  24.258 1.0000000000
130463  -3.150  -39.510  23.961 1.0000000000
130464  -3.138  -39.910  23.739 1.0000000000
130465  -3.348  -40.028  23.792 1.0000000000
130466  -3.476  -40.411  23.659 1.0000000000
130467  -3.627  -40.841  23.506 1.0000000000
130468  -3.808  -40.530  23.809 1.0000000000
130469  -3.814  -40.932  23.576 1.0000000000
130470  -3.797  -41.319  23.328 1.0000000000
130471  -3.884  -41.685  23.163 1.0000000000
130472  -3.920  -41.985  22.984 1.0000000000
130473  -3.993  -42.255  22.824 1.0000000000
130474  -4.411  -40.509  24.161 1.0000000000
130475  -4.357  -40.856  23.940 1.0000000000
130476  -4.319  -41.240  23.696 1.0000000000
130477  -4.566  -41.469  23.712 1.0000000000
130478  -4.413  -41.549  23.572 1.0000000000
130479  -4.293  -41.608  23.457 1.0000000000
130480  -4.200  -41.925  23.198 1.0000000000
130481  -4.150  -42.247  22.943 1.0000000000
130482  -4.120  -42.533  22.677 1.0000000000
130483  -4.239  -42.832  22.512 1.0000000000
130484  -4.393  -43.145  22.358 1.0000000000
130485  -4.569  -43.450  22.223 1.0000000000
130487  -4.844  -43.439  22.446 1.0000000000
143025  -1.705  -36.784  24.183 1.0000000000
143026  -1.630  -36.180  24.297 1.0000000000
143050  -1.880  -40.481  22.147 1.0000000000
143052  -1.824  -41.276  21.359 1.0000000000
143053  -2.079  -41.546  21.523 1.0000000000
143054  -1.946  -41.587  21.259 1.0000000000
143060  -2.190  -43.212  19.450 1.0000000000
143062  -2.405  -43.165  20.067 1.0000000000
143063  -2.468  -43.501  19.615 1.0000000000
143068  -3.107  -40.303  23.507 1.0000000000
143069  -3.066  -40.590  23.280 1.0000000000
143070  -3.042  -40.958  22.999 1.0000000000
143071  -3.359  -41.482  22.906 1.0000000000
143072  -3.201  -41.438  22.794 1.0000000000
143073  -2.999  -41.391  22.648 1.0000000000
143074  -2.996  -41.779  22.326 1.0000000000
143075  -2.999  -42.145  22.005 1.0000000000
143076  -2.963  -42.495  21.653 1.0000000000
143077  -3.856  -42.974  22.078 1.0000000000
143078  -3.731  -42.929  21.969 1.0000000000
143079  -3.579  -42.896  21.824 1.0000000000
143080  -3.665  -43.415  21.374 1.0000000000
143081  -3.536  -43.131  21.544 1.0000000000
143082  -3.410  -42.827  21.747 1.0000000000
143083  -3.248  -42.791  21.671 1.0000000000
143084  -3.111  -42.772  21.552 1.0000000000
143085  -2.955  -42.788  21.342 1.0000000000
143086  -2.964  -43.114  20.959 1.0000000000
143087  -2.967  -43.423  20.545 1.0000000000
143088  -3.002  -43.723  20.140 1.0000000000
143090  -3.170  -44.010  19.906 1.0000000000
143091  -3.078  -44.020  19.729 1.0000000000
