#!ascii label  , from subject 40tvs8ref_sym_20 vox2ras=TkReg
335
580  -6.028  -33.109  38.243 1.0000000000
1286  -5.863  -34.440  43.306 1.0000000000
1287  -7.595  -37.039  38.647 1.0000000000
2377  -4.911  -29.984  42.293 1.0000000000
2378  -4.925  -28.768  36.547 1.0000000000
3206  -7.190  -38.078  40.749 1.0000000000
3207  -9.121  -38.827  38.737 1.0000000000
5298  -5.831  -33.739  40.965 1.0000000000
5299  -5.308  -32.217  43.134 1.0000000000
5300  -5.251  -31.549  40.592 1.0000000000
5301  -4.856  -29.278  39.724 1.0000000000
5302  -5.424  -30.971  37.581 1.0000000000
6922  -7.427  -35.230  44.213 1.0000000000
6923  -6.279  -36.777  43.202 1.0000000000
6924  -6.432  -35.980  40.902 1.0000000000
6925  -6.606  -35.127  38.529 1.0000000000
9687  -7.170  -33.104  43.722 1.0000000000
9688  -6.717  -30.977  43.042 1.0000000000
9689  -6.290  -28.538  42.414 1.0000000000
9690  -4.592  -27.638  41.559 1.0000000000
9691  -4.642  -27.022  38.708 1.0000000000
12978  -5.995  -33.408  39.613 1.0000000000
12979  -5.479  -32.686  40.817 1.0000000000
12980  -5.688  -32.318  39.420 1.0000000000
12981  -5.427  -31.238  39.094 1.0000000000
12982  -5.763  -32.056  37.938 1.0000000000
12983  -5.523  -31.787  36.487 1.0000000000
12984  -5.816  -32.864  36.884 1.0000000000
15378  -7.426  -37.535  39.711 1.0000000000
15379  -6.787  -37.040  40.827 1.0000000000
15380  -6.904  -36.573  39.711 1.0000000000
15381  -6.542  -35.525  39.742 1.0000000000
15382  -7.046  -36.161  38.582 1.0000000000
15383  -6.982  -35.840  37.456 1.0000000000
15384  -7.594  -36.741  37.492 1.0000000000
21653  -6.472  -34.782  44.006 1.0000000000
21654  -7.344  -34.179  44.013 1.0000000000
21655  -6.294  -33.689  43.918 1.0000000000
21656  -5.052  -31.134  42.813 1.0000000000
21657  -5.756  -31.539  43.490 1.0000000000
21658  -5.568  -30.433  43.073 1.0000000000
21659  -6.474  -29.789  42.750 1.0000000000
21660  -5.396  -29.226  42.655 1.0000000000
21661  -5.180  -27.978  42.357 1.0000000000
21662  -4.740  -28.823  41.934 1.0000000000
21663  -4.992  -29.006  38.184 1.0000000000
21664  -4.709  -28.150  39.229 1.0000000000
21665  -4.838  -27.883  37.646 1.0000000000
21669  -4.598  -28.554  34.912 1.0000000000
24204  -8.045  -38.465  39.734 1.0000000000
24205  -8.293  -37.918  38.673 1.0000000000
24206  -8.344  -37.546  37.582 1.0000000000
27968  -5.718  -34.122  42.205 1.0000000000
27969  -5.566  -33.298  43.269 1.0000000000
27970  -5.349  -33.002  42.185 1.0000000000
27971  -5.078  -31.892  41.963 1.0000000000
27972  -4.892  -30.766  41.614 1.0000000000
27973  -4.767  -29.616  41.132 1.0000000000
27974  -5.040  -30.389  40.177 1.0000000000
27975  -5.189  -30.124  38.653 1.0000000000
27976  -5.154  -29.877  37.056 1.0000000000
27977  -4.894  -29.637  35.510 1.0000000000
27978  -5.210  -30.735  36.044 1.0000000000
31512  -6.545  -35.931  44.041 1.0000000000
31513  -6.090  -35.577  43.266 1.0000000000
31514  -6.613  -37.517  41.920 1.0000000000
31515  -6.307  -36.369  42.099 1.0000000000
31516  -5.992  -35.247  42.209 1.0000000000
31517  -6.137  -34.859  40.923 1.0000000000
31518  -6.290  -34.452  39.660 1.0000000000
31519  -6.305  -34.110  38.386 1.0000000000
31520  -6.152  -33.859  37.159 1.0000000000
31521  -6.534  -34.854  37.315 1.0000000000
39297  -8.488  -34.716  43.825 1.0000000000
39298  -8.342  -33.656  43.430 1.0000000000
39299  -8.121  -32.644  43.004 1.0000000000
39300  -6.027  -32.613  43.765 1.0000000000
39301  -6.946  -32.074  43.355 1.0000000000
39302  -7.930  -31.543  42.584 1.0000000000
39303  -7.728  -30.301  42.316 1.0000000000
39304  -7.517  -29.113  42.049 1.0000000000
39309  -4.651  -28.496  40.659 1.0000000000
39310  -4.510  -27.307  40.265 1.0000000000
43698  -6.056  -33.244  38.920 1.0000000000
43699  -5.841  -32.869  39.521 1.0000000000
43700  -5.877  -32.712  38.824 1.0000000000
43701  -5.735  -32.170  38.689 1.0000000000
43702  -5.904  -32.586  38.113 1.0000000000
43703  -5.811  -32.455  37.407 1.0000000000
43704  -5.943  -32.992  37.571 1.0000000000
46098  -7.557  -37.288  39.166 1.0000000000
46099  -7.157  -37.063  39.706 1.0000000000
46100  -7.209  -36.830  39.178 1.0000000000
46101  -6.975  -36.343  39.145 1.0000000000
46102  -7.300  -36.605  38.620 1.0000000000
46103  -7.314  -36.452  38.058 1.0000000000
46104  -7.607  -36.873  38.046 1.0000000000
52373  -6.090  -34.606  43.739 1.0000000000
52374  -6.398  -34.237  43.970 1.0000000000
52375  -5.998  -34.038  43.729 1.0000000000
52376  -4.968  -30.564  42.584 1.0000000000
52377  -5.203  -30.770  43.065 1.0000000000
52378  -5.112  -30.189  42.843 1.0000000000
52379  -5.476  -29.837  42.865 1.0000000000
52380  -5.065  -29.607  42.573 1.0000000000
52381  -5.009  -29.008  42.359 1.0000000000
52382  -4.833  -29.406  42.095 1.0000000000
52383  -5.001  -28.880  37.376 1.0000000000
52384  -4.914  -28.443  37.936 1.0000000000
52385  -4.900  -28.312  37.101 1.0000000000
52386  -4.793  -27.779  36.808 1.0000000000
52388  -4.649  -28.117  35.427 1.0000000000
52389  -4.788  -28.654  35.729 1.0000000000
55699  -8.400  -38.925  39.748 1.0000000000
55700  -8.594  -38.623  39.219 1.0000000000
55701  -8.216  -38.183  39.212 1.0000000000
55702  -8.698  -38.369  38.699 1.0000000000
55704  -9.178  -38.598  38.221 1.0000000000
61973  -5.776  -33.919  41.582 1.0000000000
61974  -5.556  -33.557  42.205 1.0000000000
61975  -5.574  -33.378  41.574 1.0000000000
61976  -5.360  -32.122  40.709 1.0000000000
61977  -5.241  -32.294  41.418 1.0000000000
61978  -5.149  -31.726  41.274 1.0000000000
61979  -4.981  -31.332  41.784 1.0000000000
61980  -5.057  -31.151  41.108 1.0000000000
61981  -4.966  -30.570  40.899 1.0000000000
61982  -5.144  -30.966  40.397 1.0000000000
61983  -5.444  -31.102  38.334 1.0000000000
61984  -5.295  -30.686  38.873 1.0000000000
61985  -5.304  -30.551  38.136 1.0000000000
61986  -5.199  -29.992  37.883 1.0000000000
61987  -5.285  -30.428  37.339 1.0000000000
61988  -5.205  -30.304  36.535 1.0000000000
61989  -5.367  -30.860  36.812 1.0000000000
61990  -5.489  -32.231  35.998 1.0000000000
61991  -5.323  -31.687  35.769 1.0000000000
69168  -6.371  -36.955  43.691 1.0000000000
69170  -6.327  -36.355  43.699 1.0000000000
69171  -6.253  -35.752  43.719 1.0000000000
69172  -6.177  -36.169  43.249 1.0000000000
69175  -6.876  -37.806  41.311 1.0000000000
69176  -6.612  -36.518  40.858 1.0000000000
69177  -6.544  -36.737  41.446 1.0000000000
69178  -6.386  -36.178  41.493 1.0000000000
69179  -6.164  -35.800  42.143 1.0000000000
69180  -6.220  -35.614  41.525 1.0000000000
69181  -6.062  -35.049  41.552 1.0000000000
69182  -6.283  -35.425  40.899 1.0000000000
69183  -6.580  -35.319  39.133 1.0000000000
69184  -6.425  -34.995  39.680 1.0000000000
69185  -6.440  -34.785  39.106 1.0000000000
69186  -6.309  -34.280  39.046 1.0000000000
69187  -6.451  -34.614  38.473 1.0000000000
69188  -6.422  -34.457  37.841 1.0000000000
69189  -6.600  -34.964  37.928 1.0000000000
69190  -7.175  -36.179  36.947 1.0000000000
69191  -6.880  -35.725  36.900 1.0000000000
69196  -8.281  -37.459  37.001 1.0000000000
87999  -8.505  -35.224  43.945 1.0000000000
88000  -7.954  -34.953  44.049 1.0000000000
88001  -7.270  -33.643  43.876 1.0000000000
88002  -7.859  -33.915  43.772 1.0000000000
88003  -7.751  -33.378  43.582 1.0000000000
88004  -8.230  -33.137  43.207 1.0000000000
88005  -7.652  -32.871  43.393 1.0000000000
88006  -5.403  -32.756  43.229 1.0000000000
88007  -5.745  -32.946  43.602 1.0000000000
88008  -5.613  -32.401  43.508 1.0000000000
88009  -6.219  -31.269  43.311 1.0000000000
88010  -6.340  -31.809  43.476 1.0000000000
88011  -6.833  -31.545  43.195 1.0000000000
88012  -7.452  -31.817  42.990 1.0000000000
88013  -7.339  -31.268  42.825 1.0000000000
88014  -7.826  -30.934  42.442 1.0000000000
88015  -7.234  -30.637  42.684 1.0000000000
88016  -6.401  -29.154  42.562 1.0000000000
88017  -6.996  -29.439  42.402 1.0000000000
88018  -6.914  -28.827  42.255 1.0000000000
88020  -6.765  -28.233  42.147 1.0000000000
88023  -4.818  -27.795  42.028 1.0000000000
88025  -4.717  -27.207  41.879 1.0000000000
88027  -4.511  -27.045  41.404 1.0000000000
88028  -4.770  -29.440  40.452 1.0000000000
88029  -4.697  -29.039  40.918 1.0000000000
88030  -4.724  -28.883  40.219 1.0000000000
88031  -4.680  -27.596  38.970 1.0000000000
88032  -4.609  -27.733  39.722 1.0000000000
88033  -4.569  -27.163  39.508 1.0000000000
88034  -4.446  -26.721  40.059 1.0000000000
88035  -4.506  -26.577  39.257 1.0000000000
88051  -4.655  -29.570  34.731 1.0000000000
88066  -5.999  -33.770  36.536 1.0000000000
97088  -5.906  -33.571  40.296 1.0000000000
97089  -5.633  -33.236  40.929 1.0000000000
97090  -5.753  -33.053  40.218 1.0000000000
97091  -5.616  -32.506  40.121 1.0000000000
97092  -5.481  -31.939  40.041 1.0000000000
97093  -5.354  -31.369  39.853 1.0000000000
97094  -5.547  -31.766  39.292 1.0000000000
97095  -5.593  -31.640  38.519 1.0000000000
97096  -5.578  -31.520  37.765 1.0000000000
97097  -5.518  -31.370  37.025 1.0000000000
97098  -5.664  -31.906  37.229 1.0000000000
97099  -5.678  -32.340  36.720 1.0000000000
101407  -6.375  -37.372  43.133 1.0000000000
101408  -7.290  -37.789  40.256 1.0000000000
101409  -6.960  -37.549  40.807 1.0000000000
101410  -7.038  -37.303  40.261 1.0000000000
101411  -6.842  -36.820  40.244 1.0000000000
101412  -6.641  -36.307  40.294 1.0000000000
101413  -6.488  -35.774  40.300 1.0000000000
101414  -6.692  -36.061  39.712 1.0000000000
101415  -6.765  -35.841  39.148 1.0000000000
101416  -6.781  -35.652  38.547 1.0000000000
101417  -6.809  -35.473  37.952 1.0000000000
101418  -7.045  -35.979  38.008 1.0000000000
101419  -7.268  -36.307  37.495 1.0000000000
112703  -6.910  -34.998  44.148 1.0000000000
112704  -7.377  -34.692  44.129 1.0000000000
112705  -6.860  -34.453  44.104 1.0000000000
112706  -6.797  -33.915  44.039 1.0000000000
112707  -6.695  -33.353  43.947 1.0000000000
112708  -5.176  -31.682  42.996 1.0000000000
112709  -5.494  -31.873  43.391 1.0000000000
112710  -5.319  -31.332  43.254 1.0000000000
112711  -5.650  -30.998  43.292 1.0000000000
112712  -6.106  -30.694  43.128 1.0000000000
112713  -6.591  -30.380  42.889 1.0000000000
112714  -5.999  -30.100  42.960 1.0000000000
112715  -5.891  -29.485  42.796 1.0000000000
112716  -5.802  -28.851  42.621 1.0000000000
112717  -5.690  -28.241  42.505 1.0000000000
112718  -5.298  -28.601  42.485 1.0000000000
112719  -4.915  -28.385  42.195 1.0000000000
112720  -4.668  -28.223  41.748 1.0000000000
112721  -4.938  -29.130  38.956 1.0000000000
112722  -4.771  -28.703  39.472 1.0000000000
112723  -4.862  -28.577  38.718 1.0000000000
112724  -4.810  -28.023  38.485 1.0000000000
112725  -4.778  -27.447  38.178 1.0000000000
112727  -4.754  -27.336  37.352 1.0000000000
112733  -4.387  -28.469  34.113 1.0000000000
117916  -7.574  -38.274  40.238 1.0000000000
117917  -7.708  -37.994  39.733 1.0000000000
117918  -7.879  -37.737  39.185 1.0000000000
117919  -7.949  -37.478  38.655 1.0000000000
117920  -7.974  -37.286  38.101 1.0000000000
117921  -8.347  -37.711  38.134 1.0000000000
126698  -5.759  -34.293  42.787 1.0000000000
126699  -5.725  -33.865  43.305 1.0000000000
126700  -5.589  -33.727  42.784 1.0000000000
126701  -5.400  -33.169  42.775 1.0000000000
126702  -5.228  -32.603  42.735 1.0000000000
126703  -5.387  -32.848  41.518 1.0000000000
126704  -5.199  -32.448  42.106 1.0000000000
126705  -5.095  -32.038  42.631 1.0000000000
126706  -4.996  -31.500  42.448 1.0000000000
126707  -4.921  -30.944  42.233 1.0000000000
126708  -4.862  -30.379  41.981 1.0000000000
126709  -4.807  -29.804  41.721 1.0000000000
126710  -4.837  -30.198  41.331 1.0000000000
126711  -4.870  -29.990  40.661 1.0000000000
126712  -4.943  -29.838  39.964 1.0000000000
126713  -5.231  -30.810  39.648 1.0000000000
126714  -5.112  -30.250  39.449 1.0000000000
126715  -5.027  -29.696  39.203 1.0000000000
126716  -5.098  -29.562  38.420 1.0000000000
126717  -5.098  -29.437  37.634 1.0000000000
126718  -5.037  -29.322  36.814 1.0000000000
126719  -4.915  -29.201  36.019 1.0000000000
126720  -5.054  -29.747  36.276 1.0000000000
126721  -5.043  -30.197  35.756 1.0000000000
126723  -5.369  -31.263  36.285 1.0000000000
135997  -7.429  -35.798  44.277 1.0000000000
135999  -6.954  -36.143  44.235 1.0000000000
136000  -6.947  -35.559  44.189 1.0000000000
136001  -6.514  -35.343  44.016 1.0000000000
136002  -6.165  -35.169  43.743 1.0000000000
136003  -5.973  -35.024  43.274 1.0000000000
136005  -6.536  -37.758  42.467 1.0000000000
136006  -6.398  -37.175  42.578 1.0000000000
136007  -6.691  -37.274  41.392 1.0000000000
136008  -6.451  -36.951  42.028 1.0000000000
136009  -6.213  -36.569  42.706 1.0000000000
136010  -6.127  -35.978  42.724 1.0000000000
136011  -6.007  -35.415  42.744 1.0000000000
136012  -5.877  -34.861  42.777 1.0000000000
136013  -5.861  -34.688  42.205 1.0000000000
136014  -5.914  -34.470  41.574 1.0000000000
136015  -5.992  -34.295  40.948 1.0000000000
136016  -6.352  -35.220  40.295 1.0000000000
136017  -6.218  -34.661  40.284 1.0000000000
136018  -6.071  -34.094  40.320 1.0000000000
136019  -6.143  -33.916  39.660 1.0000000000
136020  -6.194  -33.769  38.989 1.0000000000
136021  -6.162  -33.617  38.321 1.0000000000
136022  -6.091  -33.489  37.688 1.0000000000
136023  -6.250  -33.972  37.764 1.0000000000
136024  -6.332  -34.349  37.239 1.0000000000
136025  -6.401  -34.764  36.735 1.0000000000
136026  -6.749  -35.355  37.394 1.0000000000
136027  -6.637  -35.261  36.807 1.0000000000
136032  -7.952  -37.148  37.518 1.0000000000
136033  -7.871  -37.046  36.960 1.0000000000
158848  -9.039  -34.998  43.691 1.0000000000
158849  -8.982  -34.481  43.520 1.0000000000
158850  -7.918  -34.437  43.926 1.0000000000
158851  -8.429  -34.191  43.645 1.0000000000
158852  -8.914  -33.962  43.292 1.0000000000
158854  -8.726  -32.894  42.785 1.0000000000
158855  -8.621  -32.351  42.549 1.0000000000
158856  -5.884  -33.496  43.675 1.0000000000
158857  -6.170  -33.153  43.852 1.0000000000
158858  -6.562  -32.841  43.816 1.0000000000
158859  -5.902  -32.073  43.637 1.0000000000
158860  -6.448  -32.336  43.649 1.0000000000
158861  -7.049  -32.599  43.550 1.0000000000
158862  -7.556  -32.349  43.187 1.0000000000
158863  -8.050  -32.111  42.758 1.0000000000
158865  -8.427  -31.215  42.174 1.0000000000
158866  -8.329  -30.581  42.062 1.0000000000
158867  -8.230  -29.988  41.933 1.0000000000
158868  -7.101  -30.033  42.545 1.0000000000
158869  -7.602  -29.710  42.181 1.0000000000
158883  -4.731  -29.212  41.562 1.0000000000
158884  -4.661  -28.650  41.325 1.0000000000
158885  -4.570  -28.095  41.136 1.0000000000
158886  -4.669  -28.307  39.970 1.0000000000
158887  -4.571  -27.906  40.459 1.0000000000
158888  -4.472  -27.508  40.994 1.0000000000
158889  -4.436  -26.876  40.794 1.0000000000
158910  -4.744  -29.092  35.211 1.0000000000
158928  -5.974  -33.374  37.032 1.0000000000
158929  -5.801  -33.268  36.397 1.0000000000
