#!ascii label  , from subject 40tvs8ref_sym_20 vox2ras=TkReg
309
425  -5.901  -21.761  28.733 1.0000000000
948  -7.106  -17.117  31.125 1.0000000000
949  -7.309  -22.944  31.495 1.0000000000
950  -7.983  -27.220  29.385 1.0000000000
951  -5.340  -28.231  31.243 1.0000000000
1952  -4.516  -16.274  29.296 1.0000000000
2870  -6.545  -25.650  31.495 1.0000000000
4285  -6.685  -19.351  29.807 1.0000000000
4286  -5.685  -16.484  29.823 1.0000000000
4287  -5.016  -18.960  28.877 1.0000000000
4288  -4.214  -18.714  28.617 1.0000000000
4289  -4.543  -21.536  28.098 1.0000000000
4291  -5.072  -24.220  27.880 1.0000000000
6315  -6.158  -18.011  32.377 1.0000000000
6316  -7.436  -20.045  31.362 1.0000000000
6317  -7.672  -22.265  30.136 1.0000000000
6318  -6.991  -24.528  28.942 1.0000000000
6319  -8.137  -25.037  30.577 1.0000000000
6320  -7.991  -27.766  30.876 1.0000000000
11965  -6.307  -20.503  29.265 1.0000000000
11966  -5.789  -19.128  29.247 1.0000000000
11967  -5.411  -20.384  28.756 1.0000000000
11968  -4.766  -20.265  28.459 1.0000000000
11969  -5.076  -21.643  28.329 1.0000000000
11970  -4.782  -22.873  27.975 1.0000000000
11971  -5.445  -22.996  28.272 1.0000000000
14365  -6.427  -21.895  31.873 1.0000000000
14366  -6.739  -20.467  31.920 1.0000000000
14367  -7.423  -21.493  31.433 1.0000000000
14368  -7.666  -21.086  30.728 1.0000000000
14369  -7.861  -22.575  30.890 1.0000000000
14370  -7.986  -23.654  30.354 1.0000000000
14371  -7.826  -23.965  31.082 1.0000000000
14372  -5.975  -26.943  31.403 1.0000000000
14373  -7.378  -26.691  31.237 1.0000000000
14374  -6.816  -28.001  31.168 1.0000000000
18615  -7.010  -16.095  31.798 1.0000000000
18617  -6.787  -15.673  31.059 1.0000000000
18618  -4.986  -16.339  29.492 1.0000000000
18619  -5.235  -15.177  29.923 1.0000000000
18620  -4.708  -15.002  29.687 1.0000000000
18622  -4.324  -14.881  29.532 1.0000000000
18624  -4.221  -16.205  29.209 1.0000000000
18637  -7.528  -25.906  29.151 1.0000000000
18638  -6.507  -25.708  28.395 1.0000000000
18639  -7.097  -27.038  28.560 1.0000000000
23597  -6.084  -23.260  31.835 1.0000000000
23598  -6.944  -24.276  31.538 1.0000000000
23599  -5.599  -24.606  31.751 1.0000000000
23600  -5.150  -25.922  31.687 1.0000000000
23601  -4.712  -27.196  31.666 1.0000000000
26145  -6.950  -18.240  30.453 1.0000000000
26146  -6.521  -16.748  30.382 1.0000000000
26147  -6.179  -17.940  29.778 1.0000000000
26148  -5.336  -17.715  29.335 1.0000000000
26149  -4.727  -17.546  29.080 1.0000000000
26150  -4.348  -17.497  28.959 1.0000000000
26151  -4.528  -18.827  28.684 1.0000000000
26152  -4.365  -20.125  28.346 1.0000000000
26159  -7.602  -28.369  28.781 1.0000000000
30095  -7.033  -17.529  31.866 1.0000000000
30097  -6.926  -19.011  31.934 1.0000000000
30098  -7.342  -18.620  31.245 1.0000000000
30099  -7.379  -19.659  30.593 1.0000000000
30100  -7.227  -20.767  29.958 1.0000000000
30101  -6.886  -21.996  29.371 1.0000000000
30102  -6.445  -23.148  28.808 1.0000000000
30103  -7.415  -23.386  29.541 1.0000000000
30104  -7.821  -24.766  29.754 1.0000000000
30105  -8.149  -26.133  29.976 1.0000000000
30106  -7.681  -25.342  31.187 1.0000000000
30107  -8.136  -26.407  30.763 1.0000000000
30108  -8.376  -27.482  30.231 1.0000000000
35635  -6.079  -15.408  30.381 1.0000000000
35644  -4.124  -17.375  28.915 1.0000000000
35659  -5.917  -24.376  28.286 1.0000000000
39317  -4.279  -28.248  31.903 1.0000000000
42685  -6.119  -21.152  28.994 1.0000000000
42686  -5.842  -20.449  28.984 1.0000000000
42687  -5.640  -21.073  28.735 1.0000000000
42688  -5.223  -21.007  28.525 1.0000000000
42689  -5.414  -21.679  28.488 1.0000000000
42690  -5.255  -22.311  28.293 1.0000000000
42691  -5.651  -22.358  28.474 1.0000000000
45085  -6.933  -22.432  31.713 1.0000000000
45086  -7.034  -21.715  31.709 1.0000000000
45087  -7.386  -22.233  31.474 1.0000000000
45088  -7.699  -22.029  31.176 1.0000000000
45089  -7.680  -22.752  31.234 1.0000000000
45090  -7.874  -23.290  30.999 1.0000000000
45091  -7.592  -23.450  31.290 1.0000000000
45092  -5.630  -27.575  31.312 1.0000000000
45093  -6.384  -27.473  31.277 1.0000000000
45094  -6.023  -28.110  31.175 1.0000000000
45095  -6.470  -28.643  31.103 1.0000000000
49335  -7.116  -16.577  31.464 1.0000000000
49336  -6.992  -15.864  31.445 1.0000000000
49337  -6.951  -16.379  31.090 1.0000000000
49338  -4.724  -16.292  29.375 1.0000000000
49339  -4.844  -15.741  29.575 1.0000000000
49340  -4.596  -15.640  29.482 1.0000000000
49341  -4.480  -14.929  29.594 1.0000000000
49342  -4.409  -15.591  29.412 1.0000000000
49343  -4.277  -15.568  29.359 1.0000000000
49344  -4.356  -16.237  29.240 1.0000000000
49357  -7.772  -26.554  29.265 1.0000000000
49358  -7.352  -26.445  28.843 1.0000000000
49359  -7.598  -27.117  28.948 1.0000000000
54688  -5.611  -22.755  31.981 1.0000000000
54689  -5.367  -23.438  31.946 1.0000000000
54690  -5.818  -23.925  31.805 1.0000000000
54691  -5.124  -24.109  31.903 1.0000000000
54693  -4.767  -25.416  31.884 1.0000000000
54695  -4.924  -26.555  31.672 1.0000000000
58935  -6.827  -18.796  30.138 1.0000000000
58936  -6.584  -18.074  30.095 1.0000000000
58937  -6.416  -18.644  29.788 1.0000000000
58938  -5.370  -19.057  29.034 1.0000000000
58939  -5.557  -18.419  29.282 1.0000000000
58940  -5.165  -18.323  29.104 1.0000000000
58941  -4.992  -17.629  29.188 1.0000000000
58942  -4.859  -18.245  28.975 1.0000000000
58943  -4.595  -18.154  28.873 1.0000000000
58944  -4.725  -18.862  28.759 1.0000000000
58945  -4.661  -20.905  28.284 1.0000000000
58946  -4.546  -20.203  28.383 1.0000000000
58947  -4.455  -20.840  28.230 1.0000000000
58948  -4.287  -20.765  28.203 1.0000000000
58949  -4.358  -21.447  28.080 1.0000000000
58952  -4.915  -23.549  27.923 1.0000000000
58953  -4.653  -23.509  27.817 1.0000000000
58956  -4.928  -24.795  27.716 1.0000000000
66130  -5.635  -17.459  32.558 1.0000000000
66132  -6.271  -17.230  32.420 1.0000000000
66134  -6.678  -17.750  32.156 1.0000000000
66138  -7.190  -20.236  31.694 1.0000000000
66139  -6.867  -19.743  31.938 1.0000000000
66140  -7.251  -19.512  31.664 1.0000000000
66141  -7.273  -18.816  31.624 1.0000000000
66142  -7.409  -19.329  31.307 1.0000000000
66143  -7.401  -19.135  30.915 1.0000000000
66144  -7.526  -19.860  30.994 1.0000000000
66145  -7.688  -21.671  30.426 1.0000000000
66146  -7.505  -20.920  30.341 1.0000000000
66147  -7.471  -21.533  30.036 1.0000000000
66148  -7.065  -21.404  29.661 1.0000000000
66149  -7.315  -22.118  29.746 1.0000000000
66150  -7.159  -22.678  29.454 1.0000000000
66151  -7.545  -22.820  29.840 1.0000000000
66152  -8.067  -24.346  30.456 1.0000000000
66153  -7.903  -24.209  30.056 1.0000000000
66154  -8.030  -24.894  30.158 1.0000000000
66155  -7.988  -25.455  29.851 1.0000000000
66156  -8.140  -25.590  30.265 1.0000000000
66157  -6.761  -24.963  31.526 1.0000000000
66158  -7.343  -24.802  31.366 1.0000000000
66159  -7.199  -25.488  31.385 1.0000000000
66160  -7.673  -27.219  31.062 1.0000000000
66161  -7.827  -26.540  31.028 1.0000000000
66162  -8.086  -27.050  30.827 1.0000000000
66163  -8.256  -26.934  30.499 1.0000000000
66164  -8.256  -27.606  30.574 1.0000000000
66166  -8.200  -28.274  30.651 1.0000000000
78893  -6.118  -16.599  30.087 1.0000000000
78894  -6.304  -16.060  30.384 1.0000000000
78895  -5.882  -15.955  30.096 1.0000000000
78897  -5.455  -14.592  30.165 1.0000000000
78915  -4.272  -18.119  28.781 1.0000000000
78916  -4.222  -17.474  28.924 1.0000000000
78917  -4.160  -18.054  28.765 1.0000000000
78952  -6.723  -23.834  28.871 1.0000000000
78953  -6.167  -23.725  28.527 1.0000000000
78954  -6.457  -24.417  28.572 1.0000000000
78956  -5.948  -25.624  28.089 1.0000000000
78960  -7.375  -28.921  28.513 1.0000000000
88048  -4.188  -27.766  32.278 1.0000000000
88049  -4.150  -28.287  32.563 1.0000000000
95265  -6.496  -19.916  29.547 1.0000000000
95266  -6.232  -19.231  29.514 1.0000000000
95267  -6.032  -19.816  29.242 1.0000000000
95268  -5.593  -19.750  28.998 1.0000000000
95269  -5.201  -19.684  28.799 1.0000000000
95270  -4.867  -19.596  28.649 1.0000000000
95271  -5.041  -20.315  28.576 1.0000000000
95272  -4.924  -20.958  28.390 1.0000000000
95273  -4.790  -21.592  28.202 1.0000000000
95274  -4.665  -22.204  28.029 1.0000000000
95275  -4.926  -22.259  28.142 1.0000000000
95276  -5.070  -22.927  28.101 1.0000000000
95277  -5.235  -23.632  28.063 1.0000000000
99584  -5.463  -18.179  32.502 1.0000000000
99587  -6.573  -21.177  31.895 1.0000000000
99588  -7.139  -20.975  31.693 1.0000000000
99589  -7.441  -20.766  31.396 1.0000000000
99590  -7.612  -20.571  31.059 1.0000000000
99591  -7.663  -21.280  31.105 1.0000000000
99592  -7.782  -21.830  30.803 1.0000000000
99593  -7.828  -22.405  30.512 1.0000000000
99594  -7.845  -22.949  30.249 1.0000000000
99595  -7.923  -23.117  30.629 1.0000000000
99596  -7.972  -23.812  30.734 1.0000000000
99597  -7.986  -24.494  30.829 1.0000000000
99598  -6.279  -26.298  31.453 1.0000000000
99599  -6.977  -26.163  31.372 1.0000000000
99600  -6.703  -26.825  31.345 1.0000000000
99601  -7.121  -27.362  31.241 1.0000000000
99602  -7.469  -27.889  31.073 1.0000000000
107235  -6.826  -15.600  32.099 1.0000000000
107239  -6.627  -14.983  31.037 1.0000000000
107240  -5.305  -16.412  29.638 1.0000000000
107241  -5.450  -15.838  29.858 1.0000000000
107242  -5.121  -15.775  29.707 1.0000000000
107243  -4.967  -15.098  29.793 1.0000000000
107246  -4.573  -14.266  29.773 1.0000000000
107247  -4.381  -14.177  29.706 1.0000000000
107251  -4.167  -15.487  29.341 1.0000000000
107252  -4.112  -16.085  29.198 1.0000000000
107253  -4.161  -19.355  28.454 1.0000000000
107275  -7.261  -25.230  29.044 1.0000000000
107276  -6.759  -25.095  28.650 1.0000000000
107277  -7.063  -25.769  28.758 1.0000000000
107278  -6.819  -26.376  28.476 1.0000000000
116499  -5.797  -22.063  32.008 1.0000000000
116500  -6.314  -22.596  31.856 1.0000000000
116501  -6.779  -23.116  31.704 1.0000000000
116502  -7.130  -23.622  31.521 1.0000000000
116503  -6.555  -23.756  31.701 1.0000000000
116504  -6.312  -24.421  31.690 1.0000000000
116505  -6.079  -25.156  31.613 1.0000000000
116506  -4.962  -24.761  31.858 1.0000000000
116507  -5.386  -25.276  31.706 1.0000000000
116508  -5.828  -25.794  31.554 1.0000000000
116509  -5.526  -26.421  31.499 1.0000000000
116510  -5.235  -27.043  31.451 1.0000000000
116511  -4.979  -27.690  31.405 1.0000000000
122445  -7.065  -17.665  30.785 1.0000000000
122446  -6.894  -16.911  30.745 1.0000000000
122447  -6.739  -17.484  30.404 1.0000000000
122448  -6.353  -17.328  30.062 1.0000000000
122449  -5.930  -17.199  29.790 1.0000000000
122450  -5.983  -18.523  29.516 1.0000000000
122451  -5.748  -17.825  29.532 1.0000000000
122452  -5.510  -17.081  29.582 1.0000000000
122453  -5.142  -17.010  29.408 1.0000000000
122454  -4.854  -16.920  29.279 1.0000000000
122455  -4.621  -16.878  29.188 1.0000000000
122456  -4.435  -16.877  29.125 1.0000000000
122457  -4.508  -17.490  29.009 1.0000000000
122458  -4.423  -18.139  28.817 1.0000000000
122459  -4.348  -18.778  28.630 1.0000000000
122460  -4.642  -19.541  28.564 1.0000000000
122461  -4.452  -19.486  28.500 1.0000000000
122462  -4.284  -19.400  28.476 1.0000000000
122463  -4.221  -20.080  28.319 1.0000000000
122477  -7.834  -27.796  29.062 1.0000000000
122479  -7.849  -29.023  28.920 1.0000000000
132153  -6.828  -16.319  32.128 1.0000000000
132154  -7.040  -16.810  31.829 1.0000000000
132155  -7.216  -17.335  31.502 1.0000000000
132158  -5.963  -18.698  32.343 1.0000000000
132159  -6.336  -19.960  32.125 1.0000000000
132160  -6.443  -19.228  32.157 1.0000000000
132161  -6.565  -18.498  32.161 1.0000000000
132162  -7.011  -18.284  31.894 1.0000000000
132163  -7.262  -18.094  31.567 1.0000000000
132164  -7.236  -17.873  31.172 1.0000000000
132165  -7.243  -18.398  30.844 1.0000000000
132166  -7.170  -18.948  30.519 1.0000000000
132167  -7.076  -19.491  30.206 1.0000000000
132168  -7.533  -20.370  30.662 1.0000000000
132169  -7.305  -20.188  30.280 1.0000000000
132170  -6.956  -20.024  29.906 1.0000000000
132171  -6.777  -20.624  29.606 1.0000000000
132172  -6.602  -21.261  29.309 1.0000000000
132173  -6.408  -21.863  29.020 1.0000000000
132174  -6.172  -22.454  28.760 1.0000000000
132175  -6.694  -22.578  29.079 1.0000000000
132176  -6.971  -23.258  29.162 1.0000000000
132177  -7.219  -23.950  29.244 1.0000000000
132178  -7.743  -23.517  29.950 1.0000000000
132179  -7.634  -24.081  29.650 1.0000000000
132180  -7.453  -24.657  29.335 1.0000000000
132181  -7.688  -25.357  29.446 1.0000000000
132182  -7.914  -26.018  29.559 1.0000000000
132183  -8.097  -26.662  29.689 1.0000000000
132184  -7.462  -24.135  31.340 1.0000000000
132185  -7.767  -24.651  31.139 1.0000000000
132186  -7.982  -25.189  30.912 1.0000000000
132187  -7.557  -26.019  31.223 1.0000000000
132188  -7.924  -25.880  30.981 1.0000000000
132189  -8.160  -25.730  30.681 1.0000000000
132190  -8.225  -26.267  30.400 1.0000000000
132191  -8.291  -26.803  30.123 1.0000000000
132192  -8.275  -27.356  29.821 1.0000000000
132193  -8.400  -28.055  29.950 1.0000000000
147901  -6.687  -16.193  30.704 1.0000000000
147902  -6.506  -15.524  30.700 1.0000000000
147903  -6.284  -14.842  30.680 1.0000000000
147904  -5.642  -15.278  30.117 1.0000000000
147928  -4.297  -16.879  29.083 1.0000000000
147929  -4.171  -16.806  29.061 1.0000000000
147973  -5.886  -23.031  28.489 1.0000000000
147974  -5.660  -23.688  28.269 1.0000000000
147975  -5.443  -24.321  28.052 1.0000000000
147976  -6.198  -25.029  28.327 1.0000000000
147982  -7.345  -27.714  28.656 1.0000000000
158908  -4.471  -27.736  31.749 1.0000000000
158909  -4.683  -28.252  31.423 1.0000000000
158918  -4.995  -28.751  31.256 1.0000000000
