#!ascii label  , from subject 40tvs8ref_sym_20 vox2ras=TkReg
410
446  -38.860  -81.593  -14.600 1.0000000000
617  -45.007  -75.588  -9.884 1.0000000000
983  -38.961  -85.526  -14.768 1.0000000000
1379  -43.973  -72.095  -11.835 1.0000000000
2487  -44.172  -82.464  -11.104 1.0000000000
2488  -43.879  -79.167  -12.985 1.0000000000
2489  -43.964  -75.445  -14.805 1.0000000000
4388  -38.927  -79.369  -14.471 1.0000000000
5569  -44.971  -73.610  -8.081 1.0000000000
5571  -45.580  -77.082  -8.797 1.0000000000
5572  -45.453  -80.442  -9.304 1.0000000000
5573  -45.215  -79.023  -10.376 1.0000000000
5574  -44.019  -80.863  -12.071 1.0000000000
5575  -44.942  -77.320  -11.329 1.0000000000
5576  -43.790  -70.238  -12.688 1.0000000000
5577  -44.334  -73.737  -13.521 1.0000000000
5578  -44.312  -71.846  -14.192 1.0000000000
6377  -38.834  -83.496  -14.637 1.0000000000
7088  -44.200  -72.021  -9.016 1.0000000000
7089  -44.323  -73.929  -10.821 1.0000000000
7090  -43.696  -70.246  -9.975 1.0000000000
10016  -43.969  -83.906  -10.045 1.0000000000
10017  -42.042  -85.836  -12.452 1.0000000000
10018  -41.969  -84.227  -13.188 1.0000000000
10019  -41.832  -82.457  -13.765 1.0000000000
10020  -41.801  -80.704  -14.321 1.0000000000
10021  -44.571  -75.566  -12.511 1.0000000000
10022  -43.969  -77.371  -13.999 1.0000000000
10023  -41.933  -78.699  -14.742 1.0000000000
12068  -38.915  -80.511  -14.511 1.0000000000
13249  -45.043  -74.580  -9.014 1.0000000000
13250  -45.344  -75.346  -8.507 1.0000000000
13251  -45.342  -76.349  -9.370 1.0000000000
13252  -45.483  -78.050  -9.551 1.0000000000
13253  -45.287  -77.242  -10.071 1.0000000000
13254  -45.069  -78.165  -10.785 1.0000000000
13255  -44.988  -76.444  -10.567 1.0000000000
13257  -44.068  -71.003  -13.490 1.0000000000
14466  -37.300  -86.095  -15.064 1.0000000000
14467  -37.230  -85.064  -14.875 1.0000000000
14468  -38.865  -84.507  -14.712 1.0000000000
15654  -43.888  -71.171  -9.456 1.0000000000
22474  -44.953  -81.521  -10.129 1.0000000000
22475  -44.887  -82.158  -9.595 1.0000000000
22476  -44.176  -83.227  -10.597 1.0000000000
22477  -43.086  -84.936  -11.216 1.0000000000
22478  -43.193  -84.217  -11.737 1.0000000000
22479  -42.044  -85.075  -12.918 1.0000000000
22480  -43.200  -83.410  -12.169 1.0000000000
22481  -43.903  -80.027  -12.483 1.0000000000
22482  -42.989  -81.731  -13.015 1.0000000000
22483  -42.939  -80.886  -13.384 1.0000000000
22484  -41.810  -81.613  -14.058 1.0000000000
22485  -42.954  -80.033  -13.747 1.0000000000
22486  -44.160  -73.024  -11.321 1.0000000000
22487  -44.457  -74.751  -11.648 1.0000000000
22488  -44.276  -73.869  -12.223 1.0000000000
22489  -44.378  -74.637  -14.244 1.0000000000
22490  -44.413  -75.558  -13.831 1.0000000000
22491  -43.994  -76.385  -14.445 1.0000000000
22492  -43.169  -78.124  -14.523 1.0000000000
22493  -43.187  -77.143  -14.813 1.0000000000
22494  -41.919  -77.718  -14.970 1.0000000000
28461  -45.651  -78.706  -9.044 1.0000000000
28462  -45.408  -79.788  -9.892 1.0000000000
28463  -44.851  -80.727  -10.663 1.0000000000
28464  -44.110  -81.676  -11.598 1.0000000000
28465  -44.733  -79.976  -11.142 1.0000000000
28466  -44.644  -79.113  -11.610 1.0000000000
28467  -44.590  -78.253  -12.150 1.0000000000
28468  -43.827  -71.168  -12.312 1.0000000000
28469  -44.136  -72.947  -12.711 1.0000000000
28470  -44.017  -72.011  -13.150 1.0000000000
28471  -44.270  -72.825  -13.880 1.0000000000
28472  -44.303  -73.684  -14.530 1.0000000000
30238  -37.226  -84.043  -14.703 1.0000000000
30239  -38.828  -82.572  -14.626 1.0000000000
31897  -44.581  -72.865  -8.554 1.0000000000
31898  -44.608  -73.798  -9.490 1.0000000000
31899  -44.644  -74.763  -10.338 1.0000000000
31900  -44.300  -72.972  -9.909 1.0000000000
31901  -44.016  -72.131  -10.381 1.0000000000
31902  -43.848  -71.211  -10.904 1.0000000000
31904  -43.591  -69.317  -10.501 1.0000000000
31905  -43.723  -70.299  -11.395 1.0000000000
40289  -40.703  -85.827  -13.911 1.0000000000
40290  -40.590  -84.952  -14.120 1.0000000000
40291  -43.114  -82.575  -12.597 1.0000000000
40292  -41.862  -83.363  -13.502 1.0000000000
40293  -40.474  -84.014  -14.241 1.0000000000
40294  -40.412  -83.125  -14.389 1.0000000000
40295  -40.422  -82.192  -14.536 1.0000000000
40296  -40.426  -81.235  -14.590 1.0000000000
40297  -44.717  -75.579  -11.088 1.0000000000
40298  -44.768  -76.457  -11.908 1.0000000000
40299  -44.527  -77.392  -12.710 1.0000000000
40300  -44.466  -74.644  -13.062 1.0000000000
40301  -44.511  -76.466  -13.350 1.0000000000
40302  -43.897  -78.271  -13.501 1.0000000000
40303  -43.042  -79.057  -14.173 1.0000000000
40304  -41.879  -79.714  -14.520 1.0000000000
40305  -40.463  -80.216  -14.629 1.0000000000
40306  -40.435  -79.153  -14.683 1.0000000000
42788  -38.891  -81.055  -14.559 1.0000000000
43969  -45.056  -75.074  -9.439 1.0000000000
43970  -45.239  -75.462  -9.190 1.0000000000
43971  -45.195  -75.977  -9.633 1.0000000000
43972  -45.336  -76.842  -9.711 1.0000000000
43973  -45.167  -76.440  -9.972 1.0000000000
43974  -45.147  -76.835  -10.310 1.0000000000
43975  -44.997  -76.023  -10.236 1.0000000000
45184  -38.225  -86.331  -14.950 1.0000000000
45186  -38.150  -85.827  -14.947 1.0000000000
45187  -38.071  -85.350  -14.908 1.0000000000
45188  -38.910  -85.016  -14.739 1.0000000000
53194  -44.604  -82.007  -10.620 1.0000000000
53195  -44.630  -82.343  -10.340 1.0000000000
53196  -44.184  -82.853  -10.849 1.0000000000
53197  -43.698  -83.717  -11.184 1.0000000000
53198  -43.741  -83.335  -11.422 1.0000000000
53199  -43.201  -83.828  -11.956 1.0000000000
53200  -43.720  -82.937  -11.633 1.0000000000
53201  -43.874  -79.589  -12.704 1.0000000000
53202  -43.429  -80.463  -12.919 1.0000000000
53203  -43.417  -80.052  -13.156 1.0000000000
53204  -42.927  -80.467  -13.571 1.0000000000
53205  -43.437  -79.617  -13.402 1.0000000000
53206  -44.078  -72.563  -11.576 1.0000000000
53207  -44.225  -73.425  -11.780 1.0000000000
53208  -44.141  -72.972  -12.047 1.0000000000
53209  -44.251  -75.060  -14.562 1.0000000000
53210  -44.274  -75.531  -14.376 1.0000000000
53211  -44.009  -75.901  -14.640 1.0000000000
53212  -43.663  -76.764  -14.662 1.0000000000
53213  -43.647  -76.282  -14.839 1.0000000000
53215  -43.614  -75.811  -15.012 1.0000000000
59243  -38.907  -78.781  -14.464 1.0000000000
62784  -44.923  -73.105  -7.627 1.0000000000
62786  -45.077  -73.972  -7.829 1.0000000000
62787  -45.477  -76.231  -8.680 1.0000000000
62792  -45.705  -78.208  -8.619 1.0000000000
62793  -45.636  -77.890  -8.919 1.0000000000
62794  -45.406  -78.513  -9.988 1.0000000000
62795  -45.510  -78.907  -9.753 1.0000000000
62796  -45.318  -79.416  -10.155 1.0000000000
62797  -45.186  -80.264  -10.268 1.0000000000
62798  -45.084  -79.872  -10.530 1.0000000000
62799  -44.787  -80.355  -10.911 1.0000000000
62800  -45.008  -79.461  -10.743 1.0000000000
62801  -44.993  -77.752  -11.035 1.0000000000
62802  -44.890  -78.655  -11.155 1.0000000000
62803  -44.850  -78.206  -11.450 1.0000000000
62804  -44.603  -78.677  -11.875 1.0000000000
62805  -44.801  -77.790  -11.738 1.0000000000
62806  -43.794  -70.725  -12.499 1.0000000000
62807  -43.930  -71.619  -12.740 1.0000000000
62808  -43.901  -71.152  -12.919 1.0000000000
62809  -44.232  -71.429  -13.872 1.0000000000
62810  -44.179  -71.907  -13.694 1.0000000000
62811  -44.303  -72.334  -14.040 1.0000000000
62812  -44.318  -73.257  -14.226 1.0000000000
62813  -44.310  -72.766  -14.381 1.0000000000
62814  -44.287  -73.189  -14.656 1.0000000000
62815  -44.329  -72.268  -14.517 1.0000000000
66439  -38.022  -84.282  -14.753 1.0000000000
66440  -37.229  -84.547  -14.790 1.0000000000
66441  -37.994  -83.782  -14.697 1.0000000000
66442  -38.017  -83.317  -14.665 1.0000000000
66443  -38.831  -83.027  -14.625 1.0000000000
69996  -44.383  -72.443  -8.796 1.0000000000
69997  -44.585  -73.350  -9.017 1.0000000000
69998  -44.400  -72.940  -9.254 1.0000000000
69999  -44.428  -73.395  -9.699 1.0000000000
70000  -44.241  -72.494  -9.474 1.0000000000
70001  -43.782  -70.708  -9.703 1.0000000000
70002  -43.959  -71.665  -9.925 1.0000000000
70003  -43.852  -71.210  -10.175 1.0000000000
70004  -43.922  -71.680  -10.637 1.0000000000
70005  -43.771  -70.725  -10.460 1.0000000000
70011  -43.566  -68.847  -10.737 1.0000000000
70012  -43.640  -69.810  -10.931 1.0000000000
70014  -43.679  -69.844  -11.607 1.0000000000
90459  -45.581  -79.885  -8.905 1.0000000000
90462  -44.468  -83.040  -9.789 1.0000000000
90464  -44.368  -83.364  -9.501 1.0000000000
90466  -43.851  -84.210  -9.725 1.0000000000
90468  -43.440  -84.743  -10.291 1.0000000000
90469  -42.571  -85.427  -11.858 1.0000000000
90475  -41.461  -86.251  -13.041 1.0000000000
90476  -42.009  -84.661  -13.068 1.0000000000
90477  -41.385  -85.460  -13.431 1.0000000000
90478  -41.343  -85.046  -13.565 1.0000000000
90479  -40.658  -85.391  -14.023 1.0000000000
90480  -41.298  -84.603  -13.681 1.0000000000
90481  -44.070  -81.272  -11.836 1.0000000000
90482  -43.647  -82.136  -12.107 1.0000000000
90483  -43.594  -81.730  -12.337 1.0000000000
90484  -42.433  -82.114  -13.417 1.0000000000
90485  -42.463  -82.557  -13.253 1.0000000000
90486  -41.839  -82.916  -13.649 1.0000000000
90487  -41.185  -83.690  -13.905 1.0000000000
90488  -41.174  -83.230  -13.984 1.0000000000
90489  -40.433  -83.559  -14.298 1.0000000000
90490  -41.174  -82.793  -14.085 1.0000000000
90491  -41.811  -81.171  -14.192 1.0000000000
90492  -41.156  -81.941  -14.348 1.0000000000
90493  -41.134  -81.485  -14.422 1.0000000000
90494  -40.413  -81.727  -14.562 1.0000000000
90495  -41.131  -81.012  -14.490 1.0000000000
90496  -44.447  -74.365  -10.588 1.0000000000
90497  -44.651  -75.168  -10.716 1.0000000000
90498  -44.517  -74.781  -10.965 1.0000000000
90499  -44.554  -75.163  -12.095 1.0000000000
90500  -44.655  -75.602  -11.789 1.0000000000
90501  -44.677  -76.028  -12.224 1.0000000000
90502  -44.679  -76.919  -12.322 1.0000000000
90503  -44.647  -76.463  -12.626 1.0000000000
90504  -44.221  -73.317  -13.124 1.0000000000
90505  -44.303  -73.784  -12.892 1.0000000000
90506  -44.400  -74.171  -13.288 1.0000000000
90507  -44.291  -76.443  -13.946 1.0000000000
90508  -44.463  -76.007  -13.604 1.0000000000
90509  -44.281  -76.924  -13.685 1.0000000000
90510  -44.277  -77.390  -13.398 1.0000000000
90511  -43.944  -77.847  -13.750 1.0000000000
90512  -43.523  -78.698  -13.887 1.0000000000
90513  -43.574  -78.220  -14.073 1.0000000000
90514  -42.617  -78.468  -14.668 1.0000000000
90515  -42.555  -78.964  -14.528 1.0000000000
90516  -41.894  -79.219  -14.623 1.0000000000
90517  -41.179  -80.022  -14.619 1.0000000000
90518  -41.194  -79.486  -14.674 1.0000000000
90519  -40.455  -79.687  -14.637 1.0000000000
90520  -41.191  -78.965  -14.734 1.0000000000
90522  -41.180  -77.902  -14.911 1.0000000000
95450  -38.930  -79.945  -14.492 1.0000000000
97575  -45.021  -74.118  -8.552 1.0000000000
97576  -45.168  -74.476  -8.297 1.0000000000
97577  -45.233  -74.980  -8.769 1.0000000000
97578  -45.373  -75.844  -8.944 1.0000000000
97579  -45.467  -76.723  -9.101 1.0000000000
97580  -45.538  -77.564  -9.199 1.0000000000
97581  -45.436  -77.215  -9.476 1.0000000000
97582  -45.398  -77.674  -9.823 1.0000000000
97583  -45.286  -78.090  -10.216 1.0000000000
97584  -45.151  -78.578  -10.563 1.0000000000
97585  -45.160  -77.679  -10.427 1.0000000000
97586  -45.050  -77.297  -10.659 1.0000000000
97587  -44.973  -76.880  -10.930 1.0000000000
97589  -43.899  -70.613  -13.087 1.0000000000
97590  -43.975  -70.102  -13.257 1.0000000000
97591  -44.122  -70.503  -13.654 1.0000000000
97592  -44.260  -70.900  -14.001 1.0000000000
99765  -36.529  -86.868  -15.221 1.0000000000
99766  -36.448  -86.338  -15.072 1.0000000000
99768  -37.225  -85.587  -14.976 1.0000000000
99769  -38.051  -84.806  -14.825 1.0000000000
99770  -38.845  -83.990  -14.683 1.0000000000
101904  -44.035  -71.600  -9.227 1.0000000000
114180  -45.264  -81.005  -9.722 1.0000000000
114181  -45.223  -81.318  -9.436 1.0000000000
114182  -44.939  -81.853  -9.865 1.0000000000
114183  -44.551  -82.695  -10.058 1.0000000000
114184  -44.100  -83.595  -10.348 1.0000000000
114185  -43.557  -84.443  -10.637 1.0000000000
114186  -43.632  -84.096  -10.922 1.0000000000
114187  -43.141  -84.605  -11.499 1.0000000000
114188  -42.609  -85.064  -12.123 1.0000000000
114189  -42.052  -85.478  -12.707 1.0000000000
114190  -42.637  -84.677  -12.344 1.0000000000
114191  -42.653  -84.257  -12.539 1.0000000000
114192  -42.622  -83.820  -12.696 1.0000000000
114193  -43.950  -80.464  -12.292 1.0000000000
114194  -43.524  -81.317  -12.558 1.0000000000
114195  -43.463  -80.897  -12.757 1.0000000000
114196  -42.964  -81.306  -13.192 1.0000000000
114197  -42.408  -81.685  -13.584 1.0000000000
114198  -41.818  -82.039  -13.914 1.0000000000
114199  -42.401  -81.264  -13.767 1.0000000000
114200  -42.408  -80.848  -13.903 1.0000000000
114201  -42.416  -80.406  -14.050 1.0000000000
114202  -44.229  -73.475  -11.065 1.0000000000
114203  -44.402  -74.357  -11.222 1.0000000000
114204  -44.310  -73.885  -11.505 1.0000000000
114205  -44.353  -74.315  -11.943 1.0000000000
114206  -44.458  -74.723  -12.408 1.0000000000
114207  -44.387  -74.187  -13.906 1.0000000000
114208  -44.417  -74.633  -13.683 1.0000000000
114209  -44.385  -75.098  -14.054 1.0000000000
114210  -44.289  -75.990  -14.169 1.0000000000
114211  -43.981  -76.875  -14.232 1.0000000000
114212  -43.626  -77.722  -14.270 1.0000000000
114213  -43.662  -77.246  -14.492 1.0000000000
114214  -43.194  -77.647  -14.666 1.0000000000
114215  -42.658  -77.973  -14.794 1.0000000000
114216  -41.943  -78.204  -14.859 1.0000000000
114217  -42.619  -77.446  -14.929 1.0000000000
127838  -45.284  -74.822  -8.040 1.0000000000
127847  -45.590  -79.563  -9.177 1.0000000000
127848  -45.583  -78.383  -9.314 1.0000000000
127849  -45.571  -79.245  -9.460 1.0000000000
127850  -45.460  -80.155  -9.596 1.0000000000
127851  -45.248  -80.651  -9.996 1.0000000000
127852  -44.921  -81.133  -10.384 1.0000000000
127853  -44.554  -81.625  -10.856 1.0000000000
127854  -44.157  -82.060  -11.351 1.0000000000
127855  -44.507  -81.234  -11.090 1.0000000000
127856  -44.472  -80.851  -11.357 1.0000000000
127857  -44.426  -80.425  -11.595 1.0000000000
127858  -44.944  -79.059  -10.945 1.0000000000
127859  -44.700  -79.556  -11.373 1.0000000000
127860  -44.374  -79.997  -11.825 1.0000000000
127861  -44.311  -79.575  -12.047 1.0000000000
127862  -44.283  -79.129  -12.286 1.0000000000
127863  -44.272  -78.707  -12.549 1.0000000000
127864  -43.889  -71.637  -12.083 1.0000000000
127865  -44.055  -72.530  -12.298 1.0000000000
127866  -43.982  -72.072  -12.533 1.0000000000
127867  -44.070  -72.473  -12.943 1.0000000000
127868  -44.182  -72.849  -13.340 1.0000000000
127869  -44.030  -71.510  -13.317 1.0000000000
127870  -44.167  -72.380  -13.524 1.0000000000
127871  -44.292  -73.298  -13.720 1.0000000000
127872  -44.347  -73.740  -14.071 1.0000000000
127873  -44.347  -74.175  -14.401 1.0000000000
127874  -44.189  -74.586  -14.686 1.0000000000
127875  -43.929  -74.970  -14.940 1.0000000000
132543  -37.207  -83.576  -14.612 1.0000000000
132545  -38.817  -82.122  -14.629 1.0000000000
137042  -44.779  -72.721  -7.884 1.0000000000
137044  -44.578  -72.338  -8.111 1.0000000000
137045  -44.799  -73.242  -8.325 1.0000000000
137046  -44.799  -73.724  -8.786 1.0000000000
137047  -44.821  -74.193  -9.256 1.0000000000
137048  -44.831  -74.694  -9.697 1.0000000000
137049  -44.831  -75.182  -10.107 1.0000000000
137050  -44.666  -74.273  -9.902 1.0000000000
137051  -44.478  -73.867  -10.143 1.0000000000
137052  -44.312  -73.452  -10.381 1.0000000000
137053  -44.092  -72.082  -9.692 1.0000000000
137054  -44.159  -72.551  -10.139 1.0000000000
137055  -44.170  -73.026  -10.602 1.0000000000
137056  -44.069  -72.574  -10.835 1.0000000000
137057  -43.971  -72.127  -11.101 1.0000000000
137058  -43.890  -71.679  -11.401 1.0000000000
137061  -43.600  -69.268  -9.778 1.0000000000
137063  -43.539  -68.807  -10.052 1.0000000000
137064  -43.643  -69.793  -10.261 1.0000000000
137065  -43.691  -70.267  -10.701 1.0000000000
137066  -43.777  -70.728  -11.167 1.0000000000
137067  -43.831  -71.205  -11.635 1.0000000000
137068  -43.777  -70.750  -11.853 1.0000000000
137069  -43.730  -70.283  -12.052 1.0000000000
137070  -43.721  -69.825  -12.263 1.0000000000
161821  -41.432  -85.858  -13.252 1.0000000000
161822  -40.746  -86.241  -13.772 1.0000000000
161823  -40.022  -86.600  -14.225 1.0000000000
161824  -39.961  -86.173  -14.336 1.0000000000
161825  -39.880  -85.728  -14.425 1.0000000000
161826  -39.801  -85.264  -14.481 1.0000000000
161827  -43.693  -82.537  -11.862 1.0000000000
161828  -43.177  -82.991  -12.397 1.0000000000
161829  -42.568  -83.399  -12.870 1.0000000000
161830  -43.052  -82.154  -12.802 1.0000000000
161831  -42.506  -82.979  -13.055 1.0000000000
161832  -41.901  -83.796  -13.340 1.0000000000
161833  -41.246  -84.145  -13.793 1.0000000000
161834  -40.519  -84.490  -14.193 1.0000000000
161835  -39.728  -84.784  -14.514 1.0000000000
161836  -39.689  -84.284  -14.510 1.0000000000
161837  -39.633  -83.821  -14.548 1.0000000000
161838  -39.614  -83.350  -14.578 1.0000000000
161839  -41.162  -82.383  -14.207 1.0000000000
161840  -40.416  -82.667  -14.477 1.0000000000
161841  -39.631  -82.869  -14.598 1.0000000000
161842  -39.636  -82.403  -14.612 1.0000000000
161843  -39.631  -81.924  -14.623 1.0000000000
161844  -39.639  -81.432  -14.626 1.0000000000
161845  -44.826  -75.585  -10.486 1.0000000000
161846  -44.853  -75.998  -10.824 1.0000000000
161847  -44.888  -76.439  -11.212 1.0000000000
161848  -44.592  -75.197  -11.363 1.0000000000
161849  -44.762  -76.020  -11.480 1.0000000000
161850  -44.856  -76.890  -11.609 1.0000000000
161851  -44.743  -77.363  -12.023 1.0000000000
161852  -44.548  -77.838  -12.421 1.0000000000
161853  -44.273  -78.286  -12.818 1.0000000000
161854  -44.206  -73.406  -12.460 1.0000000000
161855  -44.387  -74.238  -12.658 1.0000000000
161856  -44.512  -75.110  -12.794 1.0000000000
161857  -44.450  -75.091  -13.452 1.0000000000
161858  -44.514  -75.570  -13.222 1.0000000000
161859  -44.598  -76.011  -12.929 1.0000000000
161860  -44.524  -76.926  -13.027 1.0000000000
161861  -44.280  -77.834  -13.100 1.0000000000
161862  -43.879  -78.710  -13.245 1.0000000000
161863  -43.480  -79.157  -13.653 1.0000000000
161864  -42.995  -79.547  -13.963 1.0000000000
161865  -42.430  -79.929  -14.212 1.0000000000
161866  -43.087  -78.577  -14.360 1.0000000000
161867  -42.499  -79.445  -14.378 1.0000000000
161868  -41.833  -80.221  -14.424 1.0000000000
161869  -41.161  -80.531  -14.568 1.0000000000
161870  -40.447  -80.734  -14.613 1.0000000000
161871  -39.680  -80.916  -14.611 1.0000000000
161872  -39.693  -80.401  -14.605 1.0000000000
161873  -39.696  -79.850  -14.599 1.0000000000
161874  -39.695  -79.250  -14.591 1.0000000000
161875  -41.193  -78.448  -14.799 1.0000000000
161876  -40.416  -78.597  -14.741 1.0000000000
