#!ascii label  , from subject 40tvs8ref_sym_20 vox2ras=TkReg
132
1593  -9.224  6.442  69.567 1.0000000000
3613  -12.024  2.721  68.787 1.0000000000
3614  -11.497  5.436  68.002 1.0000000000
3615  -9.709  3.591  70.067 1.0000000000
7555  -13.469  7.298  66.208 1.0000000000
7556  -11.163  8.373  67.688 1.0000000000
7557  -8.831  9.398  69.182 1.0000000000
7559  -7.212  7.017  69.593 1.0000000000
11294  -10.908  3.144  69.421 1.0000000000
16599  -14.778  6.799  65.882 1.0000000000
16600  -13.666  5.834  66.402 1.0000000000
16601  -10.406  5.934  68.812 1.0000000000
16602  -11.323  6.873  67.773 1.0000000000
16603  -10.206  7.389  68.672 1.0000000000
16604  -10.034  8.881  68.573 1.0000000000
16605  -9.001  7.882  69.386 1.0000000000
16606  -7.921  8.248  69.621 1.0000000000
16607  -8.145  6.769  69.918 1.0000000000
24935  -12.902  3.590  67.775 1.0000000000
24936  -12.677  4.919  67.314 1.0000000000
24937  -11.738  4.069  68.367 1.0000000000
24938  -10.640  4.526  69.087 1.0000000000
24939  -9.470  4.995  69.837 1.0000000000
24940  -8.386  5.343  70.170 1.0000000000
33122  -14.571  8.332  65.747 1.0000000000
33123  -13.329  8.840  66.158 1.0000000000
33124  -12.454  6.334  66.976 1.0000000000
33125  -12.254  7.799  66.860 1.0000000000
33126  -12.137  9.372  66.848 1.0000000000
33127  -11.016  9.951  67.681 1.0000000000
33128  -9.821  10.517  68.482 1.0000000000
33134  -7.399  5.548  70.018 1.0000000000
33135  -6.732  5.661  69.140 1.0000000000
47319  -14.329  5.566  66.235 1.0000000000
47321  -9.839  6.201  69.204 1.0000000000
47322  -10.319  6.629  68.728 1.0000000000
47323  -9.740  6.915  69.131 1.0000000000
47324  -9.625  7.625  69.074 1.0000000000
47325  -9.122  7.127  69.501 1.0000000000
47326  -8.577  7.349  69.707 1.0000000000
47327  -8.678  6.614  69.814 1.0000000000
56916  -12.599  2.478  68.524 1.0000000000
56918  -12.465  3.170  68.284 1.0000000000
56919  -12.320  3.822  68.052 1.0000000000
56920  -11.885  3.398  68.588 1.0000000000
56921  -10.329  3.368  69.726 1.0000000000
56922  -10.773  3.837  69.221 1.0000000000
56923  -10.183  4.075  69.597 1.0000000000
56924  -10.055  4.780  69.495 1.0000000000
56925  -9.594  4.272  69.950 1.0000000000
56926  -9.057  4.463  70.181 1.0000000000
72836  -14.115  7.043  66.001 1.0000000000
72837  -14.668  7.557  65.809 1.0000000000
72838  -14.022  7.800  65.918 1.0000000000
72839  -13.950  8.558  65.904 1.0000000000
72840  -13.399  8.065  66.167 1.0000000000
72841  -12.084  5.172  67.640 1.0000000000
72842  -12.559  5.593  67.124 1.0000000000
72843  -11.977  5.822  67.468 1.0000000000
72844  -11.266  7.615  67.714 1.0000000000
72845  -11.753  7.331  67.288 1.0000000000
72846  -11.712  8.090  67.245 1.0000000000
72847  -12.209  8.553  66.849 1.0000000000
72848  -11.647  8.861  67.252 1.0000000000
72849  -11.575  9.670  67.250 1.0000000000
72850  -11.089  9.148  67.683 1.0000000000
72851  -9.432  9.141  68.947 1.0000000000
72852  -9.961  9.710  68.537 1.0000000000
72853  -9.368  9.955  68.875 1.0000000000
72855  -8.737  10.174  69.065 1.0000000000
72857  -8.316  9.579  69.231 1.0000000000
72858  -7.537  7.646  69.671 1.0000000000
72863  -7.986  4.750  70.315 1.0000000000
72864  -7.866  5.457  70.167 1.0000000000
72865  -7.522  4.832  70.141 1.0000000000
94056  -11.473  2.942  69.103 1.0000000000
94057  -11.026  2.451  69.644 1.0000000000
94058  -10.450  2.655  69.941 1.0000000000
94059  -9.842  2.861  70.229 1.0000000000
103605  -15.437  6.588  65.880 1.0000000000
103607  -14.216  6.289  66.096 1.0000000000
103608  -13.559  6.549  66.282 1.0000000000
103609  -10.957  5.661  68.397 1.0000000000
103610  -11.410  6.138  67.870 1.0000000000
103611  -10.873  6.389  68.295 1.0000000000
103612  -10.783  7.152  68.227 1.0000000000
103613  -10.726  7.859  68.139 1.0000000000
103614  -10.607  8.624  68.134 1.0000000000
103615  -10.129  8.109  68.595 1.0000000000
103616  -9.533  8.367  69.000 1.0000000000
103617  -8.911  8.669  69.293 1.0000000000
103618  -8.382  8.825  69.414 1.0000000000
103619  -8.462  8.096  69.564 1.0000000000
103620  -8.042  7.517  69.772 1.0000000000
103621  -7.657  6.909  69.834 1.0000000000
119622  -13.269  4.696  67.040 1.0000000000
119623  -12.790  4.249  67.513 1.0000000000
119624  -12.205  4.505  67.816 1.0000000000
119625  -11.643  4.731  68.141 1.0000000000
119626  -11.354  3.605  68.895 1.0000000000
119627  -11.200  4.297  68.711 1.0000000000
119628  -11.067  4.964  68.539 1.0000000000
119629  -10.520  5.207  68.918 1.0000000000
119630  -9.953  5.498  69.313 1.0000000000
119631  -9.349  5.743  69.672 1.0000000000
119632  -8.814  5.903  69.902 1.0000000000
119633  -8.929  5.209  70.050 1.0000000000
119634  -8.506  4.655  70.354 1.0000000000
140543  -15.223  8.131  65.736 1.0000000000
140544  -15.117  8.941  65.684 1.0000000000
140548  -13.159  5.350  66.834 1.0000000000
140549  -13.047  6.080  66.681 1.0000000000
140550  -12.927  6.801  66.558 1.0000000000
140551  -11.877  6.587  67.344 1.0000000000
140552  -12.340  7.060  66.887 1.0000000000
140553  -12.832  7.540  66.481 1.0000000000
140554  -12.795  8.298  66.469 1.0000000000
140555  -12.716  9.121  66.483 1.0000000000
140556  -12.640  9.959  66.461 1.0000000000
140558  -11.461  10.487  67.218 1.0000000000
140559  -10.885  10.760  67.624 1.0000000000
140560  -10.539  9.416  68.116 1.0000000000
140561  -10.426  10.245  68.092 1.0000000000
140563  -9.705  11.302  68.334 1.0000000000
140570  -7.863  8.970  69.351 1.0000000000
140576  -8.269  6.033  70.061 1.0000000000
140577  -7.752  6.199  70.024 1.0000000000
140578  -7.310  6.300  69.795 1.0000000000
140579  -7.121  4.890  69.856 1.0000000000
140580  -7.018  5.634  69.629 1.0000000000
140581  -6.935  6.354  69.407 1.0000000000
140582  -6.681  6.332  68.884 1.0000000000
