#!ascii label  , from subject 40tvs8ref_sym_20 vox2ras=TkReg
368
508  -6.137  30.710  23.458 1.0000000000
1109  -4.916  27.242  15.404 1.0000000000
1114  -13.129  31.970  24.309 1.0000000000
2167  -11.067  35.319  19.111 1.0000000000
2168  -5.135  33.291  18.111 1.0000000000
2169  -6.397  24.659  19.845 1.0000000000
4781  -10.326  30.662  22.867 1.0000000000
4782  -12.309  33.680  21.691 1.0000000000
4783  -8.895  33.031  21.042 1.0000000000
4784  -7.415  35.198  19.073 1.0000000000
4785  -5.132  32.480  21.135 1.0000000000
4786  -5.884  28.783  18.787 1.0000000000
4787  -4.943  28.212  21.667 1.0000000000
6614  -11.658  28.398  24.826 1.0000000000
6615  -7.719  28.246  24.994 1.0000000000
6616  -4.593  27.329  24.766 1.0000000000
9063  -13.062  35.954  24.189 1.0000000000
9064  -13.054  37.257  21.086 1.0000000000
9065  -12.734  38.274  17.871 1.0000000000
9066  -9.999  37.032  16.683 1.0000000000
9069  -6.281  29.453  16.157 1.0000000000
9070  -5.769  25.676  17.550 1.0000000000
9072  -5.829  23.864  22.282 1.0000000000
12461  -8.324  30.710  23.068 1.0000000000
12462  -9.624  31.855  21.970 1.0000000000
12463  -7.565  31.959  22.302 1.0000000000
12464  -6.792  33.116  21.396 1.0000000000
12465  -5.479  31.782  22.443 1.0000000000
12466  -4.819  30.419  21.507 1.0000000000
12467  -4.696  29.980  23.050 1.0000000000
14864  -9.817  28.141  24.612 1.0000000000
20101  -13.280  33.176  25.716 1.0000000000
20102  -12.898  35.127  25.661 1.0000000000
20103  -13.297  33.959  24.273 1.0000000000
20104  -11.695  34.455  20.362 1.0000000000
20105  -12.872  35.466  21.380 1.0000000000
20106  -12.553  36.039  19.897 1.0000000000
20107  -12.891  37.721  19.459 1.0000000000
20108  -12.037  36.727  18.466 1.0000000000
20109  -11.655  37.395  17.022 1.0000000000
20110  -10.531  36.187  17.883 1.0000000000
20111  -5.632  34.804  19.016 1.0000000000
20112  -6.739  36.177  17.987 1.0000000000
20113  -5.409  35.391  17.557 1.0000000000
20115  -5.407  33.489  16.515 1.0000000000
20116  -6.049  31.529  15.528 1.0000000000
20117  -5.728  31.265  16.923 1.0000000000
20118  -6.260  26.648  19.266 1.0000000000
20119  -6.361  27.026  18.048 1.0000000000
20120  -6.172  25.046  18.709 1.0000000000
20121  -5.186  23.950  18.400 1.0000000000
20122  -5.617  23.225  19.374 1.0000000000
20124  -4.798  25.593  23.316 1.0000000000
23885  -5.534  28.565  14.522 1.0000000000
27037  -12.050  31.045  23.284 1.0000000000
27038  -12.802  32.827  22.998 1.0000000000
27039  -11.428  32.066  22.172 1.0000000000
27040  -10.696  33.049  21.054 1.0000000000
27041  -10.012  34.096  19.959 1.0000000000
27042  -9.286  35.076  18.930 1.0000000000
27043  -8.132  34.116  20.123 1.0000000000
27044  -6.114  34.092  20.273 1.0000000000
27045  -4.996  32.923  19.661 1.0000000000
27046  -5.360  31.072  18.430 1.0000000000
27047  -5.023  30.711  19.982 1.0000000000
27048  -5.445  28.467  20.176 1.0000000000
27049  -5.945  26.334  20.550 1.0000000000
30789  -13.345  31.130  25.677 1.0000000000
30791  -13.001  29.215  25.795 1.0000000000
30792  -12.571  30.070  24.463 1.0000000000
30793  -11.014  29.520  23.752 1.0000000000
30794  -9.055  29.428  23.816 1.0000000000
30795  -6.893  29.533  24.262 1.0000000000
30796  -5.052  29.214  24.345 1.0000000000
30797  -5.653  28.215  25.421 1.0000000000
37433  -12.580  37.828  23.992 1.0000000000
37434  -13.137  34.741  22.831 1.0000000000
37435  -13.193  36.665  22.682 1.0000000000
37436  -12.758  38.504  22.427 1.0000000000
37437  -12.827  39.014  20.781 1.0000000000
37438  -12.944  39.459  19.116 1.0000000000
37443  -8.660  36.159  17.877 1.0000000000
37450  -6.300  29.811  14.918 1.0000000000
37451  -5.941  28.018  15.655 1.0000000000
37452  -6.126  29.110  17.451 1.0000000000
37453  -6.237  27.471  16.840 1.0000000000
37454  -5.321  26.403  16.489 1.0000000000
37455  -4.835  24.956  17.359 1.0000000000
37458  -4.592  27.841  23.260 1.0000000000
37459  -5.341  26.024  21.904 1.0000000000
37460  -6.324  24.218  21.048 1.0000000000
37462  -6.347  22.143  21.605 1.0000000000
37463  -6.091  22.644  20.439 1.0000000000
43181  -7.211  30.757  23.306 1.0000000000
43182  -7.942  31.338  22.706 1.0000000000
43183  -6.814  31.370  22.894 1.0000000000
43184  -6.469  31.947  22.446 1.0000000000
43185  -5.777  31.271  22.968 1.0000000000
43186  -5.005  30.945  22.798 1.0000000000
43187  -5.246  30.491  23.430 1.0000000000
50821  -13.364  32.555  24.984 1.0000000000
50822  -13.323  33.569  25.003 1.0000000000
50823  -13.266  32.979  24.310 1.0000000000
50824  -11.394  34.893  19.729 1.0000000000
50825  -12.165  35.246  20.113 1.0000000000
50826  -11.878  35.605  19.428 1.0000000000
50827  -12.268  36.369  19.162 1.0000000000
50828  -11.595  35.982  18.754 1.0000000000
50829  -11.330  36.385  18.123 1.0000000000
50830  -10.777  35.746  18.506 1.0000000000
50831  -5.207  34.179  18.651 1.0000000000
50832  -5.516  35.124  18.295 1.0000000000
50833  -5.225  34.394  17.860 1.0000000000
50834  -5.226  34.528  17.078 1.0000000000
50835  -5.240  33.388  17.294 1.0000000000
50836  -5.534  32.411  16.736 1.0000000000
50837  -5.380  32.271  17.468 1.0000000000
50838  -6.380  25.671  19.572 1.0000000000
50839  -6.427  25.854  18.958 1.0000000000
50840  -6.349  24.856  19.262 1.0000000000
50841  -5.915  24.118  19.034 1.0000000000
50842  -6.170  23.835  19.554 1.0000000000
60421  -11.223  30.763  22.998 1.0000000000
60422  -11.747  31.537  22.718 1.0000000000
60423  -10.892  31.322  22.499 1.0000000000
60424  -9.261  32.455  21.512 1.0000000000
60425  -10.182  32.454  21.500 1.0000000000
60426  -9.832  32.998  20.974 1.0000000000
60427  -10.348  33.573  20.493 1.0000000000
60428  -9.470  33.544  20.478 1.0000000000
60429  -9.107  34.058  19.980 1.0000000000
60430  -8.527  33.595  20.579 1.0000000000
60431  -5.817  32.910  21.379 1.0000000000
60432  -6.428  33.604  20.850 1.0000000000
60433  -5.558  33.359  20.775 1.0000000000
60434  -5.368  33.733  20.100 1.0000000000
60435  -5.039  32.793  20.425 1.0000000000
60436  -4.921  31.840  19.854 1.0000000000
60437  -4.870  31.775  20.635 1.0000000000
60438  -4.840  29.311  21.600 1.0000000000
60439  -4.999  29.449  20.798 1.0000000000
60440  -5.177  28.343  20.886 1.0000000000
60441  -5.700  27.428  20.324 1.0000000000
60442  -5.394  27.254  21.018 1.0000000000
67620  -13.348  30.717  26.405 1.0000000000
67624  -11.998  27.894  25.358 1.0000000000
67626  -12.476  28.725  25.226 1.0000000000
67627  -12.838  29.605  25.120 1.0000000000
67628  -12.139  29.202  24.610 1.0000000000
67629  -11.851  29.724  24.031 1.0000000000
67630  -11.328  28.951  24.275 1.0000000000
67631  -8.810  28.148  24.742 1.0000000000
67632  -9.435  28.751  24.184 1.0000000000
67633  -8.400  28.832  24.381 1.0000000000
67634  -7.993  29.495  24.011 1.0000000000
67635  -7.307  28.891  24.633 1.0000000000
67636  -6.268  28.902  24.858 1.0000000000
67637  -6.660  28.285  25.248 1.0000000000
83344  -13.004  35.533  24.946 1.0000000000
83346  -12.764  36.497  24.864 1.0000000000
83348  -12.867  36.919  24.128 1.0000000000
83349  -12.599  33.269  22.348 1.0000000000
83350  -13.024  33.784  22.911 1.0000000000
83351  -12.841  34.159  22.215 1.0000000000
83352  -13.015  36.382  21.255 1.0000000000
83353  -13.123  36.048  22.027 1.0000000000
83354  -13.109  36.966  21.887 1.0000000000
83355  -13.020  37.609  22.560 1.0000000000
83356  -12.991  37.874  21.740 1.0000000000
83357  -12.801  38.771  21.593 1.0000000000
83358  -12.987  38.137  20.929 1.0000000000
83359  -12.840  38.039  18.643 1.0000000000
83360  -12.973  38.599  19.284 1.0000000000
83361  -12.985  38.866  18.440 1.0000000000
83362  -13.010  39.717  18.292 1.0000000000
83363  -12.928  39.081  17.641 1.0000000000
83366  -10.856  37.143  16.805 1.0000000000
83370  -9.750  37.449  16.063 1.0000000000
83371  -8.401  35.133  18.961 1.0000000000
83372  -8.980  35.625  18.411 1.0000000000
83373  -8.047  35.682  18.469 1.0000000000
83388  -6.201  30.474  15.831 1.0000000000
83389  -6.253  30.650  15.193 1.0000000000
83390  -6.324  29.637  15.536 1.0000000000
83391  -6.169  28.899  15.274 1.0000000000
83392  -6.302  28.659  15.891 1.0000000000
83393  -5.611  29.916  18.601 1.0000000000
83394  -5.790  30.033  17.891 1.0000000000
83395  -6.043  28.965  18.102 1.0000000000
83396  -6.190  26.276  17.772 1.0000000000
83397  -6.303  27.240  17.437 1.0000000000
83398  -6.049  26.539  17.168 1.0000000000
83399  -5.833  26.831  16.612 1.0000000000
83400  -5.521  26.023  17.009 1.0000000000
83401  -5.065  25.701  16.901 1.0000000000
83402  -5.240  25.239  17.442 1.0000000000
83404  -4.783  23.664  18.316 1.0000000000
83408  -4.733  28.309  24.625 1.0000000000
83409  -4.627  28.642  23.930 1.0000000000
83410  -4.564  27.599  24.018 1.0000000000
83411  -5.248  24.746  22.733 1.0000000000
83412  -5.061  25.824  22.625 1.0000000000
83413  -5.577  24.946  22.084 1.0000000000
83414  -5.886  25.106  21.402 1.0000000000
83415  -6.150  24.053  21.655 1.0000000000
83420  -6.163  21.145  21.873 1.0000000000
83421  -6.002  21.427  21.340 1.0000000000
83422  -6.223  22.390  21.029 1.0000000000
83424  -5.560  22.017  20.220 1.0000000000
96157  -9.346  30.651  22.908 1.0000000000
96158  -9.971  31.261  22.428 1.0000000000
96159  -9.014  31.278  22.498 1.0000000000
96160  -8.636  31.904  22.100 1.0000000000
96161  -8.238  32.503  21.669 1.0000000000
96162  -7.852  33.078  21.223 1.0000000000
96163  -7.168  32.530  21.859 1.0000000000
96164  -6.093  32.506  21.961 1.0000000000
96165  -5.300  32.113  21.795 1.0000000000
96166  -4.906  31.496  21.365 1.0000000000
96167  -4.935  31.238  22.102 1.0000000000
96168  -4.739  30.202  22.285 1.0000000000
96169  -4.697  29.143  22.395 1.0000000000
100481  -11.121  27.630  25.128 1.0000000000
100482  -10.776  28.215  24.623 1.0000000000
100484  -9.203  27.520  25.129 1.0000000000
100485  -8.131  27.591  25.349 1.0000000000
109909  -13.032  33.721  26.398 1.0000000000
109910  -12.771  34.695  26.353 1.0000000000
109911  -13.123  34.169  25.694 1.0000000000
109912  -13.211  34.547  24.964 1.0000000000
109913  -13.217  34.952  24.221 1.0000000000
109914  -12.014  34.063  21.015 1.0000000000
109915  -12.623  34.546  21.511 1.0000000000
109916  -12.398  34.916  20.801 1.0000000000
109917  -12.695  35.788  20.641 1.0000000000
109918  -12.881  36.649  20.471 1.0000000000
109919  -12.969  37.502  20.284 1.0000000000
109920  -12.726  36.867  19.684 1.0000000000
109921  -12.579  37.199  18.894 1.0000000000
109922  -12.445  37.498  18.147 1.0000000000
109923  -12.299  37.763  17.401 1.0000000000
109924  -11.840  37.057  17.763 1.0000000000
109925  -11.122  36.765  17.439 1.0000000000
109926  -10.265  36.625  17.296 1.0000000000
109927  -6.398  35.156  19.176 1.0000000000
109928  -7.046  35.710  18.588 1.0000000000
109929  -6.147  35.546  18.539 1.0000000000
109930  -5.906  35.952  17.876 1.0000000000
109931  -5.748  36.240  17.183 1.0000000000
109934  -5.306  34.641  16.287 1.0000000000
109936  -5.899  32.625  15.250 1.0000000000
109937  -5.720  32.506  15.988 1.0000000000
109938  -5.890  31.408  16.231 1.0000000000
109939  -6.058  30.328  16.492 1.0000000000
109940  -6.111  27.705  19.006 1.0000000000
109941  -6.231  27.906  18.373 1.0000000000
109942  -6.381  26.863  18.661 1.0000000000
109943  -6.344  26.015  18.364 1.0000000000
109944  -5.978  25.331  18.133 1.0000000000
109945  -5.451  24.796  17.981 1.0000000000
109946  -5.698  24.418  18.519 1.0000000000
109947  -5.403  23.560  18.880 1.0000000000
109950  -4.585  26.494  24.044 1.0000000000
109952  -4.981  24.514  23.389 1.0000000000
117173  -5.202  27.870  14.964 1.0000000000
124525  -12.686  31.449  23.738 1.0000000000
124526  -12.968  32.404  23.643 1.0000000000
124527  -12.467  31.905  23.097 1.0000000000
124528  -12.232  32.378  22.498 1.0000000000
124529  -11.917  32.861  21.910 1.0000000000
124530  -10.550  31.904  22.004 1.0000000000
124531  -11.082  32.579  21.628 1.0000000000
124532  -11.581  33.291  21.288 1.0000000000
124533  -11.197  33.714  20.671 1.0000000000
124534  -10.899  34.194  20.069 1.0000000000
124535  -10.542  34.688  19.503 1.0000000000
124536  -10.200  35.143  18.950 1.0000000000
124537  -9.643  34.594  19.429 1.0000000000
124538  -8.724  34.579  19.506 1.0000000000
124539  -7.778  34.682  19.581 1.0000000000
124540  -7.471  33.667  20.758 1.0000000000
124541  -7.092  34.185  20.243 1.0000000000
124542  -6.753  34.692  19.685 1.0000000000
124543  -5.820  34.538  19.673 1.0000000000
124544  -5.224  33.952  19.400 1.0000000000
124545  -5.079  33.097  18.871 1.0000000000
124546  -5.223  32.164  18.248 1.0000000000
124547  -5.076  32.015  19.040 1.0000000000
124548  -5.174  30.901  19.208 1.0000000000
124549  -5.426  29.710  19.343 1.0000000000
124550  -4.884  30.619  20.728 1.0000000000
124551  -5.213  29.564  20.077 1.0000000000
124552  -5.690  28.601  19.480 1.0000000000
124553  -5.912  27.543  19.663 1.0000000000
124554  -6.121  26.508  19.907 1.0000000000
124555  -6.306  25.478  20.179 1.0000000000
134036  -13.357  32.147  25.706 1.0000000000
134037  -13.294  31.547  24.985 1.0000000000
134042  -13.119  28.785  26.458 1.0000000000
134043  -13.279  29.747  26.426 1.0000000000
134044  -13.227  30.162  25.735 1.0000000000
134045  -13.115  30.566  25.038 1.0000000000
134046  -12.919  30.988  24.367 1.0000000000
134047  -12.317  30.559  23.866 1.0000000000
134048  -11.573  30.228  23.478 1.0000000000
134049  -10.678  30.070  23.317 1.0000000000
134050  -10.417  28.819  24.140 1.0000000000
134051  -10.087  29.413  23.698 1.0000000000
134052  -9.708  30.026  23.312 1.0000000000
134053  -8.676  30.065  23.443 1.0000000000
134054  -7.588  30.132  23.658 1.0000000000
134055  -6.489  30.153  23.896 1.0000000000
134056  -5.557  30.003  23.949 1.0000000000
134057  -5.870  29.512  24.441 1.0000000000
134058  -5.326  28.748  24.908 1.0000000000
134059  -4.927  27.931  25.262 1.0000000000
134060  -6.090  27.673  25.820 1.0000000000
134062  -4.673  27.041  25.489 1.0000000000
153262  -12.090  38.306  24.632 1.0000000000
153263  -12.210  38.674  23.881 1.0000000000
153264  -13.188  33.392  23.631 1.0000000000
153265  -13.241  34.350  23.536 1.0000000000
153266  -13.199  35.350  23.492 1.0000000000
153267  -13.022  35.107  22.133 1.0000000000
153268  -13.184  35.706  22.776 1.0000000000
153269  -13.119  36.324  23.445 1.0000000000
153270  -12.947  37.276  23.349 1.0000000000
153271  -12.673  38.171  23.226 1.0000000000
153273  -12.456  39.385  22.228 1.0000000000
153276  -12.972  38.373  20.113 1.0000000000
153277  -12.877  39.234  19.968 1.0000000000
153291  -9.891  35.612  18.384 1.0000000000
153292  -9.624  36.127  17.837 1.0000000000
153293  -9.329  36.595  17.243 1.0000000000
153294  -7.686  36.214  17.956 1.0000000000
153296  -9.049  37.040  16.655 1.0000000000
153312  -6.145  31.693  14.858 1.0000000000
153313  -6.293  30.780  14.572 1.0000000000
153315  -6.050  29.115  14.679 1.0000000000
153316  -5.756  28.289  15.068 1.0000000000
153317  -5.421  27.533  15.499 1.0000000000
153318  -5.579  31.134  17.662 1.0000000000
153319  -5.929  30.191  17.179 1.0000000000
153320  -6.202  29.287  16.799 1.0000000000
153321  -6.282  28.050  17.740 1.0000000000
153322  -6.312  28.227  17.122 1.0000000000
153323  -6.305  28.451  16.499 1.0000000000
153324  -6.138  27.708  16.246 1.0000000000
153325  -5.645  27.175  16.064 1.0000000000
153326  -5.132  26.823  15.955 1.0000000000
153328  -4.699  25.469  16.835 1.0000000000
153329  -4.497  24.747  17.300 1.0000000000
153330  -5.000  24.448  17.897 1.0000000000
153336  -4.835  29.617  23.747 1.0000000000
153337  -4.584  28.938  23.209 1.0000000000
153338  -4.762  28.043  22.444 1.0000000000
153339  -4.676  26.690  23.299 1.0000000000
153340  -4.893  26.938  22.513 1.0000000000
153341  -5.126  27.116  21.740 1.0000000000
153342  -5.631  26.176  21.197 1.0000000000
153343  -6.164  25.268  20.790 1.0000000000
153344  -6.415  24.440  20.443 1.0000000000
153347  -6.067  22.775  22.497 1.0000000000
153350  -6.304  22.945  21.908 1.0000000000
153351  -6.396  23.173  21.318 1.0000000000
153352  -6.391  23.405  20.710 1.0000000000
153353  -6.303  23.646  20.130 1.0000000000
153354  -5.867  22.884  19.886 1.0000000000
