#!ascii label  , from subject 40tvs8ref_sym_20 vox2ras=TkReg
346
353  -38.325  -60.140  -17.273 1.0000000000
1414  -31.893  -52.100  -16.999 1.0000000000
1786  -33.160  -59.246  -16.209 1.0000000000
1787  -37.645  -53.547  -18.216 1.0000000000
2501  -42.176  -53.101  -20.543 1.0000000000
3334  -34.489  -49.568  -18.164 1.0000000000
3335  -31.207  -48.514  -18.035 1.0000000000
3934  -36.104  -63.150  -15.748 1.0000000000
3935  -33.549  -62.895  -15.602 1.0000000000
3936  -35.884  -59.752  -16.427 1.0000000000
3937  -35.570  -56.228  -16.835 1.0000000000
3938  -38.137  -56.895  -17.846 1.0000000000
6107  -38.433  -63.341  -16.478 1.0000000000
8007  -32.527  -55.605  -16.562 1.0000000000
8008  -35.064  -52.721  -17.337 1.0000000000
8009  -37.207  -50.341  -19.035 1.0000000000
10055  -40.765  -62.777  -17.427 1.0000000000
10056  -40.565  -59.788  -18.478 1.0000000000
10059  -40.281  -56.735  -19.213 1.0000000000
10060  -39.780  -53.499  -19.596 1.0000000000
10061  -39.340  -50.262  -20.347 1.0000000000
11014  -35.702  -48.466  -19.100 1.0000000000
11015  -34.235  -47.957  -18.826 1.0000000000
11614  -37.216  -61.656  -16.466 1.0000000000
11615  -36.012  -61.474  -16.116 1.0000000000
11616  -37.165  -59.939  -16.818 1.0000000000
11617  -37.039  -58.261  -17.065 1.0000000000
11618  -38.263  -58.533  -17.619 1.0000000000
15759  -30.610  -53.534  -16.750 1.0000000000
15760  -28.887  -52.969  -16.628 1.0000000000
15761  -30.194  -51.652  -17.036 1.0000000000
15762  -30.912  -46.913  -18.812 1.0000000000
15763  -29.417  -47.904  -18.102 1.0000000000
17562  -33.389  -61.069  -15.920 1.0000000000
17568  -32.876  -57.447  -16.379 1.0000000000
17569  -36.716  -54.864  -17.413 1.0000000000
17570  -35.308  -54.480  -17.039 1.0000000000
17571  -36.481  -53.150  -17.709 1.0000000000
17572  -36.212  -51.558  -18.067 1.0000000000
17573  -37.407  -51.903  -18.593 1.0000000000
22574  -40.677  -61.278  -17.976 1.0000000000
22575  -41.690  -59.503  -18.885 1.0000000000
22582  -41.490  -56.539  -19.728 1.0000000000
22583  -41.248  -54.992  -19.961 1.0000000000
22584  -40.040  -55.139  -19.365 1.0000000000
22585  -40.967  -53.409  -20.140 1.0000000000
22587  -40.555  -50.090  -20.898 1.0000000000
22588  -40.433  -48.581  -21.412 1.0000000000
22589  -39.262  -48.825  -20.859 1.0000000000
24432  -33.198  -50.697  -17.473 1.0000000000
24433  -31.561  -50.231  -17.462 1.0000000000
24434  -32.907  -49.020  -17.973 1.0000000000
24435  -32.625  -47.457  -18.715 1.0000000000
25514  -34.893  -62.985  -15.619 1.0000000000
25515  -34.730  -61.323  -15.905 1.0000000000
25516  -34.587  -59.493  -16.170 1.0000000000
25517  -34.359  -57.713  -16.389 1.0000000000
25518  -35.772  -58.024  -16.618 1.0000000000
25519  -36.901  -56.544  -17.253 1.0000000000
25520  -37.889  -55.229  -17.995 1.0000000000
29608  -37.283  -63.266  -16.110 1.0000000000
29609  -38.392  -61.767  -16.881 1.0000000000
32051  -29.763  -49.797  -17.486 1.0000000000
34348  -30.968  -55.381  -16.608 1.0000000000
34349  -32.218  -53.803  -16.745 1.0000000000
34350  -34.083  -55.909  -16.628 1.0000000000
34351  -33.782  -54.108  -16.807 1.0000000000
34352  -33.487  -52.350  -17.068 1.0000000000
34353  -34.760  -51.104  -17.677 1.0000000000
34354  -35.950  -49.937  -18.562 1.0000000000
34355  -37.050  -48.886  -19.487 1.0000000000
40402  -39.599  -63.043  -16.942 1.0000000000
40403  -39.571  -61.530  -17.444 1.0000000000
40404  -39.468  -60.022  -17.908 1.0000000000
40411  -41.592  -58.041  -19.360 1.0000000000
40412  -40.449  -58.258  -18.900 1.0000000000
40413  -39.341  -58.383  -18.307 1.0000000000
40414  -39.211  -56.808  -18.567 1.0000000000
40415  -38.981  -55.196  -18.704 1.0000000000
40416  -38.699  -53.564  -18.924 1.0000000000
40417  -40.723  -51.687  -20.456 1.0000000000
40418  -39.497  -51.891  -19.908 1.0000000000
40419  -38.445  -51.901  -19.271 1.0000000000
40420  -38.273  -50.355  -19.655 1.0000000000
40421  -38.151  -48.919  -20.131 1.0000000000
42334  -37.775  -60.894  -16.867 1.0000000000
42335  -37.191  -60.783  -16.641 1.0000000000
42336  -37.745  -60.095  -17.029 1.0000000000
42337  -37.720  -59.263  -17.183 1.0000000000
42338  -38.304  -59.329  -17.462 1.0000000000
46479  -31.242  -52.774  -16.877 1.0000000000
46480  -30.401  -52.620  -16.872 1.0000000000
46481  -31.044  -51.859  -16.985 1.0000000000
46482  -30.780  -46.073  -19.295 1.0000000000
46483  -30.017  -46.489  -18.906 1.0000000000
48282  -33.284  -60.158  -16.084 1.0000000000
48284  -32.580  -60.096  -16.144 1.0000000000
48286  -32.429  -59.167  -16.235 1.0000000000
48288  -33.028  -58.353  -16.296 1.0000000000
48289  -37.178  -54.137  -17.810 1.0000000000
48290  -36.591  -54.000  -17.544 1.0000000000
48291  -37.083  -53.317  -17.947 1.0000000000
48292  -36.971  -52.494  -18.110 1.0000000000
48293  -37.523  -52.728  -18.390 1.0000000000
53299  -42.688  -52.900  -20.604 1.0000000000
53301  -42.297  -53.911  -20.428 1.0000000000
53302  -41.852  -54.843  -20.137 1.0000000000
53303  -41.735  -54.065  -20.257 1.0000000000
53304  -41.122  -54.193  -20.061 1.0000000000
53305  -41.606  -53.277  -20.365 1.0000000000
53307  -41.026  -48.452  -21.620 1.0000000000
53309  -40.378  -47.858  -21.613 1.0000000000
56079  -33.823  -50.129  -17.745 1.0000000000
56080  -33.052  -49.876  -17.699 1.0000000000
56081  -33.704  -49.293  -18.070 1.0000000000
56083  -33.431  -47.701  -18.765 1.0000000000
57880  -34.952  -63.893  -15.428 1.0000000000
57881  -35.501  -63.106  -15.659 1.0000000000
57882  -35.940  -60.613  -16.281 1.0000000000
57883  -35.382  -61.384  -15.963 1.0000000000
57884  -35.317  -60.494  -16.119 1.0000000000
57885  -34.658  -60.435  -16.035 1.0000000000
57886  -35.260  -59.602  -16.263 1.0000000000
57887  -35.181  -58.744  -16.375 1.0000000000
57888  -35.836  -58.888  -16.527 1.0000000000
57889  -37.623  -57.532  -17.446 1.0000000000
57890  -36.957  -57.390  -17.154 1.0000000000
57891  -37.533  -56.673  -17.543 1.0000000000
57892  -37.421  -55.842  -17.618 1.0000000000
57893  -38.014  -56.046  -17.921 1.0000000000
65089  -37.833  -64.090  -16.121 1.0000000000
65091  -37.844  -63.287  -16.305 1.0000000000
65092  -37.818  -62.510  -16.487 1.0000000000
65093  -38.402  -62.567  -16.672 1.0000000000
70317  -28.649  -51.998  -16.718 1.0000000000
70318  -28.110  -52.612  -16.402 1.0000000000
70322  -31.351  -49.350  -17.712 1.0000000000
70323  -30.703  -49.981  -17.478 1.0000000000
70324  -30.513  -49.080  -17.772 1.0000000000
70325  -28.627  -47.567  -17.991 1.0000000000
70326  -28.709  -48.523  -17.674 1.0000000000
75722  -33.627  -63.762  -15.465 1.0000000000
75724  -32.950  -63.668  -15.529 1.0000000000
75740  -31.145  -56.288  -16.519 1.0000000000
75741  -31.760  -55.471  -16.550 1.0000000000
75742  -31.590  -54.548  -16.659 1.0000000000
75743  -32.361  -54.685  -16.661 1.0000000000
75744  -34.973  -56.949  -16.583 1.0000000000
75745  -34.233  -56.812  -16.511 1.0000000000
75746  -34.840  -56.070  -16.686 1.0000000000
75747  -35.196  -53.562  -17.187 1.0000000000
75748  -34.552  -54.295  -16.925 1.0000000000
75749  -34.418  -53.417  -17.018 1.0000000000
75750  -33.645  -53.210  -16.934 1.0000000000
75751  -34.278  -52.522  -17.178 1.0000000000
75752  -34.132  -51.722  -17.330 1.0000000000
75753  -34.911  -51.932  -17.491 1.0000000000
75754  -36.713  -50.895  -18.534 1.0000000000
75755  -36.070  -50.733  -18.304 1.0000000000
75756  -36.585  -50.153  -18.769 1.0000000000
75757  -36.488  -49.434  -18.989 1.0000000000
75758  -37.119  -49.615  -19.259 1.0000000000
90758  -40.179  -63.661  -16.921 1.0000000000
90759  -39.603  -63.813  -16.747 1.0000000000
90760  -40.195  -62.905  -17.188 1.0000000000
90761  -40.620  -60.525  -18.235 1.0000000000
90762  -40.138  -61.422  -17.694 1.0000000000
90763  -40.082  -60.667  -17.969 1.0000000000
90764  -39.518  -60.802  -17.697 1.0000000000
90765  -40.021  -59.903  -18.227 1.0000000000
90782  -42.130  -57.828  -19.462 1.0000000000
90783  -42.117  -57.072  -19.701 1.0000000000
90784  -40.878  -56.677  -19.507 1.0000000000
90785  -40.953  -57.415  -19.366 1.0000000000
90786  -40.381  -57.481  -19.085 1.0000000000
90787  -39.925  -58.365  -18.641 1.0000000000
90788  -39.838  -57.582  -18.797 1.0000000000
90789  -39.290  -57.596  -18.450 1.0000000000
90790  -39.721  -56.819  -18.908 1.0000000000
90791  -39.909  -54.307  -19.457 1.0000000000
90792  -39.483  -55.198  -19.056 1.0000000000
90793  -39.362  -54.368  -19.155 1.0000000000
90794  -38.840  -54.374  -18.800 1.0000000000
90795  -39.240  -53.548  -19.275 1.0000000000
90797  -41.376  -51.573  -20.639 1.0000000000
90798  -41.255  -50.773  -20.865 1.0000000000
90799  -39.945  -50.187  -20.653 1.0000000000
90800  -40.045  -50.979  -20.410 1.0000000000
90801  -39.412  -51.070  -20.116 1.0000000000
90802  -38.969  -51.921  -19.588 1.0000000000
90803  -38.866  -51.029  -19.783 1.0000000000
90804  -38.351  -51.101  -19.459 1.0000000000
90805  -38.804  -50.300  -20.004 1.0000000000
90807  -38.727  -48.860  -20.534 1.0000000000
90809  -38.129  -48.212  -20.424 1.0000000000
93552  -35.107  -48.989  -18.607 1.0000000000
93553  -34.354  -48.753  -18.463 1.0000000000
93554  -34.990  -48.221  -18.931 1.0000000000
93555  -34.877  -47.440  -19.312 1.0000000000
94632  -36.671  -62.399  -16.086 1.0000000000
94633  -36.063  -62.310  -15.938 1.0000000000
94634  -36.610  -61.570  -16.265 1.0000000000
94635  -36.581  -60.728  -16.453 1.0000000000
94636  -36.536  -59.869  -16.614 1.0000000000
94637  -36.489  -59.027  -16.743 1.0000000000
94638  -37.113  -59.110  -16.957 1.0000000000
94639  -37.696  -58.436  -17.320 1.0000000000
94640  -38.212  -57.721  -17.751 1.0000000000
102094  -29.098  -53.989  -16.545 1.0000000000
102095  -29.717  -53.257  -16.761 1.0000000000
102096  -29.517  -52.341  -16.844 1.0000000000
102098  -31.049  -47.728  -18.371 1.0000000000
102099  -30.304  -48.242  -18.058 1.0000000000
102100  -30.102  -47.420  -18.438 1.0000000000
102101  -29.258  -47.079  -18.426 1.0000000000
105338  -33.461  -61.996  -15.740 1.0000000000
105350  -32.713  -56.538  -16.454 1.0000000000
105351  -36.148  -55.535  -17.130 1.0000000000
105352  -35.450  -55.365  -16.940 1.0000000000
105353  -36.047  -54.651  -17.231 1.0000000000
105354  -35.925  -53.779  -17.352 1.0000000000
105355  -35.796  -52.891  -17.500 1.0000000000
105356  -35.655  -52.141  -17.645 1.0000000000
105357  -36.353  -52.338  -17.881 1.0000000000
105358  -36.847  -51.677  -18.315 1.0000000000
105359  -37.307  -51.101  -18.800 1.0000000000
114360  -40.732  -62.036  -17.707 1.0000000000
114362  -41.172  -60.426  -18.466 1.0000000000
114363  -41.127  -59.677  -18.723 1.0000000000
114374  -42.042  -56.346  -19.851 1.0000000000
114375  -41.950  -55.575  -20.005 1.0000000000
114376  -41.376  -55.770  -19.859 1.0000000000
114377  -40.784  -55.909  -19.613 1.0000000000
114378  -40.168  -55.940  -19.298 1.0000000000
114379  -40.656  -55.107  -19.691 1.0000000000
114380  -40.505  -54.276  -19.765 1.0000000000
114381  -40.359  -53.456  -19.860 1.0000000000
114383  -41.168  -49.995  -21.101 1.0000000000
114384  -41.104  -49.203  -21.355 1.0000000000
114385  -40.493  -49.324  -21.163 1.0000000000
114386  -39.874  -49.431  -20.933 1.0000000000
114387  -39.282  -49.502  -20.598 1.0000000000
114388  -39.831  -48.727  -21.174 1.0000000000
118446  -32.552  -51.387  -17.179 1.0000000000
118447  -31.727  -51.163  -17.217 1.0000000000
118448  -32.382  -50.489  -17.377 1.0000000000
118449  -32.208  -49.623  -17.671 1.0000000000
118450  -32.084  -48.750  -18.010 1.0000000000
118451  -33.569  -48.468  -18.424 1.0000000000
118452  -32.761  -48.197  -18.334 1.0000000000
118453  -31.937  -47.914  -18.381 1.0000000000
118454  -31.783  -47.157  -18.817 1.0000000000
120969  -34.295  -63.806  -15.462 1.0000000000
120970  -34.217  -62.952  -15.576 1.0000000000
120971  -35.446  -62.272  -15.791 1.0000000000
120972  -34.810  -62.119  -15.777 1.0000000000
120973  -34.143  -62.047  -15.718 1.0000000000
120974  -34.062  -61.137  -15.885 1.0000000000
120975  -33.984  -60.269  -16.038 1.0000000000
120976  -33.879  -59.386  -16.188 1.0000000000
120977  -33.759  -58.492  -16.289 1.0000000000
120978  -34.494  -58.594  -16.291 1.0000000000
120979  -35.088  -57.857  -16.479 1.0000000000
120980  -35.672  -57.084  -16.724 1.0000000000
120981  -36.430  -58.157  -16.862 1.0000000000
120982  -36.360  -57.264  -16.938 1.0000000000
120983  -36.271  -56.380  -17.020 1.0000000000
120984  -36.815  -55.699  -17.327 1.0000000000
120985  -37.279  -54.978  -17.697 1.0000000000
120986  -37.763  -54.401  -18.083 1.0000000000
128000  -42.561  -52.080  -20.733 1.0000000000
128001  -42.061  -52.296  -20.659 1.0000000000
130829  -36.149  -63.940  -15.630 1.0000000000
130831  -36.753  -64.012  -15.775 1.0000000000
130832  -36.714  -63.211  -15.926 1.0000000000
130833  -37.236  -62.509  -16.289 1.0000000000
130834  -37.787  -61.724  -16.673 1.0000000000
130835  -38.364  -60.947  -17.084 1.0000000000
137453  -28.336  -53.762  -16.330 1.0000000000
137459  -30.882  -50.928  -17.213 1.0000000000
137460  -29.997  -50.688  -17.239 1.0000000000
137462  -29.582  -48.795  -17.795 1.0000000000
137463  -28.884  -49.450  -17.431 1.0000000000
144091  -30.360  -56.118  -16.494 1.0000000000
144093  -30.793  -54.475  -16.673 1.0000000000
144094  -31.431  -53.681  -16.764 1.0000000000
144095  -32.058  -52.979  -16.848 1.0000000000
144096  -33.616  -57.551  -16.371 1.0000000000
144097  -33.462  -56.670  -16.444 1.0000000000
144098  -33.307  -55.718  -16.563 1.0000000000
144099  -34.697  -55.176  -16.812 1.0000000000
144100  -33.922  -55.021  -16.718 1.0000000000
144101  -33.155  -54.776  -16.663 1.0000000000
144102  -33.000  -53.988  -16.745 1.0000000000
144103  -32.838  -53.111  -16.893 1.0000000000
144104  -32.681  -52.243  -17.033 1.0000000000
144105  -33.336  -51.521  -17.251 1.0000000000
144106  -33.984  -50.889  -17.524 1.0000000000
144107  -34.623  -50.322  -17.916 1.0000000000
144108  -35.514  -51.342  -17.837 1.0000000000
144109  -35.380  -50.501  -18.077 1.0000000000
144110  -35.234  -49.752  -18.317 1.0000000000
144111  -35.828  -49.191  -18.817 1.0000000000
144112  -36.400  -48.702  -19.253 1.0000000000
144113  -36.976  -48.211  -19.726 1.0000000000
162161  -38.987  -64.003  -16.494 1.0000000000
162162  -39.002  -63.238  -16.701 1.0000000000
162163  -40.187  -62.166  -17.454 1.0000000000
162164  -39.589  -62.276  -17.182 1.0000000000
162165  -38.996  -62.445  -16.919 1.0000000000
162166  -38.975  -61.642  -17.146 1.0000000000
162167  -38.947  -60.850  -17.375 1.0000000000
162168  -38.909  -60.099  -17.590 1.0000000000
162188  -41.629  -58.806  -19.132 1.0000000000
162189  -41.091  -58.924  -18.962 1.0000000000
162190  -41.537  -57.276  -19.560 1.0000000000
162191  -41.043  -58.141  -19.177 1.0000000000
162192  -40.506  -59.021  -18.696 1.0000000000
162193  -39.969  -59.123  -18.442 1.0000000000
162194  -39.412  -59.202  -18.110 1.0000000000
162195  -38.874  -59.289  -17.791 1.0000000000
162196  -38.826  -58.457  -17.970 1.0000000000
162197  -38.775  -57.656  -18.126 1.0000000000
162198  -38.678  -56.802  -18.234 1.0000000000
162199  -39.601  -56.023  -18.979 1.0000000000
162200  -39.112  -55.997  -18.656 1.0000000000
162201  -38.553  -55.967  -18.296 1.0000000000
162202  -38.422  -55.151  -18.339 1.0000000000
162203  -38.309  -54.344  -18.436 1.0000000000
162204  -38.179  -53.520  -18.585 1.0000000000
162205  -41.500  -52.436  -20.497 1.0000000000
162206  -40.832  -52.537  -20.290 1.0000000000
162207  -40.229  -52.645  -20.005 1.0000000000
162208  -40.620  -50.859  -20.640 1.0000000000
162209  -40.125  -51.800  -20.188 1.0000000000
162210  -39.646  -52.695  -19.746 1.0000000000
162211  -39.099  -52.753  -19.416 1.0000000000
162212  -38.552  -52.735  -19.082 1.0000000000
162213  -38.049  -52.696  -18.756 1.0000000000
162214  -37.922  -51.877  -18.937 1.0000000000
162215  -37.805  -51.110  -19.120 1.0000000000
162216  -37.721  -50.350  -19.320 1.0000000000
162217  -38.761  -49.584  -20.261 1.0000000000
162218  -38.200  -49.644  -19.868 1.0000000000
162219  -37.664  -49.611  -19.537 1.0000000000
162220  -37.601  -48.926  -19.819 1.0000000000
