#!ascii label  , from subject 40tvs8ref_sym_20 vox2ras=TkReg
269
401  -59.858  -28.236  22.493 1.0000000000
1200  -55.166  -28.616  21.699 1.0000000000
1895  -62.688  -27.162  24.621 1.0000000000
1896  -61.092  -24.471  23.243 1.0000000000
1897  -58.255  -25.292  21.011 1.0000000000
5040  -61.875  -27.923  23.164 1.0000000000
5041  -62.595  -29.344  25.103 1.0000000000
5042  -60.300  -29.703  24.319 1.0000000000
6768  -57.535  -28.386  22.132 1.0000000000
6769  -57.829  -29.768  23.963 1.0000000000
6770  -55.487  -29.857  23.636 1.0000000000
8299  -61.782  -25.963  23.699 1.0000000000
8300  -61.013  -26.587  22.219 1.0000000000
8302  -60.111  -25.003  21.836 1.0000000000
8303  -59.054  -26.834  21.559 1.0000000000
8304  -56.884  -27.100  21.164 1.0000000000
9376  -63.685  -28.403  26.557 1.0000000000
12720  -60.922  -28.130  22.751 1.0000000000
12721  -61.232  -28.875  23.598 1.0000000000
12722  -60.116  -29.008  23.327 1.0000000000
15120  -56.347  -28.471  21.939 1.0000000000
15121  -56.587  -29.155  22.783 1.0000000000
15122  -55.375  -29.253  22.623 1.0000000000
18250  -61.007  -24.208  24.155 1.0000000000
18251  -61.215  -24.983  24.412 1.0000000000
18252  -61.387  -25.281  23.435 1.0000000000
18253  -61.628  -26.301  22.847 1.0000000000
18254  -61.193  -25.562  22.582 1.0000000000
18260  -59.254  -25.150  21.381 1.0000000000
18261  -59.655  -25.935  21.536 1.0000000000
18262  -58.679  -26.075  21.240 1.0000000000
18263  -57.983  -26.944  21.338 1.0000000000
18264  -57.628  -26.226  20.988 1.0000000000
20880  -62.394  -26.719  25.642 1.0000000000
20881  -63.078  -27.246  26.489 1.0000000000
20882  -63.293  -27.773  25.479 1.0000000000
20883  -61.491  -30.155  25.928 1.0000000000
20884  -62.662  -29.939  26.393 1.0000000000
20888  -56.620  -30.336  24.951 1.0000000000
20889  -57.857  -30.357  25.077 1.0000000000
27504  -62.558  -27.571  23.752 1.0000000000
27505  -63.073  -28.294  24.599 1.0000000000
27506  -62.348  -28.659  23.980 1.0000000000
27507  -61.460  -29.552  24.623 1.0000000000
27508  -60.317  -30.273  25.566 1.0000000000
31152  -58.689  -28.302  22.316 1.0000000000
31153  -58.928  -29.028  23.098 1.0000000000
31154  -57.749  -29.077  22.973 1.0000000000
31155  -56.630  -29.814  23.813 1.0000000000
31156  -55.448  -30.352  24.798 1.0000000000
35186  -61.900  -26.215  25.133 1.0000000000
35188  -61.534  -25.636  24.756 1.0000000000
35189  -62.195  -26.569  24.106 1.0000000000
35190  -62.107  -26.964  23.224 1.0000000000
35191  -61.462  -27.277  22.626 1.0000000000
35192  -60.530  -27.464  22.234 1.0000000000
35198  -60.851  -24.773  22.439 1.0000000000
35199  -60.552  -25.805  21.994 1.0000000000
35200  -60.074  -26.723  21.844 1.0000000000
35201  -59.464  -27.568  21.978 1.0000000000
35202  -58.350  -27.634  21.761 1.0000000000
35203  -57.232  -27.748  21.539 1.0000000000
35204  -56.075  -27.870  21.346 1.0000000000
38371  -63.402  -28.951  25.717 1.0000000000
38372  -63.530  -29.556  27.012 1.0000000000
38377  -59.076  -29.747  24.052 1.0000000000
38378  -59.093  -30.350  25.316 1.0000000000
43440  -60.409  -28.183  22.589 1.0000000000
43441  -60.575  -28.557  22.982 1.0000000000
43442  -59.999  -28.621  22.885 1.0000000000
45840  -55.760  -28.525  21.812 1.0000000000
45841  -55.875  -28.851  22.235 1.0000000000
45842  -55.295  -28.945  22.122 1.0000000000
48970  -61.084  -24.346  23.701 1.0000000000
48971  -61.176  -24.767  23.807 1.0000000000
48972  -61.232  -24.883  23.327 1.0000000000
48973  -61.356  -25.413  22.966 1.0000000000
48974  -61.173  -25.024  22.889 1.0000000000
48978  -58.555  -24.810  21.107 1.0000000000
48980  -58.760  -25.210  21.193 1.0000000000
48981  -58.973  -25.611  21.281 1.0000000000
48982  -58.461  -25.682  21.117 1.0000000000
48983  -58.145  -26.149  21.103 1.0000000000
48984  -57.952  -25.770  20.955 1.0000000000
51600  -62.594  -26.954  25.122 1.0000000000
51601  -62.926  -27.247  25.517 1.0000000000
51602  -63.028  -27.496  25.004 1.0000000000
51603  -60.900  -30.459  26.425 1.0000000000
51604  -61.519  -30.389  26.629 1.0000000000
61200  -62.263  -27.747  23.432 1.0000000000
61201  -62.544  -28.117  23.796 1.0000000000
61202  -62.125  -28.274  23.542 1.0000000000
61203  -60.816  -29.315  23.904 1.0000000000
61204  -61.385  -29.216  24.066 1.0000000000
61205  -60.891  -29.648  24.454 1.0000000000
61206  -60.897  -29.958  25.064 1.0000000000
61207  -60.335  -30.010  24.900 1.0000000000
68400  -58.105  -28.328  22.248 1.0000000000
68401  -58.240  -28.710  22.644 1.0000000000
68402  -57.650  -28.747  22.536 1.0000000000
68403  -56.047  -29.526  23.195 1.0000000000
68404  -56.631  -29.495  23.283 1.0000000000
68405  -56.064  -29.829  23.724 1.0000000000
68406  -56.033  -30.110  24.310 1.0000000000
68407  -55.460  -30.130  24.215 1.0000000000
77788  -61.661  -26.044  25.666 1.0000000000
77793  -61.493  -25.481  24.047 1.0000000000
77794  -61.354  -25.329  24.552 1.0000000000
77795  -61.688  -25.791  24.205 1.0000000000
77796  -61.886  -26.087  24.398 1.0000000000
77797  -61.994  -26.262  23.879 1.0000000000
77798  -62.242  -26.764  23.608 1.0000000000
77799  -62.023  -26.442  23.414 1.0000000000
77800  -61.342  -26.444  22.507 1.0000000000
77801  -61.580  -26.785  22.696 1.0000000000
77802  -61.221  -26.929  22.392 1.0000000000
77803  -61.028  -27.417  22.389 1.0000000000
77804  -60.814  -27.050  22.172 1.0000000000
77816  -59.912  -24.574  21.779 1.0000000000
77819  -60.645  -24.365  22.376 1.0000000000
77820  -60.524  -24.911  22.127 1.0000000000
77821  -60.732  -25.304  22.188 1.0000000000
77822  -60.340  -25.410  21.902 1.0000000000
77823  -59.361  -26.395  21.519 1.0000000000
77824  -59.847  -26.335  21.686 1.0000000000
77825  -59.555  -26.787  21.698 1.0000000000
77826  -59.788  -27.145  21.882 1.0000000000
77827  -59.257  -27.209  21.760 1.0000000000
77828  -58.906  -27.605  21.876 1.0000000000
77829  -58.706  -27.239  21.633 1.0000000000
77830  -57.427  -27.010  21.243 1.0000000000
77831  -57.636  -27.362  21.443 1.0000000000
77832  -57.053  -27.434  21.335 1.0000000000
77833  -56.638  -27.822  21.446 1.0000000000
77834  -56.491  -27.487  21.229 1.0000000000
85683  -63.449  -27.794  26.483 1.0000000000
85684  -63.334  -27.510  26.948 1.0000000000
85687  -63.842  -28.686  27.132 1.0000000000
85688  -62.931  -28.835  24.804 1.0000000000
85689  -63.270  -28.629  25.124 1.0000000000
85690  -63.047  -29.168  25.375 1.0000000000
85691  -62.650  -30.201  27.097 1.0000000000
85692  -63.129  -29.768  26.687 1.0000000000
85693  -63.128  -30.017  27.408 1.0000000000
85694  -63.549  -29.799  27.722 1.0000000000
85703  -58.414  -29.411  23.494 1.0000000000
85704  -59.012  -29.395  23.552 1.0000000000
85705  -58.460  -29.772  23.981 1.0000000000
85707  -58.484  -30.360  25.166 1.0000000000
85708  -58.442  -30.617  25.848 1.0000000000
96624  -61.409  -28.046  22.940 1.0000000000
96625  -61.597  -28.418  23.345 1.0000000000
96626  -61.081  -28.501  23.158 1.0000000000
96627  -60.673  -28.960  23.448 1.0000000000
96628  -60.222  -29.379  23.806 1.0000000000
100944  -56.951  -28.419  22.027 1.0000000000
100945  -57.070  -28.779  22.437 1.0000000000
100946  -56.495  -28.800  22.333 1.0000000000
100947  -55.973  -29.192  22.702 1.0000000000
100948  -55.445  -29.573  23.120 1.0000000000
106578  -60.881  -24.046  24.633 1.0000000000
106579  -60.930  -24.442  24.763 1.0000000000
106580  -61.098  -24.607  24.284 1.0000000000
106581  -61.322  -25.146  23.920 1.0000000000
106582  -61.563  -25.641  23.569 1.0000000000
106583  -61.785  -26.120  23.257 1.0000000000
106584  -61.551  -25.790  23.110 1.0000000000
106585  -61.385  -25.938  22.700 1.0000000000
106586  -61.122  -26.097  22.363 1.0000000000
106596  -59.689  -25.068  21.577 1.0000000000
106597  -59.890  -25.473  21.643 1.0000000000
106598  -59.457  -25.534  21.437 1.0000000000
106599  -59.176  -25.998  21.386 1.0000000000
106600  -58.857  -26.459  21.385 1.0000000000
106601  -58.505  -26.880  21.425 1.0000000000
106602  -58.330  -26.522  21.262 1.0000000000
106603  -57.788  -26.583  21.155 1.0000000000
106604  -57.267  -26.660  21.059 1.0000000000
111314  -62.769  -27.037  26.005 1.0000000000
111315  -63.211  -27.512  25.983 1.0000000000
111316  -63.507  -28.078  26.012 1.0000000000
111317  -62.058  -29.772  25.469 1.0000000000
111318  -62.652  -29.671  25.699 1.0000000000
111319  -62.097  -30.054  26.143 1.0000000000
111326  -57.235  -30.082  24.462 1.0000000000
111327  -57.850  -30.082  24.505 1.0000000000
111328  -57.229  -30.350  25.008 1.0000000000
117552  -54.567  -28.700  21.588 1.0000000000
121939  -60.949  -23.783  24.035 1.0000000000
121940  -60.999  -23.916  23.590 1.0000000000
121952  -57.754  -25.390  20.853 1.0000000000
125616  -62.720  -27.378  24.130 1.0000000000
125617  -63.035  -27.708  24.524 1.0000000000
125618  -62.857  -27.927  24.124 1.0000000000
125619  -62.766  -28.481  24.273 1.0000000000
125620  -62.521  -28.985  24.524 1.0000000000
125621  -61.801  -28.764  23.759 1.0000000000
125622  -61.950  -29.107  24.258 1.0000000000
125623  -62.028  -29.447  24.838 1.0000000000
125624  -61.482  -29.868  25.247 1.0000000000
125625  -60.902  -30.228  25.727 1.0000000000
135024  -59.267  -28.261  22.387 1.0000000000
135025  -59.419  -28.637  22.754 1.0000000000
135026  -58.825  -28.662  22.678 1.0000000000
135027  -58.345  -29.062  23.059 1.0000000000
135028  -57.804  -29.428  23.443 1.0000000000
135029  -57.161  -29.117  22.879 1.0000000000
135030  -57.216  -29.446  23.363 1.0000000000
135031  -57.227  -29.786  23.887 1.0000000000
135032  -56.635  -30.093  24.374 1.0000000000
135033  -56.043  -30.336  24.882 1.0000000000
135036  -54.839  -29.634  23.047 1.0000000000
135037  -54.871  -29.902  23.575 1.0000000000
135040  -54.888  -30.157  24.130 1.0000000000
135041  -54.866  -30.389  24.701 1.0000000000
146569  -62.132  -26.476  25.358 1.0000000000
146570  -62.311  -26.672  24.850 1.0000000000
146577  -61.700  -25.931  24.944 1.0000000000
146578  -62.080  -26.398  24.619 1.0000000000
146579  -62.424  -26.873  24.353 1.0000000000
146580  -62.445  -27.067  23.872 1.0000000000
146581  -62.324  -27.277  23.471 1.0000000000
146582  -62.042  -27.469  23.146 1.0000000000
146583  -61.869  -26.620  23.024 1.0000000000
146584  -61.817  -27.123  22.913 1.0000000000
146585  -61.669  -27.620  22.882 1.0000000000
146586  -61.244  -27.756  22.635 1.0000000000
146587  -60.745  -27.809  22.460 1.0000000000
146588  -60.215  -27.846  22.335 1.0000000000
146597  -60.980  -24.033  23.159 1.0000000000
146605  -60.864  -24.203  22.740 1.0000000000
146606  -61.021  -24.605  22.824 1.0000000000
146607  -61.036  -25.173  22.491 1.0000000000
146608  -60.921  -25.694  22.260 1.0000000000
146609  -60.780  -26.201  22.092 1.0000000000
146610  -60.106  -25.877  21.741 1.0000000000
146611  -60.331  -26.293  21.862 1.0000000000
146612  -60.607  -26.675  21.986 1.0000000000
146613  -60.324  -27.091  22.014 1.0000000000
146614  -60.007  -27.499  22.098 1.0000000000
146615  -59.661  -27.899  22.209 1.0000000000
146616  -59.095  -27.943  22.124 1.0000000000
146617  -58.528  -27.980  22.036 1.0000000000
146618  -57.962  -28.006  21.932 1.0000000000
146619  -58.170  -27.288  21.531 1.0000000000
146620  -57.809  -27.685  21.647 1.0000000000
146621  -57.393  -28.059  21.797 1.0000000000
146622  -56.801  -28.115  21.712 1.0000000000
146623  -56.210  -28.185  21.631 1.0000000000
146624  -55.625  -28.256  21.506 1.0000000000
146626  -57.106  -26.306  20.897 1.0000000000
146632  -55.510  -27.936  21.238 1.0000000000
146633  -55.043  -28.320  21.400 1.0000000000
156067  -62.832  -27.028  26.985 1.0000000000
156073  -63.281  -28.023  24.989 1.0000000000
156074  -63.478  -28.363  25.535 1.0000000000
156075  -63.636  -28.703  26.117 1.0000000000
156076  -63.104  -29.477  26.000 1.0000000000
156077  -63.474  -29.272  26.329 1.0000000000
156078  -63.755  -29.010  26.716 1.0000000000
156079  -63.851  -29.282  27.364 1.0000000000
156091  -59.523  -29.014  23.195 1.0000000000
156092  -59.620  -29.400  23.657 1.0000000000
156093  -59.691  -29.736  24.176 1.0000000000
156094  -58.511  -30.085  24.527 1.0000000000
156095  -59.113  -30.065  24.637 1.0000000000
156096  -59.729  -30.048  24.779 1.0000000000
156097  -59.694  -30.323  25.454 1.0000000000
156098  -59.684  -30.556  26.115 1.0000000000
