#!ascii label  , from subject 40tvs8ref_sym_20 vox2ras=TkReg
334
402  -56.697  -21.793  21.242 1.0000000000
907  -62.452  -16.198  24.372 1.0000000000
908  -60.504  -21.066  22.510 1.0000000000
909  -60.336  -17.654  21.694 1.0000000000
2827  -63.468  -14.873  22.868 1.0000000000
2828  -61.853  -17.176  22.780 1.0000000000
2829  -62.480  -15.834  21.379 1.0000000000
4164  -60.914  -22.002  24.611 1.0000000000
4165  -58.770  -21.523  21.621 1.0000000000
4166  -59.349  -23.316  21.619 1.0000000000
4167  -57.421  -23.626  20.928 1.0000000000
6241  -61.724  -17.772  25.338 1.0000000000
6242  -61.251  -20.247  24.161 1.0000000000
6243  -61.465  -18.700  23.620 1.0000000000
6244  -60.290  -19.376  22.308 1.0000000000
6245  -58.361  -19.726  21.655 1.0000000000
8301  -60.668  -22.771  22.874 1.0000000000
8307  -60.874  -16.359  20.263 1.0000000000
8308  -58.500  -17.996  20.849 1.0000000000
8309  -56.365  -19.971  21.165 1.0000000000
10507  -64.058  -14.404  21.955 1.0000000000
10508  -63.113  -15.398  22.071 1.0000000000
10509  -63.629  -14.960  21.155 1.0000000000
11844  -61.028  -20.683  25.320 1.0000000000
11845  -57.698  -21.670  21.403 1.0000000000
11846  -58.017  -22.562  21.219 1.0000000000
11847  -56.970  -22.740  21.085 1.0000000000
14242  -62.065  -16.955  24.898 1.0000000000
14243  -61.729  -18.214  24.469 1.0000000000
14244  -61.954  -17.454  24.063 1.0000000000
14245  -61.170  -17.460  22.171 1.0000000000
14246  -61.065  -18.255  22.624 1.0000000000
14247  -60.256  -18.504  22.100 1.0000000000
14248  -59.385  -19.582  21.906 1.0000000000
14249  -59.335  -18.644  21.706 1.0000000000
18255  -61.014  -20.678  23.247 1.0000000000
18256  -60.895  -21.518  23.540 1.0000000000
18257  -60.588  -21.858  22.670 1.0000000000
18258  -58.866  -24.327  21.250 1.0000000000
18259  -59.734  -24.158  21.722 1.0000000000
18271  -62.182  -15.678  19.854 1.0000000000
18274  -58.710  -17.347  20.091 1.0000000000
18275  -57.571  -18.239  20.407 1.0000000000
18276  -57.411  -18.944  21.036 1.0000000000
18277  -56.436  -19.140  20.651 1.0000000000
23521  -62.941  -15.463  23.649 1.0000000000
23522  -62.229  -16.705  23.536 1.0000000000
23523  -62.645  -16.003  22.848 1.0000000000
23524  -62.099  -16.457  22.154 1.0000000000
23525  -61.364  -16.730  21.566 1.0000000000
25928  -60.933  -23.328  23.929 1.0000000000
25929  -59.701  -21.341  21.916 1.0000000000
25930  -59.915  -22.202  22.004 1.0000000000
25931  -59.014  -22.402  21.506 1.0000000000
25932  -58.409  -23.461  21.175 1.0000000000
25933  -57.850  -24.484  20.888 1.0000000000
29923  -61.422  -18.589  25.687 1.0000000000
29924  -61.264  -19.812  25.085 1.0000000000
29925  -61.473  -19.052  24.800 1.0000000000
29926  -61.392  -19.433  23.912 1.0000000000
29927  -61.066  -19.873  23.071 1.0000000000
29928  -61.618  -17.910  23.291 1.0000000000
29929  -61.028  -19.110  22.867 1.0000000000
29930  -60.416  -20.237  22.414 1.0000000000
29931  -59.545  -20.470  21.961 1.0000000000
29932  -58.521  -20.627  21.710 1.0000000000
29933  -57.513  -20.763  21.525 1.0000000000
35193  -61.049  -21.109  24.353 1.0000000000
35194  -60.905  -22.398  23.719 1.0000000000
35195  -60.865  -23.644  23.035 1.0000000000
35196  -60.156  -23.104  22.178 1.0000000000
35197  -60.457  -23.944  22.299 1.0000000000
35211  -62.996  -15.348  20.439 1.0000000000
35212  -61.721  -16.146  20.772 1.0000000000
35213  -60.532  -16.917  21.049 1.0000000000
35215  -59.654  -17.112  20.568 1.0000000000
35216  -59.434  -17.818  21.272 1.0000000000
35217  -58.355  -18.821  21.375 1.0000000000
35218  -57.396  -19.804  21.426 1.0000000000
35219  -56.496  -20.887  21.356 1.0000000000
36519  -61.741  -17.032  26.089 1.0000000000
36520  -62.185  -16.228  25.653 1.0000000000
36521  -62.651  -15.481  25.078 1.0000000000
36524  -63.233  -14.759  24.345 1.0000000000
41227  -64.347  -14.220  21.482 1.0000000000
41228  -63.884  -14.678  21.551 1.0000000000
42563  -61.000  -20.490  25.808 1.0000000000
42564  -61.104  -20.007  25.662 1.0000000000
42565  -57.196  -21.718  21.320 1.0000000000
42566  -57.328  -22.187  21.233 1.0000000000
42567  -56.822  -22.267  21.156 1.0000000000
44962  -62.252  -16.600  24.659 1.0000000000
44963  -62.032  -17.203  24.473 1.0000000000
44964  -62.190  -16.834  24.238 1.0000000000
44965  -60.772  -17.585  21.914 1.0000000000
44966  -60.737  -17.996  22.143 1.0000000000
44967  -60.280  -18.068  21.935 1.0000000000
44968  -59.798  -18.576  21.894 1.0000000000
44969  -59.826  -18.143  21.712 1.0000000000
48975  -60.791  -20.884  22.847 1.0000000000
48976  -60.786  -21.289  22.959 1.0000000000
48977  -60.533  -21.477  22.587 1.0000000000
48979  -59.063  -24.741  21.319 1.0000000000
48994  -57.644  -17.908  20.038 1.0000000000
48996  -57.003  -18.696  20.536 1.0000000000
54562  -63.202  -15.147  23.284 1.0000000000
54563  -62.823  -15.741  23.247 1.0000000000
54564  -63.101  -15.440  22.879 1.0000000000
54565  -62.818  -15.620  21.706 1.0000000000
54566  -62.596  -15.923  22.110 1.0000000000
54567  -62.276  -16.120  21.766 1.0000000000
54568  -61.770  -16.600  21.828 1.0000000000
54569  -61.895  -16.294  21.470 1.0000000000
58570  -60.833  -21.815  25.080 1.0000000000
58572  -60.830  -22.487  24.730 1.0000000000
58574  -60.907  -22.679  24.272 1.0000000000
58575  -59.270  -21.443  21.731 1.0000000000
58576  -59.333  -21.897  21.678 1.0000000000
58577  -58.882  -21.951  21.540 1.0000000000
58578  -57.716  -23.105  21.069 1.0000000000
58579  -58.210  -23.006  21.167 1.0000000000
58580  -57.946  -23.557  21.025 1.0000000000
58581  -58.155  -23.984  21.010 1.0000000000
58582  -57.656  -24.058  20.887 1.0000000000
58583  -57.335  -24.560  20.793 1.0000000000
65767  -61.571  -18.179  25.528 1.0000000000
65768  -61.461  -18.826  25.249 1.0000000000
65769  -61.585  -18.427  25.107 1.0000000000
65770  -61.610  -18.459  24.038 1.0000000000
65771  -61.537  -18.821  24.216 1.0000000000
65772  -61.429  -19.061  23.782 1.0000000000
65773  -61.281  -19.677  23.496 1.0000000000
65774  -61.262  -19.293  23.359 1.0000000000
65775  -62.055  -16.951  23.134 1.0000000000
65776  -61.900  -17.325  23.408 1.0000000000
65777  -61.718  -17.541  23.055 1.0000000000
65778  -60.652  -18.809  22.471 1.0000000000
65779  -61.039  -18.678  22.762 1.0000000000
65780  -60.702  -19.237  22.562 1.0000000000
65781  -60.743  -19.659  22.647 1.0000000000
65782  -60.381  -19.806  22.363 1.0000000000
65783  -60.004  -20.372  22.146 1.0000000000
65784  -59.944  -19.941  22.132 1.0000000000
65785  -58.850  -19.657  21.767 1.0000000000
65786  -58.945  -20.109  21.824 1.0000000000
65787  -58.422  -20.181  21.703 1.0000000000
65788  -58.017  -20.725  21.620 1.0000000000
65789  -57.933  -20.238  21.628 1.0000000000
77805  -61.268  -20.035  24.606 1.0000000000
77806  -61.149  -20.441  24.724 1.0000000000
77807  -61.118  -20.647  24.270 1.0000000000
77808  -60.785  -22.150  23.209 1.0000000000
77809  -60.893  -21.954  23.630 1.0000000000
77810  -60.810  -22.578  23.306 1.0000000000
77811  -60.866  -23.055  23.361 1.0000000000
77812  -60.753  -23.210  22.957 1.0000000000
77813  -59.639  -22.768  21.798 1.0000000000
77814  -60.033  -22.678  22.106 1.0000000000
77815  -59.788  -23.210  21.885 1.0000000000
77817  -60.103  -24.059  21.989 1.0000000000
77818  -60.306  -24.492  22.066 1.0000000000
77851  -63.616  -14.973  20.286 1.0000000000
77852  -63.262  -15.137  19.941 1.0000000000
77853  -61.520  -16.022  20.074 1.0000000000
77854  -61.954  -15.909  20.342 1.0000000000
77855  -61.300  -16.262  20.527 1.0000000000
77856  -61.107  -16.518  20.919 1.0000000000
77857  -60.692  -16.625  20.674 1.0000000000
77861  -58.602  -17.653  20.479 1.0000000000
77862  -59.198  -17.211  20.317 1.0000000000
77863  -59.069  -17.530  20.721 1.0000000000
77864  -59.527  -17.445  20.953 1.0000000000
77865  -58.975  -17.889  21.066 1.0000000000
77866  -58.871  -18.323  21.321 1.0000000000
77867  -58.416  -18.383  21.150 1.0000000000
77868  -56.868  -19.455  21.118 1.0000000000
77869  -57.364  -19.362  21.261 1.0000000000
77870  -56.892  -19.880  21.293 1.0000000000
77871  -56.954  -20.337  21.408 1.0000000000
77872  -56.435  -20.404  21.300 1.0000000000
81072  -61.760  -16.668  26.475 1.0000000000
81074  -62.242  -15.876  26.031 1.0000000000
81076  -62.407  -15.859  25.386 1.0000000000
81077  -62.722  -15.129  25.452 1.0000000000
81084  -63.348  -14.393  24.709 1.0000000000
81085  -63.649  -14.088  24.310 1.0000000000
92641  -63.767  -14.642  22.417 1.0000000000
92642  -63.346  -15.182  22.468 1.0000000000
92643  -63.593  -14.934  22.013 1.0000000000
92644  -63.373  -15.151  21.611 1.0000000000
92645  -63.040  -15.376  21.284 1.0000000000
95048  -60.965  -21.344  24.962 1.0000000000
95049  -58.225  -21.604  21.493 1.0000000000
95050  -58.369  -22.035  21.422 1.0000000000
95051  -57.837  -22.123  21.317 1.0000000000
95052  -57.492  -22.673  21.138 1.0000000000
95053  -57.184  -23.187  20.998 1.0000000000
95055  -56.642  -23.267  20.944 1.0000000000
99364  -61.888  -17.365  25.119 1.0000000000
99365  -61.735  -18.019  24.894 1.0000000000
99366  -61.884  -17.581  24.692 1.0000000000
99367  -61.835  -17.811  24.269 1.0000000000
99368  -61.732  -18.085  23.852 1.0000000000
99369  -61.536  -17.330  22.469 1.0000000000
99370  -61.441  -17.713  22.736 1.0000000000
99371  -61.108  -17.853  22.431 1.0000000000
99372  -60.685  -18.379  22.359 1.0000000000
99373  -60.256  -18.944  22.226 1.0000000000
99374  -59.863  -19.503  22.100 1.0000000000
99375  -59.807  -19.044  22.015 1.0000000000
99376  -59.333  -19.109  21.823 1.0000000000
99377  -58.848  -19.190  21.699 1.0000000000
106587  -61.154  -20.445  23.716 1.0000000000
106588  -61.048  -20.865  23.853 1.0000000000
106589  -60.953  -21.070  23.403 1.0000000000
106590  -60.784  -21.708  23.094 1.0000000000
106591  -60.623  -22.335  22.779 1.0000000000
106592  -59.111  -23.833  21.421 1.0000000000
106593  -59.564  -23.747  21.671 1.0000000000
106594  -59.335  -24.252  21.474 1.0000000000
106595  -59.503  -24.651  21.536 1.0000000000
106615  -62.861  -15.309  19.646 1.0000000000
106618  -61.088  -16.125  19.807 1.0000000000
106622  -58.131  -17.776  20.257 1.0000000000
106623  -58.043  -18.112  20.626 1.0000000000
106624  -57.946  -18.456  20.966 1.0000000000
106625  -57.492  -18.577  20.746 1.0000000000
106626  -56.915  -19.063  20.866 1.0000000000
106627  -56.379  -19.546  20.938 1.0000000000
116323  -62.691  -15.811  24.011 1.0000000000
116324  -62.370  -16.444  23.966 1.0000000000
116325  -62.564  -16.074  23.618 1.0000000000
116326  -62.425  -16.343  23.200 1.0000000000
116327  -62.237  -16.586  22.817 1.0000000000
116328  -62.866  -15.693  22.489 1.0000000000
116329  -62.407  -16.251  22.481 1.0000000000
116330  -62.006  -16.822  22.483 1.0000000000
116331  -61.645  -16.952  22.164 1.0000000000
116332  -61.265  -17.068  21.892 1.0000000000
116333  -60.839  -17.187  21.648 1.0000000000
121941  -60.134  -21.181  22.176 1.0000000000
121942  -60.195  -21.628  22.243 1.0000000000
121943  -59.796  -21.763  21.936 1.0000000000
121944  -59.497  -22.325  21.715 1.0000000000
121945  -59.179  -22.864  21.544 1.0000000000
121946  -58.523  -22.461  21.316 1.0000000000
121947  -58.696  -22.928  21.340 1.0000000000
121948  -58.896  -23.390  21.374 1.0000000000
121949  -58.640  -23.915  21.178 1.0000000000
121950  -58.360  -24.398  21.037 1.0000000000
121951  -58.051  -24.892  20.932 1.0000000000
121953  -57.538  -24.985  20.812 1.0000000000
131691  -61.342  -19.230  25.404 1.0000000000
131692  -61.375  -19.452  24.927 1.0000000000
131693  -61.379  -19.649  24.475 1.0000000000
131694  -61.605  -18.626  24.653 1.0000000000
131695  -61.466  -19.214  24.348 1.0000000000
131696  -61.338  -19.829  24.029 1.0000000000
131697  -61.247  -20.076  23.579 1.0000000000
131698  -61.056  -20.276  23.151 1.0000000000
131699  -60.807  -20.468  22.784 1.0000000000
131700  -62.079  -17.074  23.830 1.0000000000
131701  -61.835  -17.705  23.644 1.0000000000
131702  -61.544  -18.305  23.472 1.0000000000
131703  -61.376  -18.103  22.946 1.0000000000
131704  -61.314  -18.503  23.105 1.0000000000
131705  -61.271  -18.903  23.236 1.0000000000
131706  -61.050  -19.471  22.986 1.0000000000
131707  -60.775  -20.062  22.728 1.0000000000
131708  -60.469  -20.650  22.455 1.0000000000
131709  -60.048  -20.791  22.160 1.0000000000
131710  -59.631  -20.912  21.933 1.0000000000
131711  -59.160  -20.998  21.777 1.0000000000
131712  -59.456  -20.047  21.948 1.0000000000
131713  -59.044  -20.558  21.807 1.0000000000
131714  -58.631  -21.087  21.643 1.0000000000
131715  -58.104  -21.177  21.558 1.0000000000
131716  -57.591  -21.226  21.475 1.0000000000
131717  -57.085  -21.272  21.393 1.0000000000
146589  -61.134  -20.218  25.203 1.0000000000
146590  -61.047  -20.880  24.837 1.0000000000
146591  -60.987  -21.552  24.474 1.0000000000
146592  -60.976  -21.318  23.961 1.0000000000
146593  -60.970  -21.768  24.033 1.0000000000
146594  -60.938  -22.180  24.173 1.0000000000
146595  -60.916  -22.850  23.826 1.0000000000
146596  -60.924  -23.487  23.472 1.0000000000
146598  -60.281  -22.077  22.331 1.0000000000
146599  -60.366  -22.518  22.418 1.0000000000
146600  -60.450  -22.948  22.502 1.0000000000
146601  -59.945  -23.648  21.946 1.0000000000
146602  -60.295  -23.521  22.236 1.0000000000
146603  -60.550  -23.368  22.576 1.0000000000
146604  -60.702  -23.805  22.649 1.0000000000
146643  -63.906  -14.780  20.682 1.0000000000
146644  -63.333  -15.160  20.798 1.0000000000
146645  -62.725  -15.580  20.932 1.0000000000
146646  -62.617  -15.514  20.122 1.0000000000
146647  -62.366  -15.756  20.597 1.0000000000
146648  -62.139  -16.013  21.066 1.0000000000
146649  -61.525  -16.414  21.182 1.0000000000
146650  -60.961  -16.812  21.305 1.0000000000
146651  -60.409  -17.252  21.394 1.0000000000
146655  -59.355  -16.936  19.910 1.0000000000
146656  -59.826  -16.809  20.137 1.0000000000
146657  -60.267  -16.728  20.395 1.0000000000
146658  -60.080  -17.018  20.830 1.0000000000
146659  -59.977  -17.344  21.186 1.0000000000
146660  -59.887  -17.727  21.475 1.0000000000
146661  -59.350  -18.216  21.523 1.0000000000
146662  -58.843  -18.751  21.548 1.0000000000
146663  -58.341  -19.264  21.570 1.0000000000
146664  -57.890  -18.876  21.212 1.0000000000
146665  -57.858  -19.318  21.397 1.0000000000
146666  -57.860  -19.781  21.537 1.0000000000
146667  -57.451  -20.277  21.521 1.0000000000
146668  -57.015  -20.807  21.461 1.0000000000
146669  -56.582  -21.341  21.326 1.0000000000
146688  -55.943  -19.225  20.466 1.0000000000
146694  -55.971  -20.952  21.256 1.0000000000
146695  -56.059  -21.418  21.262 1.0000000000
150525  -61.401  -18.268  26.081 1.0000000000
150526  -61.570  -17.826  25.908 1.0000000000
150527  -61.750  -17.392  25.722 1.0000000000
150529  -61.969  -16.627  25.886 1.0000000000
150530  -61.927  -16.972  25.513 1.0000000000
150531  -62.133  -16.597  25.279 1.0000000000
150532  -62.343  -16.222  25.020 1.0000000000
150533  -62.559  -15.838  24.714 1.0000000000
150541  -62.921  -15.104  24.717 1.0000000000
150542  -62.813  -15.464  24.361 1.0000000000
150543  -63.097  -15.119  23.976 1.0000000000
150544  -63.370  -14.794  23.603 1.0000000000
150549  -64.261  -14.039  22.261 1.0000000000
