#!ascii label  , from subject 40tvs8ref_sym_20 vox2ras=TkReg
154
76  -3.875  -24.372  34.086 1.0000000000
947  -3.861  -18.812  33.261 1.0000000000
2867  -3.746  -21.643  33.575 1.0000000000
2868  -5.437  -20.840  32.194 1.0000000000
2869  -4.750  -23.594  32.122 1.0000000000
2871  -4.247  -26.217  32.309 1.0000000000
7355  -3.771  -19.786  35.754 1.0000000000
7356  -4.021  -22.583  36.344 1.0000000000
9683  -4.350  -24.725  37.670 1.0000000000
9692  -4.416  -26.573  35.369 1.0000000000
9693  -4.198  -28.352  33.333 1.0000000000
10547  -3.790  -23.003  33.779 1.0000000000
10548  -4.078  -22.590  32.658 1.0000000000
10549  -3.979  -23.986  32.821 1.0000000000
10550  -4.462  -24.940  32.156 1.0000000000
10551  -3.969  -25.286  33.128 1.0000000000
14364  -4.783  -18.379  32.611 1.0000000000
16175  -3.880  -21.186  36.035 1.0000000000
21666  -4.671  -26.775  37.077 1.0000000000
21667  -4.703  -27.670  35.961 1.0000000000
21668  -4.305  -27.469  34.278 1.0000000000
23593  -3.770  -20.233  33.391 1.0000000000
23594  -4.503  -19.800  32.558 1.0000000000
23595  -4.260  -21.226  32.591 1.0000000000
23596  -5.099  -22.245  32.127 1.0000000000
30096  -5.780  -19.429  32.279 1.0000000000
32580  -3.539  -17.886  34.209 1.0000000000
32582  -3.605  -18.347  35.517 1.0000000000
32583  -3.601  -19.298  34.398 1.0000000000
32584  -3.691  -20.704  34.595 1.0000000000
32585  -3.769  -22.099  34.854 1.0000000000
32586  -3.929  -23.469  35.204 1.0000000000
39286  -4.194  -23.631  37.040 1.0000000000
39287  -4.154  -24.532  35.872 1.0000000000
39312  -4.490  -25.873  38.222 1.0000000000
39313  -4.426  -25.642  36.468 1.0000000000
39314  -4.129  -25.429  34.717 1.0000000000
39315  -4.100  -26.364  33.714 1.0000000000
39316  -4.107  -27.276  32.693 1.0000000000
41267  -3.812  -23.700  33.936 1.0000000000
41268  -3.873  -23.491  33.287 1.0000000000
41269  -3.868  -24.189  33.425 1.0000000000
41270  -3.957  -24.644  32.966 1.0000000000
41271  -3.918  -24.824  33.596 1.0000000000
45083  -4.349  -17.869  32.881 1.0000000000
45084  -4.245  -18.591  32.879 1.0000000000
52387  -4.816  -28.222  36.256 1.0000000000
54682  -3.740  -20.964  33.471 1.0000000000
54683  -3.973  -20.753  32.969 1.0000000000
54684  -3.938  -21.446  33.036 1.0000000000
54685  -4.411  -23.093  32.374 1.0000000000
54686  -4.537  -22.419  32.348 1.0000000000
54687  -4.922  -22.927  32.110 1.0000000000
54692  -4.337  -25.582  32.245 1.0000000000
54694  -4.601  -26.064  31.914 1.0000000000
54696  -4.451  -26.708  31.945 1.0000000000
66135  -4.974  -20.323  32.364 1.0000000000
66136  -5.127  -19.612  32.401 1.0000000000
66137  -5.627  -20.138  32.235 1.0000000000
71555  -3.513  -17.169  34.129 1.0000000000
71556  -3.457  -17.413  34.729 1.0000000000
71560  -3.815  -19.319  36.348 1.0000000000
71561  -3.724  -18.590  36.218 1.0000000000
71562  -3.694  -19.070  35.638 1.0000000000
71563  -3.576  -18.837  34.942 1.0000000000
71564  -3.645  -19.531  35.049 1.0000000000
71565  -3.650  -20.006  34.491 1.0000000000
71566  -3.732  -20.260  35.160 1.0000000000
71567  -3.945  -21.891  36.165 1.0000000000
71568  -3.818  -21.616  35.421 1.0000000000
71569  -3.890  -22.328  35.590 1.0000000000
71570  -3.848  -22.780  35.039 1.0000000000
71571  -3.971  -23.030  35.776 1.0000000000
87972  -4.268  -24.155  37.364 1.0000000000
87973  -4.168  -24.081  36.459 1.0000000000
87974  -4.277  -24.620  36.791 1.0000000000
88036  -4.441  -25.985  39.036 1.0000000000
88037  -4.556  -26.439  38.449 1.0000000000
88038  -4.571  -26.676  36.219 1.0000000000
88039  -4.558  -26.200  36.770 1.0000000000
88040  -4.442  -26.101  35.926 1.0000000000
88041  -4.298  -25.531  35.608 1.0000000000
88042  -4.275  -25.998  35.055 1.0000000000
88043  -4.110  -25.894  34.202 1.0000000000
88044  -4.230  -26.444  34.531 1.0000000000
88045  -4.262  -27.920  33.783 1.0000000000
88046  -4.154  -27.377  33.448 1.0000000000
88047  -4.136  -27.821  32.985 1.0000000000
92713  -3.737  -22.327  33.658 1.0000000000
92714  -3.899  -22.122  33.100 1.0000000000
92715  -3.875  -22.799  33.182 1.0000000000
92716  -4.016  -23.282  32.734 1.0000000000
92717  -4.302  -23.773  32.417 1.0000000000
92718  -4.599  -24.269  32.114 1.0000000000
92719  -4.208  -24.470  32.455 1.0000000000
92720  -4.133  -25.114  32.601 1.0000000000
92721  -4.098  -25.751  32.704 1.0000000000
99583  -4.948  -17.648  32.691 1.0000000000
99585  -5.919  -21.364  32.041 1.0000000000
99586  -6.141  -20.667  32.086 1.0000000000
102843  -3.830  -20.489  35.884 1.0000000000
102845  -4.000  -21.452  36.788 1.0000000000
112726  -4.686  -26.887  37.898 1.0000000000
112728  -4.689  -27.231  36.514 1.0000000000
112729  -4.551  -27.131  35.657 1.0000000000
112730  -4.358  -27.009  34.831 1.0000000000
112731  -4.502  -27.570  35.132 1.0000000000
112732  -4.451  -28.019  34.609 1.0000000000
116491  -3.816  -19.500  33.322 1.0000000000
116492  -4.156  -19.293  32.884 1.0000000000
116493  -4.060  -19.986  32.915 1.0000000000
116494  -4.361  -20.518  32.562 1.0000000000
116495  -4.788  -21.039  32.358 1.0000000000
116496  -4.168  -21.921  32.613 1.0000000000
116497  -4.662  -21.736  32.347 1.0000000000
116498  -5.236  -21.556  32.152 1.0000000000
132156  -4.659  -19.083  32.588 1.0000000000
132157  -5.287  -18.895  32.444 1.0000000000
138978  -3.644  -18.350  33.695 1.0000000000
138983  -3.634  -17.859  36.083 1.0000000000
138985  -3.508  -18.128  34.832 1.0000000000
138986  -3.566  -18.594  34.288 1.0000000000
138987  -3.635  -19.054  33.763 1.0000000000
138988  -3.640  -19.755  33.873 1.0000000000
138989  -3.664  -20.477  33.927 1.0000000000
138990  -3.676  -21.166  34.071 1.0000000000
138991  -3.764  -20.924  35.306 1.0000000000
138992  -3.714  -21.381  34.742 1.0000000000
138993  -3.705  -21.863  34.194 1.0000000000
138994  -3.761  -22.553  34.322 1.0000000000
138995  -3.831  -23.234  34.482 1.0000000000
138996  -3.898  -23.922  34.648 1.0000000000
158813  -4.138  -22.661  37.252 1.0000000000
158815  -4.187  -23.192  37.638 1.0000000000
158816  -4.110  -23.110  36.688 1.0000000000
158817  -4.063  -23.564  36.079 1.0000000000
158818  -4.035  -24.002  35.534 1.0000000000
158819  -4.009  -24.452  34.943 1.0000000000
158893  -4.376  -25.405  38.840 1.0000000000
158894  -4.424  -25.301  37.961 1.0000000000
158895  -4.588  -26.331  37.629 1.0000000000
158896  -4.501  -25.759  37.348 1.0000000000
158897  -4.391  -25.195  37.072 1.0000000000
158898  -4.291  -25.090  36.188 1.0000000000
158899  -4.150  -24.978  35.274 1.0000000000
158900  -3.990  -24.908  34.381 1.0000000000
158901  -4.002  -25.357  33.878 1.0000000000
158902  -4.008  -25.838  33.374 1.0000000000
158903  -4.081  -26.286  32.940 1.0000000000
158904  -4.192  -26.919  33.991 1.0000000000
158905  -4.108  -26.827  33.205 1.0000000000
158906  -4.144  -26.747  32.477 1.0000000000
158907  -4.291  -27.242  32.086 1.0000000000
158912  -4.291  -28.909  33.625 1.0000000000
