#!ascii label  , from subject 40tvs8ref_sym_20 vox2ras=TkReg
302
317  -4.100  -31.327  26.640 1.0000000000
318  -1.690  -29.183  26.025 1.0000000000
798  -3.638  -35.847  25.600 1.0000000000
1725  -2.980  -29.235  26.755 1.0000000000
1726  -2.188  -34.501  25.392 1.0000000000
3832  -3.938  -28.591  27.015 1.0000000000
3833  -3.259  -27.154  27.193 1.0000000000
3834  -3.729  -31.008  26.588 1.0000000000
3836  -2.718  -34.780  25.650 1.0000000000
5385  -2.125  -26.081  26.768 1.0000000000
6043  -4.339  -33.520  26.300 1.0000000000
6044  -3.968  -33.772  26.179 1.0000000000
6045  -4.164  -35.832  25.853 1.0000000000
7864  -2.715  -26.163  27.140 1.0000000000
7865  -2.397  -28.955  26.523 1.0000000000
7866  -3.235  -32.690  26.250 1.0000000000
7867  -2.432  -31.761  26.193 1.0000000000
7868  -1.921  -32.013  25.787 1.0000000000
11512  -3.987  -29.883  26.857 1.0000000000
11513  -3.798  -29.908  26.812 1.0000000000
11514  -3.936  -31.452  26.602 1.0000000000
13065  -1.927  -27.663  26.385 1.0000000000
13066  -1.728  -26.085  26.491 1.0000000000
13067  -1.495  -27.678  26.064 1.0000000000
13912  -4.479  -34.509  26.165 1.0000000000
13913  -4.246  -34.664  26.094 1.0000000000
13914  -4.382  -35.666  25.937 1.0000000000
17260  -3.205  -28.409  26.946 1.0000000000
17261  -3.011  -26.804  27.177 1.0000000000
17262  -2.914  -27.972  26.916 1.0000000000
17263  -2.574  -27.494  26.801 1.0000000000
17264  -2.677  -29.005  26.648 1.0000000000
17265  -3.840  -34.842  25.940 1.0000000000
17266  -3.682  -33.449  26.166 1.0000000000
17267  -3.433  -34.247  25.918 1.0000000000
17268  -2.400  -34.571  25.557 1.0000000000
17269  -2.545  -33.372  25.916 1.0000000000
17270  -2.286  -33.152  25.816 1.0000000000
17271  -2.199  -31.865  26.014 1.0000000000
17272  -2.076  -33.237  25.619 1.0000000000
17273  -1.795  -33.277  25.359 1.0000000000
17274  -1.954  -34.713  25.112 1.0000000000
25332  -3.626  -28.173  27.077 1.0000000000
25333  -3.528  -29.318  26.805 1.0000000000
25334  -3.354  -29.993  26.665 1.0000000000
25335  -3.360  -36.645  25.270 1.0000000000
25336  -3.179  -35.257  25.629 1.0000000000
25337  -2.950  -36.072  25.306 1.0000000000
25338  -2.601  -35.896  25.227 1.0000000000
25339  -2.305  -35.773  25.094 1.0000000000
25340  -2.090  -35.895  24.858 1.0000000000
29461  -4.203  -32.402  26.465 1.0000000000
29462  -4.046  -32.563  26.417 1.0000000000
29463  -4.148  -33.673  26.259 1.0000000000
29464  -4.046  -34.803  26.039 1.0000000000
29465  -3.988  -35.978  25.739 1.0000000000
29466  -4.325  -36.886  25.595 1.0000000000
29467  -4.110  -37.018  25.484 1.0000000000
29468  -3.827  -37.112  25.327 1.0000000000
31635  -1.413  -30.540  25.605 1.0000000000
33963  -2.407  -25.901  26.990 1.0000000000
33964  -2.262  -27.494  26.629 1.0000000000
33965  -2.064  -29.096  26.313 1.0000000000
33966  -3.879  -32.539  26.387 1.0000000000
33967  -3.557  -31.823  26.405 1.0000000000
33968  -3.106  -30.884  26.547 1.0000000000
33969  -2.996  -33.658  25.954 1.0000000000
33970  -2.798  -32.064  26.293 1.0000000000
33971  -2.691  -30.489  26.517 1.0000000000
33972  -2.406  -30.318  26.391 1.0000000000
33973  -2.135  -30.429  26.177 1.0000000000
33974  -1.822  -30.522  25.924 1.0000000000
33975  -1.563  -31.958  25.491 1.0000000000
35657  -4.097  -28.701  27.006 1.0000000000
35658  -4.115  -29.861  26.889 1.0000000000
35667  -4.259  -31.260  26.674 1.0000000000
35668  -4.401  -32.429  26.507 1.0000000000
35669  -4.609  -33.518  26.385 1.0000000000
42232  -4.031  -30.592  26.742 1.0000000000
42233  -3.963  -30.727  26.719 1.0000000000
42234  -4.020  -31.410  26.618 1.0000000000
43785  -1.818  -28.480  26.220 1.0000000000
43786  -1.728  -27.694  26.245 1.0000000000
43787  -1.601  -28.482  26.058 1.0000000000
44633  -4.406  -35.026  26.065 1.0000000000
44634  -4.510  -35.560  26.002 1.0000000000
47980  -3.121  -28.825  26.852 1.0000000000
47981  -3.072  -28.197  26.947 1.0000000000
47982  -2.926  -28.574  26.817 1.0000000000
47983  -2.779  -28.412  26.774 1.0000000000
47984  -2.814  -29.092  26.709 1.0000000000
47985  -3.761  -35.352  25.771 1.0000000000
47986  -3.652  -34.679  25.905 1.0000000000
47987  -3.544  -35.082  25.748 1.0000000000
47988  -2.278  -34.440  25.492 1.0000000000
47989  -2.335  -33.762  25.720 1.0000000000
47990  -2.233  -33.761  25.634 1.0000000000
47991  -2.186  -33.176  25.731 1.0000000000
47992  -2.137  -33.855  25.517 1.0000000000
47993  -2.029  -33.941  25.388 1.0000000000
47994  -2.088  -34.617  25.268 1.0000000000
57577  -3.906  -27.951  27.069 1.0000000000
57578  -3.729  -27.724  27.117 1.0000000000
57579  -3.797  -28.459  27.045 1.0000000000
57580  -3.786  -30.727  26.672 1.0000000000
57581  -3.660  -29.704  26.785 1.0000000000
57582  -3.641  -30.241  26.681 1.0000000000
57583  -3.471  -29.802  26.720 1.0000000000
57584  -3.547  -30.495  26.602 1.0000000000
57586  -3.163  -36.309  25.295 1.0000000000
57587  -3.079  -36.717  25.135 1.0000000000
57589  -2.700  -36.469  25.085 1.0000000000
57591  -2.446  -35.821  25.176 1.0000000000
57593  -2.271  -36.381  24.816 1.0000000000
62238  -1.488  -26.055  26.313 1.0000000000
64777  -4.271  -32.942  26.380 1.0000000000
64778  -4.176  -33.015  26.369 1.0000000000
64779  -4.240  -33.597  26.280 1.0000000000
64780  -4.195  -35.214  25.996 1.0000000000
64781  -4.145  -34.719  26.077 1.0000000000
64782  -4.085  -35.316  25.953 1.0000000000
64783  -4.020  -35.418  25.899 1.0000000000
64784  -4.076  -35.923  25.801 1.0000000000
64787  -4.416  -37.381  25.461 1.0000000000
64791  -4.022  -37.127  25.412 1.0000000000
74823  -2.892  -26.633  27.133 1.0000000000
74828  -2.446  -25.164  27.174 1.0000000000
74829  -2.537  -25.932  27.080 1.0000000000
74830  -2.509  -28.178  26.664 1.0000000000
74831  -2.406  -27.440  26.722 1.0000000000
74832  -2.337  -28.219  26.573 1.0000000000
74833  -2.186  -28.290  26.477 1.0000000000
74834  -2.226  -29.019  26.417 1.0000000000
74835  -4.009  -33.193  26.304 1.0000000000
74836  -3.953  -32.583  26.391 1.0000000000
74837  -3.940  -33.238  26.273 1.0000000000
74838  -3.436  -33.085  26.183 1.0000000000
74839  -3.645  -32.772  26.283 1.0000000000
74840  -3.391  -32.289  26.326 1.0000000000
74841  -3.342  -31.335  26.488 1.0000000000
74842  -3.169  -31.796  26.406 1.0000000000
74843  -2.919  -34.960  25.663 1.0000000000
74844  -3.099  -34.464  25.800 1.0000000000
74845  -2.833  -34.278  25.794 1.0000000000
74846  -2.480  -32.559  26.063 1.0000000000
74847  -2.634  -32.693  26.097 1.0000000000
74848  -2.579  -31.852  26.266 1.0000000000
74849  -2.727  -31.263  26.415 1.0000000000
74850  -2.523  -31.050  26.361 1.0000000000
74851  -2.540  -30.338  26.466 1.0000000000
74852  -2.405  -31.010  26.302 1.0000000000
74853  -2.075  -31.943  25.913 1.0000000000
74854  -2.173  -31.122  26.133 1.0000000000
74855  -2.027  -31.200  25.998 1.0000000000
74856  -1.988  -30.470  26.061 1.0000000000
74857  -1.876  -31.242  25.868 1.0000000000
74858  -1.701  -31.268  25.723 1.0000000000
74859  -1.767  -32.009  25.653 1.0000000000
74865  -2.040  -36.579  24.539 1.0000000000
78950  -4.114  -29.259  26.962 1.0000000000
78975  -4.334  -31.887  26.583 1.0000000000
78980  -4.736  -34.056  26.341 1.0000000000
94450  -3.961  -29.238  26.947 1.0000000000
94451  -3.847  -29.149  26.953 1.0000000000
94452  -3.905  -29.960  26.829 1.0000000000
94453  -3.882  -30.779  26.693 1.0000000000
94454  -3.847  -31.386  26.585 1.0000000000
97245  -2.016  -26.874  26.570 1.0000000000
97246  -1.944  -26.110  26.637 1.0000000000
97247  -1.821  -26.897  26.431 1.0000000000
97248  -1.615  -26.870  26.273 1.0000000000
98770  -4.405  -34.059  26.226 1.0000000000
98771  -4.301  -34.137  26.192 1.0000000000
98772  -4.354  -34.602  26.119 1.0000000000
98773  -4.297  -35.140  26.022 1.0000000000
98774  -4.273  -35.765  25.894 1.0000000000
104796  -3.231  -27.777  27.057 1.0000000000
104797  -3.133  -26.932  27.195 1.0000000000
104798  -3.100  -27.560  27.066 1.0000000000
104799  -2.991  -27.486  27.044 1.0000000000
104800  -2.837  -27.102  27.027 1.0000000000
104801  -2.672  -26.795  26.982 1.0000000000
104802  -2.748  -27.710  26.867 1.0000000000
104803  -2.628  -28.274  26.712 1.0000000000
104804  -2.554  -28.964  26.615 1.0000000000
104805  -3.902  -34.284  26.068 1.0000000000
104806  -3.861  -33.707  26.162 1.0000000000
104807  -3.758  -34.165  26.051 1.0000000000
104808  -3.520  -33.843  26.053 1.0000000000
104809  -3.317  -33.419  26.099 1.0000000000
104810  -2.545  -34.660  25.605 1.0000000000
104811  -2.627  -34.131  25.772 1.0000000000
104812  -2.464  -33.957  25.750 1.0000000000
104813  -2.404  -33.220  25.886 1.0000000000
104814  -2.348  -32.516  25.990 1.0000000000
104815  -2.313  -31.763  26.118 1.0000000000
104816  -2.242  -32.557  25.903 1.0000000000
104817  -2.132  -32.620  25.815 1.0000000000
104818  -2.004  -32.647  25.706 1.0000000000
104819  -1.851  -32.649  25.580 1.0000000000
104820  -1.946  -33.265  25.496 1.0000000000
104821  -1.888  -34.024  25.242 1.0000000000
104822  -1.776  -34.745  24.957 1.0000000000
120548  -3.447  -27.706  27.115 1.0000000000
120549  -3.706  -29.001  26.947 1.0000000000
120550  -3.543  -28.685  26.962 1.0000000000
120551  -3.380  -28.133  27.000 1.0000000000
120552  -3.354  -28.781  26.889 1.0000000000
120553  -3.282  -29.252  26.806 1.0000000000
120554  -3.153  -29.438  26.759 1.0000000000
120555  -3.499  -36.314  25.433 1.0000000000
120556  -3.408  -35.588  25.596 1.0000000000
120557  -3.260  -35.994  25.446 1.0000000000
120558  -3.039  -35.704  25.469 1.0000000000
120559  -2.828  -35.443  25.477 1.0000000000
120560  -2.872  -36.517  25.137 1.0000000000
120561  -2.760  -35.938  25.278 1.0000000000
120562  -2.647  -35.307  25.453 1.0000000000
120563  -2.486  -35.255  25.384 1.0000000000
120564  -2.354  -35.147  25.337 1.0000000000
120565  -2.237  -35.146  25.245 1.0000000000
120566  -2.145  -35.248  25.129 1.0000000000
120567  -2.194  -35.813  24.978 1.0000000000
120568  -2.170  -36.458  24.690 1.0000000000
130435  -4.148  -31.887  26.550 1.0000000000
130436  -4.077  -31.992  26.525 1.0000000000
130437  -4.132  -32.470  26.446 1.0000000000
130438  -4.097  -33.116  26.339 1.0000000000
130439  -4.065  -33.773  26.220 1.0000000000
130440  -4.204  -34.203  26.172 1.0000000000
130441  -4.108  -34.254  26.147 1.0000000000
130442  -3.997  -34.261  26.106 1.0000000000
130443  -3.960  -34.866  25.988 1.0000000000
130444  -3.914  -35.436  25.837 1.0000000000
130445  -3.839  -35.897  25.666 1.0000000000
130447  -4.384  -36.324  25.774 1.0000000000
130448  -4.241  -36.360  25.730 1.0000000000
130450  -4.205  -36.944  25.542 1.0000000000
130451  -4.133  -36.412  25.687 1.0000000000
130452  -4.040  -36.493  25.628 1.0000000000
130453  -3.928  -36.508  25.548 1.0000000000
130454  -3.727  -36.511  25.466 1.0000000000
130455  -3.598  -36.929  25.280 1.0000000000
130456  -3.482  -37.248  25.112 1.0000000000
136335  -1.559  -29.851  25.816 1.0000000000
136336  -1.458  -29.150  25.844 1.0000000000
142971  -3.077  -26.224  27.297 1.0000000000
142978  -2.349  -25.250  27.074 1.0000000000
142979  -2.282  -26.013  26.884 1.0000000000
142980  -2.499  -26.688  26.897 1.0000000000
142981  -2.354  -26.712  26.807 1.0000000000
142982  -2.183  -26.808  26.691 1.0000000000
142983  -2.092  -27.595  26.515 1.0000000000
142984  -2.013  -28.420  26.364 1.0000000000
142985  -1.886  -29.154  26.181 1.0000000000
142986  -3.989  -32.029  26.500 1.0000000000
142987  -3.899  -31.982  26.489 1.0000000000
142988  -3.811  -31.817  26.476 1.0000000000
142989  -3.820  -33.050  26.274 1.0000000000
142990  -3.749  -32.262  26.380 1.0000000000
142991  -3.651  -31.381  26.483 1.0000000000
142992  -3.447  -30.839  26.529 1.0000000000
142993  -3.221  -30.147  26.641 1.0000000000
142994  -3.041  -30.010  26.665 1.0000000000
142995  -3.328  -34.748  25.768 1.0000000000
142996  -3.218  -33.901  25.950 1.0000000000
142997  -3.113  -33.119  26.127 1.0000000000
142998  -2.732  -33.527  25.932 1.0000000000
142999  -2.882  -32.887  26.136 1.0000000000
143000  -3.021  -32.326  26.290 1.0000000000
143001  -2.944  -31.465  26.435 1.0000000000
143002  -2.889  -30.655  26.555 1.0000000000
143003  -2.857  -29.846  26.648 1.0000000000
143004  -2.701  -29.732  26.605 1.0000000000
143005  -2.558  -29.676  26.551 1.0000000000
143006  -2.426  -29.675  26.470 1.0000000000
143007  -2.289  -31.045  26.218 1.0000000000
143008  -2.279  -30.365  26.296 1.0000000000
143009  -2.267  -29.693  26.361 1.0000000000
143010  -2.098  -29.754  26.241 1.0000000000
143011  -1.940  -29.808  26.108 1.0000000000
143012  -1.758  -29.844  25.973 1.0000000000
143013  -1.634  -30.521  25.782 1.0000000000
143014  -1.491  -31.272  25.553 1.0000000000
143016  -1.687  -32.590  25.442 1.0000000000
143017  -1.430  -32.606  25.254 1.0000000000
143022  -2.017  -35.327  24.988 1.0000000000
143023  -1.859  -35.365  24.832 1.0000000000
147968  -4.053  -28.148  27.037 1.0000000000
147969  -4.022  -28.665  27.007 1.0000000000
147970  -4.045  -29.251  26.952 1.0000000000
147971  -4.061  -29.884  26.867 1.0000000000
147972  -4.102  -30.557  26.767 1.0000000000
147998  -4.173  -30.532  26.782 1.0000000000
147999  -4.169  -31.246  26.662 1.0000000000
148000  -4.239  -31.886  26.564 1.0000000000
148001  -4.296  -32.402  26.484 1.0000000000
148002  -4.362  -32.964  26.401 1.0000000000
148004  -4.484  -32.976  26.433 1.0000000000
148005  -4.443  -33.514  26.331 1.0000000000
148006  -4.539  -34.037  26.273 1.0000000000
159820  -1.348  -28.425  25.855 1.0000000000
