#!ascii label  , from subject 40tvs8ref_sym_20 vox2ras=TkReg
228
396  -34.189  -21.648  21.660 1.0000000000
1885  -36.855  -23.148  22.653 1.0000000000
4140  -36.248  -25.763  21.742 1.0000000000
4141  -38.363  -23.638  21.775 1.0000000000
4972  -33.203  -24.546  21.356 1.0000000000
4974  -32.069  -24.174  19.663 1.0000000000
6228  -40.582  -21.503  21.894 1.0000000000
6727  -35.243  -18.700  21.734 1.0000000000
6728  -33.297  -21.345  19.863 1.0000000000
8270  -34.609  -25.249  21.913 1.0000000000
8271  -35.328  -22.406  22.553 1.0000000000
8272  -39.181  -20.953  23.058 1.0000000000
8273  -37.623  -20.164  23.345 1.0000000000
8274  -36.214  -19.411  22.816 1.0000000000
11820  -38.029  -24.888  21.321 1.0000000000
11821  -39.055  -23.768  21.178 1.0000000000
12652  -33.653  -23.076  21.559 1.0000000000
12653  -32.547  -24.321  20.622 1.0000000000
12654  -33.042  -22.915  20.724 1.0000000000
15053  -34.840  -18.610  20.883 1.0000000000
18182  -36.557  -24.484  22.128 1.0000000000
18183  -35.435  -25.546  21.928 1.0000000000
18184  -35.715  -24.193  22.317 1.0000000000
18185  -34.938  -23.852  22.295 1.0000000000
18186  -36.074  -22.771  22.730 1.0000000000
18188  -39.913  -21.278  22.570 1.0000000000
18193  -36.894  -19.780  23.172 1.0000000000
25884  -35.984  -26.981  21.967 1.0000000000
25885  -37.047  -25.905  21.572 1.0000000000
25886  -37.293  -24.722  21.767 1.0000000000
25887  -37.651  -23.406  22.320 1.0000000000
27382  -32.881  -25.951  21.136 1.0000000000
27384  -32.166  -25.761  20.454 1.0000000000
27385  -31.644  -25.581  19.587 1.0000000000
29892  -40.075  -22.691  21.115 1.0000000000
29893  -41.145  -21.669  21.096 1.0000000000
31057  -34.724  -20.210  21.722 1.0000000000
31058  -33.670  -21.480  20.858 1.0000000000
31059  -34.283  -20.057  20.873 1.0000000000
31060  -33.984  -19.956  19.934 1.0000000000
35104  -35.165  -26.844  21.830 1.0000000000
35105  -34.319  -26.639  21.724 1.0000000000
35106  -33.561  -26.302  21.495 1.0000000000
35107  -33.875  -24.877  21.738 1.0000000000
35108  -34.254  -23.466  22.022 1.0000000000
35109  -34.715  -22.035  22.206 1.0000000000
35110  -39.459  -22.541  21.823 1.0000000000
35111  -38.771  -22.353  22.463 1.0000000000
35112  -38.036  -22.021  22.915 1.0000000000
35114  -38.381  -20.597  23.314 1.0000000000
35115  -37.244  -21.678  23.077 1.0000000000
35116  -36.479  -21.309  23.013 1.0000000000
35117  -35.793  -20.919  22.732 1.0000000000
35118  -35.166  -20.600  22.285 1.0000000000
35119  -35.654  -19.057  22.314 1.0000000000
38135  -32.657  -22.735  19.820 1.0000000000
43372  -33.904  -22.370  21.613 1.0000000000
43373  -33.321  -22.991  21.160 1.0000000000
43374  -33.589  -22.289  21.200 1.0000000000
48902  -36.701  -23.823  22.396 1.0000000000
48903  -36.150  -24.341  22.251 1.0000000000
48904  -36.292  -23.665  22.507 1.0000000000
48905  -35.866  -23.512  22.561 1.0000000000
48906  -36.465  -22.960  22.736 1.0000000000
58502  -38.176  -24.282  21.481 1.0000000000
58503  -37.645  -24.834  21.501 1.0000000000
58504  -37.814  -24.187  21.753 1.0000000000
58505  -37.449  -24.086  22.023 1.0000000000
58506  -38.005  -23.541  22.066 1.0000000000
60997  -33.036  -25.248  21.235 1.0000000000
60998  -32.502  -25.875  20.820 1.0000000000
60999  -32.659  -25.151  20.907 1.0000000000
61000  -32.284  -24.238  20.174 1.0000000000
61001  -32.069  -24.940  20.112 1.0000000000
61002  -31.842  -24.855  19.608 1.0000000000
61003  -31.432  -25.513  19.055 1.0000000000
65701  -41.441  -21.731  20.752 1.0000000000
68197  -35.000  -19.468  21.749 1.0000000000
68198  -34.493  -20.127  21.315 1.0000000000
68199  -34.766  -19.406  21.317 1.0000000000
68200  -34.694  -18.563  20.429 1.0000000000
68201  -34.431  -19.284  20.436 1.0000000000
68203  -33.896  -19.906  19.418 1.0000000000
77587  -36.138  -26.383  21.738 1.0000000000
77588  -35.571  -26.918  21.908 1.0000000000
77589  -35.712  -26.293  21.799 1.0000000000
77590  -35.014  -25.446  21.930 1.0000000000
77591  -34.850  -26.115  21.835 1.0000000000
77592  -34.461  -25.957  21.767 1.0000000000
77593  -33.938  -26.480  21.623 1.0000000000
77594  -34.077  -25.767  21.687 1.0000000000
77595  -33.716  -25.586  21.598 1.0000000000
77596  -34.245  -25.056  21.865 1.0000000000
77597  -35.124  -23.125  22.438 1.0000000000
77598  -34.590  -23.658  22.184 1.0000000000
77599  -34.782  -22.944  22.304 1.0000000000
77600  -34.469  -22.755  22.126 1.0000000000
77601  -34.996  -22.216  22.400 1.0000000000
77602  -40.304  -22.109  21.474 1.0000000000
77603  -39.784  -22.608  21.487 1.0000000000
77604  -40.033  -22.010  21.860 1.0000000000
77605  -39.551  -21.133  22.857 1.0000000000
77606  -39.331  -21.810  22.523 1.0000000000
77607  -38.974  -21.660  22.792 1.0000000000
77608  -38.405  -22.189  22.715 1.0000000000
77609  -38.606  -21.487  22.997 1.0000000000
77614  -38.545  -19.860  23.439 1.0000000000
77615  -37.998  -20.389  23.349 1.0000000000
77616  -37.827  -21.132  23.209 1.0000000000
77617  -37.435  -20.933  23.228 1.0000000000
77618  -36.841  -21.513  23.080 1.0000000000
77619  -37.056  -20.734  23.209 1.0000000000
77620  -36.552  -19.587  23.022 1.0000000000
77621  -36.328  -20.363  22.972 1.0000000000
77622  -36.007  -20.189  22.791 1.0000000000
77623  -35.481  -20.750  22.540 1.0000000000
77624  -35.692  -20.002  22.572 1.0000000000
77625  -35.427  -19.840  22.328 1.0000000000
77626  -35.914  -19.235  22.584 1.0000000000
85095  -33.459  -21.413  20.379 1.0000000000
85096  -33.130  -22.125  20.348 1.0000000000
85097  -32.991  -22.019  19.861 1.0000000000
95006  -38.544  -24.317  21.209 1.0000000000
95007  -38.721  -23.721  21.454 1.0000000000
96502  -33.421  -23.816  21.502 1.0000000000
96503  -32.856  -24.428  21.010 1.0000000000
96504  -33.080  -23.702  21.100 1.0000000000
96505  -32.778  -23.617  20.668 1.0000000000
96506  -32.523  -23.542  20.199 1.0000000000
100822  -35.463  -17.913  21.682 1.0000000000
100823  -35.020  -18.662  21.318 1.0000000000
100824  -35.254  -17.893  21.280 1.0000000000
100825  -35.072  -17.856  20.859 1.0000000000
106456  -36.399  -25.129  21.893 1.0000000000
106457  -35.845  -25.657  21.847 1.0000000000
106458  -36.000  -24.991  22.039 1.0000000000
106459  -35.575  -24.873  22.102 1.0000000000
106460  -35.128  -24.728  22.136 1.0000000000
106461  -34.767  -24.543  22.110 1.0000000000
106462  -35.287  -24.047  22.349 1.0000000000
106463  -35.478  -23.318  22.529 1.0000000000
106464  -35.686  -22.579  22.674 1.0000000000
106466  -40.269  -21.402  22.249 1.0000000000
106468  -40.134  -20.585  22.865 1.0000000000
106475  -37.253  -19.967  23.288 1.0000000000
106476  -37.427  -19.198  23.320 1.0000000000
106478  -36.769  -18.790  23.034 1.0000000000
106479  -36.447  -18.619  22.811 1.0000000000
110961  -33.201  -21.283  19.344 1.0000000000
110962  -32.874  -21.958  19.327 1.0000000000
121836  -35.865  -27.555  22.286 1.0000000000
121838  -36.523  -26.442  21.771 1.0000000000
121839  -36.656  -25.846  21.659 1.0000000000
121840  -37.544  -25.401  21.445 1.0000000000
121841  -37.169  -25.325  21.596 1.0000000000
121842  -36.774  -25.237  21.724 1.0000000000
121843  -36.926  -24.618  21.941 1.0000000000
121844  -37.097  -23.949  22.230 1.0000000000
121845  -37.264  -23.282  22.511 1.0000000000
125334  -32.363  -26.582  20.754 1.0000000000
125335  -32.008  -26.489  20.400 1.0000000000
125336  -31.696  -26.366  19.988 1.0000000000
125337  -32.340  -25.037  20.528 1.0000000000
125338  -31.876  -25.645  20.039 1.0000000000
125339  -31.412  -26.310  19.510 1.0000000000
125340  -31.202  -26.228  19.012 1.0000000000
131604  -39.867  -23.280  20.860 1.0000000000
131605  -40.378  -22.756  20.796 1.0000000000
131606  -40.596  -22.188  21.104 1.0000000000
131607  -40.859  -21.593  21.500 1.0000000000
131608  -41.720  -21.144  21.118 1.0000000000
131609  -41.420  -21.078  21.512 1.0000000000
134767  -34.481  -20.916  21.698 1.0000000000
134768  -33.919  -21.552  21.280 1.0000000000
134769  -34.214  -20.835  21.309 1.0000000000
134770  -33.987  -20.763  20.870 1.0000000000
134771  -33.789  -20.698  20.400 1.0000000000
134772  -34.571  -19.342  20.883 1.0000000000
134773  -34.108  -19.991  20.420 1.0000000000
134774  -33.635  -20.648  19.900 1.0000000000
134775  -33.564  -20.588  19.389 1.0000000000
146327  -35.005  -27.474  22.052 1.0000000000
146328  -34.601  -27.403  21.951 1.0000000000
146329  -35.285  -26.208  21.816 1.0000000000
146330  -34.725  -26.768  21.827 1.0000000000
146331  -34.181  -27.304  21.774 1.0000000000
146332  -33.792  -27.174  21.652 1.0000000000
146334  -33.057  -26.838  21.279 1.0000000000
146335  -33.217  -26.125  21.327 1.0000000000
146336  -33.376  -25.406  21.431 1.0000000000
146337  -33.528  -24.712  21.563 1.0000000000
146338  -34.413  -24.360  22.036 1.0000000000
146339  -34.042  -24.180  21.887 1.0000000000
146340  -33.729  -23.999  21.700 1.0000000000
146341  -33.951  -23.277  21.814 1.0000000000
146342  -34.182  -22.562  21.893 1.0000000000
146343  -34.442  -21.848  21.955 1.0000000000
146344  -39.547  -23.218  21.156 1.0000000000
146345  -39.241  -23.163  21.464 1.0000000000
146346  -38.910  -23.088  21.798 1.0000000000
146347  -39.690  -21.927  22.206 1.0000000000
146348  -39.119  -22.454  22.162 1.0000000000
146349  -38.561  -23.002  22.123 1.0000000000
146350  -38.209  -22.871  22.397 1.0000000000
146351  -37.843  -22.715  22.643 1.0000000000
146352  -37.442  -22.584  22.781 1.0000000000
146358  -38.798  -20.787  23.213 1.0000000000
146359  -38.216  -21.314  23.138 1.0000000000
146360  -37.631  -21.858  23.023 1.0000000000
146361  -37.050  -22.409  22.889 1.0000000000
146362  -36.664  -22.229  22.922 1.0000000000
146363  -36.273  -22.055  22.882 1.0000000000
146364  -35.905  -21.861  22.804 1.0000000000
146365  -36.693  -20.540  23.113 1.0000000000
146366  -36.118  -21.104  22.910 1.0000000000
146367  -35.560  -21.662  22.651 1.0000000000
146368  -35.260  -21.466  22.479 1.0000000000
146369  -34.952  -21.314  22.257 1.0000000000
146370  -34.685  -21.132  21.982 1.0000000000
146371  -34.944  -20.398  22.018 1.0000000000
146372  -35.196  -19.649  22.037 1.0000000000
146373  -35.437  -18.877  22.028 1.0000000000
146374  -36.156  -18.440  22.573 1.0000000000
155363  -33.344  -22.200  20.793 1.0000000000
155364  -32.818  -22.822  20.293 1.0000000000
155365  -32.342  -23.464  19.742 1.0000000000
155366  -32.552  -22.654  19.299 1.0000000000
155367  -32.229  -23.372  19.236 1.0000000000
