#!ascii label  , from subject 40tvs8ref_sym_20 vox2ras=TkReg
298
411  -42.011  -58.291  43.754 1.0000000000
923  -38.074  -55.346  40.695 1.0000000000
924  -40.683  -54.142  41.571 1.0000000000
1490  -43.260  -53.247  43.156 1.0000000000
1920  -44.560  -57.080  44.880 1.0000000000
2843  -38.691  -52.546  39.785 1.0000000000
2844  -40.137  -52.056  40.490 1.0000000000
4210  -40.048  -56.798  42.172 1.0000000000
4215  -45.080  -54.817  44.757 1.0000000000
4216  -43.902  -55.161  44.025 1.0000000000
4217  -45.779  -56.674  45.593 1.0000000000
6271  -39.410  -54.700  41.025 1.0000000000
6272  -41.381  -56.133  42.730 1.0000000000
8364  -42.058  -53.607  42.269 1.0000000000
8365  -42.641  -55.621  43.354 1.0000000000
8366  -43.325  -57.616  44.317 1.0000000000
8368  -45.252  -59.038  45.747 1.0000000000
8369  -43.904  -59.535  45.191 1.0000000000
11890  -41.047  -57.548  43.008 1.0000000000
11891  -40.425  -57.892  42.744 1.0000000000
11892  -41.392  -58.645  43.530 1.0000000000
11894  -42.346  -59.287  44.240 1.0000000000
11896  -45.400  -55.772  45.198 1.0000000000
14290  -39.717  -53.351  40.659 1.0000000000
14291  -39.023  -53.638  40.342 1.0000000000
14292  -40.045  -54.403  41.284 1.0000000000
14293  -40.383  -55.446  41.868 1.0000000000
14294  -41.006  -55.151  42.166 1.0000000000
18405  -42.382  -52.486  42.283 1.0000000000
18406  -41.755  -52.673  41.831 1.0000000000
18407  -42.684  -53.391  42.688 1.0000000000
18408  -44.223  -56.102  44.473 1.0000000000
18409  -43.291  -55.364  43.685 1.0000000000
18410  -43.592  -56.272  44.141 1.0000000000
18411  -42.964  -56.526  43.836 1.0000000000
18412  -43.924  -57.329  44.581 1.0000000000
18418  -45.520  -59.866  46.149 1.0000000000
18419  -44.550  -59.269  45.481 1.0000000000
18420  -44.847  -60.099  45.869 1.0000000000
18421  -44.173  -60.409  45.648 1.0000000000
23551  -39.409  -52.282  40.127 1.0000000000
23552  -40.416  -53.089  40.983 1.0000000000
26010  -39.117  -56.098  41.392 1.0000000000
26011  -38.435  -56.376  41.272 1.0000000000
26012  -39.455  -57.160  41.965 1.0000000000
26019  -44.167  -54.000  43.974 1.0000000000
26020  -43.604  -54.195  43.546 1.0000000000
26021  -44.479  -54.970  44.391 1.0000000000
26022  -44.844  -55.932  44.832 1.0000000000
26023  -45.200  -56.882  45.215 1.0000000000
29990  -37.691  -54.277  40.033 1.0000000000
29991  -37.998  -52.856  39.504 1.0000000000
29992  -38.350  -53.952  40.183 1.0000000000
29993  -38.739  -55.030  40.786 1.0000000000
29994  -39.762  -55.766  41.623 1.0000000000
29995  -40.725  -56.484  42.492 1.0000000000
29996  -41.724  -57.187  43.268 1.0000000000
35376  -40.829  -51.839  40.967 1.0000000000
35377  -41.101  -52.833  41.358 1.0000000000
35378  -41.379  -53.916  41.914 1.0000000000
35379  -42.978  -54.406  43.162 1.0000000000
35380  -42.336  -54.652  42.807 1.0000000000
35381  -41.673  -54.891  42.487 1.0000000000
35382  -42.000  -55.844  43.060 1.0000000000
35383  -42.339  -56.844  43.575 1.0000000000
35384  -42.708  -57.954  44.059 1.0000000000
35387  -45.587  -57.897  45.627 1.0000000000
35390  -44.918  -58.114  45.295 1.0000000000
35391  -44.280  -58.384  45.062 1.0000000000
35392  -43.629  -58.671  44.813 1.0000000000
35393  -42.997  -58.962  44.510 1.0000000000
35394  -43.248  -59.854  44.918 1.0000000000
42610  -41.528  -57.875  43.361 1.0000000000
42611  -41.213  -58.099  43.267 1.0000000000
42612  -41.700  -58.464  43.639 1.0000000000
42613  -41.887  -58.981  43.895 1.0000000000
42614  -42.170  -58.798  43.996 1.0000000000
45010  -40.215  -53.749  41.095 1.0000000000
45011  -39.886  -53.864  40.948 1.0000000000
45012  -40.365  -54.267  41.424 1.0000000000
45013  -40.525  -54.785  41.744 1.0000000000
45014  -40.845  -54.654  41.869 1.0000000000
49110  -37.538  -54.930  40.310 1.0000000000
49125  -42.785  -52.855  42.723 1.0000000000
49126  -42.517  -52.934  42.466 1.0000000000
49127  -42.970  -53.311  42.926 1.0000000000
49128  -44.382  -56.577  44.694 1.0000000000
49129  -43.905  -56.189  44.312 1.0000000000
49130  -44.079  -56.681  44.532 1.0000000000
49131  -43.752  -56.783  44.358 1.0000000000
49132  -44.246  -57.206  44.742 1.0000000000
49137  -45.992  -60.194  46.412 1.0000000000
49138  -45.647  -60.297  46.292 1.0000000000
49139  -45.180  -59.973  46.005 1.0000000000
54610  -39.661  -51.665  40.070 1.0000000000
54611  -39.288  -51.768  39.895 1.0000000000
54612  -39.770  -52.165  40.308 1.0000000000
54613  -39.919  -52.676  40.565 1.0000000000
54614  -40.264  -52.565  40.745 1.0000000000
58710  -39.594  -56.458  41.789 1.0000000000
58711  -39.272  -56.625  41.700 1.0000000000
58712  -39.758  -56.998  42.102 1.0000000000
58713  -40.596  -58.449  43.052 1.0000000000
58714  -40.117  -58.064  42.660 1.0000000000
58725  -44.625  -54.430  44.388 1.0000000000
58726  -44.331  -54.480  44.167 1.0000000000
58727  -44.782  -54.898  44.574 1.0000000000
58728  -45.595  -56.209  45.413 1.0000000000
58729  -45.132  -55.832  45.010 1.0000000000
58730  -45.303  -56.297  45.210 1.0000000000
58731  -45.011  -56.398  45.017 1.0000000000
58732  -45.476  -56.771  45.388 1.0000000000
65908  -37.079  -53.858  39.605 1.0000000000
65910  -38.185  -52.167  39.363 1.0000000000
65911  -37.836  -52.325  39.239 1.0000000000
65912  -38.348  -52.708  39.622 1.0000000000
65913  -39.214  -54.173  40.701 1.0000000000
65914  -38.697  -53.797  40.274 1.0000000000
65915  -38.908  -54.316  40.594 1.0000000000
65916  -38.544  -54.493  40.467 1.0000000000
65917  -39.079  -54.860  40.895 1.0000000000
65918  -39.248  -55.407  41.205 1.0000000000
65919  -39.579  -55.231  41.348 1.0000000000
65920  -40.883  -55.785  42.318 1.0000000000
65921  -40.567  -55.955  42.182 1.0000000000
65922  -41.070  -56.288  42.613 1.0000000000
65923  -41.217  -56.825  42.891 1.0000000000
65924  -41.558  -56.646  43.022 1.0000000000
78256  -40.746  -51.346  40.755 1.0000000000
78257  -41.167  -51.753  41.181 1.0000000000
78258  -41.912  -53.115  42.024 1.0000000000
78259  -41.439  -52.757  41.589 1.0000000000
78260  -41.600  -53.242  41.814 1.0000000000
78261  -41.256  -53.363  41.618 1.0000000000
78262  -41.756  -53.765  42.073 1.0000000000
78263  -43.757  -54.684  43.780 1.0000000000
78264  -43.309  -54.298  43.340 1.0000000000
78265  -43.445  -54.786  43.591 1.0000000000
78266  -42.972  -55.489  43.514 1.0000000000
78267  -42.803  -55.018  43.243 1.0000000000
78268  -42.486  -55.133  43.071 1.0000000000
78269  -42.015  -54.786  42.633 1.0000000000
78270  -42.167  -55.247  42.915 1.0000000000
78271  -41.832  -55.362  42.761 1.0000000000
78272  -42.307  -55.723  43.214 1.0000000000
78273  -43.151  -57.052  44.066 1.0000000000
78274  -42.645  -56.677  43.701 1.0000000000
78275  -42.832  -57.230  43.949 1.0000000000
78276  -42.521  -57.391  43.824 1.0000000000
78277  -43.013  -57.784  44.191 1.0000000000
78284  -45.880  -57.783  45.810 1.0000000000
78285  -46.076  -58.276  45.963 1.0000000000
78289  -45.732  -59.343  46.092 1.0000000000
78291  -45.601  -58.910  45.874 1.0000000000
78292  -45.428  -58.472  45.659 1.0000000000
78293  -45.100  -58.583  45.520 1.0000000000
78294  -44.601  -58.237  45.148 1.0000000000
78295  -44.773  -58.714  45.394 1.0000000000
78296  -44.205  -59.385  45.335 1.0000000000
78297  -44.080  -58.978  45.161 1.0000000000
78298  -43.762  -59.123  45.027 1.0000000000
78299  -43.308  -58.827  44.673 1.0000000000
78300  -43.435  -59.272  44.880 1.0000000000
78301  -43.099  -59.432  44.726 1.0000000000
78302  -43.563  -59.678  45.058 1.0000000000
78303  -44.308  -60.874  45.843 1.0000000000
92672  -40.008  -51.552  40.279 1.0000000000
95130  -40.567  -57.194  42.614 1.0000000000
95131  -40.248  -57.353  42.477 1.0000000000
95132  -40.743  -57.739  42.888 1.0000000000
95133  -40.902  -58.281  43.149 1.0000000000
95134  -41.063  -58.764  43.401 1.0000000000
95136  -41.568  -59.119  43.765 1.0000000000
95139  -45.511  -55.225  45.154 1.0000000000
95140  -45.233  -55.297  44.962 1.0000000000
95143  -46.097  -56.598  45.766 1.0000000000
99450  -39.198  -52.955  40.230 1.0000000000
99451  -38.850  -53.099  40.062 1.0000000000
99452  -39.350  -53.489  40.522 1.0000000000
99453  -39.546  -54.013  40.825 1.0000000000
99454  -39.720  -54.563  41.143 1.0000000000
99455  -39.897  -55.085  41.443 1.0000000000
99456  -40.210  -54.932  41.587 1.0000000000
99457  -40.693  -55.285  42.059 1.0000000000
99458  -41.187  -55.635  42.461 1.0000000000
106858  -41.615  -52.177  41.613 1.0000000000
106859  -42.068  -52.582  42.061 1.0000000000
106860  -42.223  -53.027  42.257 1.0000000000
106861  -42.373  -53.491  42.475 1.0000000000
106862  -44.067  -55.637  44.253 1.0000000000
106863  -43.596  -55.257  43.854 1.0000000000
106864  -43.755  -55.724  44.090 1.0000000000
106865  -43.437  -55.812  43.915 1.0000000000
106866  -43.127  -55.941  43.762 1.0000000000
106867  -42.797  -56.073  43.615 1.0000000000
106868  -43.295  -56.402  44.002 1.0000000000
106869  -43.441  -56.905  44.203 1.0000000000
106870  -43.626  -57.460  44.441 1.0000000000
106879  -45.856  -59.765  46.277 1.0000000000
106880  -45.369  -59.464  45.984 1.0000000000
106881  -44.910  -59.167  45.622 1.0000000000
106882  -45.044  -59.567  45.849 1.0000000000
106883  -44.716  -59.670  45.678 1.0000000000
106884  -44.375  -59.814  45.538 1.0000000000
106885  -44.037  -59.963  45.410 1.0000000000
106886  -44.504  -60.252  45.756 1.0000000000
106887  -44.629  -60.713  45.979 1.0000000000
116392  -38.919  -51.900  39.690 1.0000000000
116393  -39.058  -52.414  39.945 1.0000000000
116394  -39.573  -52.820  40.382 1.0000000000
116395  -40.069  -53.215  40.813 1.0000000000
116396  -40.554  -53.617  41.241 1.0000000000
122130  -38.600  -55.700  41.030 1.0000000000
122131  -38.250  -55.857  40.992 1.0000000000
122132  -38.766  -56.235  41.340 1.0000000000
122133  -38.943  -56.757  41.615 1.0000000000
122134  -39.134  -57.295  41.882 1.0000000000
122135  -39.937  -57.523  42.361 1.0000000000
122136  -39.629  -57.688  42.257 1.0000000000
122151  -43.715  -53.620  43.574 1.0000000000
122152  -43.431  -53.707  43.357 1.0000000000
122153  -43.869  -54.080  43.773 1.0000000000
122154  -44.044  -54.574  43.969 1.0000000000
122155  -44.211  -55.070  44.208 1.0000000000
122156  -44.932  -55.377  44.801 1.0000000000
122157  -44.655  -55.465  44.634 1.0000000000
122158  -44.377  -55.550  44.449 1.0000000000
122159  -44.538  -56.019  44.637 1.0000000000
122160  -44.703  -56.491  44.835 1.0000000000
122161  -44.883  -56.972  45.033 1.0000000000
131869  -37.331  -54.392  39.963 1.0000000000
131870  -37.887  -54.795  40.367 1.0000000000
131873  -37.626  -53.011  39.401 1.0000000000
131874  -38.516  -53.251  39.913 1.0000000000
131875  -38.178  -53.400  39.837 1.0000000000
131876  -37.807  -53.565  39.715 1.0000000000
131877  -38.003  -54.109  40.071 1.0000000000
131878  -38.215  -54.647  40.416 1.0000000000
131879  -38.415  -55.164  40.744 1.0000000000
131880  -38.942  -55.552  41.091 1.0000000000
131881  -39.433  -55.928  41.492 1.0000000000
131882  -39.909  -56.275  41.890 1.0000000000
131883  -40.087  -55.614  41.754 1.0000000000
131884  -40.248  -56.139  42.061 1.0000000000
131885  -40.383  -56.650  42.334 1.0000000000
131886  -40.871  -57.023  42.762 1.0000000000
131887  -41.377  -57.354  43.129 1.0000000000
131888  -41.874  -57.731  43.501 1.0000000000
138675  -42.272  -52.027  42.090 1.0000000000
138676  -42.674  -52.410  42.529 1.0000000000
138677  -43.073  -52.794  42.965 1.0000000000
138687  -43.997  -53.554  43.788 1.0000000000
138688  -44.438  -53.958  44.189 1.0000000000
138692  -45.355  -54.751  44.950 1.0000000000
147087  -37.913  -55.962  40.903 1.0000000000
147134  -40.469  -51.923  40.713 1.0000000000
147135  -41.279  -52.251  41.399 1.0000000000
147136  -40.938  -52.327  41.157 1.0000000000
147137  -40.597  -52.432  40.932 1.0000000000
147138  -40.773  -52.959  41.174 1.0000000000
147139  -40.910  -53.488  41.435 1.0000000000
147140  -41.024  -54.023  41.741 1.0000000000
147141  -43.145  -53.786  43.139 1.0000000000
147142  -42.858  -53.869  42.909 1.0000000000
147143  -42.483  -54.006  42.743 1.0000000000
147144  -43.122  -54.901  43.429 1.0000000000
147145  -42.637  -54.529  42.994 1.0000000000
147146  -42.188  -54.148  42.559 1.0000000000
147147  -41.870  -54.290  42.365 1.0000000000
147148  -41.521  -54.417  42.194 1.0000000000
147149  -41.173  -54.514  42.042 1.0000000000
147150  -41.337  -55.014  42.326 1.0000000000
147151  -41.510  -55.484  42.638 1.0000000000
147152  -41.694  -55.981  42.899 1.0000000000
147153  -42.462  -56.188  43.475 1.0000000000
147154  -42.185  -56.338  43.312 1.0000000000
147155  -41.884  -56.479  43.160 1.0000000000
147156  -42.036  -57.009  43.438 1.0000000000
147157  -42.206  -57.568  43.669 1.0000000000
147158  -42.375  -58.152  43.905 1.0000000000
147165  -45.676  -57.271  45.604 1.0000000000
147166  -45.388  -57.397  45.440 1.0000000000
147167  -45.084  -57.482  45.241 1.0000000000
147175  -45.267  -57.999  45.454 1.0000000000
147176  -44.741  -57.605  45.096 1.0000000000
147177  -44.425  -57.743  44.956 1.0000000000
147178  -44.111  -57.891  44.822 1.0000000000
147179  -43.794  -58.042  44.696 1.0000000000
147180  -44.432  -58.850  45.290 1.0000000000
147181  -43.954  -58.527  44.946 1.0000000000
147182  -43.498  -58.181  44.579 1.0000000000
147183  -43.172  -58.337  44.438 1.0000000000
147184  -42.858  -58.489  44.289 1.0000000000
147185  -42.530  -58.644  44.139 1.0000000000
147186  -42.660  -59.131  44.369 1.0000000000
147187  -42.778  -59.608  44.597 1.0000000000
147188  -42.941  -60.028  44.791 1.0000000000
147189  -43.707  -60.115  45.275 1.0000000000
