#!ascii label  , from subject 40tvs8ref_sym_20 vox2ras=TkReg
444
281  -43.023  -37.367  25.575 1.0000000000
282  -40.873  -39.118  15.964 1.0000000000
761  -38.703  -36.096  21.069 1.0000000000
1203  -46.457  -40.525  21.006 1.0000000000
1658  -42.004  -34.098  22.703 1.0000000000
1659  -41.489  -39.388  21.072 1.0000000000
1660  -46.522  -39.240  16.126 1.0000000000
3123  -49.181  -40.011  18.815 1.0000000000
3723  -38.878  -38.483  18.937 1.0000000000
3724  -39.664  -37.998  21.202 1.0000000000
3725  -41.112  -39.619  18.480 1.0000000000
3726  -43.725  -40.031  18.352 1.0000000000
3727  -43.595  -39.398  15.843 1.0000000000
3729  -43.220  -38.429  13.971 1.0000000000
5048  -43.810  -34.366  25.541 1.0000000000
5979  -37.267  -36.735  19.733 1.0000000000
5980  -38.273  -38.206  16.637 1.0000000000
5981  -40.323  -38.127  14.181 1.0000000000
5982  -37.697  -37.264  14.977 1.0000000000
6773  -44.133  -39.815  23.591 1.0000000000
7707  -43.901  -33.152  23.275 1.0000000000
7708  -42.088  -35.529  24.455 1.0000000000
7709  -40.276  -35.120  22.000 1.0000000000
7710  -40.695  -36.877  23.048 1.0000000000
7711  -42.090  -38.527  23.537 1.0000000000
7712  -43.894  -40.139  20.990 1.0000000000
7713  -46.517  -39.998  18.587 1.0000000000
10803  -50.608  -39.488  17.906 1.0000000000
10804  -50.601  -40.069  18.896 1.0000000000
11403  -39.702  -39.029  17.455 1.0000000000
11404  -39.901  -39.154  18.716 1.0000000000
11405  -40.947  -39.457  17.232 1.0000000000
11406  -42.244  -39.689  17.109 1.0000000000
11407  -42.187  -39.319  15.852 1.0000000000
11408  -43.390  -38.952  14.871 1.0000000000
11409  -41.978  -38.872  14.890 1.0000000000
12728  -43.152  -35.795  25.821 1.0000000000
12730  -43.693  -36.781  26.417 1.0000000000
13806  -37.586  -37.627  18.250 1.0000000000
13807  -37.209  -37.494  17.223 1.0000000000
13808  -37.976  -37.807  15.789 1.0000000000
13809  -36.841  -37.103  16.441 1.0000000000
15128  -45.198  -40.391  22.282 1.0000000000
15129  -45.333  -40.321  23.552 1.0000000000
15130  -46.515  -40.694  22.259 1.0000000000
16923  -43.011  -33.109  22.012 1.0000000000
16924  -43.994  -32.748  22.246 1.0000000000
16925  -42.921  -33.613  23.016 1.0000000000
16926  -42.860  -34.162  24.061 1.0000000000
16927  -41.961  -34.758  23.625 1.0000000000
16928  -39.186  -34.653  21.568 1.0000000000
16929  -40.133  -34.255  21.655 1.0000000000
16930  -39.466  -35.627  21.584 1.0000000000
16931  -40.477  -38.764  21.169 1.0000000000
16932  -40.138  -37.491  22.172 1.0000000000
16933  -40.832  -38.308  22.309 1.0000000000
16934  -41.253  -37.746  23.361 1.0000000000
16935  -41.734  -39.000  22.375 1.0000000000
16936  -42.827  -39.593  22.353 1.0000000000
16937  -42.653  -39.836  21.027 1.0000000000
16938  -45.098  -39.755  17.162 1.0000000000
16939  -45.137  -40.029  18.415 1.0000000000
16940  -46.500  -39.650  17.369 1.0000000000
16941  -47.900  -39.520  17.589 1.0000000000
16942  -47.950  -39.078  16.430 1.0000000000
24053  -47.807  -40.361  19.836 1.0000000000
24054  -47.819  -40.686  20.988 1.0000000000
24055  -49.193  -40.464  19.885 1.0000000000
25132  -42.042  -33.496  21.849 1.0000000000
25133  -38.546  -37.454  20.173 1.0000000000
25134  -39.117  -37.073  21.106 1.0000000000
25135  -39.248  -38.327  20.089 1.0000000000
25136  -40.183  -39.063  19.911 1.0000000000
25137  -41.283  -39.584  19.790 1.0000000000
25138  -42.488  -39.952  19.684 1.0000000000
25139  -42.386  -39.910  18.405 1.0000000000
25140  -43.653  -39.789  17.053 1.0000000000
25141  -45.044  -39.361  15.923 1.0000000000
25142  -46.359  -38.828  15.119 1.0000000000
25143  -44.815  -38.957  14.962 1.0000000000
25144  -44.659  -38.438  14.007 1.0000000000
29308  -38.311  -35.094  21.366 1.0000000000
29311  -37.974  -36.466  20.461 1.0000000000
29312  -38.032  -37.630  19.251 1.0000000000
29313  -38.557  -38.401  17.774 1.0000000000
29314  -39.537  -38.760  16.243 1.0000000000
29315  -40.599  -38.656  15.043 1.0000000000
29316  -39.240  -38.329  15.335 1.0000000000
29317  -38.947  -37.795  14.498 1.0000000000
31163  -43.372  -38.793  24.777 1.0000000000
31164  -43.854  -38.295  25.843 1.0000000000
31165  -44.412  -39.544  24.819 1.0000000000
33536  -43.824  -33.626  24.441 1.0000000000
33537  -42.912  -34.931  25.024 1.0000000000
33538  -42.423  -36.469  25.116 1.0000000000
33540  -41.050  -33.884  21.780 1.0000000000
33541  -41.146  -34.581  22.397 1.0000000000
33542  -39.714  -36.606  21.891 1.0000000000
33543  -40.373  -35.999  22.562 1.0000000000
33544  -41.125  -35.345  23.147 1.0000000000
33545  -41.317  -36.237  23.837 1.0000000000
33546  -41.776  -37.098  24.301 1.0000000000
33547  -42.481  -37.964  24.616 1.0000000000
33548  -43.063  -39.226  23.602 1.0000000000
33549  -43.971  -40.012  22.334 1.0000000000
33550  -45.162  -40.356  20.987 1.0000000000
33551  -43.824  -40.137  19.650 1.0000000000
33552  -45.160  -40.227  19.700 1.0000000000
33553  -46.530  -40.286  19.772 1.0000000000
33554  -47.862  -39.968  18.703 1.0000000000
33555  -49.258  -39.450  17.759 1.0000000000
33567  -41.774  -38.339  13.985 1.0000000000
41523  -51.351  -39.226  17.454 1.0000000000
41524  -51.338  -39.539  17.943 1.0000000000
42123  -40.255  -39.130  16.687 1.0000000000
42124  -40.323  -39.274  17.318 1.0000000000
42125  -40.898  -39.300  16.596 1.0000000000
42126  -41.541  -39.429  16.530 1.0000000000
42127  -41.556  -39.248  15.883 1.0000000000
42128  -42.095  -39.096  15.362 1.0000000000
42129  -41.420  -39.012  15.415 1.0000000000
43448  -43.026  -36.598  25.788 1.0000000000
43449  -43.389  -36.289  26.145 1.0000000000
43450  -43.341  -37.090  26.018 1.0000000000
44528  -37.022  -37.307  16.825 1.0000000000
44529  -36.504  -36.919  17.168 1.0000000000
45848  -45.834  -40.509  21.617 1.0000000000
45849  -45.857  -40.556  22.267 1.0000000000
45850  -46.473  -40.618  21.643 1.0000000000
47643  -42.498  -33.589  22.371 1.0000000000
47644  -42.959  -33.369  22.492 1.0000000000
47645  -42.449  -33.843  22.865 1.0000000000
47646  -42.409  -34.140  23.358 1.0000000000
47647  -41.968  -34.411  23.171 1.0000000000
47648  -38.912  -35.350  21.351 1.0000000000
47649  -39.337  -35.128  21.524 1.0000000000
47650  -39.086  -35.873  21.316 1.0000000000
47651  -40.972  -39.093  21.124 1.0000000000
47652  -40.655  -38.556  21.747 1.0000000000
47653  -41.105  -38.895  21.734 1.0000000000
47654  -41.254  -38.668  22.344 1.0000000000
47655  -41.622  -39.209  21.734 1.0000000000
47656  -42.174  -39.487  21.719 1.0000000000
47657  -42.056  -39.630  21.087 1.0000000000
47658  -45.775  -39.524  16.638 1.0000000000
47659  -45.797  -39.713  17.257 1.0000000000
47660  -46.502  -39.472  16.751 1.0000000000
47661  -47.221  -39.371  16.884 1.0000000000
47662  -47.247  -39.167  16.269 1.0000000000
55448  -48.496  -40.207  19.311 1.0000000000
55449  -48.499  -40.407  19.853 1.0000000000
55450  -49.193  -40.244  19.341 1.0000000000
55451  -51.342  -40.120  18.947 1.0000000000
57246  -42.507  -32.953  21.610 1.0000000000
57248  -38.641  -38.034  19.569 1.0000000000
57249  -38.868  -37.908  20.114 1.0000000000
57250  -39.054  -38.426  19.505 1.0000000000
57251  -40.491  -39.416  18.570 1.0000000000
57252  -40.046  -39.122  19.309 1.0000000000
57253  -40.602  -39.395  19.193 1.0000000000
57254  -40.710  -39.335  19.838 1.0000000000
57255  -41.193  -39.617  19.125 1.0000000000
57256  -41.804  -39.812  19.105 1.0000000000
57257  -41.737  -39.782  18.441 1.0000000000
57258  -42.893  -39.585  16.443 1.0000000000
57259  -42.941  -39.755  17.077 1.0000000000
57260  -43.612  -39.608  16.437 1.0000000000
57261  -44.355  -39.598  16.472 1.0000000000
57262  -44.317  -39.386  15.894 1.0000000000
57263  -44.931  -39.157  15.443 1.0000000000
57264  -44.199  -39.187  15.395 1.0000000000
57265  -43.295  -38.698  14.424 1.0000000000
57266  -44.006  -38.711  14.419 1.0000000000
57267  -43.935  -38.437  13.971 1.0000000000
57268  -44.589  -38.163  13.538 1.0000000000
57269  -43.864  -38.166  13.510 1.0000000000
61225  -44.294  -34.065  25.808 1.0000000000
64451  -36.910  -36.260  20.097 1.0000000000
64453  -37.296  -36.149  20.417 1.0000000000
64454  -37.696  -35.993  20.713 1.0000000000
64455  -37.621  -36.619  20.118 1.0000000000
64456  -37.956  -37.088  19.890 1.0000000000
64457  -37.653  -37.188  19.462 1.0000000000
64458  -37.884  -37.959  17.464 1.0000000000
64459  -38.047  -38.033  18.013 1.0000000000
64460  -38.414  -38.313  17.213 1.0000000000
64461  -38.992  -38.629  16.988 1.0000000000
64462  -38.898  -38.501  16.389 1.0000000000
64463  -39.401  -38.546  15.764 1.0000000000
64464  -38.752  -38.298  15.961 1.0000000000
64465  -37.840  -37.538  15.373 1.0000000000
64466  -38.445  -37.825  15.122 1.0000000000
64467  -38.324  -37.546  14.698 1.0000000000
68423  -43.706  -39.348  24.211 1.0000000000
68424  -43.868  -39.184  24.798 1.0000000000
68425  -44.256  -39.681  24.208 1.0000000000
68426  -45.988  -40.546  23.517 1.0000000000
68427  -45.447  -40.262  24.158 1.0000000000
73811  -43.947  -32.954  22.751 1.0000000000
73812  -44.520  -32.556  22.306 1.0000000000
73816  -44.368  -33.163  24.037 1.0000000000
73817  -43.848  -33.380  23.852 1.0000000000
73818  -42.431  -34.823  24.305 1.0000000000
73819  -42.863  -34.529  24.531 1.0000000000
73820  -42.488  -35.235  24.753 1.0000000000
73821  -42.595  -35.695  25.163 1.0000000000
73822  -42.226  -36.008  24.814 1.0000000000
73826  -40.227  -34.683  21.786 1.0000000000
73827  -40.600  -34.044  21.699 1.0000000000
73828  -40.662  -34.466  21.911 1.0000000000
73829  -41.118  -34.247  22.019 1.0000000000
73830  -40.701  -34.855  22.199 1.0000000000
73831  -39.367  -37.555  21.156 1.0000000000
73832  -39.418  -36.855  21.505 1.0000000000
73833  -39.634  -37.315  21.617 1.0000000000
73834  -40.390  -37.197  22.643 1.0000000000
73835  -40.163  -36.744  22.462 1.0000000000
73836  -40.501  -36.442  22.809 1.0000000000
73837  -40.747  -35.688  22.851 1.0000000000
73838  -40.828  -36.099  23.159 1.0000000000
73839  -41.188  -35.777  23.521 1.0000000000
73840  -40.997  -36.544  23.467 1.0000000000
73841  -41.644  -38.129  23.480 1.0000000000
73842  -41.522  -37.433  23.845 1.0000000000
73843  -41.880  -37.850  23.986 1.0000000000
73844  -42.106  -37.518  24.478 1.0000000000
73845  -42.283  -38.251  24.097 1.0000000000
73846  -42.732  -38.664  24.137 1.0000000000
73847  -42.565  -38.894  23.576 1.0000000000
73848  -43.334  -39.929  21.681 1.0000000000
73849  -43.391  -39.812  22.354 1.0000000000
73850  -43.928  -40.077  21.667 1.0000000000
73851  -44.543  -40.234  21.656 1.0000000000
73852  -44.528  -40.247  20.988 1.0000000000
73853  -43.110  -40.039  18.987 1.0000000000
73854  -43.155  -40.061  19.634 1.0000000000
73855  -43.777  -40.091  18.986 1.0000000000
73856  -45.844  -40.013  18.505 1.0000000000
73857  -45.157  -40.135  19.069 1.0000000000
73858  -45.834  -40.137  19.125 1.0000000000
73859  -45.837  -40.248  19.734 1.0000000000
73860  -46.523  -40.142  19.175 1.0000000000
73861  -47.196  -40.153  19.226 1.0000000000
73862  -47.201  -39.981  18.653 1.0000000000
73864  -48.568  -39.476  17.673 1.0000000000
73865  -49.301  -39.173  17.236 1.0000000000
73890  -40.458  -38.400  14.584 1.0000000000
73891  -41.185  -38.525  14.489 1.0000000000
73892  -41.052  -38.243  14.061 1.0000000000
93173  -49.892  -39.755  18.344 1.0000000000
93174  -49.891  -40.037  18.853 1.0000000000
93175  -50.601  -39.792  18.401 1.0000000000
94253  -39.215  -38.822  18.215 1.0000000000
94254  -39.365  -38.843  18.813 1.0000000000
94255  -39.807  -39.127  18.091 1.0000000000
94256  -40.410  -39.372  17.961 1.0000000000
94257  -41.018  -39.564  17.854 1.0000000000
94258  -41.633  -39.714  17.788 1.0000000000
94259  -41.581  -39.590  17.152 1.0000000000
94260  -42.200  -39.524  16.469 1.0000000000
94261  -42.874  -39.375  15.826 1.0000000000
94262  -43.491  -39.187  15.340 1.0000000000
94263  -42.776  -39.151  15.339 1.0000000000
94264  -42.684  -38.922  14.868 1.0000000000
94265  -42.597  -38.666  14.416 1.0000000000
96638  -43.424  -35.048  25.747 1.0000000000
96639  -43.896  -34.769  26.024 1.0000000000
96641  -43.826  -35.980  26.473 1.0000000000
96642  -44.111  -36.467  26.759 1.0000000000
98578  -37.375  -37.213  19.032 1.0000000000
98580  -37.389  -37.571  17.742 1.0000000000
98581  -37.733  -37.858  16.918 1.0000000000
98582  -38.141  -38.008  16.208 1.0000000000
98583  -37.565  -37.677  16.499 1.0000000000
98584  -37.393  -37.463  16.104 1.0000000000
98585  -37.223  -37.221  15.690 1.0000000000
100958  -44.627  -40.157  22.953 1.0000000000
100959  -44.706  -40.071  23.581 1.0000000000
100960  -45.241  -40.373  22.924 1.0000000000
100961  -45.904  -40.576  22.894 1.0000000000
104189  -43.523  -32.648  21.702 1.0000000000
104191  -43.501  -32.938  22.132 1.0000000000
104192  -43.439  -33.171  22.641 1.0000000000
104193  -43.405  -33.374  23.146 1.0000000000
104194  -43.356  -33.620  23.691 1.0000000000
104195  -42.886  -33.870  23.544 1.0000000000
104196  -42.405  -34.465  23.833 1.0000000000
104197  -42.002  -35.139  24.051 1.0000000000
104199  -40.004  -33.815  21.651 1.0000000000
104200  -39.667  -34.467  21.598 1.0000000000
104201  -39.796  -34.937  21.655 1.0000000000
104202  -39.860  -35.388  21.803 1.0000000000
104203  -40.028  -38.403  21.195 1.0000000000
104204  -39.900  -37.750  21.702 1.0000000000
104205  -40.224  -38.173  21.737 1.0000000000
104206  -40.456  -37.916  22.251 1.0000000000
104207  -40.687  -37.651  22.792 1.0000000000
104208  -40.946  -37.311  23.249 1.0000000000
104209  -41.023  -38.040  22.857 1.0000000000
104210  -41.422  -38.392  22.932 1.0000000000
104211  -41.889  -38.756  22.975 1.0000000000
104212  -42.398  -39.128  22.970 1.0000000000
104213  -42.270  -39.327  22.349 1.0000000000
104214  -42.747  -39.733  21.678 1.0000000000
104215  -43.267  -40.006  21.000 1.0000000000
104216  -44.399  -39.935  17.733 1.0000000000
104217  -44.418  -40.039  18.356 1.0000000000
104218  -45.133  -39.910  17.771 1.0000000000
104219  -45.819  -39.870  17.874 1.0000000000
104220  -46.512  -39.828  17.981 1.0000000000
104221  -47.199  -39.783  18.073 1.0000000000
104222  -47.212  -39.574  17.482 1.0000000000
104223  -47.929  -39.295  17.008 1.0000000000
117563  -47.125  -40.476  20.415 1.0000000000
117564  -47.128  -40.603  21.002 1.0000000000
117565  -47.824  -40.528  20.378 1.0000000000
117566  -48.475  -40.596  20.426 1.0000000000
117567  -49.184  -40.676  20.445 1.0000000000
117568  -49.903  -40.287  19.370 1.0000000000
117569  -49.916  -40.530  19.903 1.0000000000
120080  -43.037  -32.829  21.624 1.0000000000
120081  -42.519  -33.295  21.930 1.0000000000
120082  -42.039  -33.804  22.248 1.0000000000
120083  -38.546  -36.802  20.706 1.0000000000
120084  -38.899  -36.595  21.061 1.0000000000
120085  -38.794  -37.274  20.686 1.0000000000
120086  -39.106  -37.757  20.675 1.0000000000
120087  -39.450  -38.215  20.649 1.0000000000
120088  -39.526  -38.795  19.424 1.0000000000
120089  -39.684  -38.736  20.017 1.0000000000
120090  -39.852  -38.616  20.602 1.0000000000
120091  -40.318  -38.955  20.540 1.0000000000
120092  -40.830  -39.261  20.479 1.0000000000
120093  -41.387  -39.520  20.424 1.0000000000
120094  -41.945  -39.728  20.396 1.0000000000
120095  -41.876  -39.797  19.747 1.0000000000
120096  -42.445  -39.951  19.035 1.0000000000
120097  -43.051  -40.000  18.344 1.0000000000
120098  -42.303  -39.832  17.764 1.0000000000
120099  -42.993  -39.898  17.714 1.0000000000
120100  -43.686  -39.932  17.710 1.0000000000
120101  -44.384  -39.784  17.099 1.0000000000
120102  -45.080  -39.567  16.543 1.0000000000
120103  -45.779  -39.300  16.018 1.0000000000
120104  -46.449  -39.031  15.622 1.0000000000
120105  -45.690  -39.100  15.512 1.0000000000
120106  -45.573  -38.907  15.020 1.0000000000
120108  -44.095  -38.966  14.904 1.0000000000
120109  -44.724  -38.710  14.482 1.0000000000
120110  -45.419  -38.426  14.092 1.0000000000
120111  -45.361  -38.157  13.632 1.0000000000
130016  -39.055  -34.207  21.722 1.0000000000
130017  -38.754  -34.870  21.488 1.0000000000
130018  -38.512  -35.566  21.165 1.0000000000
130025  -37.863  -35.316  21.240 1.0000000000
130026  -38.102  -35.811  20.983 1.0000000000
130027  -38.328  -36.311  20.806 1.0000000000
130028  -38.263  -36.971  20.293 1.0000000000
130029  -38.298  -37.568  19.709 1.0000000000
130030  -38.441  -38.079  19.082 1.0000000000
130031  -37.795  -37.645  18.775 1.0000000000
130032  -38.239  -38.070  18.551 1.0000000000
130033  -38.705  -38.472  18.337 1.0000000000
130034  -39.108  -38.734  17.600 1.0000000000
130035  -39.621  -38.918  16.840 1.0000000000
130036  -40.196  -38.965  16.106 1.0000000000
130037  -40.734  -38.891  15.505 1.0000000000
130038  -40.050  -38.739  15.630 1.0000000000
130039  -39.912  -38.508  15.170 1.0000000000
130040  -39.753  -38.261  14.734 1.0000000000
130041  -38.590  -38.098  15.528 1.0000000000
130042  -39.070  -38.069  14.917 1.0000000000
130043  -39.621  -37.984  14.328 1.0000000000
130049  -37.092  -36.951  15.320 1.0000000000
135053  -43.132  -38.107  25.218 1.0000000000
135054  -43.393  -37.853  25.716 1.0000000000
135055  -43.595  -38.542  25.312 1.0000000000
135056  -44.092  -38.957  25.384 1.0000000000
135057  -44.621  -39.366  25.407 1.0000000000
135058  -44.829  -39.977  24.200 1.0000000000
135064  -47.156  -40.721  21.609 1.0000000000
135065  -47.181  -40.821  22.239 1.0000000000
141741  -44.298  -33.419  24.653 1.0000000000
141742  -43.797  -33.979  25.008 1.0000000000
141743  -43.333  -33.901  24.238 1.0000000000
141744  -43.333  -34.236  24.768 1.0000000000
141745  -43.360  -34.637  25.294 1.0000000000
141746  -43.004  -35.339  25.453 1.0000000000
141747  -42.752  -36.134  25.489 1.0000000000
141748  -42.695  -36.913  25.376 1.0000000000
141752  -40.483  -33.627  21.629 1.0000000000
141753  -40.966  -33.460  21.667 1.0000000000
141755  -41.549  -33.687  21.824 1.0000000000
141756  -41.577  -34.021  22.144 1.0000000000
141757  -41.566  -34.344  22.540 1.0000000000
141758  -39.240  -36.365  21.397 1.0000000000
141759  -39.581  -36.125  21.718 1.0000000000
141760  -39.934  -35.848  22.030 1.0000000000
141761  -39.892  -37.045  22.063 1.0000000000
141762  -40.025  -36.295  22.260 1.0000000000
141763  -40.317  -35.550  22.281 1.0000000000
141764  -40.720  -35.262  22.525 1.0000000000
141765  -41.115  -34.959  22.751 1.0000000000
141766  -41.535  -34.689  22.964 1.0000000000
141767  -41.524  -35.039  23.410 1.0000000000
141768  -41.584  -35.461  23.801 1.0000000000
141769  -41.698  -35.885  24.145 1.0000000000
141770  -41.225  -37.001  23.675 1.0000000000
141771  -41.519  -36.663  24.106 1.0000000000
141772  -41.870  -36.325  24.453 1.0000000000
141773  -42.091  -36.785  24.718 1.0000000000
141774  -42.381  -37.234  24.958 1.0000000000
141775  -42.736  -37.672  25.112 1.0000000000
141776  -42.900  -38.399  24.718 1.0000000000
141777  -43.203  -39.008  24.198 1.0000000000
141778  -43.580  -39.516  23.627 1.0000000000
141779  -42.920  -39.426  23.012 1.0000000000
141780  -43.481  -39.685  23.004 1.0000000000
141781  -44.049  -39.929  22.983 1.0000000000
141782  -44.581  -40.212  22.317 1.0000000000
141783  -45.185  -40.381  21.630 1.0000000000
141784  -45.840  -40.451  20.975 1.0000000000
141785  -42.542  -39.912  20.362 1.0000000000
141786  -43.175  -40.067  20.327 1.0000000000
141787  -43.841  -40.171  20.321 1.0000000000
141788  -44.462  -40.125  19.015 1.0000000000
141789  -44.491  -40.192  19.676 1.0000000000
141790  -44.527  -40.251  20.328 1.0000000000
141791  -45.183  -40.308  20.341 1.0000000000
141792  -45.838  -40.366  20.350 1.0000000000
141793  -46.486  -40.427  20.369 1.0000000000
141794  -47.161  -40.322  19.813 1.0000000000
141795  -47.840  -40.168  19.268 1.0000000000
141796  -48.520  -39.983  18.762 1.0000000000
141797  -47.861  -39.751  18.147 1.0000000000
141798  -48.517  -39.737  18.208 1.0000000000
141799  -49.235  -39.720  18.288 1.0000000000
141800  -49.938  -39.453  17.840 1.0000000000
141813  -47.099  -38.762  15.287 1.0000000000
141831  -41.294  -38.784  14.953 1.0000000000
141832  -41.896  -38.612  14.434 1.0000000000
141833  -42.497  -38.397  13.964 1.0000000000
141835  -42.362  -38.105  13.520 1.0000000000
156172  -43.714  -37.578  26.193 1.0000000000
