#!ascii label  , from subject 40tvs8ref_sym_20 vox2ras=TkReg
60
89  -8.263  -41.449  5.933 1.0000000000
2424  -5.925  -43.809  7.555 1.0000000000
9819  -5.379  -40.945  6.325 1.0000000000
9827  -4.725  -42.403  6.996 1.0000000000
9828  -6.779  -42.510  6.528 1.0000000000
10584  -7.399  -40.643  5.857 1.0000000000
22000  -4.919  -43.754  7.887 1.0000000000
22001  -4.497  -43.186  7.613 1.0000000000
22002  -5.044  -43.004  7.204 1.0000000000
22003  -5.296  -42.346  6.766 1.0000000000
22004  -6.276  -43.096  6.950 1.0000000000
39692  -5.993  -40.344  6.080 1.0000000000
39693  -6.537  -41.073  6.059 1.0000000000
39718  -4.996  -41.685  6.632 1.0000000000
39719  -5.873  -41.710  6.387 1.0000000000
39720  -7.375  -41.969  6.198 1.0000000000
41304  -7.785  -41.029  5.881 1.0000000000
52720  -5.298  -43.771  7.754 1.0000000000
52721  -4.958  -43.383  7.529 1.0000000000
52722  -5.437  -43.387  7.390 1.0000000000
52723  -5.544  -42.989  7.061 1.0000000000
52724  -6.106  -43.392  7.216 1.0000000000
52725  -6.812  -43.538  7.111 1.0000000000
88984  -5.676  -40.618  6.181 1.0000000000
88985  -6.248  -40.668  6.034 1.0000000000
88986  -5.872  -40.927  6.160 1.0000000000
89043  -4.583  -42.815  7.296 1.0000000000
89048  -4.723  -41.828  6.871 1.0000000000
89049  -4.840  -42.034  6.793 1.0000000000
89050  -6.015  -42.427  6.650 1.0000000000
89051  -5.609  -42.048  6.572 1.0000000000
89052  -6.242  -42.169  6.474 1.0000000000
89053  -6.551  -41.841  6.288 1.0000000000
89054  -7.037  -42.247  6.363 1.0000000000
89055  -7.969  -42.385  6.266 1.0000000000
92780  -7.996  -40.557  5.778 1.0000000000
113330  -4.687  -43.438  7.712 1.0000000000
113331  -4.734  -43.085  7.367 1.0000000000
113332  -4.824  -42.703  7.075 1.0000000000
113333  -4.978  -42.332  6.843 1.0000000000
113334  -5.196  -42.657  6.948 1.0000000000
113335  -5.820  -42.692  6.841 1.0000000000
113336  -6.544  -42.792  6.735 1.0000000000
113337  -7.321  -42.905  6.662 1.0000000000
113338  -7.001  -43.203  6.857 1.0000000000
127191  -6.476  -44.231  7.679 1.0000000000
139329  -8.822  -41.896  5.969 1.0000000000
160032  -6.399  -40.180  6.021 1.0000000000
160033  -6.637  -40.463  5.954 1.0000000000
160034  -6.932  -40.835  5.933 1.0000000000
160035  -7.321  -41.250  6.000 1.0000000000
160109  -4.848  -41.472  6.699 1.0000000000
160110  -5.088  -41.282  6.471 1.0000000000
160111  -5.111  -41.960  6.639 1.0000000000
160112  -5.314  -41.634  6.503 1.0000000000
160113  -5.576  -41.283  6.330 1.0000000000
160114  -6.181  -41.376  6.207 1.0000000000
160115  -6.912  -41.523  6.125 1.0000000000
160116  -7.818  -41.699  6.052 1.0000000000
160117  -8.361  -42.141  6.111 1.0000000000
