#!ascii label  , from subject 40tvs8ref_sym_20 vox2ras=TkReg
498
149  -30.581  -4.774  -35.650 1.0000000000
605  -35.030  -12.583  -32.382 1.0000000000
1370  -34.348  -7.116  -39.482 1.0000000000
1371  -36.697  -10.942  -36.435 1.0000000000
1372  -32.735  -8.520  -33.854 1.0000000000
2447  -23.432  -7.404  -34.625 1.0000000000
2450  -24.869  -10.479  -34.255 1.0000000000
2451  -28.072  -14.570  -33.493 1.0000000000
3288  -32.609  -2.708  -38.008 1.0000000000
3289  -33.628  -4.556  -40.608 1.0000000000
3290  -33.708  -4.898  -37.135 1.0000000000
3291  -34.253  -7.254  -36.408 1.0000000000
3292  -31.713  -6.490  -34.757 1.0000000000
5473  -23.611  -5.989  -34.830 1.0000000000
5483  -26.375  -12.502  -34.044 1.0000000000
5553  -36.287  -11.559  -34.444 1.0000000000
7076  -35.369  -9.229  -38.241 1.0000000000
7077  -35.051  -9.527  -35.628 1.0000000000
7078  -33.851  -10.563  -33.132 1.0000000000
7945  -29.255  -3.380  -36.419 1.0000000000
9898  -25.460  -4.931  -35.669 1.0000000000
9899  -26.470  -6.373  -35.713 1.0000000000
9907  -23.838  -8.698  -34.322 1.0000000000
9908  -27.853  -8.070  -35.284 1.0000000000
9909  -29.279  -9.774  -34.330 1.0000000000
9910  -30.585  -11.483  -33.263 1.0000000000
9911  -31.980  -13.379  -32.348 1.0000000000
9913  -29.762  -16.522  -32.412 1.0000000000
9914  -33.457  -15.397  -31.365 1.0000000000
10968  -31.859  -3.495  -36.562 1.0000000000
10969  -33.266  -3.754  -37.586 1.0000000000
10970  -32.492  -4.483  -36.075 1.0000000000
10971  -32.991  -5.459  -35.683 1.0000000000
10972  -31.210  -5.591  -35.216 1.0000000000
13233  -35.833  -11.941  -33.413 1.0000000000
13234  -36.958  -12.564  -33.667 1.0000000000
13235  -36.480  -12.954  -32.718 1.0000000000
13237  -35.672  -13.663  -31.900 1.0000000000
15626  -34.067  -5.770  -40.063 1.0000000000
15628  -34.291  -7.046  -40.986 1.0000000000
15629  -34.993  -8.090  -41.440 1.0000000000
15630  -34.784  -8.144  -40.238 1.0000000000
15631  -35.489  -9.026  -39.416 1.0000000000
15632  -34.776  -8.233  -38.934 1.0000000000
15633  -33.732  -7.683  -34.967 1.0000000000
15634  -34.578  -8.485  -35.982 1.0000000000
15635  -34.153  -8.823  -34.569 1.0000000000
15636  -34.643  -9.884  -34.259 1.0000000000
15637  -33.257  -9.507  -33.484 1.0000000000
17436  -30.322  -2.086  -37.295 1.0000000000
17437  -28.501  -2.704  -36.691 1.0000000000
22180  -23.491  -6.767  -34.726 1.0000000000
22181  -24.188  -5.535  -35.206 1.0000000000
22182  -24.368  -6.175  -35.215 1.0000000000
22183  -25.907  -5.631  -35.736 1.0000000000
22184  -24.698  -6.877  -35.187 1.0000000000
22203  -22.916  -10.273  -33.194 1.0000000000
22204  -22.633  -9.503  -33.386 1.0000000000
22205  -24.286  -9.506  -34.242 1.0000000000
22206  -25.701  -8.532  -35.107 1.0000000000
22207  -26.306  -9.416  -34.922 1.0000000000
22208  -28.553  -8.925  -34.866 1.0000000000
22209  -26.981  -10.305  -34.715 1.0000000000
22210  -27.248  -13.559  -33.804 1.0000000000
22211  -28.703  -12.227  -34.045 1.0000000000
22212  -29.470  -13.158  -33.543 1.0000000000
22213  -31.269  -12.438  -32.840 1.0000000000
22214  -30.153  -14.038  -33.068 1.0000000000
22220  -30.572  -17.475  -31.747 1.0000000000
22221  -31.750  -15.998  -31.912 1.0000000000
22222  -32.374  -16.932  -31.298 1.0000000000
22223  -34.006  -16.337  -30.756 1.0000000000
24352  -33.379  -3.397  -39.371 1.0000000000
24353  -33.852  -4.624  -38.886 1.0000000000
24354  -34.172  -5.911  -38.432 1.0000000000
24355  -34.447  -7.084  -37.988 1.0000000000
24356  -34.040  -6.063  -36.801 1.0000000000
24357  -33.339  -6.568  -35.343 1.0000000000
24358  -32.211  -7.459  -34.275 1.0000000000
28286  -22.820  -7.741  -34.033 1.0000000000
28300  -23.528  -11.306  -33.165 1.0000000000
28301  -25.545  -11.473  -34.193 1.0000000000
28302  -24.185  -12.365  -33.168 1.0000000000
28303  -24.999  -13.505  -33.115 1.0000000000
28304  -25.766  -14.590  -32.959 1.0000000000
28427  -36.500  -11.281  -35.519 1.0000000000
28428  -37.373  -11.797  -35.323 1.0000000000
28429  -37.227  -12.273  -34.623 1.0000000000
31869  -36.212  -9.825  -38.325 1.0000000000
31870  -35.974  -10.086  -37.384 1.0000000000
31871  -34.761  -8.295  -37.495 1.0000000000
31872  -35.199  -9.375  -37.039 1.0000000000
31873  -35.810  -10.395  -36.303 1.0000000000
31874  -35.634  -10.608  -35.063 1.0000000000
31875  -35.176  -10.948  -33.875 1.0000000000
31876  -34.445  -11.599  -32.755 1.0000000000
34182  -31.134  -2.748  -36.950 1.0000000000
34183  -29.938  -4.032  -36.099 1.0000000000
39930  -24.101  -4.869  -35.177 1.0000000000
39931  -25.066  -4.356  -35.580 1.0000000000
39932  -26.591  -3.565  -36.111 1.0000000000
39933  -27.201  -4.234  -36.135 1.0000000000
39934  -27.879  -4.949  -36.074 1.0000000000
39935  -28.547  -5.705  -35.839 1.0000000000
39956  -22.610  -8.424  -33.690 1.0000000000
39958  -22.590  -8.868  -33.514 1.0000000000
39959  -23.548  -8.019  -34.498 1.0000000000
39960  -25.165  -7.681  -35.153 1.0000000000
39961  -27.160  -7.219  -35.586 1.0000000000
39962  -29.228  -6.499  -35.403 1.0000000000
39963  -29.828  -7.253  -34.836 1.0000000000
39964  -30.451  -8.088  -34.236 1.0000000000
39965  -31.051  -8.976  -33.752 1.0000000000
39966  -27.854  -11.283  -34.432 1.0000000000
39967  -29.964  -10.632  -33.801 1.0000000000
39968  -31.650  -9.915  -33.275 1.0000000000
39969  -32.239  -10.866  -32.838 1.0000000000
39970  -32.932  -11.873  -32.484 1.0000000000
39971  -33.588  -12.869  -32.017 1.0000000000
39974  -26.691  -15.752  -32.805 1.0000000000
39977  -29.051  -15.557  -32.969 1.0000000000
39978  -30.926  -14.974  -32.489 1.0000000000
39979  -32.692  -14.326  -31.880 1.0000000000
39980  -34.296  -13.919  -31.661 1.0000000000
39981  -34.866  -14.856  -31.237 1.0000000000
41688  -31.263  -4.100  -35.987 1.0000000000
41689  -32.186  -3.977  -36.319 1.0000000000
41690  -31.578  -4.558  -35.777 1.0000000000
41691  -31.874  -4.977  -35.594 1.0000000000
41692  -30.919  -5.172  -35.424 1.0000000000
43953  -35.451  -12.208  -32.889 1.0000000000
43954  -36.126  -12.395  -33.115 1.0000000000
43955  -35.758  -12.703  -32.644 1.0000000000
43956  -36.104  -13.242  -32.292 1.0000000000
43957  -35.360  -13.123  -32.149 1.0000000000
46346  -34.215  -6.472  -39.752 1.0000000000
46347  -34.124  -6.459  -40.535 1.0000000000
46348  -34.311  -7.056  -40.279 1.0000000000
46349  -34.510  -7.641  -40.658 1.0000000000
46350  -34.530  -7.648  -39.904 1.0000000000
46351  -34.758  -8.172  -39.644 1.0000000000
46352  -34.555  -7.677  -39.208 1.0000000000
46353  -33.286  -8.024  -34.336 1.0000000000
46354  -33.937  -8.275  -34.775 1.0000000000
46355  -33.560  -8.597  -34.147 1.0000000000
46356  -33.811  -9.147  -33.962 1.0000000000
46357  -33.002  -9.040  -33.649 1.0000000000
48156  -29.061  -2.071  -37.124 1.0000000000
52900  -23.425  -7.115  -34.668 1.0000000000
52901  -23.853  -6.481  -34.982 1.0000000000
52902  -23.909  -6.841  -34.954 1.0000000000
52903  -24.537  -6.509  -35.200 1.0000000000
52904  -23.981  -7.152  -34.911 1.0000000000
52923  -23.770  -10.341  -33.694 1.0000000000
52924  -23.628  -9.957  -33.785 1.0000000000
52925  -24.528  -9.942  -34.245 1.0000000000
52926  -25.219  -9.465  -34.665 1.0000000000
52927  -25.567  -9.976  -34.651 1.0000000000
52928  -26.664  -9.867  -34.824 1.0000000000
52929  -25.909  -10.464  -34.577 1.0000000000
52930  -27.739  -14.088  -33.668 1.0000000000
52931  -28.407  -13.404  -33.790 1.0000000000
52932  -28.839  -13.907  -33.595 1.0000000000
52933  -29.840  -13.600  -33.314 1.0000000000
52934  -29.223  -14.399  -33.392 1.0000000000
52940  -30.882  -17.913  -31.424 1.0000000000
52941  -31.552  -17.211  -31.502 1.0000000000
52943  -32.752  -17.410  -30.887 1.0000000000
53140  -37.112  -11.245  -36.186 1.0000000000
55943  -32.722  -2.542  -38.943 1.0000000000
55945  -33.057  -3.016  -38.735 1.0000000000
55946  -33.512  -4.299  -37.352 1.0000000000
55947  -33.641  -4.178  -38.240 1.0000000000
55948  -33.851  -4.757  -38.001 1.0000000000
55949  -34.050  -5.287  -38.646 1.0000000000
55950  -34.012  -5.367  -37.768 1.0000000000
55951  -34.156  -5.951  -37.588 1.0000000000
55952  -33.878  -5.479  -36.985 1.0000000000
55953  -32.359  -5.934  -35.151 1.0000000000
55954  -33.166  -6.012  -35.511 1.0000000000
55955  -32.596  -6.452  -34.926 1.0000000000
55956  -32.815  -6.943  -34.720 1.0000000000
55957  -31.971  -6.997  -34.512 1.0000000000
62526  -22.604  -11.204  -32.679 1.0000000000
62528  -23.810  -11.802  -33.154 1.0000000000
62532  -24.358  -13.951  -32.598 1.0000000000
62533  -25.350  -14.035  -33.053 1.0000000000
62738  -36.362  -11.443  -35.052 1.0000000000
62739  -36.898  -11.819  -35.043 1.0000000000
62740  -36.741  -11.904  -34.575 1.0000000000
69918  -33.527  -4.557  -41.376 1.0000000000
69927  -35.613  -8.561  -41.420 1.0000000000
69933  -35.392  -9.108  -38.862 1.0000000000
69934  -35.827  -9.442  -38.908 1.0000000000
69935  -35.727  -9.546  -38.395 1.0000000000
69936  -36.094  -9.920  -37.833 1.0000000000
69937  -35.616  -9.641  -37.849 1.0000000000
69938  -34.382  -7.117  -37.191 1.0000000000
69939  -34.596  -7.724  -37.702 1.0000000000
69940  -34.510  -7.739  -36.980 1.0000000000
69941  -34.792  -9.013  -35.801 1.0000000000
69942  -34.924  -8.919  -36.527 1.0000000000
69943  -35.188  -9.490  -36.233 1.0000000000
69944  -35.511  -9.893  -36.680 1.0000000000
69945  -35.475  -10.029  -35.974 1.0000000000
69946  -35.709  -10.489  -35.699 1.0000000000
69947  -35.349  -10.095  -35.352 1.0000000000
69948  -34.261  -10.156  -33.638 1.0000000000
69949  -34.914  -10.437  -34.055 1.0000000000
69950  -34.546  -10.713  -33.465 1.0000000000
69951  -34.844  -11.227  -33.283 1.0000000000
69952  -34.147  -11.074  -32.942 1.0000000000
75348  -29.871  -2.700  -36.806 1.0000000000
75349  -30.737  -2.415  -37.137 1.0000000000
75350  -30.220  -3.016  -36.632 1.0000000000
75351  -30.612  -3.369  -36.423 1.0000000000
75352  -29.595  -3.706  -36.277 1.0000000000
89582  -23.821  -5.389  -35.032 1.0000000000
89583  -24.719  -5.266  -35.453 1.0000000000
89584  -24.616  -4.956  -35.411 1.0000000000
89585  -25.238  -4.624  -35.619 1.0000000000
89586  -25.747  -3.956  -35.826 1.0000000000
89587  -26.011  -4.296  -35.909 1.0000000000
89588  -26.898  -3.904  -36.129 1.0000000000
89589  -26.271  -4.616  -35.942 1.0000000000
89590  -26.176  -5.997  -35.729 1.0000000000
89591  -26.873  -5.321  -35.978 1.0000000000
89592  -27.166  -5.699  -36.004 1.0000000000
89593  -28.217  -5.320  -35.992 1.0000000000
89594  -27.489  -6.103  -35.922 1.0000000000
89651  -23.190  -9.103  -33.791 1.0000000000
89652  -22.620  -9.174  -33.444 1.0000000000
89653  -23.142  -8.779  -33.872 1.0000000000
89654  -23.046  -8.488  -33.957 1.0000000000
89655  -23.690  -8.345  -34.376 1.0000000000
89656  -24.291  -7.892  -34.836 1.0000000000
89657  -24.460  -8.250  -34.789 1.0000000000
89658  -26.741  -8.324  -35.279 1.0000000000
89659  -26.446  -7.869  -35.360 1.0000000000
89660  -27.496  -7.641  -35.440 1.0000000000
89661  -28.207  -6.929  -35.624 1.0000000000
89662  -28.570  -7.321  -35.374 1.0000000000
89663  -29.551  -6.883  -35.137 1.0000000000
89664  -28.887  -7.717  -35.116 1.0000000000
89665  -28.911  -9.356  -34.608 1.0000000000
89666  -29.519  -8.530  -34.563 1.0000000000
89667  -29.848  -8.940  -34.274 1.0000000000
89668  -30.738  -8.496  -34.000 1.0000000000
89669  -30.180  -9.370  -34.001 1.0000000000
89670  -25.945  -11.992  -34.137 1.0000000000
89671  -26.622  -11.405  -34.453 1.0000000000
89672  -27.083  -11.925  -34.369 1.0000000000
89673  -29.730  -11.871  -33.665 1.0000000000
89674  -29.355  -11.411  -33.941 1.0000000000
89675  -30.316  -11.058  -33.524 1.0000000000
89676  -30.814  -10.233  -33.498 1.0000000000
89677  -31.109  -10.685  -33.260 1.0000000000
89678  -31.948  -10.409  -33.036 1.0000000000
89679  -31.474  -11.198  -33.009 1.0000000000
89680  -31.619  -12.923  -32.567 1.0000000000
89681  -32.107  -12.137  -32.588 1.0000000000
89682  -32.397  -12.566  -32.402 1.0000000000
89683  -33.214  -12.321  -32.287 1.0000000000
89684  -32.770  -13.053  -32.149 1.0000000000
89691  -25.543  -15.637  -32.411 1.0000000000
89698  -28.693  -16.725  -32.567 1.0000000000
89699  -28.246  -16.213  -32.778 1.0000000000
89700  -29.458  -16.063  -32.719 1.0000000000
89701  -29.997  -15.323  -32.794 1.0000000000
89702  -30.416  -15.742  -32.428 1.0000000000
89703  -32.554  -15.665  -31.627 1.0000000000
89704  -32.219  -15.194  -31.924 1.0000000000
89705  -33.120  -14.911  -31.588 1.0000000000
89706  -33.437  -14.016  -31.715 1.0000000000
89707  -33.772  -14.541  -31.519 1.0000000000
89708  -34.594  -14.359  -31.494 1.0000000000
89709  -34.099  -15.068  -31.267 1.0000000000
90301  -37.707  -12.310  -34.715 1.0000000000
90302  -37.806  -12.038  -35.037 1.0000000000
93470  -32.309  -3.035  -37.220 1.0000000000
93471  -32.956  -3.208  -37.835 1.0000000000
93472  -32.629  -3.497  -37.028 1.0000000000
93473  -32.932  -4.044  -36.766 1.0000000000
93474  -33.179  -4.575  -36.583 1.0000000000
93475  -33.402  -5.127  -36.387 1.0000000000
93476  -32.785  -4.976  -35.869 1.0000000000
93477  -32.148  -5.460  -35.373 1.0000000000
93478  -31.466  -6.033  -34.987 1.0000000000
97547  -36.101  -11.707  -33.926 1.0000000000
97548  -36.594  -12.015  -34.143 1.0000000000
97549  -36.459  -12.238  -33.547 1.0000000000
97550  -36.771  -12.752  -33.175 1.0000000000
97551  -37.089  -13.213  -32.840 1.0000000000
97553  -36.785  -13.420  -32.316 1.0000000000
97555  -35.992  -14.186  -31.617 1.0000000000
101854  -33.862  -5.162  -40.337 1.0000000000
101857  -34.053  -6.422  -41.316 1.0000000000
101858  -34.283  -7.024  -41.703 1.0000000000
101860  -34.550  -7.603  -41.296 1.0000000000
101861  -34.890  -8.117  -40.897 1.0000000000
101862  -35.281  -8.574  -40.382 1.0000000000
101863  -35.650  -8.985  -39.930 1.0000000000
101864  -35.145  -8.623  -39.835 1.0000000000
101865  -35.050  -8.673  -39.281 1.0000000000
101866  -35.050  -8.738  -38.619 1.0000000000
101867  -34.066  -7.369  -35.667 1.0000000000
101868  -34.403  -7.832  -36.205 1.0000000000
101869  -34.244  -7.996  -35.477 1.0000000000
101870  -34.426  -8.593  -35.303 1.0000000000
101871  -34.625  -9.151  -35.100 1.0000000000
101872  -34.858  -9.683  -34.903 1.0000000000
101873  -34.401  -9.376  -34.425 1.0000000000
101874  -34.023  -9.627  -33.805 1.0000000000
101875  -33.539  -9.999  -33.323 1.0000000000
105114  -29.481  -2.387  -36.970 1.0000000000
105115  -28.888  -3.046  -36.541 1.0000000000
113652  -23.540  -6.400  -34.771 1.0000000000
113653  -23.823  -5.751  -35.030 1.0000000000
113654  -23.807  -6.140  -34.991 1.0000000000
113655  -24.262  -5.836  -35.205 1.0000000000
113656  -24.891  -5.610  -35.441 1.0000000000
113657  -25.711  -5.271  -35.735 1.0000000000
113658  -25.073  -5.909  -35.441 1.0000000000
113659  -25.273  -6.244  -35.452 1.0000000000
113660  -25.545  -6.598  -35.490 1.0000000000
113694  -22.206  -9.928  -32.785 1.0000000000
113695  -22.739  -9.859  -33.265 1.0000000000
113696  -23.354  -9.496  -33.794 1.0000000000
113697  -24.044  -9.072  -34.272 1.0000000000
113698  -24.710  -8.634  -34.714 1.0000000000
113699  -24.924  -9.029  -34.706 1.0000000000
113700  -25.986  -8.971  -35.017 1.0000000000
113701  -27.144  -8.800  -35.161 1.0000000000
113702  -28.183  -8.487  -35.096 1.0000000000
113703  -27.495  -9.243  -35.003 1.0000000000
113704  -27.842  -9.672  -34.834 1.0000000000
113705  -28.223  -10.109  -34.626 1.0000000000
113706  -26.846  -13.057  -33.905 1.0000000000
113707  -27.511  -12.416  -34.195 1.0000000000
113708  -27.905  -12.905  -34.046 1.0000000000
113709  -29.091  -12.687  -33.784 1.0000000000
113710  -30.097  -12.343  -33.394 1.0000000000
113711  -30.961  -11.973  -33.016 1.0000000000
113712  -30.436  -12.822  -33.099 1.0000000000
113713  -30.782  -13.270  -32.928 1.0000000000
113714  -31.076  -13.713  -32.717 1.0000000000
113723  -29.502  -17.689  -32.016 1.0000000000
113724  -30.095  -16.978  -32.165 1.0000000000
113725  -30.753  -16.234  -32.191 1.0000000000
113726  -31.097  -16.741  -31.918 1.0000000000
113727  -32.139  -16.475  -31.560 1.0000000000
113728  -32.899  -16.160  -31.364 1.0000000000
113729  -33.736  -15.877  -31.188 1.0000000000
113730  -33.385  -16.717  -30.939 1.0000000000
118260  -33.531  -3.980  -40.003 1.0000000000
118261  -33.359  -3.557  -38.488 1.0000000000
118262  -33.634  -4.021  -39.112 1.0000000000
118263  -33.798  -4.581  -39.724 1.0000000000
118264  -33.994  -5.170  -39.506 1.0000000000
118265  -34.145  -5.816  -39.247 1.0000000000
118266  -34.288  -6.478  -38.993 1.0000000000
118267  -34.404  -7.030  -38.767 1.0000000000
118268  -34.308  -6.503  -38.201 1.0000000000
118269  -34.276  -6.511  -37.395 1.0000000000
118270  -34.151  -6.660  -36.582 1.0000000000
118271  -33.625  -5.689  -36.198 1.0000000000
118272  -33.785  -6.246  -35.981 1.0000000000
118273  -33.915  -6.778  -35.830 1.0000000000
118274  -33.531  -7.085  -35.159 1.0000000000
118275  -33.052  -7.490  -34.503 1.0000000000
118276  -32.470  -7.978  -34.052 1.0000000000
127439  -23.394  -6.503  -34.591 1.0000000000
127441  -23.143  -7.329  -34.384 1.0000000000
127442  -23.043  -7.662  -34.289 1.0000000000
127472  -22.416  -10.737  -32.686 1.0000000000
127473  -23.220  -10.792  -33.218 1.0000000000
127474  -24.086  -10.842  -33.702 1.0000000000
127475  -25.203  -10.960  -34.208 1.0000000000
127476  -24.466  -11.376  -33.709 1.0000000000
127477  -24.887  -11.951  -33.710 1.0000000000
127478  -25.229  -12.460  -33.676 1.0000000000
127479  -23.482  -12.767  -32.598 1.0000000000
127480  -24.446  -12.889  -33.149 1.0000000000
127481  -25.658  -13.010  -33.603 1.0000000000
127482  -26.007  -13.555  -33.515 1.0000000000
127483  -26.520  -14.103  -33.391 1.0000000000
127484  -26.965  -14.645  -33.333 1.0000000000
127769  -36.654  -11.143  -35.975 1.0000000000
127770  -37.023  -11.377  -35.896 1.0000000000
127771  -36.959  -11.541  -35.544 1.0000000000
127772  -37.283  -12.081  -34.954 1.0000000000
127774  -37.124  -12.542  -34.147 1.0000000000
127775  -37.541  -12.745  -34.157 1.0000000000
136970  -36.519  -10.238  -37.730 1.0000000000
136971  -36.414  -10.320  -37.361 1.0000000000
136972  -36.324  -10.462  -36.917 1.0000000000
136973  -34.557  -7.658  -38.505 1.0000000000
136974  -34.753  -8.226  -38.217 1.0000000000
136975  -35.002  -8.766  -37.956 1.0000000000
136976  -34.678  -8.365  -36.757 1.0000000000
136977  -34.944  -8.861  -37.291 1.0000000000
136978  -35.255  -9.323  -37.642 1.0000000000
136979  -35.563  -9.793  -37.275 1.0000000000
136980  -35.899  -10.244  -36.848 1.0000000000
136981  -36.330  -10.725  -36.412 1.0000000000
136982  -36.169  -10.867  -35.889 1.0000000000
136983  -36.079  -11.024  -35.399 1.0000000000
136984  -35.986  -11.099  -34.742 1.0000000000
136985  -35.139  -10.180  -34.720 1.0000000000
136986  -35.474  -10.752  -34.444 1.0000000000
136987  -35.781  -11.225  -34.184 1.0000000000
136988  -35.501  -11.459  -33.653 1.0000000000
136989  -35.161  -11.739  -33.081 1.0000000000
136990  -34.731  -12.089  -32.600 1.0000000000
143611  -32.239  -2.309  -38.182 1.0000000000
143613  -31.583  -2.278  -37.580 1.0000000000
143614  -31.964  -2.636  -37.395 1.0000000000
143615  -31.516  -3.089  -36.765 1.0000000000
143616  -30.955  -3.728  -36.203 1.0000000000
143617  -30.255  -4.395  -35.875 1.0000000000
160747  -24.085  -4.540  -35.120 1.0000000000
160748  -24.418  -4.396  -35.304 1.0000000000
160749  -24.132  -5.243  -35.212 1.0000000000
160750  -24.522  -4.655  -35.353 1.0000000000
160752  -25.529  -3.619  -35.748 1.0000000000
160753  -26.288  -3.219  -36.079 1.0000000000
160755  -27.549  -3.168  -36.488 1.0000000000
160756  -27.909  -3.505  -36.393 1.0000000000
160757  -28.239  -3.835  -36.291 1.0000000000
160758  -26.554  -4.960  -35.958 1.0000000000
160759  -27.531  -4.585  -36.119 1.0000000000
160760  -28.560  -4.146  -36.184 1.0000000000
160761  -28.911  -4.507  -36.061 1.0000000000
160762  -29.258  -4.885  -35.911 1.0000000000
160763  -29.582  -5.266  -35.733 1.0000000000
160825  -22.690  -8.115  -33.862 1.0000000000
160826  -22.955  -7.941  -34.167 1.0000000000
160830  -22.168  -9.602  -32.864 1.0000000000
160831  -22.150  -9.322  -32.963 1.0000000000
160833  -22.562  -8.609  -33.552 1.0000000000
160834  -22.985  -8.212  -34.084 1.0000000000
160835  -23.466  -7.720  -34.574 1.0000000000
160836  -24.120  -7.510  -34.873 1.0000000000
160837  -24.896  -7.277  -35.166 1.0000000000
160838  -25.852  -7.001  -35.467 1.0000000000
160839  -25.446  -8.100  -35.138 1.0000000000
160840  -26.149  -7.428  -35.428 1.0000000000
160841  -26.795  -6.781  -35.716 1.0000000000
160842  -27.841  -6.507  -35.787 1.0000000000
160843  -28.885  -6.106  -35.644 1.0000000000
160844  -29.936  -5.629  -35.478 1.0000000000
160845  -30.205  -5.999  -35.257 1.0000000000
160846  -30.501  -6.406  -34.986 1.0000000000
160847  -30.789  -6.789  -34.690 1.0000000000
160848  -29.209  -8.115  -34.835 1.0000000000
160849  -30.137  -7.661  -34.535 1.0000000000
160850  -31.064  -7.257  -34.405 1.0000000000
160851  -31.323  -7.696  -34.174 1.0000000000
160852  -31.617  -8.199  -33.941 1.0000000000
160853  -31.933  -8.700  -33.695 1.0000000000
160854  -26.280  -10.946  -34.491 1.0000000000
160855  -27.355  -10.777  -34.601 1.0000000000
160856  -28.612  -10.548  -34.412 1.0000000000
160857  -28.258  -11.749  -34.258 1.0000000000
160858  -28.978  -11.008  -34.203 1.0000000000
160859  -29.600  -10.160  -34.062 1.0000000000
160860  -30.521  -9.804  -33.762 1.0000000000
160861  -31.358  -9.442  -33.494 1.0000000000
160862  -32.215  -9.186  -33.472 1.0000000000
160863  -32.497  -9.672  -33.268 1.0000000000
160864  -32.800  -10.177  -33.091 1.0000000000
160865  -33.092  -10.665  -32.932 1.0000000000
160866  -31.790  -11.667  -32.776 1.0000000000
160867  -32.602  -11.377  -32.665 1.0000000000
160868  -33.403  -11.172  -32.753 1.0000000000
160869  -33.715  -11.687  -32.552 1.0000000000
160870  -34.052  -12.197  -32.305 1.0000000000
160871  -34.378  -12.721  -32.122 1.0000000000
160878  -25.052  -15.023  -32.441 1.0000000000
160879  -26.337  -15.197  -32.869 1.0000000000
160880  -27.409  -15.137  -33.122 1.0000000000
160888  -27.897  -15.722  -32.968 1.0000000000
160889  -28.471  -15.080  -33.265 1.0000000000
160890  -29.600  -14.831  -33.131 1.0000000000
160891  -30.546  -14.533  -32.806 1.0000000000
160892  -31.444  -14.181  -32.409 1.0000000000
160893  -31.281  -15.459  -32.215 1.0000000000
160894  -31.877  -14.721  -32.143 1.0000000000
160895  -32.329  -13.840  -32.134 1.0000000000
160896  -33.172  -13.569  -31.939 1.0000000000
160897  -33.960  -13.379  -31.848 1.0000000000
160898  -34.698  -13.257  -31.945 1.0000000000
160899  -34.981  -13.743  -31.768 1.0000000000
160900  -35.286  -14.278  -31.541 1.0000000000
160901  -35.612  -14.831  -31.213 1.0000000000
160902  -34.476  -15.628  -30.965 1.0000000000
160903  -35.176  -15.345  -30.836 1.0000000000
161611  -37.459  -11.690  -35.562 1.0000000000
