#!ascii label  , from subject 40tvs8ref_sym_20 vox2ras=TkReg
169
991  -12.596  -58.103  -0.164 1.0000000000
2514  -9.302  -64.191  4.450 1.0000000000
2515  -8.117  -64.267  0.972 1.0000000000
2911  -14.743  -59.692  0.073 1.0000000000
5641  -5.557  -65.617  5.823 1.0000000000
5642  -7.239  -63.054  3.455 1.0000000000
5643  -5.606  -66.382  3.160 1.0000000000
6391  -11.565  -57.382  -1.388 1.0000000000
10097  -12.098  -66.068  3.322 1.0000000000
10098  -13.315  -63.029  1.987 1.0000000000
10099  -10.925  -61.285  2.196 1.0000000000
10100  -9.447  -60.558  0.815 1.0000000000
13322  -5.149  -65.697  4.615 1.0000000000
14491  -11.866  -57.567  -0.636 1.0000000000
22677  -8.725  -65.703  5.080 1.0000000000
22678  -10.119  -66.665  4.402 1.0000000000
22679  -10.699  -65.173  3.968 1.0000000000
22680  -12.679  -64.586  2.748 1.0000000000
22681  -11.271  -63.708  3.239 1.0000000000
22682  -12.086  -62.168  2.249 1.0000000000
22683  -10.053  -62.793  3.423 1.0000000000
22684  -7.338  -63.457  2.196 1.0000000000
22685  -8.316  -61.838  2.102 1.0000000000
22686  -8.594  -62.326  0.944 1.0000000000
22687  -9.763  -60.963  -0.199 1.0000000000
22688  -9.378  -63.015  -0.098 1.0000000000
23671  -13.630  -58.913  -0.016 1.0000000000
28584  -6.795  -66.328  6.074 1.0000000000
28585  -7.306  -64.747  5.383 1.0000000000
28586  -8.034  -63.335  4.317 1.0000000000
28587  -6.290  -64.189  4.725 1.0000000000
28588  -6.136  -64.555  3.449 1.0000000000
28589  -6.847  -65.335  2.081 1.0000000000
40531  -14.051  -61.348  1.084 1.0000000000
40532  -12.892  -60.540  1.166 1.0000000000
40533  -11.785  -59.717  1.074 1.0000000000
40534  -8.941  -62.002  3.071 1.0000000000
40535  -9.921  -60.647  1.740 1.0000000000
40536  -10.879  -59.145  0.518 1.0000000000
40537  -10.484  -59.055  -0.276 1.0000000000
40538  -10.830  -59.398  -1.259 1.0000000000
45207  -13.624  -57.764  -0.595 1.0000000000
45209  -13.141  -57.363  -0.687 1.0000000000
45211  -12.181  -57.797  -0.362 1.0000000000
53397  -8.974  -64.939  4.826 1.0000000000
53398  -9.729  -65.419  4.538 1.0000000000
53399  -9.993  -64.690  4.255 1.0000000000
53400  -10.994  -64.451  3.633 1.0000000000
53401  -10.298  -63.979  3.903 1.0000000000
53402  -10.663  -63.248  3.371 1.0000000000
53403  -9.677  -63.467  3.987 1.0000000000
53404  -7.659  -63.846  1.545 1.0000000000
53405  -7.933  -62.881  1.553 1.0000000000
53406  -8.318  -63.282  0.972 1.0000000000
53407  -8.922  -62.690  0.405 1.0000000000
53408  -8.781  -63.679  0.440 1.0000000000
54807  -15.783  -59.295  -0.400 1.0000000000
54810  -14.692  -58.606  -0.520 1.0000000000
54811  -14.171  -59.356  0.033 1.0000000000
62998  -5.899  -66.711  6.489 1.0000000000
62999  -6.133  -65.913  6.066 1.0000000000
63000  -7.034  -65.530  5.758 1.0000000000
63001  -6.382  -65.113  5.716 1.0000000000
63002  -6.742  -64.404  5.151 1.0000000000
63003  -5.910  -64.923  5.286 1.0000000000
63004  -5.284  -65.956  3.902 1.0000000000
63005  -5.589  -65.083  4.024 1.0000000000
63006  -5.805  -65.454  3.265 1.0000000000
63007  -6.407  -64.908  2.743 1.0000000000
63008  -6.200  -65.852  2.623 1.0000000000
66511  -11.663  -57.398  -1.814 1.0000000000
91070  -11.100  -66.355  3.879 1.0000000000
91072  -11.838  -66.791  3.480 1.0000000000
91074  -12.818  -66.434  2.982 1.0000000000
91077  -12.966  -63.831  2.383 1.0000000000
91078  -13.702  -64.208  2.186 1.0000000000
91079  -14.005  -63.409  1.833 1.0000000000
91081  -14.382  -62.575  1.427 1.0000000000
91082  -14.651  -61.731  1.016 1.0000000000
91083  -13.764  -62.234  1.530 1.0000000000
91084  -11.488  -61.721  2.268 1.0000000000
91085  -12.447  -61.337  1.711 1.0000000000
91086  -11.901  -60.903  1.720 1.0000000000
91087  -12.342  -60.123  1.138 1.0000000000
91088  -11.362  -60.486  1.617 1.0000000000
91089  -7.555  -63.124  3.958 1.0000000000
91090  -8.481  -62.703  3.743 1.0000000000
91091  -8.002  -62.464  3.348 1.0000000000
91092  -8.959  -61.251  1.403 1.0000000000
91093  -9.082  -61.201  1.927 1.0000000000
91094  -9.606  -60.534  1.329 1.0000000000
91095  -10.349  -59.869  1.178 1.0000000000
91096  -10.085  -59.801  0.740 1.0000000000
91097  -10.592  -59.039  0.135 1.0000000000
91098  -9.987  -59.825  0.291 1.0000000000
91099  -10.085  -61.266  -0.679 1.0000000000
91100  -10.266  -60.220  -0.695 1.0000000000
91101  -10.630  -60.469  -1.200 1.0000000000
91102  -11.159  -59.580  -1.753 1.0000000000
92791  -15.310  -60.057  0.098 1.0000000000
97706  -5.200  -65.576  5.286 1.0000000000
97709  -5.174  -66.919  3.741 1.0000000000
99811  -11.645  -57.418  -0.975 1.0000000000
114545  -8.473  -66.505  5.289 1.0000000000
114546  -9.170  -67.012  4.937 1.0000000000
114547  -9.443  -66.198  4.753 1.0000000000
114548  -10.392  -65.896  4.237 1.0000000000
114549  -11.386  -65.644  3.685 1.0000000000
114550  -12.377  -65.342  3.088 1.0000000000
114551  -11.693  -64.917  3.357 1.0000000000
114552  -11.971  -64.167  2.982 1.0000000000
114553  -12.296  -63.389  2.572 1.0000000000
114554  -12.713  -62.623  2.124 1.0000000000
114555  -11.672  -62.957  2.735 1.0000000000
114556  -11.079  -62.531  2.864 1.0000000000
114557  -10.463  -62.053  2.811 1.0000000000
114558  -7.175  -63.148  2.862 1.0000000000
114559  -7.821  -62.449  2.784 1.0000000000
114560  -7.800  -62.588  2.176 1.0000000000
114561  -8.383  -62.007  1.512 1.0000000000
114562  -8.984  -61.423  0.865 1.0000000000
114563  -9.544  -60.716  0.301 1.0000000000
114564  -9.165  -61.705  0.333 1.0000000000
114565  -9.552  -62.003  -0.170 1.0000000000
114566  -9.987  -62.317  -0.624 1.0000000000
116670  -14.151  -58.175  -0.561 1.0000000000
116671  -13.104  -58.484  -0.077 1.0000000000
128135  -7.752  -66.011  5.584 1.0000000000
128136  -7.977  -65.205  5.359 1.0000000000
128137  -8.265  -64.438  4.949 1.0000000000
128138  -8.650  -63.686  4.508 1.0000000000
128139  -7.643  -64.005  4.890 1.0000000000
128140  -7.101  -63.705  4.594 1.0000000000
128141  -6.762  -63.610  4.098 1.0000000000
128142  -5.637  -64.918  4.715 1.0000000000
128143  -6.070  -64.282  4.128 1.0000000000
128144  -6.608  -63.704  3.486 1.0000000000
128145  -6.667  -63.999  2.786 1.0000000000
128146  -7.063  -64.386  2.130 1.0000000000
128147  -7.499  -64.815  1.544 1.0000000000
162548  -14.981  -60.880  0.567 1.0000000000
162549  -14.368  -60.509  0.597 1.0000000000
162550  -13.096  -61.789  1.631 1.0000000000
162551  -13.439  -60.953  1.170 1.0000000000
162552  -13.776  -60.138  0.618 1.0000000000
162553  -13.215  -59.747  0.611 1.0000000000
162554  -12.681  -59.300  0.546 1.0000000000
162555  -12.175  -58.930  0.431 1.0000000000
162556  -9.066  -63.051  3.938 1.0000000000
162557  -9.454  -62.353  3.364 1.0000000000
162558  -9.884  -61.666  2.660 1.0000000000
162559  -8.548  -61.837  2.647 1.0000000000
162560  -9.378  -61.361  2.389 1.0000000000
162561  -10.370  -60.885  2.038 1.0000000000
162562  -10.834  -60.133  1.437 1.0000000000
162563  -11.284  -59.365  0.848 1.0000000000
162564  -11.716  -58.602  0.240 1.0000000000
162565  -11.330  -58.331  -0.047 1.0000000000
162566  -11.135  -58.257  -0.431 1.0000000000
162567  -11.076  -58.256  -0.860 1.0000000000
162568  -10.029  -59.957  -0.172 1.0000000000
162569  -10.599  -59.208  -0.758 1.0000000000
162570  -11.139  -58.319  -1.321 1.0000000000
162571  -11.368  -58.449  -1.783 1.0000000000
162579  -6.155  -66.789  2.547 1.0000000000
162580  -6.712  -66.272  2.045 1.0000000000
162581  -7.369  -65.785  1.553 1.0000000000
162582  -7.996  -65.248  1.032 1.0000000000
162591  -8.691  -64.667  0.520 1.0000000000
