#!ascii label  , from subject 40tvs8ref_sym_20 vox2ras=TkReg
123
299  -22.095  -69.529  25.679 1.0000000000
1691  -22.942  -69.455  21.351 1.0000000000
3779  -22.684  -69.621  23.550 1.0000000000
3780  -20.510  -73.140  19.123 1.0000000000
3781  -21.127  -73.602  21.308 1.0000000000
3822  -21.292  -65.513  26.847 1.0000000000
3823  -22.494  -65.432  25.104 1.0000000000
6012  -21.391  -73.607  23.701 1.0000000000
11459  -22.432  -69.657  24.596 1.0000000000
11460  -22.104  -71.685  22.338 1.0000000000
11461  -22.092  -71.695  23.503 1.0000000000
11502  -21.909  -67.477  26.349 1.0000000000
11503  -22.412  -67.524  25.397 1.0000000000
17102  -18.869  -74.577  18.799 1.0000000000
17103  -18.365  -73.967  18.181 1.0000000000
17107  -20.490  -75.501  22.936 1.0000000000
17108  -20.229  -75.468  21.766 1.0000000000
17230  -23.229  -67.443  23.439 1.0000000000
25235  -22.832  -69.584  22.431 1.0000000000
25236  -21.906  -71.441  20.068 1.0000000000
25237  -22.032  -71.615  21.155 1.0000000000
25238  -20.836  -73.461  20.149 1.0000000000
25239  -19.404  -75.013  19.646 1.0000000000
25312  -20.249  -63.981  26.893 1.0000000000
25313  -20.844  -63.871  26.148 1.0000000000
25314  -21.955  -65.550  25.941 1.0000000000
25315  -22.859  -67.461  24.437 1.0000000000
29388  -21.942  -71.603  24.711 1.0000000000
33760  -20.100  -72.733  18.214 1.0000000000
33766  -21.346  -73.654  22.482 1.0000000000
33767  -19.840  -75.280  20.669 1.0000000000
42179  -22.278  -69.568  25.146 1.0000000000
42180  -22.331  -70.676  24.044 1.0000000000
42181  -22.218  -70.623  24.610 1.0000000000
42220  -21.813  -68.422  26.589 1.0000000000
42222  -22.050  -68.456  26.072 1.0000000000
42223  -22.263  -68.545  25.524 1.0000000000
47821  -22.457  -70.363  20.146 1.0000000000
47823  -17.743  -74.809  18.637 1.0000000000
47827  -19.946  -76.371  22.689 1.0000000000
47828  -19.799  -76.382  22.090 1.0000000000
47950  -23.205  -68.461  22.437 1.0000000000
47951  -23.354  -67.389  22.901 1.0000000000
57419  -22.756  -69.598  22.980 1.0000000000
57420  -22.475  -70.608  21.775 1.0000000000
57421  -22.471  -70.642  22.349 1.0000000000
57422  -21.655  -72.660  21.795 1.0000000000
57423  -21.602  -72.635  21.167 1.0000000000
57424  -21.011  -73.577  20.702 1.0000000000
57425  -20.145  -74.276  19.832 1.0000000000
57426  -20.325  -74.397  20.373 1.0000000000
57543  -20.970  -65.468  27.330 1.0000000000
57545  -20.517  -64.677  27.362 1.0000000000
57546  -19.904  -64.030  27.288 1.0000000000
57547  -20.826  -64.677  26.920 1.0000000000
57548  -21.149  -64.668  26.499 1.0000000000
57549  -21.618  -65.511  26.406 1.0000000000
57550  -22.631  -68.537  24.524 1.0000000000
57551  -22.658  -67.513  24.926 1.0000000000
57552  -22.830  -68.536  24.016 1.0000000000
57553  -22.958  -68.534  23.487 1.0000000000
74347  -21.244  -72.344  19.503 1.0000000000
74348  -21.106  -72.159  19.061 1.0000000000
74349  -20.308  -72.932  18.685 1.0000000000
74362  -21.737  -72.657  24.171 1.0000000000
74363  -21.732  -72.675  23.573 1.0000000000
74364  -21.372  -73.646  23.098 1.0000000000
74365  -19.355  -76.190  21.040 1.0000000000
74366  -20.067  -75.392  21.191 1.0000000000
74367  -19.121  -76.020  20.551 1.0000000000
74368  -18.828  -75.857  20.094 1.0000000000
74730  -21.739  -64.596  25.680 1.0000000000
94355  -22.539  -69.651  24.056 1.0000000000
94356  -22.455  -70.682  22.923 1.0000000000
94357  -22.373  -70.691  23.489 1.0000000000
94358  -22.103  -71.695  22.925 1.0000000000
94359  -21.715  -72.693  22.365 1.0000000000
94432  -21.659  -66.472  26.637 1.0000000000
94433  -21.998  -66.476  26.210 1.0000000000
94434  -22.168  -67.511  25.865 1.0000000000
94435  -22.446  -68.559  25.011 1.0000000000
104512  -19.728  -73.895  18.870 1.0000000000
104513  -19.480  -73.662  18.476 1.0000000000
104514  -18.605  -74.294  18.469 1.0000000000
104521  -20.972  -74.567  23.281 1.0000000000
104522  -20.940  -74.592  22.672 1.0000000000
104523  -20.397  -75.550  22.289 1.0000000000
104742  -22.931  -66.416  24.299 1.0000000000
120323  -22.908  -69.543  21.884 1.0000000000
120324  -22.469  -70.473  20.681 1.0000000000
120325  -22.495  -70.586  21.186 1.0000000000
120326  -21.969  -71.572  20.573 1.0000000000
120327  -21.355  -72.485  20.037 1.0000000000
120328  -22.087  -71.649  21.748 1.0000000000
120329  -21.468  -72.573  20.594 1.0000000000
120330  -20.682  -73.332  19.606 1.0000000000
120331  -19.918  -74.114  19.328 1.0000000000
120332  -19.117  -74.793  19.253 1.0000000000
120333  -18.260  -75.402  19.314 1.0000000000
120504  -20.561  -63.956  26.500 1.0000000000
120505  -21.495  -64.619  26.106 1.0000000000
120506  -22.200  -65.502  25.506 1.0000000000
120507  -22.261  -66.521  25.721 1.0000000000
120508  -22.507  -66.501  25.243 1.0000000000
120509  -22.750  -66.410  24.824 1.0000000000
120510  -23.021  -67.465  23.931 1.0000000000
120511  -23.098  -68.523  22.961 1.0000000000
130235  -21.896  -69.471  26.230 1.0000000000
130236  -22.067  -70.561  25.205 1.0000000000
130239  -21.620  -72.572  24.755 1.0000000000
130243  -20.993  -74.524  23.890 1.0000000000
130244  -20.571  -75.459  23.553 1.0000000000
142390  -21.855  -71.310  19.578 1.0000000000
142392  -19.874  -72.486  17.925 1.0000000000
142393  -19.244  -73.395  18.114 1.0000000000
142408  -22.019  -71.655  24.109 1.0000000000
142409  -21.748  -72.694  22.973 1.0000000000
142410  -21.277  -73.636  21.906 1.0000000000
142411  -20.835  -74.564  22.098 1.0000000000
142412  -20.744  -74.536  21.503 1.0000000000
142413  -20.522  -74.479  20.916 1.0000000000
142414  -19.605  -75.151  20.172 1.0000000000
142415  -18.559  -75.672  19.667 1.0000000000
