#!ascii label  , from subject 40tvs8ref_sym_20 vox2ras=TkReg
221
157  -6.000  -82.174  -1.606 1.0000000000
2520  -7.352  -87.770  -6.094 1.0000000000
2523  -10.798  -81.725  -4.259 1.0000000000
3319  -3.580  -81.018  -1.667 1.0000000000
5655  -5.362  -90.002  -7.975 1.0000000000
5656  -7.932  -89.448  -8.797 1.0000000000
5663  -11.422  -83.815  -6.327 1.0000000000
7988  -4.064  -83.868  -3.877 1.0000000000
10115  -4.714  -87.152  -6.150 1.0000000000
10116  -6.810  -85.202  -3.674 1.0000000000
10123  -9.708  -86.572  -7.815 1.0000000000
10124  -9.597  -85.176  -4.573 1.0000000000
10125  -8.969  -82.466  -2.384 1.0000000000
10999  -4.748  -81.678  -1.619 1.0000000000
11000  -4.595  -80.179  -0.341 1.0000000000
11001  -5.827  -80.722  -0.456 1.0000000000
11003  -7.175  -81.076  -0.821 1.0000000000
17527  -2.882  -83.478  -3.817 1.0000000000
17528  -3.102  -85.027  -5.106 1.0000000000
22722  -6.255  -88.895  -6.857 1.0000000000
22723  -4.984  -88.627  -6.967 1.0000000000
22724  -5.986  -87.611  -5.851 1.0000000000
22725  -5.706  -86.218  -4.801 1.0000000000
22726  -7.082  -86.583  -4.808 1.0000000000
22743  -9.577  -86.978  -9.426 1.0000000000
22744  -10.584  -85.686  -8.703 1.0000000000
22745  -11.141  -82.851  -5.085 1.0000000000
22746  -10.508  -84.611  -5.478 1.0000000000
22747  -10.295  -83.455  -4.191 1.0000000000
22748  -9.290  -83.845  -3.348 1.0000000000
22749  -10.028  -82.192  -3.260 1.0000000000
22750  -9.677  -80.988  -2.464 1.0000000000
22751  -10.404  -80.615  -3.634 1.0000000000
28611  -6.722  -89.995  -8.041 1.0000000000
28612  -7.610  -88.758  -7.373 1.0000000000
28623  -11.513  -84.428  -7.883 1.0000000000
28625  -12.217  -82.140  -5.860 1.0000000000
28626  -11.761  -81.138  -5.192 1.0000000000
28627  -11.231  -80.132  -4.762 1.0000000000
34297  -3.804  -82.436  -2.830 1.0000000000
34298  -4.964  -83.033  -2.708 1.0000000000
40580  -3.767  -88.224  -7.452 1.0000000000
40581  -3.443  -86.652  -6.442 1.0000000000
40582  -4.423  -85.630  -5.150 1.0000000000
40583  -5.383  -84.614  -3.786 1.0000000000
40584  -6.332  -83.658  -2.675 1.0000000000
40604  -8.665  -87.993  -8.342 1.0000000000
40605  -8.644  -87.409  -6.830 1.0000000000
40606  -10.628  -85.271  -7.069 1.0000000000
40607  -9.725  -86.079  -6.178 1.0000000000
40608  -8.577  -86.592  -5.277 1.0000000000
40609  -8.342  -85.428  -3.869 1.0000000000
40610  -7.897  -83.978  -2.803 1.0000000000
40611  -7.505  -82.513  -1.900 1.0000000000
40612  -8.630  -81.189  -1.535 1.0000000000
41719  -5.343  -81.961  -1.606 1.0000000000
41720  -5.284  -81.231  -0.989 1.0000000000
41721  -5.963  -81.471  -1.018 1.0000000000
41722  -6.492  -80.913  -0.617 1.0000000000
41723  -6.597  -81.643  -1.158 1.0000000000
48247  -2.560  -85.070  -4.775 1.0000000000
53442  -6.804  -88.348  -6.437 1.0000000000
53443  -6.129  -88.245  -6.332 1.0000000000
53444  -6.673  -87.743  -5.884 1.0000000000
53445  -6.510  -87.113  -5.339 1.0000000000
53446  -7.244  -87.176  -5.457 1.0000000000
53465  -10.992  -82.288  -4.657 1.0000000000
53466  -10.713  -83.161  -4.662 1.0000000000
53467  -10.577  -82.559  -4.187 1.0000000000
53468  -10.160  -82.803  -3.714 1.0000000000
53469  -10.418  -81.982  -3.746 1.0000000000
53470  -10.263  -81.409  -3.383 1.0000000000
53471  -10.622  -81.207  -3.930 1.0000000000
56036  -3.536  -80.284  -1.003 1.0000000000
56037  -5.139  -79.733  0.270 1.0000000000
56038  -4.532  -79.426  0.320 1.0000000000
63042  -7.589  -90.169  -9.100 1.0000000000
63043  -6.977  -90.471  -8.756 1.0000000000
63044  -7.370  -89.776  -8.349 1.0000000000
63045  -7.152  -89.368  -7.653 1.0000000000
63046  -7.769  -89.105  -8.059 1.0000000000
63066  -12.796  -81.845  -6.161 1.0000000000
63067  -12.548  -81.363  -5.812 1.0000000000
63068  -11.961  -81.665  -5.470 1.0000000000
63069  -12.307  -80.834  -5.558 1.0000000000
75619  -3.482  -83.646  -3.903 1.0000000000
75620  -3.357  -82.921  -3.319 1.0000000000
75621  -3.956  -83.170  -3.348 1.0000000000
75622  -4.379  -82.757  -2.791 1.0000000000
75623  -4.538  -83.445  -3.279 1.0000000000
91202  -4.945  -90.622  -8.781 1.0000000000
91205  -4.857  -87.898  -6.553 1.0000000000
91206  -4.378  -88.414  -7.291 1.0000000000
91207  -4.226  -87.654  -6.841 1.0000000000
91208  -3.597  -87.449  -6.977 1.0000000000
91209  -4.104  -86.896  -6.379 1.0000000000
91210  -3.947  -86.123  -5.881 1.0000000000
91211  -4.591  -86.402  -5.659 1.0000000000
91212  -6.232  -85.701  -4.225 1.0000000000
91213  -5.523  -85.409  -4.355 1.0000000000
91214  -6.051  -84.929  -3.730 1.0000000000
91215  -5.853  -84.133  -3.195 1.0000000000
91216  -6.551  -84.421  -3.180 1.0000000000
91265  -9.621  -86.744  -8.628 1.0000000000
91266  -9.127  -87.500  -8.919 1.0000000000
91267  -9.161  -87.236  -8.131 1.0000000000
91268  -8.683  -87.714  -7.630 1.0000000000
91269  -9.192  -87.029  -7.328 1.0000000000
91270  -11.451  -84.171  -7.091 1.0000000000
91271  -11.067  -84.840  -7.521 1.0000000000
91272  -11.015  -84.607  -6.676 1.0000000000
91273  -10.083  -84.939  -5.008 1.0000000000
91274  -10.161  -85.399  -5.812 1.0000000000
91275  -9.708  -85.720  -5.340 1.0000000000
91276  -9.213  -86.405  -5.689 1.0000000000
91277  -9.146  -85.931  -4.904 1.0000000000
91278  -8.460  -86.040  -4.528 1.0000000000
91279  -9.028  -85.362  -4.190 1.0000000000
91280  -9.118  -83.187  -2.847 1.0000000000
91281  -8.639  -83.962  -3.018 1.0000000000
91282  -8.437  -83.242  -2.549 1.0000000000
91283  -7.688  -83.231  -2.348 1.0000000000
91284  -8.257  -82.538  -2.114 1.0000000000
91285  -8.117  -81.878  -1.618 1.0000000000
91286  -8.807  -81.849  -1.955 1.0000000000
91287  -9.903  -80.172  -2.737 1.0000000000
91288  -9.515  -80.323  -2.162 1.0000000000
91292  -11.326  -79.348  -5.176 1.0000000000
93525  -4.161  -81.360  -1.625 1.0000000000
93526  -4.101  -80.626  -0.984 1.0000000000
93527  -4.686  -80.948  -0.972 1.0000000000
93528  -5.188  -80.486  -0.340 1.0000000000
93529  -5.805  -79.973  0.134 1.0000000000
93531  -6.439  -80.188  -0.075 1.0000000000
97732  -8.092  -89.787  -9.583 1.0000000000
105276  -2.456  -84.332  -4.139 1.0000000000
105277  -2.986  -84.265  -4.477 1.0000000000
105278  -3.607  -84.407  -4.532 1.0000000000
114626  -5.796  -89.443  -7.332 1.0000000000
114627  -5.121  -89.317  -7.453 1.0000000000
114628  -5.597  -88.775  -6.840 1.0000000000
114629  -5.473  -88.101  -6.374 1.0000000000
114630  -5.345  -87.419  -5.963 1.0000000000
114631  -5.207  -86.677  -5.435 1.0000000000
114632  -5.847  -86.938  -5.316 1.0000000000
114633  -6.362  -86.429  -4.744 1.0000000000
114634  -6.943  -85.916  -4.209 1.0000000000
114665  -10.076  -86.314  -9.090 1.0000000000
114666  -10.154  -86.118  -8.280 1.0000000000
114667  -11.296  -83.379  -5.648 1.0000000000
114668  -10.924  -84.243  -5.918 1.0000000000
114669  -10.866  -83.729  -5.218 1.0000000000
114670  -10.439  -84.029  -4.817 1.0000000000
114671  -9.976  -84.312  -4.357 1.0000000000
114672  -9.455  -84.551  -3.938 1.0000000000
114673  -9.809  -83.698  -3.762 1.0000000000
114674  -9.710  -83.005  -3.257 1.0000000000
114675  -9.547  -82.371  -2.804 1.0000000000
114676  -9.389  -81.735  -2.390 1.0000000000
114677  -9.855  -81.598  -2.881 1.0000000000
114678  -10.079  -80.814  -3.050 1.0000000000
114679  -10.202  -80.014  -3.392 1.0000000000
118388  -3.999  -79.854  -0.350 1.0000000000
128196  -6.296  -90.658  -8.555 1.0000000000
128197  -6.027  -90.064  -7.875 1.0000000000
128198  -6.494  -89.469  -7.422 1.0000000000
128199  -6.964  -88.893  -7.042 1.0000000000
128200  -7.479  -88.307  -6.726 1.0000000000
128225  -11.983  -83.753  -7.459 1.0000000000
128228  -12.330  -82.664  -6.373 1.0000000000
128229  -11.786  -83.014  -6.030 1.0000000000
128230  -11.631  -82.524  -5.509 1.0000000000
128231  -11.447  -81.983  -5.092 1.0000000000
128232  -11.273  -81.433  -4.754 1.0000000000
128233  -11.015  -80.966  -4.443 1.0000000000
128234  -11.488  -80.679  -4.926 1.0000000000
143944  -3.234  -82.203  -2.735 1.0000000000
143945  -3.683  -81.731  -2.269 1.0000000000
143946  -4.241  -82.071  -2.267 1.0000000000
143947  -4.832  -82.373  -2.203 1.0000000000
143948  -5.442  -82.619  -2.149 1.0000000000
162695  -3.905  -88.966  -8.039 1.0000000000
162699  -2.828  -86.556  -6.210 1.0000000000
162700  -3.275  -85.883  -5.818 1.0000000000
162701  -3.786  -85.287  -5.231 1.0000000000
162702  -4.255  -84.774  -4.544 1.0000000000
162703  -5.065  -85.931  -4.979 1.0000000000
162704  -4.893  -85.119  -4.462 1.0000000000
162705  -4.716  -84.267  -3.866 1.0000000000
162706  -5.184  -83.808  -3.239 1.0000000000
162707  -5.635  -83.370  -2.689 1.0000000000
162708  -6.127  -82.912  -2.166 1.0000000000
162765  -8.389  -88.993  -9.395 1.0000000000
162766  -9.119  -87.752  -9.724 1.0000000000
162767  -8.718  -88.252  -9.158 1.0000000000
162768  -8.274  -88.717  -8.577 1.0000000000
162769  -8.182  -88.434  -7.834 1.0000000000
162770  -8.113  -88.080  -7.126 1.0000000000
162771  -8.021  -87.667  -6.419 1.0000000000
162772  -11.017  -85.092  -8.283 1.0000000000
162773  -10.633  -85.504  -7.891 1.0000000000
162774  -10.201  -85.955  -7.447 1.0000000000
162775  -10.611  -85.050  -6.270 1.0000000000
162776  -10.190  -85.686  -6.626 1.0000000000
162777  -9.725  -86.353  -6.981 1.0000000000
162778  -9.222  -86.743  -6.495 1.0000000000
162779  -8.623  -87.023  -6.055 1.0000000000
162780  -7.957  -87.157  -5.695 1.0000000000
162781  -7.857  -86.620  -4.985 1.0000000000
162782  -7.713  -86.027  -4.301 1.0000000000
162783  -7.590  -85.364  -3.688 1.0000000000
162784  -8.853  -84.688  -3.573 1.0000000000
162785  -8.131  -84.736  -3.301 1.0000000000
162786  -7.349  -84.641  -3.174 1.0000000000
162787  -7.083  -83.888  -2.690 1.0000000000
162788  -6.907  -83.136  -2.228 1.0000000000
162789  -6.755  -82.378  -1.727 1.0000000000
162790  -7.370  -81.802  -1.384 1.0000000000
162791  -7.950  -81.212  -1.143 1.0000000000
162793  -9.202  -81.114  -1.978 1.0000000000
162799  -10.799  -80.401  -4.214 1.0000000000
