#!ascii label  , from subject 40tvs8ref_sym_20 vox2ras=TkReg
181
346  -11.162  -91.617  6.826 1.0000000000
1774  -12.776  -87.532  10.141 1.0000000000
2353  -7.433  -88.326  12.269 1.0000000000
2354  -6.351  -94.068  8.260 1.0000000000
3916  -12.094  -89.673  8.582 1.0000000000
3917  -12.733  -87.349  5.691 1.0000000000
3918  -11.621  -89.161  4.424 1.0000000000
5235  -7.949  -85.417  13.275 1.0000000000
9613  -10.746  -85.534  13.534 1.0000000000
9614  -10.214  -88.205  12.394 1.0000000000
9615  -9.763  -90.870  10.745 1.0000000000
9617  -6.860  -91.367  10.653 1.0000000000
9618  -9.035  -93.183  8.525 1.0000000000
11596  -11.711  -90.664  7.746 1.0000000000
11597  -12.220  -89.497  6.429 1.0000000000
11598  -11.699  -90.393  5.652 1.0000000000
21467  -7.672  -86.842  12.833 1.0000000000
21468  -9.003  -86.920  13.156 1.0000000000
21469  -8.726  -88.334  12.609 1.0000000000
21470  -10.026  -89.587  11.625 1.0000000000
21471  -8.533  -89.816  11.875 1.0000000000
21475  -5.363  -92.863  8.928 1.0000000000
21476  -5.575  -91.342  10.002 1.0000000000
21477  -6.612  -92.771  9.508 1.0000000000
21478  -8.023  -92.500  9.812 1.0000000000
21479  -7.670  -93.724  8.573 1.0000000000
25480  -12.448  -88.635  9.375 1.0000000000
25481  -13.147  -87.579  7.866 1.0000000000
25482  -12.704  -88.564  7.143 1.0000000000
25483  -12.193  -88.225  5.037 1.0000000000
27857  -6.699  -85.321  12.695 1.0000000000
27858  -6.449  -86.769  12.197 1.0000000000
39075  -11.885  -86.718  12.162 1.0000000000
39076  -9.274  -85.541  13.641 1.0000000000
39077  -10.437  -86.844  12.961 1.0000000000
39078  -11.623  -87.969  11.577 1.0000000000
39079  -11.373  -89.221  10.820 1.0000000000
39080  -11.130  -90.366  9.925 1.0000000000
39081  -10.741  -91.428  8.968 1.0000000000
39084  -6.163  -88.263  11.591 1.0000000000
39086  -5.849  -89.789  10.901 1.0000000000
39087  -7.110  -89.864  11.614 1.0000000000
39088  -8.275  -91.229  10.940 1.0000000000
39089  -9.438  -92.065  9.695 1.0000000000
39090  -10.219  -92.482  7.922 1.0000000000
42316  -11.437  -91.148  7.294 1.0000000000
42317  -11.791  -90.603  6.703 1.0000000000
42318  -11.499  -91.048  6.262 1.0000000000
52187  -7.562  -87.590  12.541 1.0000000000
52188  -8.193  -87.606  12.757 1.0000000000
52189  -8.077  -88.346  12.472 1.0000000000
52190  -8.653  -89.075  12.272 1.0000000000
52191  -7.953  -89.098  12.165 1.0000000000
52195  -5.857  -93.507  8.642 1.0000000000
52196  -5.958  -92.837  9.228 1.0000000000
52197  -6.482  -93.431  8.898 1.0000000000
52198  -7.151  -93.311  9.157 1.0000000000
52199  -7.006  -93.951  8.476 1.0000000000
57826  -12.279  -89.189  8.974 1.0000000000
57827  -12.688  -88.682  8.257 1.0000000000
57828  -12.495  -89.196  7.904 1.0000000000
57829  -11.982  -89.324  5.381 1.0000000000
57830  -12.260  -88.857  5.739 1.0000000000
57831  -11.911  -88.694  4.714 1.0000000000
57832  -11.708  -88.125  4.124 1.0000000000
61788  -6.202  -84.579  12.637 1.0000000000
61789  -6.074  -85.260  12.356 1.0000000000
61790  -6.569  -86.024  12.443 1.0000000000
75564  -13.073  -87.472  6.754 1.0000000000
87437  -10.851  -84.932  13.755 1.0000000000
87441  -11.335  -86.169  12.957 1.0000000000
87442  -8.080  -84.723  13.502 1.0000000000
87443  -8.720  -84.802  13.737 1.0000000000
87444  -8.599  -85.478  13.506 1.0000000000
87445  -9.584  -87.581  12.856 1.0000000000
87446  -9.724  -86.876  13.113 1.0000000000
87447  -10.312  -87.512  12.687 1.0000000000
87448  -11.014  -87.451  12.415 1.0000000000
87449  -10.933  -88.105  12.096 1.0000000000
87450  -11.523  -88.602  11.197 1.0000000000
87451  -10.844  -88.763  11.720 1.0000000000
87452  -9.897  -90.257  11.199 1.0000000000
87453  -10.600  -90.041  10.834 1.0000000000
87454  -10.456  -90.644  10.400 1.0000000000
87455  -10.955  -90.901  9.462 1.0000000000
87456  -10.307  -91.187  9.912 1.0000000000
87463  -5.686  -87.477  11.506 1.0000000000
87468  -6.209  -91.361  10.335 1.0000000000
87469  -5.702  -90.570  10.452 1.0000000000
87470  -6.334  -90.590  10.828 1.0000000000
87471  -6.476  -89.812  11.283 1.0000000000
87472  -6.971  -90.611  11.157 1.0000000000
87473  -7.660  -90.618  11.337 1.0000000000
87474  -7.554  -91.326  10.853 1.0000000000
87475  -8.544  -92.902  9.214 1.0000000000
87476  -8.718  -92.313  9.809 1.0000000000
87477  -9.216  -92.626  9.135 1.0000000000
87478  -9.872  -92.306  8.850 1.0000000000
87479  -9.645  -92.854  8.269 1.0000000000
87481  -9.462  -93.390  7.636 1.0000000000
94600  -11.934  -90.171  8.186 1.0000000000
94601  -12.269  -89.666  7.562 1.0000000000
94602  -12.078  -90.128  7.133 1.0000000000
94603  -11.978  -89.962  6.030 1.0000000000
94604  -11.704  -89.772  5.035 1.0000000000
112368  -10.146  -84.885  13.851 1.0000000000
112369  -7.808  -86.128  13.060 1.0000000000
112370  -8.462  -86.171  13.268 1.0000000000
112371  -8.319  -86.873  13.038 1.0000000000
112372  -8.857  -87.619  12.880 1.0000000000
112373  -9.485  -88.290  12.595 1.0000000000
112374  -10.144  -88.898  12.053 1.0000000000
112375  -9.394  -89.021  12.258 1.0000000000
112376  -9.295  -89.744  11.860 1.0000000000
112377  -9.158  -90.437  11.447 1.0000000000
112383  -4.851  -92.048  9.112 1.0000000000
112384  -4.975  -91.303  9.620 1.0000000000
112385  -5.463  -92.112  9.479 1.0000000000
112386  -6.087  -92.113  9.805 1.0000000000
112387  -6.754  -92.084  10.091 1.0000000000
112388  -7.456  -92.004  10.312 1.0000000000
112389  -7.320  -92.656  9.728 1.0000000000
112390  -7.852  -93.124  9.217 1.0000000000
112391  -8.356  -93.477  8.601 1.0000000000
112392  -8.853  -93.734  7.880 1.0000000000
112393  -8.167  -94.021  7.937 1.0000000000
120892  -12.624  -88.084  9.769 1.0000000000
120893  -13.048  -87.609  9.003 1.0000000000
120894  -12.873  -88.149  8.618 1.0000000000
120895  -12.925  -88.069  7.485 1.0000000000
120896  -12.798  -87.933  6.370 1.0000000000
120897  -12.464  -89.034  6.811 1.0000000000
120898  -12.537  -88.415  6.078 1.0000000000
120899  -12.459  -87.787  5.345 1.0000000000
126438  -7.455  -84.677  13.234 1.0000000000
126441  -7.323  -85.382  12.996 1.0000000000
126442  -7.168  -86.092  12.774 1.0000000000
126443  -7.036  -86.825  12.525 1.0000000000
126444  -6.936  -87.569  12.249 1.0000000000
126453  -4.760  -92.818  8.581 1.0000000000
130750  -10.931  -92.097  6.297 1.0000000000
130751  -11.248  -91.499  5.796 1.0000000000
143877  -13.336  -87.095  8.223 1.0000000000
143896  -11.443  -90.212  4.654 1.0000000000
143900  -11.139  -89.033  3.495 1.0000000000
158180  -12.524  -86.580  11.525 1.0000000000
158181  -12.377  -87.164  11.208 1.0000000000
158184  -9.994  -85.541  13.625 1.0000000000
158185  -9.141  -86.231  13.408 1.0000000000
158186  -9.842  -86.214  13.371 1.0000000000
158187  -10.571  -86.194  13.242 1.0000000000
158188  -11.172  -86.828  12.702 1.0000000000
158189  -11.739  -87.338  11.890 1.0000000000
158190  -12.230  -87.773  10.938 1.0000000000
158191  -12.107  -88.354  10.526 1.0000000000
158192  -11.957  -88.948  10.121 1.0000000000
158193  -11.815  -89.501  9.697 1.0000000000
158194  -10.731  -89.418  11.282 1.0000000000
158195  -11.285  -89.817  10.349 1.0000000000
158196  -11.680  -90.022  9.268 1.0000000000
158197  -11.530  -90.546  8.871 1.0000000000
158198  -11.297  -91.058  8.422 1.0000000000
158199  -11.047  -91.549  7.946 1.0000000000
158206  -5.837  -86.723  11.822 1.0000000000
158207  -6.327  -87.516  11.893 1.0000000000
158208  -6.810  -88.298  11.958 1.0000000000
158213  -5.218  -89.767  10.440 1.0000000000
158214  -5.353  -88.995  10.837 1.0000000000
158215  -5.996  -89.021  11.267 1.0000000000
158216  -6.618  -89.048  11.653 1.0000000000
158217  -7.267  -89.101  11.980 1.0000000000
158218  -7.797  -89.864  11.797 1.0000000000
158219  -8.397  -90.541  11.429 1.0000000000
158220  -9.031  -91.088  10.953 1.0000000000
158221  -8.157  -91.887  10.396 1.0000000000
158222  -8.876  -91.711  10.391 1.0000000000
158223  -9.614  -91.461  10.238 1.0000000000
158224  -10.101  -91.754  9.386 1.0000000000
158225  -10.491  -91.948  8.452 1.0000000000
158226  -10.775  -92.069  7.407 1.0000000000
158227  -10.533  -92.590  6.847 1.0000000000
