#!ascii label  , from subject 40tvs8ref_sym_20 vox2ras=TkReg
148
596  -5.897  -46.119  10.471 1.0000000000
1323  -3.940  -45.641  13.352 1.0000000000
2423  -3.575  -44.474  10.111 1.0000000000
5410  -4.582  -45.708  11.672 1.0000000000
5411  -3.747  -45.145  11.613 1.0000000000
5412  -4.429  -44.991  9.871 1.0000000000
5413  -4.432  -43.906  8.321 1.0000000000
6991  -4.877  -46.253  13.374 1.0000000000
6992  -6.461  -47.192  11.914 1.0000000000
9823  -3.297  -45.148  13.748 1.0000000000
13090  -5.044  -45.807  11.068 1.0000000000
13091  -4.466  -45.372  10.735 1.0000000000
13092  -4.919  -45.396  10.208 1.0000000000
13093  -4.772  -44.938  9.443 1.0000000000
13094  -5.709  -45.588  9.702 1.0000000000
15491  -5.246  -46.632  14.088 1.0000000000
15492  -5.884  -47.105  13.342 1.0000000000
15493  -5.479  -46.607  12.666 1.0000000000
21992  -3.560  -45.341  13.637 1.0000000000
21993  -3.600  -44.826  10.886 1.0000000000
21994  -3.445  -44.894  11.730 1.0000000000
28170  -4.256  -45.699  12.377 1.0000000000
28171  -3.836  -45.417  12.566 1.0000000000
28172  -4.184  -45.402  11.389 1.0000000000
28173  -4.121  -45.076  10.604 1.0000000000
28174  -4.022  -44.669  9.862 1.0000000000
28175  -3.998  -44.183  9.154 1.0000000000
28176  -4.383  -44.516  9.110 1.0000000000
28177  -4.817  -44.430  8.652 1.0000000000
31670  -4.073  -45.793  14.039 1.0000000000
31671  -4.684  -46.249  14.790 1.0000000000
31672  -4.450  -46.058  14.018 1.0000000000
31673  -4.318  -45.887  13.260 1.0000000000
31674  -4.706  -45.984  12.561 1.0000000000
31675  -5.291  -46.209  11.891 1.0000000000
31676  -6.160  -46.617  11.226 1.0000000000
39706  -3.495  -45.150  12.644 1.0000000000
43810  -5.415  -45.929  10.766 1.0000000000
43811  -4.996  -45.593  10.652 1.0000000000
43812  -5.343  -45.701  10.351 1.0000000000
43813  -5.205  -45.460  9.947 1.0000000000
43814  -5.706  -45.794  10.052 1.0000000000
43815  -6.336  -46.037  9.800 1.0000000000
46212  -6.433  -47.681  13.237 1.0000000000
46213  -6.278  -47.369  12.923 1.0000000000
52712  -3.734  -45.490  13.585 1.0000000000
52713  -3.591  -44.657  10.477 1.0000000000
52715  -3.490  -44.552  10.471 1.0000000000
52717  -3.529  -44.321  10.062 1.0000000000
52719  -3.626  -44.217  9.713 1.0000000000
62310  -4.396  -45.695  11.974 1.0000000000
62311  -4.214  -45.557  11.885 1.0000000000
62312  -4.347  -45.542  11.499 1.0000000000
62313  -4.481  -45.204  10.283 1.0000000000
62314  -4.318  -45.223  10.550 1.0000000000
62315  -4.294  -45.045  10.208 1.0000000000
62316  -4.097  -44.870  10.220 1.0000000000
62317  -4.253  -44.814  9.791 1.0000000000
62318  -4.232  -44.594  9.414 1.0000000000
62319  -4.391  -44.747  9.472 1.0000000000
62321  -4.790  -44.701  9.061 1.0000000000
62323  -5.188  -44.441  8.442 1.0000000000
69511  -4.938  -46.455  15.157 1.0000000000
69512  -5.165  -46.622  14.815 1.0000000000
69513  -5.048  -46.444  13.729 1.0000000000
69514  -4.771  -46.257  14.085 1.0000000000
69515  -4.678  -46.158  13.707 1.0000000000
69516  -4.386  -45.972  13.648 1.0000000000
69517  -4.564  -46.032  13.300 1.0000000000
69518  -4.486  -45.914  12.900 1.0000000000
69519  -4.786  -46.119  12.972 1.0000000000
69520  -5.949  -46.874  12.293 1.0000000000
69521  -5.391  -46.396  12.279 1.0000000000
69522  -5.786  -46.598  11.932 1.0000000000
69523  -5.685  -46.414  11.543 1.0000000000
69524  -6.281  -46.883  11.562 1.0000000000
69525  -6.841  -47.206  11.211 1.0000000000
69526  -6.932  -47.465  11.527 1.0000000000
89018  -3.797  -45.282  12.051 1.0000000000
89019  -3.643  -45.279  12.633 1.0000000000
89020  -3.590  -45.156  12.188 1.0000000000
89022  -3.345  -44.920  12.215 1.0000000000
89040  -4.213  -44.038  8.694 1.0000000000
89041  -4.004  -43.916  8.868 1.0000000000
89042  -4.233  -43.729  8.375 1.0000000000
97290  -4.794  -45.736  11.393 1.0000000000
97291  -4.516  -45.543  11.205 1.0000000000
97292  -4.712  -45.545  10.941 1.0000000000
97293  -4.698  -45.375  10.449 1.0000000000
97294  -4.628  -45.170  10.038 1.0000000000
97295  -4.588  -44.951  9.643 1.0000000000
97296  -4.852  -45.188  9.816 1.0000000000
97297  -5.154  -45.243  9.619 1.0000000000
97300  -6.287  -45.755  9.429 1.0000000000
101613  -5.507  -46.841  13.718 1.0000000000
101614  -5.348  -46.644  13.387 1.0000000000
101615  -5.189  -46.441  13.023 1.0000000000
101616  -5.705  -46.872  13.021 1.0000000000
101617  -6.119  -47.138  12.641 1.0000000000
101618  -6.612  -47.476  12.249 1.0000000000
101619  -7.000  -47.862  11.780 1.0000000000
113314  -3.418  -45.224  13.652 1.0000000000
113315  -3.656  -45.003  11.293 1.0000000000
113316  -3.546  -45.025  11.776 1.0000000000
113317  -3.515  -44.877  11.301 1.0000000000
113328  -4.657  -43.793  8.039 1.0000000000
113329  -4.458  -43.563  7.990 1.0000000000
127170  -4.102  -45.691  12.870 1.0000000000
127171  -3.884  -45.548  13.002 1.0000000000
127172  -4.069  -45.564  12.358 1.0000000000
127173  -4.020  -45.417  11.916 1.0000000000
127174  -3.976  -45.268  11.429 1.0000000000
127175  -4.323  -45.386  11.023 1.0000000000
127176  -4.152  -45.245  10.938 1.0000000000
127177  -3.930  -45.115  11.068 1.0000000000
127178  -3.862  -44.941  10.749 1.0000000000
127179  -3.776  -44.750  10.408 1.0000000000
127180  -3.751  -44.559  10.042 1.0000000000
127181  -3.773  -44.344  9.649 1.0000000000
127182  -3.994  -44.455  9.530 1.0000000000
127183  -4.207  -44.347  9.077 1.0000000000
127184  -4.405  -44.242  8.679 1.0000000000
127185  -4.553  -44.694  9.230 1.0000000000
127186  -4.557  -44.458  8.860 1.0000000000
127187  -4.606  -44.151  8.443 1.0000000000
127188  -4.841  -44.110  8.258 1.0000000000
136429  -3.862  -45.650  14.221 1.0000000000
136430  -3.995  -45.719  13.718 1.0000000000
136434  -4.956  -46.433  14.449 1.0000000000
136435  -4.556  -46.152  14.397 1.0000000000
136436  -4.268  -45.971  14.349 1.0000000000
136437  -4.251  -45.922  13.990 1.0000000000
136438  -4.196  -45.851  13.602 1.0000000000
136439  -4.121  -45.777  13.270 1.0000000000
136440  -4.297  -45.813  12.845 1.0000000000
136441  -4.448  -45.821  12.475 1.0000000000
136442  -4.595  -45.823  12.150 1.0000000000
136443  -5.052  -46.227  12.625 1.0000000000
136444  -4.946  -46.054  12.226 1.0000000000
136445  -4.895  -45.924  11.811 1.0000000000
136446  -5.203  -46.039  11.486 1.0000000000
136447  -5.527  -46.170  11.149 1.0000000000
136448  -6.034  -46.388  10.853 1.0000000000
136449  -6.519  -46.623  10.561 1.0000000000
160072  -3.665  -45.389  13.188 1.0000000000
160073  -3.515  -45.249  13.134 1.0000000000
160074  -3.407  -45.150  13.180 1.0000000000
160075  -3.477  -45.030  12.209 1.0000000000
