#!ascii label  , from subject 40tvs8ref_sym_20 vox2ras=TkReg
162
576  -7.084  -104.300  10.689 1.0000000000
2363  -4.201  -101.006  8.997 1.0000000000
2364  -10.519  -101.330  7.207 1.0000000000
5262  -5.749  -102.421  10.368 1.0000000000
5263  -6.720  -101.688  7.665 1.0000000000
5264  -8.118  -103.170  8.257 1.0000000000
5265  -11.088  -103.088  5.995 1.0000000000
5266  -8.189  -105.075  7.169 1.0000000000
9646  -5.055  -100.287  6.302 1.0000000000
9647  -8.786  -99.768  6.642 1.0000000000
12940  -7.221  -102.943  11.980 1.0000000000
12941  -6.441  -101.972  11.657 1.0000000000
12942  -6.418  -103.266  10.759 1.0000000000
12943  -6.583  -103.044  9.361 1.0000000000
12944  -7.120  -104.010  9.320 1.0000000000
12945  -8.266  -104.120  7.901 1.0000000000
12946  -7.379  -104.987  8.952 1.0000000000
21543  -4.856  -100.555  10.386 1.0000000000
21545  -4.051  -99.863  10.055 1.0000000000
21547  -3.525  -100.018  8.530 1.0000000000
21548  -3.710  -99.724  6.956 1.0000000000
21549  -4.347  -100.910  7.465 1.0000000000
21550  -8.565  -101.438  7.552 1.0000000000
21551  -7.767  -100.774  7.036 1.0000000000
21552  -9.668  -100.409  7.183 1.0000000000
27903  -5.682  -101.194  11.034 1.0000000000
27904  -5.021  -101.681  9.704 1.0000000000
27905  -5.168  -101.647  8.152 1.0000000000
27906  -5.961  -102.312  8.854 1.0000000000
27907  -7.499  -102.345  8.132 1.0000000000
27908  -9.325  -102.318  7.627 1.0000000000
27909  -11.013  -102.227  6.767 1.0000000000
27910  -9.672  -103.205  7.232 1.0000000000
27911  -9.630  -104.064  6.426 1.0000000000
31466  -8.004  -104.088  11.689 1.0000000000
31467  -7.638  -105.396  10.273 1.0000000000
39173  -4.439  -99.059  6.009 1.0000000000
39174  -6.052  -99.373  5.800 1.0000000000
39175  -5.860  -101.095  6.960 1.0000000000
39176  -6.899  -100.187  6.274 1.0000000000
39177  -7.930  -99.240  5.959 1.0000000000
43660  -7.120  -103.653  11.443 1.0000000000
43661  -6.749  -103.139  11.436 1.0000000000
43662  -6.780  -103.754  10.817 1.0000000000
43663  -6.697  -103.730  10.032 1.0000000000
43664  -6.955  -104.264  9.969 1.0000000000
43665  -7.261  -104.490  9.180 1.0000000000
43666  -7.164  -104.744  9.845 1.0000000000
52263  -4.460  -100.828  9.731 1.0000000000
52264  -4.449  -100.234  10.188 1.0000000000
52265  -4.044  -100.457  9.496 1.0000000000
52266  -3.697  -100.007  9.347 1.0000000000
52267  -3.826  -100.559  8.759 1.0000000000
52268  -3.814  -100.581  7.933 1.0000000000
52269  -4.150  -101.094  8.222 1.0000000000
52270  -9.552  -101.360  7.440 1.0000000000
52271  -9.104  -100.938  7.344 1.0000000000
52272  -10.104  -100.846  7.265 1.0000000000
52274  -11.099  -100.801  7.015 1.0000000000
52276  -11.392  -101.226  6.822 1.0000000000
61863  -6.006  -102.225  11.082 1.0000000000
61864  -6.037  -101.571  11.386 1.0000000000
61865  -5.631  -101.837  10.764 1.0000000000
61866  -5.257  -101.465  10.416 1.0000000000
61867  -5.376  -102.019  10.053 1.0000000000
61868  -5.379  -102.117  9.249 1.0000000000
61869  -5.734  -102.470  9.582 1.0000000000
61870  -7.247  -103.168  8.767 1.0000000000
61871  -6.951  -102.740  8.653 1.0000000000
61872  -7.804  -102.757  8.297 1.0000000000
61873  -8.392  -102.319  7.922 1.0000000000
61874  -8.712  -102.772  7.897 1.0000000000
61875  -9.562  -102.752  7.502 1.0000000000
61876  -8.898  -103.193  7.765 1.0000000000
61877  -8.237  -104.595  7.576 1.0000000000
61878  -8.961  -104.099  7.196 1.0000000000
61879  -8.845  -104.566  6.758 1.0000000000
61880  -9.450  -104.516  5.908 1.0000000000
69073  -8.179  -103.265  12.245 1.0000000000
87685  -4.287  -100.098  6.502 1.0000000000
87686  -4.015  -99.410  6.393 1.0000000000
87687  -4.728  -99.716  6.113 1.0000000000
87688  -5.212  -99.283  5.874 1.0000000000
87689  -5.550  -99.826  5.992 1.0000000000
87690  -5.875  -101.718  7.856 1.0000000000
87691  -5.447  -101.427  7.487 1.0000000000
87692  -6.284  -101.404  7.328 1.0000000000
87693  -8.280  -100.299  6.838 1.0000000000
87694  -7.321  -100.494  6.657 1.0000000000
87695  -7.835  -100.000  6.433 1.0000000000
87696  -7.432  -99.721  6.081 1.0000000000
87697  -8.372  -99.506  6.283 1.0000000000
87699  -9.346  -99.240  6.497 1.0000000000
87712  -11.095  -102.660  6.413 1.0000000000
87713  -11.750  -102.136  6.199 1.0000000000
87728  -7.593  -105.795  9.268 1.0000000000
97020  -7.429  -102.165  12.251 1.0000000000
97021  -7.005  -101.676  12.059 1.0000000000
97022  -6.835  -102.434  11.885 1.0000000000
97023  -6.379  -102.651  11.313 1.0000000000
97024  -6.081  -102.780  10.691 1.0000000000
97025  -6.070  -102.833  9.889 1.0000000000
97026  -6.395  -103.244  10.035 1.0000000000
97027  -6.905  -103.483  9.386 1.0000000000
97028  -7.502  -103.643  8.724 1.0000000000
97029  -8.237  -103.652  8.137 1.0000000000
97030  -7.613  -104.104  8.606 1.0000000000
97031  -7.668  -104.579  8.385 1.0000000000
97032  -7.678  -105.093  8.041 1.0000000000
112505  -5.494  -100.218  10.878 1.0000000000
112508  -4.606  -99.653  10.626 1.0000000000
112509  -4.145  -99.246  10.612 1.0000000000
112511  -3.684  -99.420  9.967 1.0000000000
112513  -3.254  -99.381  8.347 1.0000000000
112515  -3.513  -99.964  7.683 1.0000000000
112516  -4.007  -100.383  7.175 1.0000000000
112517  -4.640  -100.690  6.812 1.0000000000
112518  -7.641  -101.554  7.607 1.0000000000
112519  -7.227  -101.235  7.319 1.0000000000
112520  -8.160  -101.074  7.343 1.0000000000
112521  -8.700  -100.576  7.154 1.0000000000
112522  -9.214  -100.072  6.960 1.0000000000
126545  -6.623  -101.249  11.799 1.0000000000
126548  -5.278  -100.882  10.671 1.0000000000
126549  -4.867  -101.154  10.058 1.0000000000
126550  -4.636  -101.360  9.330 1.0000000000
126551  -4.566  -101.435  8.533 1.0000000000
126552  -5.018  -101.785  8.916 1.0000000000
126553  -5.593  -101.971  8.524 1.0000000000
126554  -6.296  -102.051  8.217 1.0000000000
126555  -6.298  -102.643  9.114 1.0000000000
126556  -6.658  -102.362  8.444 1.0000000000
126557  -7.147  -102.007  7.938 1.0000000000
126558  -8.050  -101.909  7.808 1.0000000000
126559  -8.993  -101.846  7.658 1.0000000000
126560  -9.948  -101.838  7.394 1.0000000000
126561  -10.828  -101.753  7.041 1.0000000000
126562  -10.201  -102.279  7.246 1.0000000000
126563  -10.365  -102.734  7.001 1.0000000000
126564  -10.426  -103.174  6.644 1.0000000000
126565  -8.983  -103.659  7.537 1.0000000000
126566  -9.702  -103.635  6.868 1.0000000000
126567  -10.376  -103.592  6.211 1.0000000000
135877  -7.614  -103.492  11.909 1.0000000000
135878  -7.490  -104.225  11.269 1.0000000000
135879  -7.351  -104.829  10.512 1.0000000000
135880  -7.800  -104.777  11.034 1.0000000000
158475  -4.192  -98.311  5.976 1.0000000000
158476  -4.896  -98.643  5.729 1.0000000000
158477  -5.704  -98.836  5.652 1.0000000000
158479  -4.728  -101.309  7.787 1.0000000000
158480  -5.018  -101.071  7.105 1.0000000000
158481  -5.442  -100.738  6.596 1.0000000000
158482  -6.812  -100.962  6.963 1.0000000000
158483  -6.358  -100.656  6.570 1.0000000000
158484  -5.964  -100.303  6.208 1.0000000000
158485  -6.472  -99.820  5.979 1.0000000000
158486  -6.977  -99.399  5.794 1.0000000000
158487  -7.504  -98.884  5.719 1.0000000000
158506  -11.624  -101.673  6.539 1.0000000000
158524  -7.372  -105.251  9.603 1.0000000000
158526  -7.726  -105.574  7.653 1.0000000000
