#!ascii label  , from subject 40tvs8ref_sym_20 vox2ras=TkReg
365
272  -40.096  2.866  14.457 1.0000000000
752  -40.111  9.702  11.234 1.0000000000
753  -36.677  5.396  14.224 1.0000000000
1892  -42.550  6.834  9.392 1.0000000000
2672  -39.841  13.108  10.016 1.0000000000
2673  -38.473  11.329  12.091 1.0000000000
3700  -35.138  6.706  14.136 1.0000000000
3701  -34.981  2.900  15.165 1.0000000000
4158  -43.979  5.661  8.917 1.0000000000
4159  -44.029  9.002  7.245 1.0000000000
4160  -42.791  10.410  8.341 1.0000000000
5962  -39.894  5.987  12.106 1.0000000000
5963  -38.300  4.077  14.214 1.0000000000
5964  -38.386  7.620  12.870 1.0000000000
5965  -36.827  9.238  13.497 1.0000000000
7677  -36.541  1.968  16.102 1.0000000000
8289  -41.695  1.900  14.781 1.0000000000
8291  -42.885  3.729  11.860 1.0000000000
8292  -41.286  4.786  11.843 1.0000000000
8293  -41.325  8.249  10.284 1.0000000000
8294  -41.375  11.773  9.284 1.0000000000
10353  -38.953  13.915  10.489 1.0000000000
11377  -40.166  1.475  16.011 1.0000000000
11379  -39.233  1.960  15.805 1.0000000000
11380  -34.394  7.396  13.889 1.0000000000
11381  -34.367  5.335  14.206 1.0000000000
13777  -39.961  7.810  11.569 1.0000000000
13778  -39.129  6.796  12.434 1.0000000000
13779  -39.247  8.650  12.077 1.0000000000
13780  -37.597  12.109  12.422 1.0000000000
13781  -37.660  10.314  12.894 1.0000000000
13782  -36.801  11.097  13.187 1.0000000000
13783  -35.982  9.944  13.686 1.0000000000
16860  -37.460  4.700  14.194 1.0000000000
16861  -37.450  3.018  15.255 1.0000000000
16862  -36.595  3.602  15.026 1.0000000000
18231  -42.516  1.394  14.892 1.0000000000
18235  -43.250  6.231  9.077 1.0000000000
18236  -43.448  4.719  10.318 1.0000000000
18237  -42.651  5.219  10.432 1.0000000000
18238  -42.102  4.257  11.815 1.0000000000
18239  -41.871  5.798  10.567 1.0000000000
18240  -41.192  6.416  10.845 1.0000000000
18241  -41.895  7.493  9.795 1.0000000000
18242  -42.630  12.040  7.662 1.0000000000
18243  -42.114  11.121  8.828 1.0000000000
18244  -41.866  12.742  8.110 1.0000000000
18245  -41.121  13.346  8.556 1.0000000000
23242  -40.106  11.441  10.744 1.0000000000
23243  -39.334  10.506  11.712 1.0000000000
23244  -39.218  12.229  11.149 1.0000000000
23245  -38.293  12.987  11.523 1.0000000000
25092  -35.901  6.046  14.224 1.0000000000
25093  -35.797  4.149  14.818 1.0000000000
25094  -35.048  4.771  14.537 1.0000000000
25095  -34.287  3.353  14.690 1.0000000000
25916  -44.807  5.091  8.803 1.0000000000
25917  -44.571  6.603  7.512 1.0000000000
25918  -43.888  7.238  7.905 1.0000000000
25919  -43.287  7.922  8.317 1.0000000000
25920  -42.704  8.627  8.833 1.0000000000
25921  -43.433  9.704  7.812 1.0000000000
25922  -43.351  11.354  7.217 1.0000000000
29272  -39.948  4.345  13.061 1.0000000000
29273  -39.167  3.433  14.327 1.0000000000
29274  -39.097  5.009  13.158 1.0000000000
29275  -38.313  5.723  13.357 1.0000000000
29276  -37.529  6.496  13.560 1.0000000000
29277  -38.484  9.488  12.544 1.0000000000
29278  -37.607  8.421  13.224 1.0000000000
29279  -36.770  7.312  13.761 1.0000000000
29280  -35.981  8.033  13.919 1.0000000000
29281  -35.171  8.758  13.900 1.0000000000
33453  -38.347  2.498  15.539 1.0000000000
33454  -37.409  1.530  16.507 1.0000000000
33456  -35.734  2.407  15.642 1.0000000000
35163  -40.883  2.374  14.666 1.0000000000
35167  -44.300  4.187  10.311 1.0000000000
35168  -43.745  3.235  11.879 1.0000000000
35169  -43.181  2.312  13.394 1.0000000000
35170  -42.334  2.782  13.355 1.0000000000
35171  -41.495  3.301  13.220 1.0000000000
35172  -40.704  3.803  13.160 1.0000000000
35173  -40.566  5.388  11.926 1.0000000000
35174  -40.574  7.155  11.141 1.0000000000
35175  -40.750  8.981  10.787 1.0000000000
35176  -42.093  9.366  9.386 1.0000000000
35177  -41.480  10.097  9.883 1.0000000000
35178  -40.815  10.768  10.357 1.0000000000
35179  -40.631  12.420  9.661 1.0000000000
35180  -40.408  14.060  9.031 1.0000000000
42097  -40.153  2.167  15.248 1.0000000000
42098  -39.702  1.711  15.909 1.0000000000
42099  -39.667  2.404  15.152 1.0000000000
42100  -34.072  7.702  13.736 1.0000000000
44497  -40.048  8.767  11.407 1.0000000000
44498  -39.598  8.228  11.821 1.0000000000
44499  -39.687  9.166  11.669 1.0000000000
44500  -37.131  12.503  12.547 1.0000000000
44501  -37.201  11.597  12.832 1.0000000000
44502  -36.769  12.001  12.974 1.0000000000
44503  -36.375  11.453  13.301 1.0000000000
47580  -37.062  5.039  14.191 1.0000000000
47581  -37.030  4.146  14.635 1.0000000000
47582  -36.627  4.478  14.579 1.0000000000
48951  -42.930  1.120  14.930 1.0000000000
48955  -42.876  6.516  9.199 1.0000000000
48956  -42.937  5.711  9.739 1.0000000000
48957  -42.564  6.003  9.838 1.0000000000
48958  -42.251  5.515  10.465 1.0000000000
48959  -42.189  6.299  9.924 1.0000000000
48960  -41.848  6.622  10.120 1.0000000000
48961  -42.220  7.175  9.576 1.0000000000
48962  -42.493  12.836  7.308 1.0000000000
48963  -42.254  12.406  7.898 1.0000000000
54097  -39.961  12.314  10.343 1.0000000000
54098  -39.663  11.846  10.938 1.0000000000
54099  -39.541  12.677  10.596 1.0000000000
54100  -38.529  14.327  10.685 1.0000000000
54101  -38.625  13.473  10.998 1.0000000000
54102  -38.168  13.869  11.200 1.0000000000
57180  -35.507  6.367  14.220 1.0000000000
57181  -35.469  5.439  14.383 1.0000000000
57182  -35.097  5.729  14.311 1.0000000000
57184  -34.329  4.320  14.416 1.0000000000
57185  -33.989  3.615  14.427 1.0000000000
57186  -34.002  2.649  14.670 1.0000000000
58556  -44.232  7.738  7.323 1.0000000000
58557  -43.937  8.088  7.559 1.0000000000
58558  -43.570  7.566  8.101 1.0000000000
58559  -43.662  8.447  7.794 1.0000000000
58560  -43.391  8.779  8.042 1.0000000000
58561  -43.731  9.339  7.519 1.0000000000
58563  -43.702  11.047  6.923 1.0000000000
58564  -43.618  11.842  6.593 1.0000000000
58565  -43.281  12.181  6.845 1.0000000000
64372  -39.907  5.133  12.521 1.0000000000
64373  -39.519  4.654  13.117 1.0000000000
64374  -39.483  5.488  12.598 1.0000000000
64375  -38.755  7.203  12.653 1.0000000000
64376  -38.697  6.272  12.888 1.0000000000
64377  -38.327  6.631  13.067 1.0000000000
64378  -37.907  6.109  13.447 1.0000000000
64379  -37.967  7.061  13.228 1.0000000000
64380  -38.919  10.925  11.919 1.0000000000
64381  -38.924  10.011  12.150 1.0000000000
64382  -38.496  10.433  12.348 1.0000000000
64383  -37.250  9.749  13.210 1.0000000000
64384  -37.642  9.386  13.066 1.0000000000
64385  -37.240  8.857  13.372 1.0000000000
64386  -37.204  7.892  13.500 1.0000000000
64387  -36.811  8.263  13.637 1.0000000000
64388  -36.373  7.665  13.861 1.0000000000
64389  -36.402  8.640  13.734 1.0000000000
64391  -35.578  9.380  13.824 1.0000000000
64392  -35.144  9.729  13.803 1.0000000000
73620  -38.741  3.747  14.259 1.0000000000
73621  -38.750  2.979  14.943 1.0000000000
73622  -38.306  3.237  14.847 1.0000000000
73623  -36.997  2.525  15.732 1.0000000000
73624  -37.437  2.276  15.891 1.0000000000
73625  -36.969  1.756  16.324 1.0000000000
73626  -36.955  0.993  16.853 1.0000000000
73628  -35.373  3.544  15.043 1.0000000000
73629  -35.769  3.261  15.185 1.0000000000
73630  -35.354  2.641  15.436 1.0000000000
77734  -41.345  1.445  15.501 1.0000000000
77736  -41.296  2.147  14.716 1.0000000000
77745  -44.389  5.368  8.866 1.0000000000
77746  -44.543  4.639  9.563 1.0000000000
77747  -44.127  4.922  9.566 1.0000000000
77748  -43.179  4.227  11.096 1.0000000000
77749  -43.595  3.969  11.094 1.0000000000
77750  -43.310  3.485  11.858 1.0000000000
77751  -43.479  2.763  12.633 1.0000000000
77752  -43.041  3.008  12.622 1.0000000000
77753  -42.761  2.517  13.416 1.0000000000
77754  -42.612  3.242  12.621 1.0000000000
77755  -41.685  4.523  11.833 1.0000000000
77756  -41.805  3.783  12.537 1.0000000000
77757  -41.387  4.033  12.506 1.0000000000
77758  -41.088  3.555  13.187 1.0000000000
77759  -40.997  4.295  12.500 1.0000000000
77760  -40.627  4.573  12.516 1.0000000000
77761  -40.917  5.065  11.870 1.0000000000
77762  -41.230  7.313  10.512 1.0000000000
77763  -40.892  6.786  11.003 1.0000000000
77764  -40.955  7.710  10.730 1.0000000000
77765  -40.649  8.084  10.933 1.0000000000
77766  -41.045  8.630  10.524 1.0000000000
77767  -42.777  9.543  8.600 1.0000000000
77768  -42.386  8.966  9.111 1.0000000000
77769  -42.460  9.890  8.893 1.0000000000
77770  -41.735  11.441  9.043 1.0000000000
77771  -41.835  10.656  9.396 1.0000000000
77772  -41.473  10.948  9.611 1.0000000000
77773  -41.169  10.417  10.123 1.0000000000
77774  -41.119  11.279  9.844 1.0000000000
77775  -40.766  11.606  10.065 1.0000000000
77776  -40.997  12.097  9.482 1.0000000000
77777  -41.050  14.123  8.277 1.0000000000
77778  -40.742  13.677  8.768 1.0000000000
92363  -39.389  13.472  10.291 1.0000000000
94207  -40.150  0.761  16.734 1.0000000000
94209  -39.699  1.002  16.658 1.0000000000
94210  -39.232  1.252  16.526 1.0000000000
94211  -38.779  1.507  16.411 1.0000000000
94212  -34.764  7.023  14.029 1.0000000000
94213  -34.749  6.041  14.179 1.0000000000
94214  -34.385  6.371  14.036 1.0000000000
95040  -44.077  9.865  6.954 1.0000000000
98527  -39.912  6.913  11.770 1.0000000000
98528  -39.512  6.392  12.257 1.0000000000
98529  -39.550  7.313  12.009 1.0000000000
98530  -39.174  7.717  12.241 1.0000000000
98531  -38.823  8.141  12.477 1.0000000000
98532  -38.030  11.703  12.268 1.0000000000
98533  -38.076  10.834  12.521 1.0000000000
98534  -37.646  11.208  12.690 1.0000000000
98535  -37.240  10.686  13.055 1.0000000000
98536  -36.820  10.185  13.354 1.0000000000
98537  -36.407  9.608  13.607 1.0000000000
98538  -36.387  10.537  13.476 1.0000000000
98539  -35.958  10.882  13.551 1.0000000000
104076  -37.876  4.378  14.201 1.0000000000
104077  -37.876  3.537  14.766 1.0000000000
104078  -37.446  3.839  14.687 1.0000000000
104079  -37.016  3.310  15.157 1.0000000000
104080  -36.561  2.764  15.546 1.0000000000
106545  -42.123  1.663  14.827 1.0000000000
106551  -43.607  5.946  8.987 1.0000000000
106552  -43.719  5.192  9.607 1.0000000000
106553  -43.321  5.444  9.625 1.0000000000
106554  -43.054  4.968  10.374 1.0000000000
106555  -42.786  4.481  11.108 1.0000000000
106556  -42.498  3.988  11.847 1.0000000000
106557  -42.378  4.746  11.118 1.0000000000
106558  -41.968  5.016  11.134 1.0000000000
106559  -41.572  5.283  11.194 1.0000000000
106560  -41.215  5.581  11.284 1.0000000000
106561  -41.483  6.073  10.698 1.0000000000
106562  -41.519  6.928  10.308 1.0000000000
106563  -41.596  7.846  10.049 1.0000000000
106564  -42.738  11.244  8.022 1.0000000000
106565  -42.482  10.767  8.605 1.0000000000
106566  -42.375  11.601  8.262 1.0000000000
106567  -41.996  11.933  8.482 1.0000000000
106568  -41.608  12.241  8.682 1.0000000000
106569  -41.221  12.567  8.893 1.0000000000
106570  -41.504  13.038  8.343 1.0000000000
115672  -40.125  10.577  11.020 1.0000000000
115673  -39.732  10.093  11.483 1.0000000000
115674  -39.728  10.986  11.245 1.0000000000
115675  -39.313  11.400  11.466 1.0000000000
115676  -38.851  11.783  11.650 1.0000000000
115677  -39.073  13.056  10.824 1.0000000000
115678  -38.743  12.623  11.339 1.0000000000
115679  -38.386  12.135  11.843 1.0000000000
115680  -37.946  12.550  11.987 1.0000000000
119988  -36.301  5.727  14.209 1.0000000000
119989  -36.230  4.767  14.534 1.0000000000
119990  -35.846  5.066  14.487 1.0000000000
119991  -35.405  4.463  14.689 1.0000000000
119992  -35.004  3.820  14.827 1.0000000000
119993  -34.699  5.035  14.375 1.0000000000
119994  -34.657  4.082  14.629 1.0000000000
119995  -34.634  3.151  14.921 1.0000000000
119996  -34.287  2.429  14.974 1.0000000000
121910  -45.240  4.800  8.754 1.0000000000
121911  -45.062  5.546  8.017 1.0000000000
121912  -44.645  5.816  8.098 1.0000000000
121913  -44.272  6.115  8.222 1.0000000000
121914  -44.564  7.431  7.084 1.0000000000
121915  -44.206  6.910  7.691 1.0000000000
121916  -43.900  6.435  8.347 1.0000000000
121917  -43.549  6.735  8.471 1.0000000000
121918  -43.239  7.071  8.646 1.0000000000
121919  -42.916  7.373  8.849 1.0000000000
121920  -42.608  7.705  9.080 1.0000000000
121921  -43.003  8.259  8.572 1.0000000000
121922  -43.079  9.169  8.323 1.0000000000
121923  -43.111  10.065  8.073 1.0000000000
121924  -43.745  10.211  7.241 1.0000000000
121925  -43.403  10.533  7.542 1.0000000000
121926  -43.084  10.899  7.799 1.0000000000
121927  -43.005  11.697  7.439 1.0000000000
121928  -42.891  12.506  7.066 1.0000000000
129922  -40.013  3.595  13.728 1.0000000000
129923  -39.615  3.135  14.403 1.0000000000
129924  -39.563  3.882  13.720 1.0000000000
129925  -39.134  4.204  13.699 1.0000000000
129926  -38.717  4.528  13.661 1.0000000000
129927  -39.085  5.878  12.724 1.0000000000
129928  -38.680  5.378  13.219 1.0000000000
129929  -38.305  4.881  13.732 1.0000000000
129930  -37.892  5.202  13.752 1.0000000000
129931  -37.485  5.585  13.822 1.0000000000
129932  -37.106  5.927  13.907 1.0000000000
129933  -39.307  9.584  11.909 1.0000000000
129934  -38.886  9.083  12.310 1.0000000000
129935  -38.447  8.543  12.695 1.0000000000
129936  -38.077  9.937  12.741 1.0000000000
129937  -38.034  8.949  12.895 1.0000000000
129938  -38.013  8.004  13.054 1.0000000000
129939  -37.606  7.461  13.362 1.0000000000
129940  -37.153  6.896  13.663 1.0000000000
129941  -36.730  6.346  13.956 1.0000000000
129942  -36.334  6.700  14.010 1.0000000000
129943  -35.939  7.044  14.049 1.0000000000
129944  -35.537  7.395  14.052 1.0000000000
129945  -35.994  8.989  13.804 1.0000000000
129946  -35.566  8.408  13.923 1.0000000000
129947  -35.152  7.706  13.990 1.0000000000
129948  -34.774  8.051  13.921 1.0000000000
129949  -34.405  8.365  13.802 1.0000000000
141501  -39.194  2.672  15.048 1.0000000000
141502  -38.765  2.233  15.670 1.0000000000
141504  -37.887  2.760  15.395 1.0000000000
141505  -37.884  2.023  16.062 1.0000000000
141507  -37.364  0.741  17.066 1.0000000000
141510  -36.197  3.882  14.914 1.0000000000
141511  -36.157  3.019  15.369 1.0000000000
141512  -36.124  2.180  15.866 1.0000000000
146504  -40.547  1.919  15.351 1.0000000000
146505  -40.480  2.620  14.573 1.0000000000
146516  -44.715  3.886  10.293 1.0000000000
146517  -44.457  3.444  11.101 1.0000000000
146518  -43.869  4.454  10.317 1.0000000000
146519  -44.031  3.715  11.096 1.0000000000
146520  -44.177  2.969  11.893 1.0000000000
146521  -43.899  2.514  12.672 1.0000000000
146524  -42.847  1.841  14.185 1.0000000000
146525  -42.439  2.080  14.140 1.0000000000
146526  -42.022  2.343  14.059 1.0000000000
146527  -42.209  3.509  12.571 1.0000000000
146528  -41.920  3.054  13.284 1.0000000000
146529  -41.608  2.599  13.995 1.0000000000
146530  -41.192  2.837  13.934 1.0000000000
146531  -40.782  3.082  13.885 1.0000000000
146532  -40.401  3.337  13.815 1.0000000000
146533  -40.327  4.068  13.119 1.0000000000
146534  -40.259  4.851  12.486 1.0000000000
146535  -40.219  5.684  11.968 1.0000000000
146536  -40.881  5.895  11.355 1.0000000000
146537  -40.543  6.236  11.453 1.0000000000
146538  -40.231  6.580  11.606 1.0000000000
146539  -40.275  7.493  11.350 1.0000000000
146540  -40.350  8.420  11.167 1.0000000000
146541  -40.456  9.338  11.029 1.0000000000
146542  -42.296  8.059  9.321 1.0000000000
146543  -41.988  8.412  9.581 1.0000000000
146544  -41.696  8.811  9.850 1.0000000000
146545  -42.147  10.264  9.137 1.0000000000
146546  -41.794  9.769  9.643 1.0000000000
146547  -41.417  9.192  10.105 1.0000000000
146548  -41.127  9.542  10.364 1.0000000000
146549  -40.812  9.882  10.601 1.0000000000
146550  -40.478  10.244  10.818 1.0000000000
146551  -40.460  11.100  10.553 1.0000000000
146552  -40.375  11.943  10.209 1.0000000000
146553  -40.243  12.784  9.828 1.0000000000
146554  -40.853  12.884  9.099 1.0000000000
146555  -40.502  13.251  9.315 1.0000000000
146556  -40.122  13.595  9.513 1.0000000000
146557  -40.050  14.380  9.260 1.0000000000
