#!ascii label  , from subject 40tvs8ref_sym_20 vox2ras=TkReg
252
1272  -12.860  -95.428  14.535 1.0000000000
1273  -8.573  -98.418  11.805 1.0000000000
1274  -11.536  -102.368  12.335 1.0000000000
3192  -14.245  -97.921  14.931 1.0000000000
3193  -12.557  -98.786  12.926 1.0000000000
3194  -13.710  -100.998  13.410 1.0000000000
5260  -7.670  -101.370  12.256 1.0000000000
5261  -6.145  -99.897  11.198 1.0000000000
6897  -11.679  -94.180  18.528 1.0000000000
6898  -10.812  -94.107  15.225 1.0000000000
6899  -8.554  -95.596  13.505 1.0000000000
6900  -11.081  -96.686  12.495 1.0000000000
6901  -10.247  -100.202  12.411 1.0000000000
6902  -9.237  -103.602  12.101 1.0000000000
9643  -6.203  -97.361  12.746 1.0000000000
9644  -4.148  -98.665  11.294 1.0000000000
10873  -14.115  -99.428  14.103 1.0000000000
15333  -13.299  -95.580  16.277 1.0000000000
15334  -12.604  -95.050  18.195 1.0000000000
15335  -12.501  -94.590  16.406 1.0000000000
15336  -11.452  -93.871  16.785 1.0000000000
15337  -11.945  -94.578  14.711 1.0000000000
15338  -11.079  -95.149  13.512 1.0000000000
15339  -12.097  -95.887  13.254 1.0000000000
15340  -12.024  -100.593  12.685 1.0000000000
15341  -11.465  -99.523  12.520 1.0000000000
15342  -10.919  -101.273  12.461 1.0000000000
15343  -9.709  -101.839  12.463 1.0000000000
15344  -10.416  -102.981  12.192 1.0000000000
21540  -8.707  -96.904  12.224 1.0000000000
21541  -7.331  -96.457  13.111 1.0000000000
21542  -7.483  -97.786  11.994 1.0000000000
21544  -5.210  -99.363  11.067 1.0000000000
24177  -13.936  -96.770  16.382 1.0000000000
24178  -13.566  -96.614  14.577 1.0000000000
24179  -12.844  -96.948  13.379 1.0000000000
24180  -13.508  -98.172  13.733 1.0000000000
24181  -13.147  -99.899  13.227 1.0000000000
24182  -12.654  -101.652  12.734 1.0000000000
27900  -8.224  -99.916  11.960 1.0000000000
27901  -7.398  -99.170  11.573 1.0000000000
27902  -6.898  -100.546  11.714 1.0000000000
31452  -11.571  -94.850  20.257 1.0000000000
31454  -10.764  -93.508  19.120 1.0000000000
31455  -10.348  -93.380  17.516 1.0000000000
31456  -9.525  -93.799  16.196 1.0000000000
31457  -8.426  -94.609  15.342 1.0000000000
31458  -9.787  -94.787  14.174 1.0000000000
31459  -9.932  -96.007  12.677 1.0000000000
31460  -9.820  -97.601  12.018 1.0000000000
31461  -11.892  -97.684  12.598 1.0000000000
31462  -10.734  -98.501  12.244 1.0000000000
31463  -9.503  -99.236  12.153 1.0000000000
31464  -8.957  -100.762  12.366 1.0000000000
31465  -8.450  -102.396  12.417 1.0000000000
39163  -7.185  -95.429  14.855 1.0000000000
39164  -5.994  -96.235  14.406 1.0000000000
39165  -4.945  -97.019  13.802 1.0000000000
39166  -6.364  -98.649  11.669 1.0000000000
39167  -5.148  -98.168  12.193 1.0000000000
39168  -4.092  -97.559  12.877 1.0000000000
46053  -13.132  -95.463  15.405 1.0000000000
46054  -12.943  -95.057  16.312 1.0000000000
46055  -12.756  -94.940  15.428 1.0000000000
46056  -12.279  -94.502  15.541 1.0000000000
46057  -12.435  -94.950  14.586 1.0000000000
46058  -12.071  -95.147  13.872 1.0000000000
46059  -12.530  -95.576  13.812 1.0000000000
46060  -11.782  -101.494  12.544 1.0000000000
46061  -11.482  -100.956  12.528 1.0000000000
46062  -11.225  -101.828  12.427 1.0000000000
46063  -10.665  -102.123  12.382 1.0000000000
46064  -10.973  -102.698  12.226 1.0000000000
46065  -10.718  -103.484  11.962 1.0000000000
46066  -11.269  -103.133  12.019 1.0000000000
52260  -8.661  -97.682  11.953 1.0000000000
52261  -8.087  -97.370  12.126 1.0000000000
52262  -8.092  -98.038  11.832 1.0000000000
55653  -14.443  -97.967  15.739 1.0000000000
55654  -14.256  -97.438  16.505 1.0000000000
55655  -14.118  -97.299  15.594 1.0000000000
55656  -13.785  -96.645  15.473 1.0000000000
55657  -13.884  -97.264  14.750 1.0000000000
55658  -13.575  -97.365  14.104 1.0000000000
55659  -13.911  -98.008  14.303 1.0000000000
55660  -13.926  -100.195  13.756 1.0000000000
55661  -13.653  -99.610  13.619 1.0000000000
55662  -13.404  -100.450  13.343 1.0000000000
55663  -12.889  -100.777  12.993 1.0000000000
55664  -13.186  -101.291  13.034 1.0000000000
55666  -13.503  -101.710  13.034 1.0000000000
61860  -7.946  -100.642  12.154 1.0000000000
61861  -7.563  -100.238  11.877 1.0000000000
61862  -7.279  -100.944  12.030 1.0000000000
69041  -12.156  -94.591  18.320 1.0000000000
69042  -12.091  -94.914  19.203 1.0000000000
69043  -11.643  -94.482  19.392 1.0000000000
69044  -11.165  -94.451  20.476 1.0000000000
69046  -10.796  -93.759  19.924 1.0000000000
69047  -11.212  -93.818  18.803 1.0000000000
69048  -11.161  -93.922  15.981 1.0000000000
69049  -10.885  -93.602  17.149 1.0000000000
69050  -10.571  -93.712  16.352 1.0000000000
69051  -9.969  -93.530  16.816 1.0000000000
69052  -10.167  -93.924  15.637 1.0000000000
69053  -9.678  -94.273  15.151 1.0000000000
69054  -10.351  -94.413  14.668 1.0000000000
69055  -11.116  -95.848  12.892 1.0000000000
69056  -10.521  -95.555  13.052 1.0000000000
69057  -10.559  -96.290  12.552 1.0000000000
69058  -9.891  -96.794  12.273 1.0000000000
69059  -10.469  -97.133  12.234 1.0000000000
69060  -12.735  -97.830  13.074 1.0000000000
69061  -12.409  -97.264  12.902 1.0000000000
69062  -12.240  -98.234  12.752 1.0000000000
69063  -10.886  -99.918  12.415 1.0000000000
69064  -11.107  -99.030  12.386 1.0000000000
69065  -10.517  -99.425  12.343 1.0000000000
69066  -10.132  -98.906  12.172 1.0000000000
69067  -9.890  -99.717  12.315 1.0000000000
69068  -9.258  -100.004  12.300 1.0000000000
69069  -9.610  -100.484  12.403 1.0000000000
69070  -9.463  -102.724  12.378 1.0000000000
69071  -9.099  -102.114  12.470 1.0000000000
69072  -8.846  -102.995  12.319 1.0000000000
69074  -8.635  -103.847  12.035 1.0000000000
69076  -9.012  -104.387  11.748 1.0000000000
87660  -8.513  -95.080  14.378 1.0000000000
87661  -7.817  -95.020  15.046 1.0000000000
87662  -7.863  -95.472  14.134 1.0000000000
87663  -6.747  -96.897  12.934 1.0000000000
87664  -6.638  -96.350  13.725 1.0000000000
87665  -6.060  -96.771  13.514 1.0000000000
87666  -5.422  -96.662  14.147 1.0000000000
87667  -5.551  -97.205  13.280 1.0000000000
87668  -6.762  -99.537  11.414 1.0000000000
87669  -6.903  -98.872  11.512 1.0000000000
87670  -6.322  -99.271  11.353 1.0000000000
87671  -4.677  -99.048  11.139 1.0000000000
87672  -5.247  -98.785  11.531 1.0000000000
87673  -4.637  -98.455  11.800 1.0000000000
87674  -4.593  -97.902  12.523 1.0000000000
87675  -4.115  -98.117  12.053 1.0000000000
87676  -3.665  -97.640  12.329 1.0000000000
87677  -3.685  -98.235  11.465 1.0000000000
93298  -14.544  -98.634  15.103 1.0000000000
93299  -14.230  -98.667  14.491 1.0000000000
93301  -14.359  -100.049  14.259 1.0000000000
93302  -14.207  -100.787  13.863 1.0000000000
101329  -13.026  -95.257  17.209 1.0000000000
101330  -12.621  -94.765  17.277 1.0000000000
101331  -12.140  -94.314  17.410 1.0000000000
101332  -11.634  -93.961  17.649 1.0000000000
101333  -11.993  -94.193  16.555 1.0000000000
101334  -11.745  -94.175  15.684 1.0000000000
101335  -11.400  -94.310  14.908 1.0000000000
101336  -10.987  -94.570  14.319 1.0000000000
101337  -11.561  -94.806  14.037 1.0000000000
101338  -11.621  -95.470  13.344 1.0000000000
101339  -11.627  -96.242  12.812 1.0000000000
101340  -12.312  -99.688  12.798 1.0000000000
101341  -12.029  -99.150  12.689 1.0000000000
101342  -11.778  -100.027  12.615 1.0000000000
101343  -11.210  -100.394  12.476 1.0000000000
101344  -10.591  -100.719  12.457 1.0000000000
101345  -9.973  -100.966  12.480 1.0000000000
101346  -10.312  -101.566  12.468 1.0000000000
101347  -10.054  -102.420  12.382 1.0000000000
101348  -9.821  -103.298  12.159 1.0000000000
101350  -10.156  -103.776  11.893 1.0000000000
112500  -8.648  -96.223  12.793 1.0000000000
112501  -7.938  -96.027  13.304 1.0000000000
112502  -8.032  -96.657  12.625 1.0000000000
112503  -7.419  -97.122  12.462 1.0000000000
112504  -6.847  -97.547  12.310 1.0000000000
112506  -5.696  -99.615  11.094 1.0000000000
112507  -5.067  -99.914  10.696 1.0000000000
112510  -3.697  -98.836  10.667 1.0000000000
117852  -14.006  -96.993  17.347 1.0000000000
117854  -13.616  -96.131  16.274 1.0000000000
117855  -13.457  -96.024  15.408 1.0000000000
117856  -13.224  -95.984  14.570 1.0000000000
117857  -12.889  -96.134  13.856 1.0000000000
117858  -13.232  -96.730  13.945 1.0000000000
117859  -13.174  -97.545  13.531 1.0000000000
117860  -13.043  -98.417  13.256 1.0000000000
117861  -13.837  -98.801  13.946 1.0000000000
117862  -13.350  -99.018  13.443 1.0000000000
117863  -12.850  -99.332  13.057 1.0000000000
117864  -12.604  -100.234  12.903 1.0000000000
117865  -12.342  -101.148  12.730 1.0000000000
117866  -12.115  -102.012  12.479 1.0000000000
117867  -11.857  -102.783  12.156 1.0000000000
117868  -12.438  -102.414  12.380 1.0000000000
126540  -8.440  -99.157  11.830 1.0000000000
126541  -7.989  -98.775  11.712 1.0000000000
126542  -7.872  -99.493  11.696 1.0000000000
126543  -7.176  -99.853  11.603 1.0000000000
126544  -6.542  -100.188  11.415 1.0000000000
126546  -6.276  -100.876  11.491 1.0000000000
126547  -5.915  -100.532  11.165 1.0000000000
135837  -11.986  -95.302  20.097 1.0000000000
135838  -11.475  -95.248  21.132 1.0000000000
135844  -10.297  -93.218  19.476 1.0000000000
135845  -11.129  -93.643  17.966 1.0000000000
135846  -10.632  -93.360  18.322 1.0000000000
135847  -10.104  -93.094  18.712 1.0000000000
135848  -9.766  -93.164  18.003 1.0000000000
135850  -8.894  -93.714  16.791 1.0000000000
135852  -8.995  -94.177  15.728 1.0000000000
135853  -9.109  -94.658  14.724 1.0000000000
135854  -9.196  -95.192  13.806 1.0000000000
135855  -10.460  -94.928  13.787 1.0000000000
135856  -9.867  -95.348  13.355 1.0000000000
135857  -9.266  -95.786  13.018 1.0000000000
135858  -9.290  -96.488  12.449 1.0000000000
135859  -9.245  -97.260  12.068 1.0000000000
135860  -9.182  -98.040  11.928 1.0000000000
135861  -12.497  -96.384  13.265 1.0000000000
135862  -12.043  -96.740  12.772 1.0000000000
135863  -11.511  -97.157  12.506 1.0000000000
135864  -11.695  -98.622  12.539 1.0000000000
135865  -11.322  -98.095  12.378 1.0000000000
135866  -10.943  -97.576  12.288 1.0000000000
135867  -10.319  -98.005  12.116 1.0000000000
135868  -9.695  -98.428  12.009 1.0000000000
135869  -9.056  -98.800  11.925 1.0000000000
135870  -8.857  -99.569  12.059 1.0000000000
135871  -8.601  -100.299  12.209 1.0000000000
135872  -8.316  -101.053  12.345 1.0000000000
135873  -9.347  -101.273  12.450 1.0000000000
135874  -8.697  -101.550  12.455 1.0000000000
135875  -8.064  -101.844  12.393 1.0000000000
135876  -7.825  -102.694  12.320 1.0000000000
158443  -7.745  -94.535  16.013 1.0000000000
158445  -6.552  -95.351  15.569 1.0000000000
158446  -7.240  -95.896  13.914 1.0000000000
158447  -6.571  -95.863  14.634 1.0000000000
158448  -5.968  -95.712  15.329 1.0000000000
158449  -5.412  -96.062  15.031 1.0000000000
158450  -4.908  -96.439  14.701 1.0000000000
158451  -4.445  -96.694  14.264 1.0000000000
158452  -7.481  -98.452  11.711 1.0000000000
158453  -6.911  -98.214  11.829 1.0000000000
158454  -6.302  -97.990  12.125 1.0000000000
158455  -5.808  -99.028  11.432 1.0000000000
158456  -5.758  -98.414  11.903 1.0000000000
158457  -5.675  -97.782  12.504 1.0000000000
158458  -5.030  -97.602  12.962 1.0000000000
158459  -4.492  -97.331  13.367 1.0000000000
158460  -4.027  -96.919  13.794 1.0000000000
158461  -3.661  -97.049  13.239 1.0000000000
