#!ascii label  , from subject 40tvs8ref_sym_20 vox2ras=TkReg
255
73  -7.035  -61.101  44.440 1.0000000000
420  -7.880  -60.111  51.536 1.0000000000
1940  -7.334  -60.895  47.670 1.0000000000
1942  -6.990  -65.840  49.758 1.0000000000
1943  -6.900  -66.615  46.295 1.0000000000
4258  -8.339  -58.579  48.841 1.0000000000
4259  -7.723  -60.591  49.508 1.0000000000
4266  -6.967  -66.267  48.025 1.0000000000
7830  -7.192  -64.012  43.772 1.0000000000
8419  -7.808  -58.845  46.925 1.0000000000
8420  -6.980  -61.069  46.077 1.0000000000
8423  -7.790  -62.078  52.567 1.0000000000
8426  -7.438  -62.810  50.457 1.0000000000
8427  -7.127  -63.328  48.565 1.0000000000
8428  -7.031  -63.603  46.963 1.0000000000
8429  -7.037  -63.809  45.445 1.0000000000
8430  -6.746  -67.062  44.387 1.0000000000
11937  -8.161  -59.184  51.141 1.0000000000
11938  -8.098  -59.359  50.128 1.0000000000
11939  -7.825  -60.318  50.521 1.0000000000
18535  -7.758  -59.799  48.152 1.0000000000
18536  -8.117  -58.764  47.859 1.0000000000
18537  -7.483  -59.875  47.214 1.0000000000
18538  -7.268  -59.888  46.422 1.0000000000
18539  -7.114  -61.031  46.866 1.0000000000
18554  -7.278  -64.005  51.108 1.0000000000
18555  -7.150  -64.336  50.092 1.0000000000
18556  -7.258  -63.100  49.438 1.0000000000
18557  -7.081  -64.617  49.136 1.0000000000
18558  -6.906  -66.395  47.171 1.0000000000
18559  -7.028  -64.961  47.506 1.0000000000
18560  -7.034  -65.035  46.712 1.0000000000
18561  -7.017  -63.716  46.232 1.0000000000
18562  -7.007  -65.191  45.923 1.0000000000
18563  -7.053  -65.338  45.058 1.0000000000
18564  -6.870  -66.810  45.328 1.0000000000
26096  -8.905  -57.476  49.576 1.0000000000
26097  -8.480  -58.407  49.840 1.0000000000
26098  -7.954  -59.640  49.117 1.0000000000
26099  -7.513  -60.815  48.525 1.0000000000
26110  -6.932  -66.106  48.863 1.0000000000
26112  -6.769  -67.798  47.615 1.0000000000
33870  -7.133  -62.485  44.169 1.0000000000
35535  -8.812  -57.645  48.595 1.0000000000
35536  -8.593  -57.712  47.644 1.0000000000
35537  -8.340  -57.816  46.677 1.0000000000
35538  -7.518  -58.833  46.028 1.0000000000
35539  -7.094  -59.890  45.620 1.0000000000
35540  -6.963  -61.085  45.237 1.0000000000
35549  -7.874  -61.055  52.010 1.0000000000
35556  -7.492  -63.605  52.152 1.0000000000
35557  -7.626  -62.456  51.502 1.0000000000
35558  -7.743  -61.330  50.969 1.0000000000
35559  -7.578  -61.647  49.965 1.0000000000
35560  -7.363  -61.872  48.980 1.0000000000
35561  -7.217  -62.125  48.094 1.0000000000
35562  -7.027  -64.797  48.263 1.0000000000
35563  -7.058  -63.520  47.710 1.0000000000
35564  -7.079  -62.263  47.269 1.0000000000
35565  -6.948  -62.336  46.493 1.0000000000
35566  -6.939  -62.372  45.730 1.0000000000
35567  -7.020  -62.405  44.929 1.0000000000
35568  -7.113  -63.888  44.628 1.0000000000
35569  -7.010  -65.490  44.094 1.0000000000
42657  -7.995  -59.653  51.342 1.0000000000
42658  -7.973  -59.740  50.833 1.0000000000
42659  -7.867  -60.210  51.039 1.0000000000
49255  -7.517  -60.355  47.882 1.0000000000
49256  -7.612  -59.864  47.679 1.0000000000
49257  -7.383  -60.394  47.423 1.0000000000
49258  -7.274  -60.435  47.027 1.0000000000
49259  -7.217  -60.983  47.260 1.0000000000
49275  -7.071  -65.111  49.937 1.0000000000
49276  -7.110  -64.493  49.613 1.0000000000
49277  -7.041  -65.243  49.437 1.0000000000
49278  -6.902  -66.480  46.739 1.0000000000
49279  -6.995  -65.697  46.954 1.0000000000
49280  -6.980  -65.770  46.543 1.0000000000
49281  -7.020  -65.107  46.343 1.0000000000
49282  -6.970  -65.886  46.130 1.0000000000
49283  -6.968  -65.967  45.662 1.0000000000
49284  -6.886  -66.720  45.814 1.0000000000
58855  -7.887  -59.960  49.799 1.0000000000
58856  -8.045  -59.510  49.619 1.0000000000
58857  -7.818  -60.109  49.308 1.0000000000
58858  -7.716  -60.237  48.802 1.0000000000
58859  -7.607  -60.732  49.030 1.0000000000
58879  -6.644  -68.501  47.830 1.0000000000
58880  -6.612  -68.643  47.314 1.0000000000
58881  -6.722  -67.940  47.116 1.0000000000
74610  -7.191  -63.229  43.995 1.0000000000
74611  -7.185  -62.489  43.702 1.0000000000
74612  -7.245  -63.235  43.503 1.0000000000
78645  -8.627  -58.000  49.214 1.0000000000
78646  -8.864  -57.553  49.075 1.0000000000
78647  -8.556  -58.093  48.708 1.0000000000
78648  -7.964  -58.826  47.361 1.0000000000
78649  -8.326  -58.224  47.720 1.0000000000
78650  -8.192  -58.285  47.242 1.0000000000
78651  -8.489  -57.765  47.163 1.0000000000
78652  -7.995  -58.328  46.770 1.0000000000
78653  -7.864  -58.344  46.312 1.0000000000
78654  -7.661  -58.860  46.477 1.0000000000
78655  -7.079  -60.467  46.220 1.0000000000
78656  -7.169  -59.899  46.023 1.0000000000
78657  -7.028  -60.474  45.840 1.0000000000
78658  -6.988  -60.473  45.431 1.0000000000
78659  -6.956  -61.071  45.671 1.0000000000
78678  -7.868  -61.922  53.027 1.0000000000
78680  -7.858  -61.418  52.753 1.0000000000
78682  -7.834  -61.556  52.278 1.0000000000
78699  -7.434  -64.143  52.466 1.0000000000
78701  -7.337  -63.429  50.776 1.0000000000
78702  -7.456  -63.205  51.301 1.0000000000
78703  -7.533  -62.644  50.960 1.0000000000
78704  -7.687  -61.883  51.213 1.0000000000
78705  -7.607  -62.025  50.703 1.0000000000
78706  -7.673  -61.487  50.467 1.0000000000
78707  -7.529  -62.196  50.190 1.0000000000
78708  -7.199  -63.208  49.010 1.0000000000
78709  -7.339  -62.421  49.215 1.0000000000
78710  -7.241  -62.580  48.770 1.0000000000
78711  -7.276  -62.004  48.531 1.0000000000
78712  -7.175  -62.708  48.329 1.0000000000
78713  -6.968  -66.213  48.437 1.0000000000
78714  -6.969  -65.460  48.545 1.0000000000
78715  -6.989  -65.532  48.167 1.0000000000
78716  -7.038  -64.288  47.239 1.0000000000
78717  -7.034  -64.237  47.595 1.0000000000
78718  -7.033  -63.574  47.332 1.0000000000
78719  -7.075  -62.885  47.482 1.0000000000
78720  -7.029  -62.924  47.086 1.0000000000
78721  -7.004  -62.310  46.872 1.0000000000
78722  -7.002  -62.948  46.706 1.0000000000
78723  -7.015  -63.756  45.855 1.0000000000
78724  -6.938  -63.055  45.995 1.0000000000
78725  -6.983  -63.066  45.599 1.0000000000
78726  -6.987  -62.372  45.328 1.0000000000
78727  -7.036  -63.086  45.181 1.0000000000
78728  -7.080  -63.092  44.776 1.0000000000
78729  -7.080  -63.828  45.030 1.0000000000
78730  -6.967  -66.193  44.702 1.0000000000
78731  -7.032  -65.425  44.567 1.0000000000
78732  -6.908  -66.287  44.238 1.0000000000
95214  -8.305  -58.604  51.457 1.0000000000
95216  -8.311  -58.792  50.470 1.0000000000
95217  -8.139  -59.269  50.627 1.0000000000
95218  -7.928  -59.836  50.310 1.0000000000
95219  -7.798  -60.439  49.995 1.0000000000
107091  -8.072  -59.206  48.480 1.0000000000
107092  -8.257  -58.686  48.342 1.0000000000
107093  -7.927  -59.292  48.003 1.0000000000
107094  -7.765  -59.355  47.532 1.0000000000
107095  -7.625  -59.362  47.052 1.0000000000
107096  -7.517  -59.367  46.652 1.0000000000
107097  -7.360  -59.875  46.806 1.0000000000
107098  -7.172  -60.448  46.638 1.0000000000
107099  -7.023  -61.046  46.488 1.0000000000
107124  -7.213  -64.572  51.451 1.0000000000
107125  -7.154  -64.794  50.914 1.0000000000
107126  -7.205  -64.199  50.586 1.0000000000
107127  -7.260  -63.577  50.261 1.0000000000
107128  -7.354  -62.959  49.927 1.0000000000
107129  -7.196  -63.724  49.753 1.0000000000
107130  -7.151  -63.869  49.285 1.0000000000
107131  -7.108  -63.981  48.842 1.0000000000
107132  -6.952  -66.316  47.593 1.0000000000
107133  -6.987  -65.604  47.769 1.0000000000
107134  -6.999  -65.650  47.361 1.0000000000
107135  -7.038  -64.991  47.110 1.0000000000
107136  -7.056  -64.318  46.838 1.0000000000
107137  -7.031  -63.653  46.589 1.0000000000
107138  -7.047  -64.372  46.469 1.0000000000
107139  -7.058  -64.442  46.095 1.0000000000
107140  -7.030  -64.509  45.683 1.0000000000
107141  -7.050  -64.547  45.271 1.0000000000
107142  -7.011  -65.264  45.484 1.0000000000
107143  -6.978  -66.065  45.197 1.0000000000
107144  -6.837  -66.927  44.848 1.0000000000
122332  -8.689  -57.937  49.715 1.0000000000
122333  -8.417  -58.501  49.341 1.0000000000
122334  -8.307  -58.897  49.970 1.0000000000
122335  -8.225  -59.014  49.472 1.0000000000
122336  -8.148  -59.116  48.977 1.0000000000
122337  -7.881  -59.727  48.625 1.0000000000
122338  -7.629  -60.302  48.332 1.0000000000
122339  -7.433  -60.872  48.089 1.0000000000
122362  -6.969  -65.977  49.312 1.0000000000
122367  -6.781  -67.682  48.093 1.0000000000
122368  -6.919  -66.998  47.838 1.0000000000
122369  -6.848  -67.093  47.394 1.0000000000
122371  -6.807  -67.338  46.467 1.0000000000
122372  -6.782  -67.460  45.970 1.0000000000
142710  -7.083  -61.759  44.295 1.0000000000
142711  -7.114  -61.034  44.001 1.0000000000
142712  -7.138  -61.768  43.843 1.0000000000
147603  -9.130  -57.017  49.451 1.0000000000
147604  -9.112  -57.093  48.990 1.0000000000
147605  -9.087  -57.163  48.533 1.0000000000
147606  -8.454  -58.170  48.213 1.0000000000
147607  -8.710  -57.676  48.123 1.0000000000
147608  -8.991  -57.205  48.030 1.0000000000
147609  -8.923  -57.255  47.539 1.0000000000
147611  -8.737  -57.336  46.587 1.0000000000
147613  -7.798  -58.351  45.888 1.0000000000
147615  -7.409  -59.369  46.233 1.0000000000
147616  -7.277  -59.342  45.827 1.0000000000
147617  -7.194  -59.324  45.433 1.0000000000
147619  -6.968  -60.451  45.011 1.0000000000
147620  -6.981  -61.085  44.839 1.0000000000
147647  -7.882  -60.577  51.766 1.0000000000
147667  -7.636  -63.415  52.644 1.0000000000
147668  -7.690  -62.844  52.363 1.0000000000
147669  -7.380  -63.788  51.640 1.0000000000
147670  -7.568  -62.997  51.847 1.0000000000
147671  -7.730  -62.280  52.063 1.0000000000
147672  -7.755  -61.736  51.736 1.0000000000
147673  -7.819  -61.182  51.479 1.0000000000
147674  -7.822  -60.699  51.248 1.0000000000
147675  -7.772  -60.834  50.742 1.0000000000
147676  -7.733  -60.958  50.224 1.0000000000
147677  -7.657  -61.108  49.715 1.0000000000
147678  -7.425  -62.343  49.697 1.0000000000
147679  -7.489  -61.773  49.463 1.0000000000
147680  -7.557  -61.253  49.225 1.0000000000
147681  -7.421  -61.346  48.736 1.0000000000
147682  -7.336  -61.461  48.279 1.0000000000
147683  -7.269  -61.527  47.873 1.0000000000
147684  -7.003  -65.373  48.971 1.0000000000
147685  -7.051  -64.711  48.686 1.0000000000
147686  -7.054  -64.081  48.402 1.0000000000
147687  -7.019  -64.889  47.878 1.0000000000
147688  -7.039  -64.164  47.963 1.0000000000
147689  -7.082  -63.441  48.130 1.0000000000
147690  -7.142  -62.819  47.884 1.0000000000
147691  -7.158  -62.220  47.673 1.0000000000
147692  -7.175  -61.585  47.477 1.0000000000
147693  -7.077  -61.636  47.071 1.0000000000
147694  -6.998  -61.675  46.679 1.0000000000
147695  -6.950  -61.703  46.301 1.0000000000
147696  -6.967  -63.009  46.358 1.0000000000
147697  -6.930  -62.362  46.126 1.0000000000
147698  -6.933  -61.717  45.900 1.0000000000
147699  -6.949  -61.726  45.473 1.0000000000
147700  -6.971  -61.734  45.074 1.0000000000
147701  -7.006  -61.760  44.683 1.0000000000
147702  -7.060  -62.435  44.558 1.0000000000
147703  -7.134  -63.171  44.397 1.0000000000
147704  -7.155  -63.957  44.196 1.0000000000
147705  -7.065  -64.599  44.871 1.0000000000
147706  -7.085  -64.675  44.400 1.0000000000
147707  -7.111  -64.749  43.942 1.0000000000
147711  -6.748  -67.588  45.474 1.0000000000
147712  -6.687  -67.717  44.977 1.0000000000
147713  -6.555  -67.831  44.522 1.0000000000
