#!ascii label  , from subject 40tvs8ref_sym_20 vox2ras=TkReg
259
438  -60.074  -47.861  -8.933 1.0000000000
1381  -59.423  -42.813  -11.959 1.0000000000
1382  -57.242  -50.804  -11.819 1.0000000000
1383  -57.760  -46.575  -15.567 1.0000000000
3302  -57.743  -44.277  -13.699 1.0000000000
5583  -58.726  -51.668  -8.757 1.0000000000
5584  -57.349  -52.944  -13.784 1.0000000000
5585  -57.716  -55.112  -12.233 1.0000000000
7093  -59.646  -45.283  -10.307 1.0000000000
7094  -58.082  -49.130  -9.992 1.0000000000
7095  -57.532  -46.489  -11.577 1.0000000000
7096  -57.053  -48.536  -13.521 1.0000000000
7097  -57.770  -50.935  -15.464 1.0000000000
10030  -58.145  -53.278  -10.428 1.0000000000
10037  -58.893  -48.984  -17.523 1.0000000000
13261  -60.160  -49.053  -8.267 1.0000000000
13262  -59.353  -50.873  -8.086 1.0000000000
13263  -59.074  -49.710  -8.705 1.0000000000
13264  -57.502  -54.094  -14.754 1.0000000000
13265  -57.291  -55.136  -13.887 1.0000000000
15661  -59.459  -44.017  -11.025 1.0000000000
15662  -58.401  -45.777  -10.787 1.0000000000
15663  -58.271  -44.552  -11.666 1.0000000000
15664  -57.611  -45.406  -14.655 1.0000000000
15665  -57.174  -46.358  -13.570 1.0000000000
15666  -57.286  -47.550  -14.499 1.0000000000
15667  -57.349  -49.746  -14.467 1.0000000000
15668  -57.691  -48.753  -15.402 1.0000000000
22509  -57.508  -49.884  -10.862 1.0000000000
22510  -57.957  -51.226  -10.176 1.0000000000
22511  -57.612  -52.040  -11.060 1.0000000000
22530  -58.925  -51.150  -17.449 1.0000000000
24373  -59.574  -41.688  -12.983 1.0000000000
24374  -58.377  -43.417  -12.754 1.0000000000
24375  -58.739  -42.390  -13.884 1.0000000000
24376  -58.358  -43.385  -14.828 1.0000000000
24377  -58.343  -44.521  -15.742 1.0000000000
28482  -57.262  -51.839  -12.789 1.0000000000
28483  -57.445  -52.939  -11.994 1.0000000000
28484  -57.361  -53.994  -12.892 1.0000000000
28485  -57.477  -56.188  -13.059 1.0000000000
31909  -59.976  -46.580  -9.677 1.0000000000
31910  -58.970  -48.457  -9.365 1.0000000000
31911  -58.736  -47.097  -10.105 1.0000000000
31912  -57.800  -47.767  -10.753 1.0000000000
31913  -57.224  -48.609  -11.679 1.0000000000
31914  -57.481  -45.340  -12.581 1.0000000000
31915  -57.093  -47.455  -12.548 1.0000000000
31916  -57.060  -49.642  -12.656 1.0000000000
31917  -57.236  -50.731  -13.649 1.0000000000
31918  -57.522  -51.900  -14.615 1.0000000000
31919  -57.878  -53.109  -15.574 1.0000000000
35853  -61.092  -47.625  -8.500 1.0000000000
35862  -61.003  -46.435  -9.221 1.0000000000
35863  -60.794  -45.167  -9.895 1.0000000000
35864  -60.541  -43.914  -10.541 1.0000000000
35865  -60.508  -42.734  -11.305 1.0000000000
35868  -60.567  -41.516  -12.194 1.0000000000
40324  -58.392  -50.424  -9.349 1.0000000000
40325  -58.387  -52.491  -9.588 1.0000000000
40327  -57.923  -54.146  -11.346 1.0000000000
40344  -58.593  -45.602  -16.669 1.0000000000
40346  -59.119  -46.755  -17.617 1.0000000000
40347  -58.281  -47.762  -16.519 1.0000000000
40348  -58.200  -49.962  -16.413 1.0000000000
40349  -58.405  -52.129  -16.502 1.0000000000
43981  -60.084  -48.494  -8.577 1.0000000000
43982  -59.590  -49.375  -8.453 1.0000000000
43983  -59.551  -48.745  -8.772 1.0000000000
43985  -57.381  -55.161  -14.779 1.0000000000
46381  -59.424  -43.418  -11.460 1.0000000000
46382  -58.857  -44.253  -11.321 1.0000000000
46383  -58.800  -43.637  -11.806 1.0000000000
46384  -57.651  -45.981  -15.131 1.0000000000
46385  -57.372  -46.461  -14.575 1.0000000000
46386  -57.454  -47.027  -15.029 1.0000000000
46387  -57.478  -48.135  -14.959 1.0000000000
46388  -57.668  -47.671  -15.483 1.0000000000
53229  -57.310  -50.335  -11.308 1.0000000000
53230  -57.537  -50.955  -10.972 1.0000000000
53231  -57.401  -51.423  -11.437 1.0000000000
55982  -59.098  -41.979  -13.426 1.0000000000
55987  -58.336  -43.942  -15.304 1.0000000000
62824  -58.989  -51.260  -8.415 1.0000000000
62825  -59.148  -51.894  -8.085 1.0000000000
62829  -57.294  -52.379  -13.288 1.0000000000
62830  -57.304  -52.920  -12.866 1.0000000000
62831  -57.317  -53.473  -13.349 1.0000000000
62832  -57.252  -56.263  -13.903 1.0000000000
62833  -57.323  -55.678  -13.470 1.0000000000
62834  -57.369  -56.770  -13.474 1.0000000000
70021  -59.797  -45.919  -10.021 1.0000000000
70022  -59.353  -46.846  -9.856 1.0000000000
70023  -59.147  -46.148  -10.225 1.0000000000
70024  -57.924  -46.098  -11.157 1.0000000000
70025  -58.020  -46.724  -10.773 1.0000000000
70026  -57.661  -47.126  -11.171 1.0000000000
70027  -57.467  -48.153  -11.205 1.0000000000
70028  -57.357  -47.542  -11.620 1.0000000000
70029  -57.996  -43.782  -13.210 1.0000000000
70030  -57.874  -44.329  -12.647 1.0000000000
70031  -57.553  -44.772  -13.131 1.0000000000
70032  -57.053  -47.446  -13.527 1.0000000000
70033  -57.095  -46.902  -13.029 1.0000000000
70034  -57.023  -47.996  -13.039 1.0000000000
70035  -57.019  -48.558  -12.590 1.0000000000
70036  -57.044  -49.073  -13.109 1.0000000000
70037  -57.125  -50.166  -13.132 1.0000000000
70038  -57.130  -49.625  -13.585 1.0000000000
70039  -57.534  -50.324  -14.955 1.0000000000
70040  -57.410  -50.809  -14.523 1.0000000000
70041  -57.634  -51.402  -15.010 1.0000000000
70042  -57.695  -52.496  -15.092 1.0000000000
70043  -57.850  -52.013  -15.512 1.0000000000
79449  -60.926  -45.790  -9.576 1.0000000000
79452  -61.143  -43.918  -10.295 1.0000000000
79454  -60.504  -43.318  -10.890 1.0000000000
79455  -61.077  -42.701  -11.015 1.0000000000
79463  -61.147  -40.869  -12.290 1.0000000000
79464  -60.631  -40.914  -12.670 1.0000000000
90564  -58.483  -48.778  -9.626 1.0000000000
90565  -58.607  -49.443  -9.306 1.0000000000
90566  -58.270  -49.817  -9.655 1.0000000000
90567  -58.024  -52.269  -10.270 1.0000000000
90568  -58.178  -51.841  -9.871 1.0000000000
90569  -58.263  -52.890  -10.013 1.0000000000
90572  -57.579  -54.029  -12.087 1.0000000000
90573  -57.657  -53.526  -11.637 1.0000000000
90574  -57.821  -54.611  -11.777 1.0000000000
90621  -59.419  -47.313  -18.083 1.0000000000
90622  -58.963  -47.862  -17.548 1.0000000000
90623  -58.660  -47.295  -17.050 1.0000000000
90624  -58.566  -48.364  -17.006 1.0000000000
90625  -58.217  -48.863  -16.455 1.0000000000
90626  -58.522  -49.475  -16.971 1.0000000000
90628  -58.653  -51.656  -16.952 1.0000000000
97597  -60.250  -49.611  -7.944 1.0000000000
97598  -59.826  -50.520  -7.812 1.0000000000
97599  -59.680  -49.938  -8.158 1.0000000000
97600  -59.188  -50.299  -8.409 1.0000000000
97601  -58.849  -50.669  -8.704 1.0000000000
97602  -57.442  -53.494  -14.266 1.0000000000
97603  -57.355  -54.034  -13.847 1.0000000000
97604  -57.385  -54.588  -14.328 1.0000000000
97605  -57.248  -55.721  -14.341 1.0000000000
101917  -59.493  -44.617  -10.636 1.0000000000
101918  -58.998  -45.489  -10.531 1.0000000000
101919  -58.893  -44.856  -10.888 1.0000000000
101920  -58.328  -45.148  -11.200 1.0000000000
101921  -57.842  -45.453  -11.566 1.0000000000
101922  -57.635  -44.827  -14.185 1.0000000000
101923  -57.378  -45.276  -13.634 1.0000000000
101924  -57.330  -45.856  -14.114 1.0000000000
101925  -57.183  -46.970  -14.033 1.0000000000
101926  -57.129  -48.053  -13.999 1.0000000000
101927  -57.181  -49.151  -14.004 1.0000000000
101928  -57.302  -48.622  -14.475 1.0000000000
101929  -57.500  -49.235  -14.928 1.0000000000
101930  -57.709  -49.833  -15.393 1.0000000000
114243  -57.744  -49.481  -10.391 1.0000000000
114244  -57.946  -50.154  -10.058 1.0000000000
114245  -57.703  -50.551  -10.510 1.0000000000
114246  -57.786  -51.626  -10.610 1.0000000000
114247  -57.873  -52.669  -10.714 1.0000000000
114248  -57.844  -56.227  -12.315 1.0000000000
114280  -58.867  -50.068  -17.468 1.0000000000
114281  -59.221  -50.611  -17.993 1.0000000000
114282  -59.221  -51.700  -17.987 1.0000000000
118309  -59.486  -42.268  -12.476 1.0000000000
118310  -58.835  -43.075  -12.338 1.0000000000
118311  -58.950  -42.524  -12.892 1.0000000000
118312  -58.506  -42.871  -13.333 1.0000000000
118313  -58.213  -43.330  -13.806 1.0000000000
118314  -59.003  -41.940  -14.445 1.0000000000
118315  -58.502  -42.864  -14.362 1.0000000000
118316  -58.032  -43.826  -14.267 1.0000000000
118317  -57.958  -44.375  -14.747 1.0000000000
118318  -57.951  -44.970  -15.201 1.0000000000
118319  -58.013  -45.519  -15.650 1.0000000000
127890  -59.530  -51.497  -7.730 1.0000000000
127896  -57.222  -51.290  -12.309 1.0000000000
127897  -57.325  -51.861  -11.911 1.0000000000
127898  -57.301  -52.346  -12.381 1.0000000000
127899  -57.398  -53.463  -12.451 1.0000000000
127900  -57.490  -54.546  -12.570 1.0000000000
127901  -57.312  -54.555  -13.409 1.0000000000
127902  -57.371  -55.082  -13.019 1.0000000000
127903  -57.589  -55.613  -12.662 1.0000000000
127904  -57.713  -56.779  -12.726 1.0000000000
137077  -60.061  -47.261  -9.295 1.0000000000
137078  -59.499  -48.124  -9.129 1.0000000000
137079  -59.473  -47.521  -9.493 1.0000000000
137080  -58.882  -47.787  -9.740 1.0000000000
137081  -58.371  -48.090  -10.025 1.0000000000
137082  -58.541  -46.403  -10.464 1.0000000000
137083  -58.224  -47.402  -10.405 1.0000000000
137084  -57.918  -48.445  -10.353 1.0000000000
137085  -57.583  -48.800  -10.778 1.0000000000
137086  -57.319  -49.216  -11.242 1.0000000000
137087  -57.173  -49.720  -11.717 1.0000000000
137088  -58.299  -43.975  -12.184 1.0000000000
137089  -57.803  -44.884  -12.103 1.0000000000
137090  -57.450  -45.890  -12.028 1.0000000000
137091  -57.267  -45.829  -13.063 1.0000000000
137092  -57.202  -46.359  -12.504 1.0000000000
137093  -57.244  -46.919  -12.036 1.0000000000
137094  -57.128  -48.016  -12.111 1.0000000000
137095  -57.072  -49.138  -12.138 1.0000000000
137096  -57.122  -50.233  -12.217 1.0000000000
137097  -57.151  -50.731  -12.705 1.0000000000
137098  -57.250  -51.279  -13.232 1.0000000000
137099  -57.320  -51.830  -13.726 1.0000000000
137100  -57.230  -50.235  -14.043 1.0000000000
137101  -57.345  -51.315  -14.149 1.0000000000
137102  -57.437  -52.404  -14.222 1.0000000000
137103  -57.555  -53.004  -14.678 1.0000000000
137104  -57.676  -53.605  -15.168 1.0000000000
137105  -57.824  -54.217  -15.695 1.0000000000
148543  -60.670  -48.890  -8.050 1.0000000000
148544  -60.593  -48.334  -8.382 1.0000000000
148545  -60.551  -47.743  -8.712 1.0000000000
148571  -61.035  -47.056  -8.845 1.0000000000
148572  -60.540  -47.143  -9.083 1.0000000000
148573  -60.502  -46.487  -9.458 1.0000000000
148574  -60.413  -45.841  -9.800 1.0000000000
148575  -60.222  -45.222  -10.107 1.0000000000
148577  -60.618  -44.539  -10.220 1.0000000000
148578  -60.047  -44.566  -10.438 1.0000000000
148579  -59.964  -43.939  -10.766 1.0000000000
148580  -59.955  -43.362  -11.157 1.0000000000
148581  -59.958  -42.782  -11.610 1.0000000000
148588  -61.096  -42.090  -11.461 1.0000000000
148589  -60.531  -42.132  -11.769 1.0000000000
148590  -59.999  -42.168  -12.082 1.0000000000
148591  -60.045  -41.577  -12.568 1.0000000000
148592  -60.147  -40.981  -13.074 1.0000000000
161926  -59.035  -49.090  -9.002 1.0000000000
161927  -58.684  -50.070  -8.999 1.0000000000
161928  -58.563  -51.053  -9.055 1.0000000000
161929  -58.148  -50.792  -9.754 1.0000000000
161930  -58.351  -51.446  -9.462 1.0000000000
161931  -58.543  -52.088  -9.171 1.0000000000
161935  -57.501  -52.478  -11.539 1.0000000000
161936  -57.725  -53.077  -11.175 1.0000000000
161937  -58.024  -53.685  -10.891 1.0000000000
161987  -58.443  -45.049  -16.206 1.0000000000
161988  -58.146  -46.075  -16.128 1.0000000000
161993  -59.594  -46.258  -18.120 1.0000000000
161995  -58.843  -46.185  -17.124 1.0000000000
161996  -58.375  -46.655  -16.601 1.0000000000
161997  -57.994  -47.157  -16.034 1.0000000000
161998  -57.932  -48.264  -15.968 1.0000000000
161999  -57.929  -49.354  -15.899 1.0000000000
162000  -57.972  -50.443  -15.937 1.0000000000
162001  -58.570  -50.569  -16.941 1.0000000000
162002  -58.315  -51.057  -16.455 1.0000000000
162003  -58.096  -51.529  -15.977 1.0000000000
162004  -58.136  -52.617  -16.050 1.0000000000
162005  -58.106  -53.713  -16.123 1.0000000000
