#!ascii label  , from subject 40tvs8ref_sym_20 vox2ras=TkReg
184
338  -54.598  -65.571  -0.627 1.0000000000
1760  -49.328  -67.582  -0.135 1.0000000000
2298  -50.113  -65.519  1.925 1.0000000000
3893  -52.070  -66.660  -0.241 1.0000000000
3895  -52.941  -66.221  -1.655 1.0000000000
6080  -56.672  -63.984  -1.385 1.0000000000
6081  -55.191  -64.750  -2.303 1.0000000000
9451  -49.839  -66.685  0.876 1.0000000000
9452  -52.568  -65.920  0.592 1.0000000000
9454  -52.745  -64.728  1.480 1.0000000000
9455  -55.074  -64.765  0.236 1.0000000000
11573  -53.379  -66.213  -0.395 1.0000000000
11574  -52.585  -66.533  -0.904 1.0000000000
11575  -53.897  -65.971  -1.088 1.0000000000
17447  -54.142  -64.901  -2.722 1.0000000000
21063  -48.610  -66.570  1.605 1.0000000000
21064  -50.025  -66.183  1.408 1.0000000000
21065  -51.221  -66.346  0.719 1.0000000000
21066  -51.414  -65.854  1.203 1.0000000000
21071  -52.813  -63.944  1.878 1.0000000000
21072  -53.951  -64.173  1.186 1.0000000000
21073  -53.893  -64.813  0.845 1.0000000000
21074  -55.121  -64.170  0.625 1.0000000000
21075  -56.156  -63.997  0.048 1.0000000000
25439  -50.682  -67.108  -0.160 1.0000000000
25440  -49.987  -67.581  -0.714 1.0000000000
25441  -51.281  -67.046  -0.804 1.0000000000
25442  -51.720  -66.818  -1.470 1.0000000000
29546  -55.678  -64.821  -0.979 1.0000000000
29547  -55.098  -65.245  -1.380 1.0000000000
29548  -56.051  -64.431  -1.884 1.0000000000
34195  -54.092  -65.475  -1.879 1.0000000000
34196  -53.109  -65.681  -2.406 1.0000000000
38588  -48.223  -67.698  0.441 1.0000000000
38590  -48.438  -67.152  1.032 1.0000000000
38591  -49.642  -67.148  0.371 1.0000000000
38592  -50.981  -66.699  0.308 1.0000000000
38593  -52.381  -66.327  0.211 1.0000000000
38594  -53.687  -65.848  0.049 1.0000000000
38599  -51.500  -64.420  2.157 1.0000000000
38600  -51.468  -65.211  1.693 1.0000000000
38601  -52.650  -65.364  1.058 1.0000000000
38602  -53.818  -65.383  0.516 1.0000000000
38603  -54.889  -65.223  -0.174 1.0000000000
38604  -55.979  -64.429  -0.525 1.0000000000
38605  -57.012  -63.671  -0.723 1.0000000000
42293  -54.000  -65.902  -0.486 1.0000000000
42294  -53.661  -66.121  -0.732 1.0000000000
42295  -54.289  -65.785  -0.821 1.0000000000
48160  -49.001  -67.903  -0.393 1.0000000000
51782  -49.415  -65.698  2.050 1.0000000000
51783  -49.384  -66.040  1.792 1.0000000000
51784  -50.079  -65.874  1.667 1.0000000000
51785  -50.715  -66.038  1.297 1.0000000000
51786  -50.785  -65.721  1.553 1.0000000000
51792  -54.577  -63.858  1.134 1.0000000000
51793  -54.553  -64.185  0.909 1.0000000000
57758  -51.377  -66.879  -0.195 1.0000000000
57759  -51.023  -67.124  -0.481 1.0000000000
57760  -51.721  -66.889  -0.523 1.0000000000
57761  -52.780  -66.403  -1.269 1.0000000000
57762  -52.162  -66.683  -1.201 1.0000000000
57763  -52.347  -66.532  -1.548 1.0000000000
64958  -56.176  -64.404  -1.204 1.0000000000
64959  -55.886  -64.629  -1.422 1.0000000000
64960  -56.375  -64.219  -1.642 1.0000000000
75361  -50.231  -67.514  -1.018 1.0000000000
75376  -55.145  -64.999  -1.858 1.0000000000
75377  -54.598  -65.386  -1.634 1.0000000000
75378  -54.645  -65.123  -2.065 1.0000000000
75380  -53.610  -65.279  -2.564 1.0000000000
75381  -53.142  -65.334  -2.778 1.0000000000
86230  -49.230  -66.643  1.226 1.0000000000
86231  -48.519  -66.872  1.322 1.0000000000
86232  -49.132  -66.904  0.942 1.0000000000
86233  -49.055  -67.147  0.652 1.0000000000
86234  -49.748  -66.910  0.601 1.0000000000
86235  -50.309  -66.913  0.344 1.0000000000
86236  -50.434  -66.713  0.577 1.0000000000
86237  -51.869  -66.149  0.638 1.0000000000
86238  -51.784  -66.345  0.446 1.0000000000
86239  -52.474  -66.126  0.385 1.0000000000
86240  -53.081  -66.088  0.122 1.0000000000
86241  -53.157  -65.892  0.327 1.0000000000
86253  -52.783  -64.356  1.670 1.0000000000
86254  -52.170  -64.193  1.997 1.0000000000
86255  -52.148  -64.585  1.806 1.0000000000
86256  -51.483  -64.812  1.959 1.0000000000
86257  -52.113  -64.971  1.596 1.0000000000
86258  -52.090  -65.306  1.379 1.0000000000
86259  -52.695  -65.040  1.255 1.0000000000
86260  -54.471  -64.798  0.544 1.0000000000
86261  -53.842  -65.123  0.686 1.0000000000
86262  -54.436  -65.060  0.401 1.0000000000
86263  -54.362  -65.323  0.187 1.0000000000
86264  -54.999  -64.999  0.043 1.0000000000
86265  -55.469  -64.848  -0.330 1.0000000000
86266  -55.561  -64.607  -0.116 1.0000000000
86267  -56.701  -63.631  -0.013 1.0000000000
86268  -56.622  -63.860  -0.302 1.0000000000
86269  -57.158  -63.519  -0.392 1.0000000000
86270  -57.516  -63.244  -0.837 1.0000000000
94559  -52.718  -66.436  -0.288 1.0000000000
94560  -52.368  -66.624  -0.569 1.0000000000
94561  -53.008  -66.370  -0.635 1.0000000000
94562  -53.255  -66.273  -0.985 1.0000000000
94563  -53.426  -66.103  -1.360 1.0000000000
98879  -57.152  -63.558  -1.543 1.0000000000
105131  -54.670  -64.860  -2.462 1.0000000000
105133  -54.185  -64.565  -3.128 1.0000000000
111641  -47.934  -66.462  1.975 1.0000000000
111642  -48.666  -66.235  1.876 1.0000000000
111643  -49.338  -66.352  1.510 1.0000000000
111644  -49.927  -66.433  1.139 1.0000000000
111645  -50.537  -66.512  0.802 1.0000000000
111646  -50.622  -66.302  1.042 1.0000000000
111647  -51.305  -66.129  0.935 1.0000000000
111648  -51.968  -65.928  0.876 1.0000000000
111655  -52.833  -63.581  2.150 1.0000000000
111656  -53.465  -63.689  1.819 1.0000000000
111657  -53.395  -64.089  1.547 1.0000000000
111658  -53.366  -64.479  1.340 1.0000000000
111659  -53.321  -64.777  1.135 1.0000000000
111660  -53.937  -64.488  1.020 1.0000000000
111661  -54.510  -64.487  0.718 1.0000000000
111662  -55.082  -64.453  0.429 1.0000000000
111663  -55.633  -64.348  0.108 1.0000000000
111664  -55.652  -64.100  0.347 1.0000000000
111665  -56.204  -63.739  0.296 1.0000000000
120797  -50.035  -67.349  -0.151 1.0000000000
120798  -49.683  -67.603  -0.414 1.0000000000
120799  -50.392  -67.353  -0.465 1.0000000000
120800  -50.639  -67.306  -0.763 1.0000000000
120802  -51.949  -66.800  -0.869 1.0000000000
120803  -51.507  -66.944  -1.139 1.0000000000
125877  -49.417  -65.329  2.297 1.0000000000
130664  -55.158  -65.210  -0.795 1.0000000000
130665  -54.864  -65.425  -0.995 1.0000000000
130666  -55.391  -65.035  -1.194 1.0000000000
130667  -55.580  -64.824  -1.650 1.0000000000
130668  -55.658  -64.598  -2.106 1.0000000000
130669  -56.543  -64.024  -2.098 1.0000000000
130670  -56.172  -64.204  -2.371 1.0000000000
143647  -54.500  -65.619  -1.208 1.0000000000
143648  -54.024  -65.750  -1.474 1.0000000000
143649  -53.545  -65.880  -1.746 1.0000000000
143650  -54.080  -65.173  -2.301 1.0000000000
143651  -53.590  -65.602  -2.165 1.0000000000
143652  -53.061  -65.981  -2.039 1.0000000000
143653  -52.590  -66.035  -2.275 1.0000000000
156722  -48.787  -67.656  0.140 1.0000000000
156726  -47.866  -66.795  1.712 1.0000000000
156729  -48.345  -67.430  0.722 1.0000000000
156730  -48.930  -67.413  0.411 1.0000000000
156731  -49.497  -67.384  0.125 1.0000000000
156732  -50.179  -67.136  0.107 1.0000000000
156733  -50.832  -66.896  0.094 1.0000000000
156734  -51.551  -66.689  0.051 1.0000000000
156735  -51.130  -66.534  0.507 1.0000000000
156736  -51.680  -66.506  0.258 1.0000000000
156737  -52.234  -66.505  0.014 1.0000000000
156738  -52.907  -66.295  -0.056 1.0000000000
156739  -53.548  -66.044  -0.149 1.0000000000
156740  -54.141  -65.746  -0.249 1.0000000000
156754  -51.510  -64.027  2.340 1.0000000000
156755  -50.821  -64.234  2.499 1.0000000000
156756  -50.824  -64.625  2.316 1.0000000000
156758  -50.823  -65.396  1.777 1.0000000000
156759  -51.456  -65.534  1.467 1.0000000000
156760  -52.047  -65.633  1.154 1.0000000000
156761  -52.615  -65.681  0.844 1.0000000000
156762  -53.267  -65.093  0.953 1.0000000000
156763  -53.220  -65.390  0.777 1.0000000000
156764  -53.211  -65.678  0.570 1.0000000000
156765  -53.771  -65.647  0.286 1.0000000000
156766  -54.285  -65.558  -0.047 1.0000000000
156767  -54.782  -65.435  -0.389 1.0000000000
156768  -55.334  -65.055  -0.556 1.0000000000
156769  -55.847  -64.651  -0.756 1.0000000000
156770  -56.350  -64.256  -0.926 1.0000000000
156771  -56.094  -64.211  -0.237 1.0000000000
156772  -56.498  -64.063  -0.618 1.0000000000
156773  -56.851  -63.848  -1.060 1.0000000000
156774  -57.344  -63.391  -1.184 1.0000000000
