#!ascii label  , from subject 40tvs8ref_sym_20 vox2ras=TkReg
184
34  -14.308  -96.332  4.087 1.0000000000
1990  -15.593  -99.635  1.173 1.0000000000
1991  -12.789  -97.552  -3.975 1.0000000000
2748  -13.840  -94.600  0.577 1.0000000000
8554  -15.290  -97.879  2.890 1.0000000000
8555  -15.046  -96.107  -0.430 1.0000000000
8556  -15.822  -97.580  -1.701 1.0000000000
9648  -12.798  -98.957  6.169 1.0000000000
9649  -13.574  -100.696  4.919 1.0000000000
9650  -13.394  -102.388  2.796 1.0000000000
10108  -11.803  -96.167  -2.951 1.0000000000
10426  -13.663  -95.839  4.347 1.0000000000
10428  -14.390  -95.282  2.436 1.0000000000
18856  -15.518  -98.729  2.135 1.0000000000
18857  -15.875  -97.628  0.603 1.0000000000
18858  -16.078  -98.498  -0.197 1.0000000000
21553  -10.819  -99.313  6.863 1.0000000000
21554  -11.708  -100.240  6.812 1.0000000000
21555  -13.335  -99.838  5.682 1.0000000000
21556  -12.224  -101.107  6.323 1.0000000000
21558  -12.334  -102.819  4.504 1.0000000000
22704  -14.141  -96.593  -2.411 1.0000000000
22705  -13.582  -95.906  -1.826 1.0000000000
22706  -12.240  -96.886  -3.397 1.0000000000
26290  -15.571  -100.618  0.111 1.0000000000
26291  -16.229  -99.482  -1.118 1.0000000000
35926  -14.899  -97.017  3.530 1.0000000000
35927  -15.042  -96.022  1.891 1.0000000000
35928  -15.541  -96.812  1.302 1.0000000000
35929  -15.489  -96.805  -1.052 1.0000000000
35930  -14.592  -97.248  -3.022 1.0000000000
35931  -16.087  -98.508  -2.471 1.0000000000
35932  -14.976  -98.020  -3.789 1.0000000000
35933  -13.241  -98.190  -4.650 1.0000000000
39099  -12.869  -96.889  5.560 1.0000000000
39179  -11.896  -98.146  6.351 1.0000000000
39180  -13.666  -97.620  5.311 1.0000000000
39181  -14.255  -98.397  4.774 1.0000000000
39182  -14.578  -99.281  4.072 1.0000000000
39183  -14.705  -100.173  3.124 1.0000000000
39184  -12.404  -101.986  5.555 1.0000000000
39185  -13.589  -101.543  3.897 1.0000000000
39186  -14.657  -101.047  2.067 1.0000000000
39187  -14.474  -101.931  0.964 1.0000000000
40558  -14.443  -95.277  0.160 1.0000000000
40559  -13.083  -95.146  -1.401 1.0000000000
41146  -13.980  -96.057  4.251 1.0000000000
41147  -14.133  -95.514  3.471 1.0000000000
41148  -14.424  -95.770  3.312 1.0000000000
49576  -15.571  -99.172  1.674 1.0000000000
49577  -15.858  -98.595  0.977 1.0000000000
49578  -15.900  -99.039  0.505 1.0000000000
52273  -10.700  -100.302  7.088 1.0000000000
52275  -11.997  -100.665  6.635 1.0000000000
53424  -13.475  -97.016  -3.237 1.0000000000
53425  -13.154  -96.702  -2.933 1.0000000000
53426  -12.503  -97.217  -3.664 1.0000000000
54319  -13.968  -94.628  1.633 1.0000000000
54321  -13.577  -94.346  0.693 1.0000000000
59176  -15.531  -101.092  -0.399 1.0000000000
79606  -15.103  -97.479  3.282 1.0000000000
79607  -15.280  -96.897  2.471 1.0000000000
79608  -15.488  -97.315  2.139 1.0000000000
79609  -15.990  -97.563  -0.595 1.0000000000
79610  -15.827  -97.148  -0.231 1.0000000000
79611  -15.707  -97.174  -1.357 1.0000000000
79612  -15.126  -96.973  -2.065 1.0000000000
79613  -15.297  -97.344  -2.393 1.0000000000
79615  -16.313  -98.947  -1.765 1.0000000000
79616  -16.231  -99.000  -2.883 1.0000000000
79620  -14.123  -98.048  -4.248 1.0000000000
87500  -12.502  -96.693  5.513 1.0000000000
87501  -11.962  -97.231  5.974 1.0000000000
87700  -11.841  -99.139  6.637 1.0000000000
87701  -11.354  -98.729  6.643 1.0000000000
87702  -12.361  -98.513  6.327 1.0000000000
87703  -12.868  -97.888  6.005 1.0000000000
87704  -13.307  -98.272  5.777 1.0000000000
87705  -13.994  -97.982  5.059 1.0000000000
87706  -13.583  -98.702  5.579 1.0000000000
87707  -13.491  -100.256  5.309 1.0000000000
87708  -13.990  -99.580  4.969 1.0000000000
87709  -14.128  -100.009  4.530 1.0000000000
87710  -14.677  -99.719  3.603 1.0000000000
87711  -14.201  -100.445  4.085 1.0000000000
87714  -11.774  -102.548  5.789 1.0000000000
87715  -12.871  -102.605  3.662 1.0000000000
87716  -12.961  -102.203  4.229 1.0000000000
87717  -13.504  -101.985  3.392 1.0000000000
87718  -14.113  -101.322  3.018 1.0000000000
87719  -14.039  -101.730  2.466 1.0000000000
87720  -14.565  -101.486  1.509 1.0000000000
87721  -13.941  -102.134  1.883 1.0000000000
91149  -15.180  -96.009  0.747 1.0000000000
91150  -14.842  -95.557  0.996 1.0000000000
91151  -14.734  -95.683  -0.137 1.0000000000
91152  -12.710  -96.008  -2.393 1.0000000000
91153  -13.341  -95.534  -1.578 1.0000000000
91154  -12.447  -95.605  -2.206 1.0000000000
91155  -12.238  -95.204  -2.126 1.0000000000
91156  -11.594  -95.741  -2.816 1.0000000000
92496  -13.836  -95.291  3.533 1.0000000000
92497  -14.110  -95.034  2.566 1.0000000000
92498  -14.210  -94.860  1.533 1.0000000000
107668  -15.428  -98.296  2.521 1.0000000000
107669  -15.666  -97.721  1.765 1.0000000000
107670  -15.769  -98.152  1.407 1.0000000000
107671  -15.994  -98.057  0.213 1.0000000000
107672  -16.120  -97.986  -0.983 1.0000000000
112523  -9.760  -99.526  6.802 1.0000000000
112524  -10.229  -99.867  7.013 1.0000000000
112525  -11.263  -99.755  6.905 1.0000000000
112526  -12.277  -99.608  6.513 1.0000000000
112527  -13.094  -99.383  5.977 1.0000000000
112528  -12.573  -100.044  6.289 1.0000000000
112529  -12.788  -100.483  6.000 1.0000000000
112530  -12.935  -100.911  5.660 1.0000000000
112532  -11.744  -102.978  5.294 1.0000000000
112535  -12.737  -102.982  3.059 1.0000000000
112536  -13.239  -102.768  2.205 1.0000000000
114594  -14.668  -96.319  -1.448 1.0000000000
114595  -14.374  -95.929  -1.154 1.0000000000
114596  -13.853  -96.249  -2.092 1.0000000000
114597  -12.918  -96.351  -2.627 1.0000000000
114598  -12.042  -96.541  -3.158 1.0000000000
122782  -15.596  -100.134  0.660 1.0000000000
122783  -15.948  -99.533  0.011 1.0000000000
122784  -15.974  -100.050  -0.488 1.0000000000
122785  -16.280  -99.997  -1.609 1.0000000000
128169  -12.124  -98.084  -4.648 1.0000000000
128170  -11.849  -97.765  -4.322 1.0000000000
148762  -14.627  -96.671  3.858 1.0000000000
148763  -14.771  -96.129  3.040 1.0000000000
148764  -15.053  -96.484  2.749 1.0000000000
148765  -15.313  -96.408  1.617 1.0000000000
148766  -15.444  -96.379  0.438 1.0000000000
148767  -15.738  -97.203  0.960 1.0000000000
148768  -15.648  -96.751  0.107 1.0000000000
148769  -15.285  -96.464  -0.711 1.0000000000
148770  -14.891  -96.635  -1.767 1.0000000000
148771  -14.373  -96.906  -2.710 1.0000000000
148772  -13.703  -97.350  -3.557 1.0000000000
148773  -16.144  -98.968  -0.644 1.0000000000
148774  -16.197  -98.463  -1.354 1.0000000000
148775  -15.940  -98.036  -2.085 1.0000000000
148776  -15.829  -98.649  -3.515 1.0000000000
148777  -15.627  -98.198  -3.145 1.0000000000
148778  -15.448  -97.758  -2.760 1.0000000000
148779  -14.762  -97.620  -3.367 1.0000000000
148780  -13.894  -97.700  -3.889 1.0000000000
148781  -13.009  -97.865  -4.300 1.0000000000
158251  -12.957  -96.176  4.980 1.0000000000
158252  -13.301  -96.350  4.995 1.0000000000
158253  -13.651  -96.565  4.934 1.0000000000
158493  -11.438  -97.835  6.223 1.0000000000
158494  -12.410  -97.520  6.054 1.0000000000
158495  -13.279  -97.212  5.511 1.0000000000
158496  -14.020  -96.959  4.753 1.0000000000
158497  -14.333  -97.310  4.480 1.0000000000
158498  -14.595  -97.713  4.197 1.0000000000
158499  -14.807  -98.140  3.876 1.0000000000
158500  -13.810  -99.144  5.317 1.0000000000
158501  -14.427  -98.855  4.475 1.0000000000
158502  -14.968  -98.571  3.518 1.0000000000
158503  -15.099  -98.991  3.125 1.0000000000
158504  -15.161  -99.441  2.635 1.0000000000
158505  -15.167  -99.902  2.167 1.0000000000
158507  -12.370  -101.547  5.970 1.0000000000
158508  -13.019  -101.349  5.276 1.0000000000
158509  -12.377  -102.415  5.066 1.0000000000
158510  -13.017  -101.773  4.752 1.0000000000
158511  -13.615  -101.121  4.428 1.0000000000
158512  -14.179  -100.888  3.533 1.0000000000
158513  -14.681  -100.628  2.623 1.0000000000
158514  -15.170  -100.354  1.642 1.0000000000
158515  -15.142  -100.808  1.092 1.0000000000
158516  -15.062  -101.284  0.554 1.0000000000
162628  -14.723  -95.618  2.165 1.0000000000
162629  -14.555  -95.177  1.271 1.0000000000
162630  -14.136  -94.917  0.412 1.0000000000
162631  -14.083  -95.561  -0.893 1.0000000000
162632  -13.827  -95.162  -0.607 1.0000000000
162633  -13.534  -94.805  -0.445 1.0000000000
162637  -11.574  -97.439  -4.086 1.0000000000
