#!ascii label  , from subject 40tvs8ref_sym_20 vox2ras=TkReg
303
300  -8.627  -74.640  20.623 1.0000000000
301  -13.871  -81.099  24.981 1.0000000000
780  -19.329  -77.151  22.584 1.0000000000
1693  -17.137  -75.571  19.212 1.0000000000
1694  -11.561  -77.930  22.911 1.0000000000
3782  -16.570  -79.561  23.155 1.0000000000
3783  -15.383  -78.476  21.717 1.0000000000
3784  -12.845  -79.628  23.733 1.0000000000
3785  -9.006  -78.962  25.078 1.0000000000
3786  -10.325  -80.647  26.219 1.0000000000
6014  -19.918  -77.059  24.948 1.0000000000
6015  -17.636  -79.968  25.138 1.0000000000
7791  -12.981  -74.957  20.337 1.0000000000
7792  -18.354  -76.696  20.571 1.0000000000
7793  -14.239  -76.873  20.828 1.0000000000
7794  -10.031  -76.161  22.049 1.0000000000
7795  -7.344  -77.467  23.702 1.0000000000
9623  -18.677  -79.693  27.765 1.0000000000
9624  -15.199  -82.065  26.970 1.0000000000
9627  -11.560  -82.387  27.721 1.0000000000
11462  -15.150  -80.399  23.973 1.0000000000
11463  -14.624  -79.818  23.250 1.0000000000
11464  -13.337  -80.422  24.334 1.0000000000
11465  -11.591  -80.171  24.940 1.0000000000
11466  -12.096  -80.985  25.516 1.0000000000
13865  -18.859  -78.650  24.859 1.0000000000
13866  -19.230  -78.474  26.029 1.0000000000
17106  -15.062  -75.399  19.662 1.0000000000
17109  -18.897  -76.987  21.542 1.0000000000
17110  -13.504  -78.291  22.143 1.0000000000
17111  -14.808  -77.714  21.199 1.0000000000
17112  -12.870  -77.397  21.831 1.0000000000
17113  -12.194  -76.443  21.558 1.0000000000
17114  -10.824  -77.011  22.547 1.0000000000
17115  -8.644  -76.762  22.923 1.0000000000
17116  -9.466  -77.569  23.474 1.0000000000
17117  -7.673  -79.503  26.172 1.0000000000
17118  -6.869  -78.810  25.320 1.0000000000
21493  -17.085  -81.140  27.127 1.0000000000
21501  -12.203  -83.058  28.656 1.0000000000
21502  -10.534  -82.939  29.257 1.0000000000
21503  -9.784  -82.166  28.434 1.0000000000
25240  -18.024  -78.456  22.687 1.0000000000
25241  -17.456  -78.167  21.732 1.0000000000
25242  -16.015  -79.078  22.367 1.0000000000
25243  -14.099  -79.083  22.641 1.0000000000
25244  -12.227  -78.822  23.282 1.0000000000
25245  -10.327  -78.439  23.978 1.0000000000
25246  -11.017  -79.334  24.461 1.0000000000
25247  -9.718  -79.813  25.657 1.0000000000
25248  -8.487  -80.303  26.862 1.0000000000
29394  -19.674  -77.155  23.739 1.0000000000
29395  -18.488  -78.616  23.725 1.0000000000
29396  -17.107  -79.856  24.097 1.0000000000
29397  -15.723  -80.833  24.774 1.0000000000
31414  -7.176  -75.337  21.358 1.0000000000
33765  -10.780  -74.718  20.678 1.0000000000
33768  -17.720  -76.213  19.809 1.0000000000
33769  -16.839  -77.679  21.021 1.0000000000
33770  -16.236  -77.056  20.388 1.0000000000
33771  -15.632  -76.299  19.948 1.0000000000
33772  -13.615  -75.928  20.629 1.0000000000
33773  -11.495  -75.541  21.201 1.0000000000
33774  -9.289  -75.336  21.447 1.0000000000
33775  -7.910  -76.019  22.231 1.0000000000
33776  -6.584  -76.794  22.940 1.0000000000
33778  -8.202  -78.155  24.446 1.0000000000
33779  -6.131  -78.278  24.481 1.0000000000
39105  -19.506  -78.189  27.473 1.0000000000
39106  -18.184  -79.920  26.415 1.0000000000
39107  -16.382  -81.095  25.934 1.0000000000
39108  -14.469  -81.717  25.897 1.0000000000
39116  -13.298  -82.442  27.192 1.0000000000
39117  -12.651  -81.790  26.295 1.0000000000
39118  -10.925  -81.574  26.919 1.0000000000
39119  -9.161  -81.239  27.601 1.0000000000
42182  -14.479  -80.768  24.449 1.0000000000
42183  -14.218  -80.484  24.091 1.0000000000
42184  -13.582  -80.810  24.636 1.0000000000
42185  -12.721  -80.713  24.909 1.0000000000
42186  -12.994  -81.092  25.215 1.0000000000
43627  -9.346  -74.301  20.239 1.0000000000
43629  -8.252  -74.279  20.196 1.0000000000
47822  -17.991  -75.136  18.947 1.0000000000
47824  -16.888  -75.245  18.922 1.0000000000
47826  -16.052  -75.587  19.337 1.0000000000
47829  -19.133  -77.109  22.023 1.0000000000
47830  -12.552  -78.129  22.531 1.0000000000
47831  -13.191  -77.858  21.994 1.0000000000
47832  -12.222  -77.689  22.388 1.0000000000
47833  -11.872  -77.203  22.206 1.0000000000
47834  -11.209  -77.475  22.746 1.0000000000
47835  -10.132  -77.289  23.013 1.0000000000
47836  -10.524  -77.726  23.254 1.0000000000
52221  -10.869  -83.292  29.684 1.0000000000
52222  -10.012  -83.215  30.007 1.0000000000
52223  -9.659  -82.849  29.587 1.0000000000
57427  -17.325  -79.035  22.880 1.0000000000
57428  -17.021  -78.844  22.447 1.0000000000
57429  -16.297  -79.325  22.764 1.0000000000
57430  -13.746  -79.777  23.449 1.0000000000
57431  -14.374  -79.469  22.917 1.0000000000
57432  -13.467  -79.362  23.169 1.0000000000
57433  -13.162  -78.973  22.917 1.0000000000
57434  -12.546  -79.220  23.507 1.0000000000
57435  -11.612  -79.063  23.889 1.0000000000
57436  -11.927  -79.489  24.108 1.0000000000
57437  -10.957  -80.414  25.565 1.0000000000
57438  -10.654  -80.015  25.305 1.0000000000
57439  -10.043  -80.248  25.934 1.0000000000
57440  -9.124  -80.062  26.265 1.0000000000
57441  -9.447  -80.467  26.554 1.0000000000
64630  -20.325  -76.038  25.743 1.0000000000
64633  -20.238  -76.271  24.466 1.0000000000
64634  -19.816  -77.133  24.330 1.0000000000
64635  -19.125  -77.915  23.691 1.0000000000
64636  -19.272  -77.926  24.252 1.0000000000
64637  -18.262  -79.342  24.953 1.0000000000
64638  -18.033  -79.367  24.365 1.0000000000
64639  -17.357  -79.954  24.607 1.0000000000
64640  -16.406  -80.363  24.395 1.0000000000
64641  -16.675  -80.470  24.902 1.0000000000
68963  -6.189  -75.358  21.265 1.0000000000
74357  -13.727  -74.683  19.905 1.0000000000
74359  -12.658  -74.496  20.179 1.0000000000
74361  -11.895  -74.803  20.577 1.0000000000
74369  -18.037  -76.445  20.181 1.0000000000
74370  -16.398  -78.399  21.659 1.0000000000
74371  -17.139  -77.931  21.364 1.0000000000
74372  -16.101  -78.088  21.334 1.0000000000
74373  -14.506  -77.315  20.981 1.0000000000
74374  -15.517  -77.393  20.776 1.0000000000
74375  -15.206  -77.020  20.541 1.0000000000
74376  -15.916  -76.715  20.112 1.0000000000
74377  -14.925  -76.585  20.383 1.0000000000
74378  -14.627  -76.128  20.260 1.0000000000
74379  -13.928  -76.403  20.729 1.0000000000
74380  -11.121  -76.257  21.888 1.0000000000
74381  -11.850  -75.962  21.421 1.0000000000
74382  -10.765  -75.844  21.630 1.0000000000
74383  -10.402  -75.425  21.366 1.0000000000
74384  -9.681  -75.753  21.752 1.0000000000
74385  -8.630  -75.675  21.816 1.0000000000
74386  -8.969  -76.066  22.163 1.0000000000
74387  -7.981  -77.101  23.330 1.0000000000
74388  -7.587  -76.727  22.985 1.0000000000
74389  -6.932  -77.130  23.322 1.0000000000
74392  -9.683  -78.704  24.517 1.0000000000
74393  -9.288  -78.273  24.249 1.0000000000
74394  -8.617  -78.558  24.754 1.0000000000
74395  -5.918  -78.981  25.216 1.0000000000
74396  -6.492  -78.533  24.930 1.0000000000
74398  -5.296  -78.528  24.278 1.0000000000
87513  -18.900  -79.515  28.470 1.0000000000
87515  -19.295  -78.784  28.328 1.0000000000
87516  -19.626  -78.016  28.228 1.0000000000
87517  -19.133  -78.947  27.601 1.0000000000
87518  -18.927  -79.091  26.890 1.0000000000
87519  -18.436  -79.809  27.089 1.0000000000
87520  -16.190  -81.678  26.996 1.0000000000
87521  -16.749  -81.171  26.517 1.0000000000
87522  -15.793  -81.600  26.418 1.0000000000
87523  -15.430  -81.464  25.868 1.0000000000
87524  -14.814  -81.929  26.395 1.0000000000
87543  -11.875  -82.722  28.168 1.0000000000
87544  -12.712  -82.765  27.926 1.0000000000
87545  -12.414  -82.448  27.432 1.0000000000
87546  -12.966  -82.143  26.735 1.0000000000
87547  -12.114  -82.115  26.994 1.0000000000
87548  -11.813  -81.712  26.578 1.0000000000
87549  -11.259  -82.014  27.320 1.0000000000
87550  -8.881  -81.992  28.715 1.0000000000
87551  -9.474  -81.714  28.015 1.0000000000
87553  -8.233  -81.058  27.910 1.0000000000
94360  -15.835  -80.006  23.527 1.0000000000
94361  -15.543  -79.775  23.132 1.0000000000
94362  -14.876  -80.132  23.589 1.0000000000
94363  -13.993  -80.138  23.759 1.0000000000
94364  -13.103  -80.041  24.024 1.0000000000
94365  -12.209  -79.907  24.336 1.0000000000
94366  -12.469  -80.308  24.621 1.0000000000
94367  -11.847  -80.589  25.211 1.0000000000
94368  -11.216  -80.814  25.862 1.0000000000
98684  -19.981  -76.948  25.555 1.0000000000
98685  -19.425  -77.885  24.856 1.0000000000
98686  -19.559  -77.802  25.448 1.0000000000
98687  -19.065  -78.596  25.430 1.0000000000
98688  -18.524  -79.291  25.510 1.0000000000
104520  -14.026  -75.159  20.025 1.0000000000
104524  -19.573  -76.301  21.563 1.0000000000
104525  -18.633  -76.840  21.076 1.0000000000
104526  -14.438  -78.424  21.887 1.0000000000
104527  -15.085  -78.114  21.429 1.0000000000
104528  -14.126  -78.015  21.662 1.0000000000
104529  -13.831  -77.581  21.478 1.0000000000
104530  -13.561  -77.142  21.305 1.0000000000
104531  -13.246  -76.656  21.188 1.0000000000
104532  -12.537  -76.920  21.681 1.0000000000
104533  -11.493  -76.726  22.030 1.0000000000
104534  -10.420  -76.559  22.342 1.0000000000
104535  -9.330  -76.456  22.494 1.0000000000
104536  -9.737  -76.858  22.784 1.0000000000
104537  -9.044  -77.160  23.194 1.0000000000
104538  -8.398  -77.485  23.638 1.0000000000
104539  -8.327  -79.230  25.641 1.0000000000
104540  -7.926  -78.834  25.269 1.0000000000
104541  -7.258  -79.160  25.733 1.0000000000
112415  -17.918  -80.483  27.366 1.0000000000
112416  -17.394  -81.066  27.762 1.0000000000
112417  -16.523  -81.663  27.598 1.0000000000
112431  -11.377  -83.004  28.941 1.0000000000
112432  -11.044  -82.660  28.487 1.0000000000
112433  -10.705  -82.305  28.072 1.0000000000
112434  -10.187  -82.566  28.808 1.0000000000
112435  -9.243  -82.429  29.140 1.0000000000
120334  -18.689  -77.839  22.585 1.0000000000
120335  -18.440  -77.769  22.042 1.0000000000
120336  -17.737  -78.326  22.203 1.0000000000
120337  -16.711  -78.657  21.998 1.0000000000
120338  -15.707  -78.797  22.025 1.0000000000
120339  -15.302  -79.467  22.783 1.0000000000
120340  -15.035  -79.153  22.448 1.0000000000
120341  -14.744  -78.793  22.157 1.0000000000
120342  -13.811  -78.702  22.379 1.0000000000
120343  -12.863  -78.573  22.691 1.0000000000
120344  -11.914  -78.377  23.069 1.0000000000
120345  -10.926  -78.177  23.439 1.0000000000
120346  -11.298  -78.633  23.649 1.0000000000
120347  -10.686  -78.888  24.220 1.0000000000
120348  -10.064  -79.133  24.793 1.0000000000
120349  -11.313  -79.765  24.702 1.0000000000
120350  -10.358  -79.575  25.053 1.0000000000
120351  -9.364  -79.367  25.386 1.0000000000
120352  -8.745  -79.638  25.964 1.0000000000
120353  -8.108  -79.901  26.516 1.0000000000
130253  -20.167  -76.331  23.879 1.0000000000
130254  -19.543  -77.183  23.138 1.0000000000
130255  -18.938  -77.894  23.113 1.0000000000
130256  -18.293  -78.546  23.208 1.0000000000
130257  -17.590  -79.163  23.373 1.0000000000
130258  -18.660  -78.672  24.249 1.0000000000
130259  -17.805  -79.272  23.867 1.0000000000
130260  -16.835  -79.729  23.604 1.0000000000
130261  -16.113  -80.191  23.969 1.0000000000
130262  -15.430  -80.618  24.373 1.0000000000
130263  -14.767  -81.021  24.826 1.0000000000
135736  -7.909  -74.984  20.999 1.0000000000
135737  -7.548  -74.600  20.534 1.0000000000
135738  -6.826  -74.974  20.888 1.0000000000
142406  -10.446  -74.325  20.297 1.0000000000
142407  -9.690  -74.665  20.671 1.0000000000
142416  -17.396  -75.917  19.481 1.0000000000
142417  -18.184  -77.606  21.587 1.0000000000
142418  -17.894  -77.417  21.198 1.0000000000
142419  -17.605  -77.238  20.780 1.0000000000
142420  -15.815  -77.754  21.028 1.0000000000
142421  -16.547  -77.382  20.685 1.0000000000
142422  -17.275  -76.951  20.397 1.0000000000
142423  -16.949  -76.668  20.046 1.0000000000
142424  -16.640  -76.361  19.753 1.0000000000
142425  -16.350  -75.966  19.555 1.0000000000
142426  -15.337  -75.858  19.795 1.0000000000
142427  -14.301  -75.630  20.154 1.0000000000
142428  -13.303  -75.433  20.488 1.0000000000
142429  -12.910  -76.181  21.092 1.0000000000
142430  -12.584  -75.704  20.942 1.0000000000
142431  -12.238  -75.251  20.758 1.0000000000
142432  -11.119  -75.113  20.972 1.0000000000
142433  -10.010  -75.023  21.066 1.0000000000
142434  -8.946  -74.990  21.054 1.0000000000
142435  -8.237  -75.338  21.425 1.0000000000
142436  -7.528  -75.690  21.821 1.0000000000
142438  -8.267  -76.384  22.585 1.0000000000
142439  -7.228  -76.387  22.607 1.0000000000
142444  -9.919  -77.990  23.751 1.0000000000
142445  -8.829  -77.859  23.961 1.0000000000
142446  -7.752  -77.810  24.091 1.0000000000
142447  -7.525  -78.457  24.906 1.0000000000
142448  -7.112  -78.147  24.539 1.0000000000
142449  -6.706  -77.838  24.133 1.0000000000
158271  -19.819  -77.394  27.419 1.0000000000
158272  -19.379  -78.346  26.751 1.0000000000
158273  -18.744  -79.210  26.183 1.0000000000
158274  -17.933  -79.978  25.767 1.0000000000
158275  -17.631  -80.574  26.705 1.0000000000
158276  -17.330  -80.614  26.100 1.0000000000
158277  -16.987  -80.563  25.487 1.0000000000
158278  -16.027  -80.983  25.354 1.0000000000
158279  -15.099  -81.293  25.320 1.0000000000
158280  -14.199  -81.428  25.416 1.0000000000
158301  -14.585  -82.478  27.588 1.0000000000
158302  -13.091  -83.008  28.416 1.0000000000
158304  -14.213  -82.326  27.045 1.0000000000
158305  -13.846  -82.101  26.512 1.0000000000
158306  -13.524  -81.798  26.076 1.0000000000
158307  -13.269  -81.457  25.625 1.0000000000
158308  -12.382  -81.403  25.864 1.0000000000
158309  -11.495  -81.275  26.231 1.0000000000
158310  -10.621  -81.115  26.567 1.0000000000
158311  -10.349  -81.882  27.699 1.0000000000
158312  -10.041  -81.418  27.277 1.0000000000
158313  -9.747  -80.947  26.904 1.0000000000
158314  -8.856  -80.753  27.236 1.0000000000
