#!ascii label  , from subject 40tvs8ref_sym_20 vox2ras=TkReg
419
226  -53.108  -8.212  23.250 1.0000000000
472  -60.256  -8.244  17.932 1.0000000000
1034  -56.683  -8.122  20.789 1.0000000000
2064  -59.563  -9.472  25.515 1.0000000000
2065  -63.448  -7.840  22.745 1.0000000000
2066  -66.412  -8.457  19.183 1.0000000000
2067  -63.919  -7.687  14.729 1.0000000000
4535  -56.100  -9.895  23.914 1.0000000000
4536  -58.514  -8.197  19.402 1.0000000000
4537  -60.069  -9.363  21.571 1.0000000000
4538  -62.005  -9.068  20.183 1.0000000000
4539  -65.235  -7.560  21.023 1.0000000000
4540  -63.953  -8.519  18.594 1.0000000000
4541  -65.578  -8.227  16.832 1.0000000000
4542  -62.021  -8.101  16.399 1.0000000000
6466  -54.949  -8.121  22.037 1.0000000000
6467  -54.697  -5.387  21.618 1.0000000000
6468  -56.225  -5.440  20.117 1.0000000000
6469  -57.770  -5.636  18.596 1.0000000000
6470  -59.331  -5.791  17.121 1.0000000000
8762  -62.732  -7.176  26.952 1.0000000000
8763  -58.093  -9.626  22.798 1.0000000000
8764  -61.569  -8.670  24.272 1.0000000000
8765  -64.556  -6.676  25.359 1.0000000000
8766  -65.836  -7.558  23.562 1.0000000000
8767  -66.336  -9.491  21.805 1.0000000000
8772  -60.900  -5.786  15.543 1.0000000000
12213  -53.474  -9.324  23.935 1.0000000000
12214  -55.057  -10.035  24.408 1.0000000000
12215  -54.477  -9.247  23.423 1.0000000000
12216  -59.398  -8.222  18.673 1.0000000000
12217  -60.198  -8.989  19.600 1.0000000000
12218  -61.155  -8.934  18.904 1.0000000000
12219  -62.960  -8.807  19.430 1.0000000000
12220  -62.057  -8.788  18.155 1.0000000000
12221  -62.985  -8.606  17.395 1.0000000000
12222  -61.141  -8.209  17.192 1.0000000000
14617  -55.830  -3.930  21.240 1.0000000000
14618  -56.537  -3.970  20.429 1.0000000000
14619  -56.998  -5.535  19.356 1.0000000000
14620  -57.268  -4.021  19.620 1.0000000000
14621  -57.949  -4.141  18.834 1.0000000000
19356  -58.559  -9.842  26.042 1.0000000000
19358  -60.154  -8.991  26.814 1.0000000000
19359  -61.684  -7.823  27.589 1.0000000000
19360  -61.163  -8.459  26.258 1.0000000000
19361  -55.821  -8.110  21.430 1.0000000000
19362  -56.398  -9.092  22.268 1.0000000000
19363  -57.372  -9.078  21.657 1.0000000000
19364  -61.824  -8.949  22.252 1.0000000000
19365  -60.826  -9.232  22.936 1.0000000000
19366  -62.502  -8.207  23.558 1.0000000000
19367  -63.082  -7.431  24.841 1.0000000000
19368  -64.028  -7.093  24.002 1.0000000000
19369  -65.270  -6.926  24.463 1.0000000000
19370  -64.908  -7.059  23.086 1.0000000000
19371  -65.919  -7.860  20.108 1.0000000000
19372  -66.159  -7.965  21.384 1.0000000000
19373  -66.498  -8.920  20.456 1.0000000000
19378  -64.794  -8.142  15.702 1.0000000000
19383  -59.352  -4.326  17.277 1.0000000000
19384  -60.117  -5.802  16.359 1.0000000000
19385  -60.105  -4.341  16.460 1.0000000000
26592  -56.826  -10.221  25.194 1.0000000000
26593  -57.847  -10.004  24.688 1.0000000000
26594  -57.607  -8.183  20.130 1.0000000000
26595  -58.338  -9.050  21.035 1.0000000000
26596  -59.272  -9.022  20.347 1.0000000000
26597  -60.998  -9.252  20.895 1.0000000000
26598  -62.792  -8.586  21.499 1.0000000000
26599  -64.379  -7.552  21.896 1.0000000000
26600  -63.712  -8.257  20.693 1.0000000000
26601  -64.659  -8.038  19.825 1.0000000000
26602  -65.429  -8.008  18.896 1.0000000000
26603  -66.097  -8.280  17.993 1.0000000000
26604  -64.805  -8.325  17.701 1.0000000000
26605  -63.913  -8.364  16.560 1.0000000000
26606  -62.956  -7.894  15.579 1.0000000000
30441  -52.971  -6.884  22.953 1.0000000000
30442  -54.036  -8.143  22.632 1.0000000000
30443  -53.814  -6.835  22.230 1.0000000000
30444  -54.662  -6.820  21.570 1.0000000000
30445  -55.451  -6.842  20.918 1.0000000000
30447  -55.440  -5.413  20.872 1.0000000000
30448  -56.289  -6.875  20.246 1.0000000000
30449  -57.144  -6.989  19.546 1.0000000000
30450  -57.985  -7.024  18.807 1.0000000000
30451  -58.847  -7.127  18.047 1.0000000000
30452  -59.653  -7.174  17.344 1.0000000000
30453  -58.516  -5.717  17.862 1.0000000000
30454  -58.652  -4.229  18.048 1.0000000000
32885  -52.174  -8.289  23.870 1.0000000000
36537  -55.463  -9.153  22.871 1.0000000000
36538  -57.138  -9.764  23.365 1.0000000000
36539  -58.905  -9.787  24.114 1.0000000000
36540  -59.112  -9.482  22.218 1.0000000000
36541  -59.891  -9.508  23.544 1.0000000000
36542  -60.608  -9.101  24.923 1.0000000000
36543  -62.121  -7.961  25.570 1.0000000000
36544  -63.667  -6.789  26.200 1.0000000000
36549  -65.635  -7.359  22.238 1.0000000000
36550  -66.209  -8.409  22.663 1.0000000000
36564  -60.494  -7.157  16.586 1.0000000000
36565  -61.323  -7.082  15.777 1.0000000000
36566  -62.197  -6.940  14.904 1.0000000000
36567  -60.806  -4.390  15.632 1.0000000000
42933  -53.276  -8.799  23.538 1.0000000000
42934  -53.974  -9.288  23.672 1.0000000000
42935  -53.756  -8.757  23.259 1.0000000000
42936  -59.823  -8.239  18.304 1.0000000000
42937  -60.250  -8.648  18.728 1.0000000000
42938  -60.699  -8.650  18.362 1.0000000000
42939  -61.623  -8.878  18.521 1.0000000000
42940  -61.117  -8.639  17.991 1.0000000000
42941  -61.563  -8.596  17.627 1.0000000000
42942  -60.698  -8.231  17.567 1.0000000000
45338  -56.848  -3.272  20.684 1.0000000000
45339  -56.893  -4.010  20.015 1.0000000000
45341  -57.523  -3.333  19.871 1.0000000000
50076  -59.058  -9.651  25.761 1.0000000000
50077  -59.345  -9.460  26.420 1.0000000000
50078  -59.862  -9.241  26.158 1.0000000000
50079  -60.671  -8.728  26.538 1.0000000000
50080  -60.382  -9.020  25.897 1.0000000000
50081  -56.247  -8.111  21.120 1.0000000000
50082  -56.546  -8.639  21.513 1.0000000000
50083  -56.977  -8.632  21.193 1.0000000000
50084  -62.653  -8.423  22.514 1.0000000000
50085  -62.171  -8.616  22.911 1.0000000000
50086  -62.978  -8.015  23.153 1.0000000000
50087  -63.281  -7.606  23.792 1.0000000000
50088  -63.749  -7.448  23.362 1.0000000000
50089  -64.506  -7.028  23.531 1.0000000000
50090  -64.188  -7.318  22.923 1.0000000000
50091  -66.184  -8.129  19.647 1.0000000000
50092  -66.302  -8.212  20.297 1.0000000000
50093  -66.492  -8.614  19.825 1.0000000000
50094  -66.582  -9.421  20.029 1.0000000000
50097  -66.610  -8.865  18.763 1.0000000000
50098  -64.362  -7.967  15.189 1.0000000000
50102  -64.355  -7.583  14.280 1.0000000000
50104  -59.728  -4.338  16.872 1.0000000000
50105  -59.870  -3.600  17.039 1.0000000000
59676  -55.588  -9.968  24.164 1.0000000000
59677  -55.945  -10.206  24.774 1.0000000000
59678  -56.448  -10.108  24.516 1.0000000000
59679  -57.324  -10.116  24.928 1.0000000000
59680  -56.959  -10.026  24.271 1.0000000000
59681  -58.048  -8.180  19.769 1.0000000000
59682  -58.382  -8.657  20.194 1.0000000000
59683  -58.860  -8.647  19.830 1.0000000000
59684  -61.077  -9.159  19.900 1.0000000000
59685  -60.601  -9.190  20.240 1.0000000000
59686  -61.490  -9.173  20.539 1.0000000000
59687  -61.907  -9.042  21.207 1.0000000000
59688  -62.428  -8.893  20.858 1.0000000000
59689  -63.262  -8.414  21.105 1.0000000000
59690  -62.884  -8.732  20.465 1.0000000000
59691  -63.446  -8.667  19.023 1.0000000000
59692  -63.846  -8.447  19.643 1.0000000000
59693  -64.352  -8.293  19.173 1.0000000000
59694  -65.089  -7.988  19.363 1.0000000000
59695  -64.779  -8.193  18.717 1.0000000000
59696  -65.180  -8.134  18.297 1.0000000000
59697  -64.393  -8.420  18.134 1.0000000000
59698  -62.506  -8.434  16.841 1.0000000000
59699  -63.441  -8.502  16.987 1.0000000000
59700  -62.966  -8.317  16.459 1.0000000000
59701  -63.421  -8.186  16.033 1.0000000000
59702  -62.486  -8.004  16.002 1.0000000000
66874  -53.394  -6.836  22.581 1.0000000000
66876  -54.290  -5.378  21.998 1.0000000000
66878  -54.616  -6.102  21.529 1.0000000000
66879  -55.070  -6.829  21.230 1.0000000000
66880  -55.013  -6.114  21.180 1.0000000000
66884  -55.951  -4.651  20.624 1.0000000000
66885  -55.595  -4.675  20.996 1.0000000000
66886  -55.826  -5.397  20.503 1.0000000000
66887  -55.802  -6.146  20.489 1.0000000000
66888  -56.207  -6.170  20.122 1.0000000000
66889  -56.698  -6.914  19.895 1.0000000000
66890  -56.608  -6.215  19.763 1.0000000000
66891  -57.385  -5.556  18.986 1.0000000000
66892  -57.412  -6.317  19.032 1.0000000000
66893  -57.818  -6.348  18.646 1.0000000000
66894  -58.443  -7.087  18.431 1.0000000000
66895  -58.234  -6.390  18.270 1.0000000000
66896  -58.625  -6.460  17.917 1.0000000000
66897  -58.139  -5.704  18.224 1.0000000000
66898  -58.175  -3.421  19.065 1.0000000000
66899  -58.297  -4.206  18.436 1.0000000000
72271  -52.318  -8.890  24.127 1.0000000000
72272  -51.719  -8.344  24.172 1.0000000000
81111  -62.200  -7.499  27.285 1.0000000000
81115  -63.477  -6.730  27.311 1.0000000000
81116  -54.503  -8.125  22.334 1.0000000000
81117  -54.717  -8.687  22.709 1.0000000000
81118  -55.173  -8.670  22.427 1.0000000000
81119  -57.237  -9.418  22.486 1.0000000000
81120  -56.763  -9.472  22.794 1.0000000000
81121  -57.616  -9.700  23.091 1.0000000000
81122  -58.053  -9.861  23.729 1.0000000000
81123  -58.539  -9.756  23.458 1.0000000000
81124  -59.203  -9.289  21.271 1.0000000000
81125  -58.718  -9.315  21.595 1.0000000000
81126  -59.592  -9.420  21.898 1.0000000000
81127  -61.216  -8.995  23.628 1.0000000000
81128  -60.362  -9.356  23.236 1.0000000000
81129  -60.751  -9.174  23.922 1.0000000000
81130  -60.272  -9.353  24.242 1.0000000000
81131  -61.092  -8.890  24.602 1.0000000000
81132  -61.368  -8.578  25.267 1.0000000000
81133  -61.860  -8.324  24.943 1.0000000000
81134  -63.833  -6.931  25.101 1.0000000000
81135  -63.369  -7.083  25.513 1.0000000000
81136  -64.121  -6.687  25.818 1.0000000000
81138  -64.769  -6.597  26.073 1.0000000000
81141  -65.575  -7.185  24.008 1.0000000000
81145  -66.001  -8.264  23.782 1.0000000000
81146  -64.818  -7.523  21.466 1.0000000000
81147  -65.078  -7.319  22.062 1.0000000000
81148  -65.448  -7.425  21.621 1.0000000000
81149  -66.367  -8.600  21.579 1.0000000000
81150  -66.215  -8.149  22.014 1.0000000000
81151  -66.313  -8.948  22.250 1.0000000000
81168  -65.865  -8.232  17.437 1.0000000000
81169  -66.369  -8.529  17.543 1.0000000000
81183  -59.445  -6.504  17.200 1.0000000000
81184  -60.070  -7.177  16.982 1.0000000000
81185  -59.855  -6.533  16.823 1.0000000000
81186  -60.509  -5.800  15.964 1.0000000000
81187  -60.666  -6.474  16.034 1.0000000000
81188  -61.056  -6.458  15.635 1.0000000000
81189  -61.757  -6.998  15.343 1.0000000000
81190  -61.462  -6.384  15.185 1.0000000000
81193  -60.821  -3.682  15.744 1.0000000000
95711  -54.269  -9.733  24.129 1.0000000000
95712  -54.794  -9.697  23.887 1.0000000000
95713  -55.281  -9.635  23.646 1.0000000000
95714  -58.956  -8.208  19.039 1.0000000000
95715  -59.329  -8.653  19.462 1.0000000000
95716  -59.782  -8.661  19.096 1.0000000000
95717  -60.673  -8.966  19.271 1.0000000000
95718  -61.561  -9.098  19.552 1.0000000000
95719  -62.481  -8.942  19.822 1.0000000000
95720  -62.058  -8.992  19.172 1.0000000000
95721  -62.509  -8.877  18.788 1.0000000000
95722  -62.991  -8.751  18.394 1.0000000000
95723  -63.480  -8.628  18.003 1.0000000000
95724  -62.519  -8.698  17.786 1.0000000000
95725  -62.035  -8.527  17.221 1.0000000000
95726  -61.560  -8.188  16.781 1.0000000000
100035  -55.835  -3.305  21.956 1.0000000000
100037  -56.183  -3.933  20.835 1.0000000000
100038  -56.332  -4.705  20.229 1.0000000000
100039  -56.618  -5.489  19.734 1.0000000000
100040  -56.702  -4.749  19.829 1.0000000000
100041  -57.075  -4.771  19.447 1.0000000000
100042  -57.451  -4.785  19.075 1.0000000000
100043  -57.800  -4.877  18.686 1.0000000000
100044  -57.615  -4.064  19.233 1.0000000000
100045  -57.850  -3.373  19.470 1.0000000000
108572  -60.936  -8.425  27.196 1.0000000000
108573  -61.448  -8.127  26.896 1.0000000000
108574  -61.938  -7.831  26.578 1.0000000000
108575  -55.388  -8.112  21.733 1.0000000000
108576  -55.630  -8.656  22.126 1.0000000000
108577  -56.079  -8.639  21.819 1.0000000000
108578  -56.889  -9.074  21.956 1.0000000000
108579  -57.726  -9.389  22.194 1.0000000000
108580  -60.954  -9.253  21.919 1.0000000000
108581  -60.459  -9.353  22.226 1.0000000000
108582  -61.326  -9.100  22.605 1.0000000000
108583  -61.687  -8.815  23.293 1.0000000000
108584  -62.033  -8.447  23.921 1.0000000000
108585  -62.332  -8.065  24.587 1.0000000000
108586  -62.799  -7.810  24.199 1.0000000000
108587  -63.553  -7.240  24.430 1.0000000000
108588  -64.295  -6.803  24.647 1.0000000000
108589  -64.927  -6.752  24.915 1.0000000000
108590  -64.741  -6.816  24.226 1.0000000000
108591  -65.109  -6.944  23.771 1.0000000000
108592  -65.441  -7.127  23.317 1.0000000000
108593  -65.598  -7.659  20.549 1.0000000000
108594  -65.785  -7.606  21.177 1.0000000000
108595  -66.064  -7.869  20.746 1.0000000000
108596  -66.362  -8.358  20.938 1.0000000000
108597  -66.439  -9.152  21.158 1.0000000000
108598  -66.357  -10.027  21.364 1.0000000000
108599  -66.494  -9.709  20.700 1.0000000000
108606  -65.198  -8.224  16.258 1.0000000000
108607  -65.894  -8.348  16.386 1.0000000000
108615  -59.281  -5.053  17.155 1.0000000000
108616  -59.728  -5.814  16.746 1.0000000000
108617  -59.676  -5.093  16.746 1.0000000000
108618  -60.083  -5.093  16.337 1.0000000000
108619  -60.467  -5.093  15.951 1.0000000000
123482  -55.424  -10.298  25.009 1.0000000000
123483  -56.309  -10.328  25.442 1.0000000000
123485  -57.687  -10.099  25.615 1.0000000000
123486  -58.207  -9.960  25.343 1.0000000000
123487  -58.726  -9.823  25.080 1.0000000000
123488  -57.155  -8.169  20.469 1.0000000000
123489  -57.460  -8.663  20.871 1.0000000000
123490  -57.948  -8.682  20.546 1.0000000000
123491  -58.802  -9.047  20.703 1.0000000000
123492  -59.677  -9.265  20.938 1.0000000000
123493  -59.731  -8.997  19.984 1.0000000000
123494  -60.147  -9.227  20.584 1.0000000000
123495  -60.535  -9.310  21.254 1.0000000000
123496  -61.433  -9.160  21.571 1.0000000000
123497  -62.312  -8.777  21.862 1.0000000000
123498  -63.136  -8.230  22.119 1.0000000000
123499  -63.915  -7.688  22.323 1.0000000000
123500  -63.605  -8.049  21.721 1.0000000000
123501  -64.060  -7.895  21.294 1.0000000000
123502  -64.546  -7.784  20.881 1.0000000000
123503  -63.358  -8.585  20.069 1.0000000000
123504  -64.165  -8.138  20.275 1.0000000000
123505  -64.972  -7.763  20.431 1.0000000000
123506  -65.357  -7.811  19.957 1.0000000000
123507  -65.706  -7.911  19.490 1.0000000000
123508  -65.992  -8.105  19.019 1.0000000000
123509  -66.273  -8.357  18.569 1.0000000000
123510  -65.782  -8.108  18.444 1.0000000000
123511  -65.549  -8.132  17.898 1.0000000000
123512  -65.208  -8.221  17.301 1.0000000000
123513  -63.907  -8.532  17.556 1.0000000000
123514  -64.359  -8.414  17.133 1.0000000000
123515  -64.801  -8.307  16.706 1.0000000000
123516  -64.357  -8.243  16.128 1.0000000000
123517  -63.896  -8.071  15.609 1.0000000000
123518  -63.451  -7.798  15.164 1.0000000000
133089  -52.998  -7.554  23.035 1.0000000000
133090  -53.557  -8.163  22.936 1.0000000000
133091  -53.425  -7.543  22.706 1.0000000000
133092  -53.883  -7.510  22.381 1.0000000000
133093  -54.331  -7.494  22.062 1.0000000000
133094  -53.832  -6.106  22.217 1.0000000000
133095  -54.244  -6.816  21.901 1.0000000000
133096  -54.769  -7.489  21.744 1.0000000000
133097  -55.202  -7.499  21.428 1.0000000000
133098  -55.601  -7.504  21.115 1.0000000000
133099  -56.020  -7.511  20.792 1.0000000000
133103  -55.481  -3.972  21.645 1.0000000000
133105  -55.069  -5.402  21.246 1.0000000000
133106  -55.396  -6.138  20.847 1.0000000000
133107  -55.875  -6.854  20.586 1.0000000000
133108  -56.477  -7.531  20.460 1.0000000000
133109  -56.904  -7.561  20.120 1.0000000000
133110  -57.337  -7.612  19.787 1.0000000000
133111  -57.786  -7.647  19.435 1.0000000000
133112  -57.036  -6.283  19.394 1.0000000000
133113  -57.559  -7.007  19.176 1.0000000000
133114  -58.224  -7.663  19.054 1.0000000000
133115  -58.666  -7.678  18.689 1.0000000000
133116  -59.090  -7.714  18.319 1.0000000000
133117  -59.503  -7.740  17.940 1.0000000000
133118  -59.918  -7.761  17.583 1.0000000000
133119  -59.245  -7.154  17.691 1.0000000000
133120  -59.039  -6.487  17.561 1.0000000000
133121  -58.923  -5.752  17.494 1.0000000000
133122  -58.178  -4.931  18.296 1.0000000000
133123  -58.551  -4.972  17.919 1.0000000000
133124  -58.917  -4.987  17.549 1.0000000000
133125  -59.009  -4.239  17.665 1.0000000000
133126  -59.188  -3.549  17.865 1.0000000000
139851  -52.990  -9.375  24.207 1.0000000000
139852  -52.781  -8.836  23.841 1.0000000000
139853  -52.647  -8.247  23.557 1.0000000000
139879  -52.132  -7.657  23.694 1.0000000000
139881  -52.574  -6.938  23.295 1.0000000000
150579  -54.239  -8.718  22.986 1.0000000000
150580  -54.996  -9.193  23.153 1.0000000000
150581  -55.779  -9.568  23.363 1.0000000000
150582  -55.927  -9.119  22.578 1.0000000000
150583  -56.264  -9.511  23.073 1.0000000000
150584  -56.615  -9.820  23.640 1.0000000000
150585  -57.517  -9.944  24.011 1.0000000000
150586  -58.370  -9.895  24.426 1.0000000000
150587  -59.232  -9.665  24.832 1.0000000000
150588  -57.849  -9.066  21.352 1.0000000000
150589  -58.223  -9.363  21.916 1.0000000000
150590  -58.618  -9.544  22.501 1.0000000000
150591  -59.975  -9.442  22.558 1.0000000000
150592  -59.493  -9.541  22.865 1.0000000000
150593  -59.023  -9.652  23.165 1.0000000000
150594  -59.405  -9.655  23.839 1.0000000000
150595  -59.760  -9.512  24.549 1.0000000000
150596  -60.086  -9.287  25.234 1.0000000000
150597  -60.892  -8.794  25.591 1.0000000000
150598  -61.644  -8.210  25.925 1.0000000000
150599  -62.404  -7.546  26.234 1.0000000000
150600  -62.596  -7.664  25.234 1.0000000000
150601  -62.895  -7.276  25.883 1.0000000000
150602  -63.201  -6.955  26.577 1.0000000000
150615  -64.666  -7.280  22.499 1.0000000000
150616  -65.283  -7.176  22.656 1.0000000000
150617  -65.767  -7.404  22.882 1.0000000000
150618  -65.921  -7.640  21.815 1.0000000000
150619  -66.013  -7.756  22.449 1.0000000000
150620  -66.044  -7.959  23.112 1.0000000000
150621  -66.121  -8.748  23.328 1.0000000000
150642  -66.538  -8.674  18.112 1.0000000000
150660  -60.364  -7.749  17.221 1.0000000000
150661  -60.793  -7.730  16.838 1.0000000000
150662  -61.191  -7.699  16.444 1.0000000000
150663  -60.264  -6.495  16.431 1.0000000000
150664  -60.912  -7.115  16.178 1.0000000000
150665  -61.627  -7.639  16.022 1.0000000000
150666  -62.096  -7.566  15.607 1.0000000000
150667  -62.570  -7.478  15.200 1.0000000000
150668  -63.014  -7.408  14.780 1.0000000000
150669  -60.209  -3.623  16.624 1.0000000000
150670  -60.483  -4.377  16.031 1.0000000000
150671  -60.831  -5.080  15.532 1.0000000000
150672  -61.102  -4.384  15.194 1.0000000000
150673  -61.183  -5.064  15.093 1.0000000000
150674  -61.282  -5.736  15.090 1.0000000000
