#!ascii label  , from subject 40tvs8ref_sym_20 vox2ras=TkReg
354
28  -48.029  -13.386  -8.515 1.0000000000
332  -57.634  4.927  -10.871 1.0000000000
810  -51.879  -9.994  -5.254 1.0000000000
811  -57.426  0.218  -5.463 1.0000000000
812  -53.190  -2.507  -7.754 1.0000000000
2464  -53.003  4.123  -11.391 1.0000000000
2730  -50.026  -11.651  -6.780 1.0000000000
2731  -52.617  -6.217  -6.338 1.0000000000
2732  -51.013  -8.179  -7.978 1.0000000000
3873  -58.060  3.151  -7.677 1.0000000000
3874  -58.987  1.429  -8.704 1.0000000000
5514  -51.578  -1.661  -11.380 1.0000000000
6068  -54.339  -4.490  -4.883 1.0000000000
6069  -55.077  -0.824  -6.503 1.0000000000
6070  -55.722  2.675  -8.173 1.0000000000
8497  -48.832  -10.404  -9.986 1.0000000000
9946  -51.466  -4.949  -9.625 1.0000000000
9947  -53.290  0.857  -9.585 1.0000000000
9948  -55.571  5.876  -10.143 1.0000000000
9949  -52.430  7.167  -13.420 1.0000000000
9950  -54.862  8.509  -12.657 1.0000000000
10410  -49.037  -12.536  -7.632 1.0000000000
10411  -50.531  -9.942  -7.355 1.0000000000
10412  -49.605  -10.836  -8.192 1.0000000000
11553  -57.967  4.186  -9.202 1.0000000000
11554  -58.347  3.218  -9.861 1.0000000000
13950  -52.842  -9.037  -4.459 1.0000000000
13951  -53.999  -6.288  -4.218 1.0000000000
13952  -53.152  -7.166  -4.997 1.0000000000
13953  -52.943  -4.307  -7.005 1.0000000000
13954  -53.766  -3.438  -6.301 1.0000000000
13955  -54.096  -1.625  -7.105 1.0000000000
13956  -55.457  0.977  -7.357 1.0000000000
13957  -54.377  0.217  -7.895 1.0000000000
17378  -56.904  -1.501  -4.488 1.0000000000
17380  -58.617  0.357  -5.067 1.0000000000
22298  -49.158  -8.961  -10.770 1.0000000000
22299  -50.270  -7.776  -9.813 1.0000000000
22300  -50.538  -6.174  -10.629 1.0000000000
22301  -52.243  1.279  -11.319 1.0000000000
22302  -52.373  -0.346  -10.417 1.0000000000
22303  -53.176  2.472  -10.481 1.0000000000
22304  -54.329  3.568  -9.725 1.0000000000
22305  -54.189  5.181  -10.600 1.0000000000
23346  -50.963  -10.854  -5.980 1.0000000000
23347  -52.279  -8.109  -5.790 1.0000000000
23348  -51.397  -9.067  -6.573 1.0000000000
23349  -51.798  -7.219  -7.154 1.0000000000
23350  -52.160  -5.329  -7.784 1.0000000000
25403  -57.779  1.774  -6.458 1.0000000000
25404  -58.874  1.643  -6.425 1.0000000000
25405  -58.801  2.598  -8.112 1.0000000000
28356  -50.702  -4.613  -11.484 1.0000000000
28358  -51.466  -0.049  -12.246 1.0000000000
28359  -52.092  2.871  -12.213 1.0000000000
29517  -55.303  -3.768  -4.246 1.0000000000
29518  -55.745  -1.964  -5.056 1.0000000000
29519  -53.458  -5.305  -5.572 1.0000000000
29520  -54.698  -2.596  -5.665 1.0000000000
29521  -56.216  -0.236  -5.952 1.0000000000
29522  -56.611  1.474  -6.843 1.0000000000
29523  -56.916  3.085  -7.782 1.0000000000
29524  -57.034  4.535  -8.943 1.0000000000
34112  -59.444  0.862  -6.907 1.0000000000
35761  -48.440  -11.925  -9.251 1.0000000000
35762  -47.448  -12.677  -10.142 1.0000000000
35763  -47.839  -11.276  -10.849 1.0000000000
38119  -51.643  -11.619  -4.505 1.0000000000
38122  -50.662  -12.410  -5.274 1.0000000000
38123  -49.656  -13.222  -6.071 1.0000000000
38124  -48.632  -14.009  -6.949 1.0000000000
38125  -47.607  -14.797  -7.844 1.0000000000
40072  -49.964  -9.314  -8.969 1.0000000000
40073  -51.280  -6.574  -8.791 1.0000000000
40074  -52.322  -3.631  -8.652 1.0000000000
40075  -51.588  -3.306  -10.500 1.0000000000
40076  -52.370  -1.950  -9.518 1.0000000000
40077  -53.283  -0.846  -8.674 1.0000000000
40078  -54.482  1.884  -8.845 1.0000000000
40079  -55.678  4.309  -9.138 1.0000000000
40080  -56.875  5.851  -10.172 1.0000000000
40083  -52.759  5.718  -12.343 1.0000000000
40085  -53.514  8.188  -12.792 1.0000000000
40086  -53.897  6.721  -11.690 1.0000000000
40087  -55.259  7.231  -11.308 1.0000000000
40088  -56.504  6.914  -11.676 1.0000000000
41130  -48.528  -12.980  -8.078 1.0000000000
41131  -49.343  -11.673  -7.888 1.0000000000
41132  -48.826  -12.144  -8.334 1.0000000000
42273  -57.856  4.612  -10.043 1.0000000000
42275  -57.687  4.310  -11.167 1.0000000000
42277  -57.332  4.509  -11.893 1.0000000000
44670  -52.364  -9.555  -4.859 1.0000000000
44671  -53.001  -8.100  -4.729 1.0000000000
44672  -52.551  -8.587  -5.127 1.0000000000
44673  -53.051  -3.407  -7.370 1.0000000000
44674  -53.477  -2.907  -7.024 1.0000000000
44675  -53.628  -2.013  -7.422 1.0000000000
44676  -54.256  -0.702  -7.511 1.0000000000
44677  -53.779  -1.128  -7.817 1.0000000000
48098  -57.169  -0.639  -4.974 1.0000000000
48099  -57.797  -0.478  -4.717 1.0000000000
48100  -58.044  0.324  -5.237 1.0000000000
53019  -49.875  -7.578  -10.713 1.0000000000
53020  -50.003  -6.815  -11.121 1.0000000000
53021  -52.618  2.749  -11.351 1.0000000000
53022  -52.709  1.900  -10.891 1.0000000000
53023  -53.105  3.300  -10.943 1.0000000000
53024  -53.664  3.887  -10.559 1.0000000000
53025  -53.549  4.735  -11.026 1.0000000000
54270  -50.523  -11.248  -6.364 1.0000000000
54271  -51.197  -9.950  -6.280 1.0000000000
54272  -50.747  -10.383  -6.673 1.0000000000
54273  -50.765  -9.090  -7.660 1.0000000000
54274  -51.175  -8.629  -7.253 1.0000000000
54275  -51.411  -7.690  -7.564 1.0000000000
54276  -51.990  -6.260  -7.464 1.0000000000
54277  -51.624  -6.757  -7.878 1.0000000000
57698  -57.917  2.473  -7.005 1.0000000000
57699  -58.457  2.446  -7.080 1.0000000000
57700  -58.501  2.975  -7.843 1.0000000000
62623  -51.394  0.721  -12.685 1.0000000000
62624  -51.770  1.417  -12.208 1.0000000000
62625  -51.689  2.171  -12.668 1.0000000000
64893  -54.160  -5.402  -4.523 1.0000000000
64894  -54.624  -4.991  -4.203 1.0000000000
64895  -54.804  -4.112  -4.569 1.0000000000
64896  -55.500  -2.856  -4.652 1.0000000000
64897  -54.988  -3.224  -4.949 1.0000000000
64898  -52.466  -7.133  -6.058 1.0000000000
64899  -52.875  -6.682  -5.663 1.0000000000
64900  -53.014  -5.668  -5.965 1.0000000000
64901  -54.378  -2.105  -6.384 1.0000000000
64902  -54.175  -3.078  -5.957 1.0000000000
64903  -54.878  -1.725  -6.074 1.0000000000
64904  -55.426  -1.392  -5.787 1.0000000000
64905  -55.629  -0.501  -6.216 1.0000000000
64906  -56.407  0.610  -6.391 1.0000000000
64907  -55.834  0.405  -6.660 1.0000000000
64908  -55.609  1.839  -7.764 1.0000000000
64909  -56.195  2.111  -7.529 1.0000000000
64910  -56.315  2.949  -7.958 1.0000000000
64911  -56.983  3.843  -8.346 1.0000000000
64912  -56.388  3.733  -8.454 1.0000000000
75181  -59.155  1.726  -7.474 1.0000000000
75182  -59.250  1.331  -6.617 1.0000000000
75183  -59.285  1.195  -7.790 1.0000000000
79201  -47.252  -13.370  -9.780 1.0000000000
79202  -46.710  -13.701  -10.247 1.0000000000
79205  -47.288  -11.709  -11.288 1.0000000000
79206  -47.988  -10.581  -11.230 1.0000000000
85055  -52.133  -11.169  -4.118 1.0000000000
85056  -51.491  -12.389  -4.164 1.0000000000
85063  -50.539  -13.170  -4.892 1.0000000000
85064  -50.017  -13.586  -5.305 1.0000000000
85065  -50.148  -12.835  -5.673 1.0000000000
85066  -49.503  -13.965  -5.727 1.0000000000
85068  -48.459  -14.729  -6.577 1.0000000000
85069  -47.923  -15.070  -7.031 1.0000000000
85070  -48.112  -14.415  -7.396 1.0000000000
85071  -47.406  -15.453  -7.496 1.0000000000
89933  -48.638  -11.171  -9.619 1.0000000000
89934  -49.201  -10.666  -9.107 1.0000000000
89935  -49.408  -9.873  -9.491 1.0000000000
89936  -50.914  -6.378  -9.721 1.0000000000
89937  -50.778  -7.169  -9.309 1.0000000000
89938  -51.405  -5.746  -9.211 1.0000000000
89939  -51.837  -5.124  -8.708 1.0000000000
89940  -51.882  -4.279  -9.132 1.0000000000
89941  -51.177  -3.166  -11.432 1.0000000000
89942  -51.170  -3.974  -10.993 1.0000000000
89943  -51.596  -2.477  -10.941 1.0000000000
89944  -52.789  0.235  -9.974 1.0000000000
89945  -52.376  -1.157  -9.974 1.0000000000
89946  -52.818  -0.548  -9.536 1.0000000000
89947  -52.827  -1.348  -9.088 1.0000000000
89948  -53.315  0.027  -9.138 1.0000000000
89949  -53.863  0.564  -8.756 1.0000000000
89950  -53.846  1.417  -9.195 1.0000000000
89951  -54.939  4.775  -9.888 1.0000000000
89952  -55.023  3.973  -9.416 1.0000000000
89953  -55.625  5.086  -9.634 1.0000000000
89954  -56.334  5.238  -9.522 1.0000000000
89955  -56.234  5.992  -10.083 1.0000000000
89959  -51.982  6.542  -13.864 1.0000000000
89962  -52.279  5.112  -12.775 1.0000000000
89963  -52.608  6.524  -12.844 1.0000000000
89967  -54.569  8.915  -13.480 1.0000000000
89968  -53.932  8.970  -13.371 1.0000000000
89969  -54.177  8.409  -12.645 1.0000000000
89970  -53.724  7.500  -12.247 1.0000000000
89971  -54.400  7.792  -12.017 1.0000000000
89972  -54.564  7.091  -11.402 1.0000000000
89973  -55.098  7.949  -11.962 1.0000000000
89977  -56.872  6.380  -11.986 1.0000000000
92466  -49.531  -12.093  -7.196 1.0000000000
92467  -50.289  -10.795  -7.069 1.0000000000
92468  -49.821  -11.243  -7.461 1.0000000000
92469  -50.083  -10.380  -7.764 1.0000000000
92470  -50.330  -9.520  -8.091 1.0000000000
94523  -58.025  3.676  -8.412 1.0000000000
94524  -58.381  3.375  -8.661 1.0000000000
94525  -58.232  3.788  -9.468 1.0000000000
94526  -58.026  3.455  -10.686 1.0000000000
98838  -53.243  -8.570  -4.030 1.0000000000
98839  -53.819  -7.212  -3.911 1.0000000000
98840  -53.420  -7.639  -4.317 1.0000000000
98841  -53.586  -6.712  -4.598 1.0000000000
98842  -53.730  -5.808  -4.869 1.0000000000
98843  -52.787  -5.275  -6.656 1.0000000000
98844  -53.181  -4.755  -6.296 1.0000000000
98845  -53.356  -3.844  -6.646 1.0000000000
98846  -53.930  -2.536  -6.701 1.0000000000
98847  -54.577  -1.204  -6.807 1.0000000000
98848  -55.262  0.059  -6.934 1.0000000000
98849  -54.756  -0.329  -7.218 1.0000000000
98850  -54.905  0.616  -7.623 1.0000000000
98851  -55.052  1.508  -8.028 1.0000000000
105010  -57.560  -1.273  -4.247 1.0000000000
105012  -59.180  0.314  -5.037 1.0000000000
105013  -58.503  0.965  -9.793 1.0000000000
105014  -58.921  0.783  -8.948 1.0000000000
113864  -48.996  -9.688  -10.381 1.0000000000
113865  -49.572  -9.102  -9.896 1.0000000000
113866  -49.729  -8.348  -10.309 1.0000000000
113867  -50.420  -6.971  -10.217 1.0000000000
113868  -51.014  -5.569  -10.141 1.0000000000
113869  -51.917  -0.189  -11.319 1.0000000000
113870  -51.961  -1.012  -10.865 1.0000000000
113871  -52.327  0.458  -10.862 1.0000000000
113872  -52.774  1.069  -10.431 1.0000000000
113873  -53.242  1.652  -10.022 1.0000000000
113874  -53.802  2.270  -9.656 1.0000000000
113875  -53.746  3.088  -10.114 1.0000000000
113876  -54.273  4.380  -10.192 1.0000000000
113877  -54.843  5.630  -10.350 1.0000000000
113882  -52.236  7.842  -14.022 1.0000000000
113887  -55.093  8.622  -13.750 1.0000000000
113888  -55.453  8.281  -12.912 1.0000000000
115914  -51.410  -10.421  -5.623 1.0000000000
115915  -52.083  -9.044  -5.526 1.0000000000
115916  -51.643  -9.489  -5.896 1.0000000000
115917  -51.850  -8.550  -6.173 1.0000000000
115918  -52.030  -7.633  -6.461 1.0000000000
115919  -50.961  -9.511  -6.964 1.0000000000
115920  -51.584  -8.176  -6.866 1.0000000000
115921  -52.197  -6.746  -6.745 1.0000000000
115922  -52.375  -5.785  -7.053 1.0000000000
115923  -52.546  -4.808  -7.383 1.0000000000
115924  -52.673  -3.874  -7.750 1.0000000000
120713  -57.634  1.043  -5.930 1.0000000000
120714  -58.243  1.128  -5.770 1.0000000000
120715  -58.371  1.813  -6.390 1.0000000000
120716  -58.874  2.140  -7.217 1.0000000000
120717  -58.952  2.044  -8.383 1.0000000000
120718  -58.605  2.934  -9.009 1.0000000000
120720  -58.617  1.638  -9.586 1.0000000000
127603  -50.188  -5.278  -11.943 1.0000000000
127604  -50.716  -3.823  -11.923 1.0000000000
127605  -51.160  -2.381  -11.869 1.0000000000
127608  -51.538  -0.829  -11.825 1.0000000000
127609  -51.834  0.586  -11.772 1.0000000000
127610  -52.157  2.039  -11.768 1.0000000000
127611  -52.536  3.556  -11.812 1.0000000000
130583  -54.416  -5.885  -3.855 1.0000000000
130585  -55.816  -3.523  -3.903 1.0000000000
130586  -56.058  -2.655  -4.323 1.0000000000
130587  -56.302  -1.723  -4.762 1.0000000000
130588  -56.563  -0.829  -5.231 1.0000000000
130589  -52.712  -7.640  -5.395 1.0000000000
130590  -53.275  -6.231  -5.268 1.0000000000
130591  -53.907  -4.858  -5.215 1.0000000000
130592  -53.603  -4.368  -5.920 1.0000000000
130593  -54.061  -3.956  -5.576 1.0000000000
130594  -54.530  -3.536  -5.258 1.0000000000
130595  -55.200  -2.282  -5.340 1.0000000000
130596  -55.988  -1.096  -5.500 1.0000000000
130597  -56.798  0.035  -5.683 1.0000000000
130598  -57.016  0.842  -6.148 1.0000000000
130599  -57.180  1.632  -6.616 1.0000000000
130600  -57.362  2.431  -7.141 1.0000000000
130601  -56.027  1.247  -7.092 1.0000000000
130602  -56.780  2.286  -7.313 1.0000000000
130603  -57.513  3.190  -7.691 1.0000000000
130604  -57.548  3.838  -8.327 1.0000000000
130605  -57.560  4.428  -9.033 1.0000000000
130606  -57.560  4.970  -9.742 1.0000000000
143408  -58.788  1.055  -5.716 1.0000000000
143409  -59.243  0.842  -5.797 1.0000000000
143410  -59.578  0.515  -6.022 1.0000000000
148273  -48.245  -12.647  -8.880 1.0000000000
148274  -47.766  -13.017  -9.326 1.0000000000
148275  -47.970  -12.293  -9.678 1.0000000000
148276  -48.145  -11.596  -10.055 1.0000000000
148278  -47.637  -12.006  -10.494 1.0000000000
148279  -48.331  -10.870  -10.420 1.0000000000
148280  -48.512  -10.125  -10.796 1.0000000000
148281  -48.666  -9.402  -11.188 1.0000000000
155315  -52.722  -9.880  -4.073 1.0000000000
155316  -52.275  -10.358  -4.472 1.0000000000
155317  -51.766  -10.826  -4.874 1.0000000000
155325  -51.155  -12.022  -4.885 1.0000000000
155326  -51.284  -11.205  -5.265 1.0000000000
155327  -50.795  -11.637  -5.640 1.0000000000
155328  -50.321  -12.052  -6.019 1.0000000000
155329  -49.835  -12.451  -6.431 1.0000000000
155330  -48.995  -14.325  -6.149 1.0000000000
155331  -49.150  -13.616  -6.508 1.0000000000
155332  -49.334  -12.852  -6.864 1.0000000000
155333  -48.819  -13.295  -7.292 1.0000000000
155334  -48.322  -13.711  -7.738 1.0000000000
155335  -47.825  -14.076  -8.179 1.0000000000
155578  -47.246  -14.467  -8.720 1.0000000000
161170  -49.009  -11.409  -8.718 1.0000000000
161171  -49.770  -10.098  -8.589 1.0000000000
161172  -50.480  -8.746  -8.502 1.0000000000
161173  -50.122  -8.543  -9.393 1.0000000000
161174  -50.639  -7.955  -8.887 1.0000000000
161175  -51.141  -7.378  -8.393 1.0000000000
161176  -51.748  -5.937  -8.291 1.0000000000
161177  -52.266  -4.499  -8.210 1.0000000000
161178  -52.736  -3.043  -8.186 1.0000000000
161179  -50.642  -5.389  -11.052 1.0000000000
161180  -51.109  -4.761  -10.558 1.0000000000
161181  -51.540  -4.106  -10.063 1.0000000000
161182  -51.977  -1.822  -10.432 1.0000000000
161183  -51.950  -2.663  -9.990 1.0000000000
161184  -51.922  -3.469  -9.554 1.0000000000
161185  -52.351  -2.773  -9.086 1.0000000000
161186  -52.793  -2.184  -8.639 1.0000000000
161187  -53.256  -1.664  -8.207 1.0000000000
161188  -53.808  -0.244  -8.297 1.0000000000
161189  -54.444  1.069  -8.386 1.0000000000
161190  -55.083  2.359  -8.504 1.0000000000
161191  -54.435  2.760  -9.282 1.0000000000
161192  -55.067  3.178  -8.957 1.0000000000
161193  -55.698  3.486  -8.680 1.0000000000
161194  -56.374  4.478  -8.998 1.0000000000
161195  -56.983  5.236  -9.535 1.0000000000
161196  -57.378  5.502  -10.469 1.0000000000
161204  -52.401  4.321  -12.277 1.0000000000
161205  -52.899  4.931  -11.869 1.0000000000
161208  -52.722  8.353  -13.727 1.0000000000
161211  -52.935  7.739  -13.061 1.0000000000
161212  -53.139  7.062  -12.485 1.0000000000
161213  -53.290  6.286  -12.013 1.0000000000
161214  -53.437  5.490  -11.504 1.0000000000
161215  -54.052  5.964  -11.146 1.0000000000
161216  -54.713  6.313  -10.855 1.0000000000
161217  -55.411  6.536  -10.699 1.0000000000
161219  -55.919  7.187  -11.386 1.0000000000
161220  -56.114  6.608  -10.748 1.0000000000
161221  -56.714  6.403  -10.924 1.0000000000
161222  -57.162  5.954  -11.191 1.0000000000
