#!ascii label  , from subject 40tvs8ref_sym_20 vox2ras=TkReg
326
471  -65.055  -7.303  28.124 1.0000000000
1031  -63.339  -11.316  31.398 1.0000000000
2062  -63.052  -13.493  27.448 1.0000000000
2063  -65.409  -10.878  24.095 1.0000000000
2951  -62.535  -8.169  34.100 1.0000000000
4528  -64.519  -9.307  30.216 1.0000000000
4529  -63.216  -12.394  29.249 1.0000000000
4530  -64.383  -10.776  27.894 1.0000000000
4531  -64.197  -12.138  25.953 1.0000000000
4532  -65.512  -9.048  26.078 1.0000000000
6461  -61.711  -13.079  32.005 1.0000000000
6462  -63.319  -10.471  33.721 1.0000000000
6463  -64.018  -8.214  32.381 1.0000000000
6464  -63.672  -6.790  29.957 1.0000000000
8754  -61.841  -14.065  30.098 1.0000000000
8755  -61.849  -15.058  28.430 1.0000000000
8757  -62.812  -14.767  25.807 1.0000000000
8758  -64.009  -13.452  24.267 1.0000000000
8759  -65.195  -12.584  22.335 1.0000000000
12208  -64.915  -8.202  29.329 1.0000000000
12209  -64.484  -10.019  29.014 1.0000000000
12210  -65.028  -9.044  28.147 1.0000000000
12211  -64.968  -9.939  27.043 1.0000000000
12212  -65.400  -8.086  27.124 1.0000000000
14606  -62.590  -11.532  34.036 1.0000000000
14607  -63.150  -10.081  34.950 1.0000000000
14608  -62.161  -7.873  32.659 1.0000000000
14609  -63.394  -8.032  33.373 1.0000000000
14610  -63.107  -7.376  32.100 1.0000000000
14611  -63.925  -7.339  31.283 1.0000000000
14612  -62.703  -7.127  30.611 1.0000000000
19338  -62.585  -12.238  31.762 1.0000000000
19339  -61.769  -13.548  31.012 1.0000000000
19340  -62.595  -12.724  30.676 1.0000000000
19341  -63.187  -12.937  28.291 1.0000000000
19342  -62.622  -13.733  28.857 1.0000000000
19343  -62.512  -14.231  28.019 1.0000000000
19345  -62.406  -14.845  27.175 1.0000000000
19346  -62.304  -15.522  26.419 1.0000000000
19347  -62.957  -14.119  26.605 1.0000000000
19348  -64.777  -11.523  25.059 1.0000000000
19349  -64.111  -12.773  25.048 1.0000000000
19350  -64.699  -12.240  24.140 1.0000000000
19351  -64.587  -12.966  23.347 1.0000000000
19352  -65.297  -11.709  23.179 1.0000000000
23741  -62.786  -8.848  35.290 1.0000000000
26580  -63.928  -10.373  30.847 1.0000000000
26581  -63.271  -11.885  30.288 1.0000000000
26582  -63.890  -10.932  29.737 1.0000000000
26583  -63.768  -11.600  28.648 1.0000000000
26584  -63.695  -12.196  27.632 1.0000000000
26585  -63.612  -12.781  26.746 1.0000000000
26586  -64.265  -11.467  26.874 1.0000000000
26587  -64.887  -10.722  26.013 1.0000000000
26588  -65.451  -9.977  25.067 1.0000000000
30431  -60.735  -13.922  32.179 1.0000000000
30432  -61.627  -12.732  33.076 1.0000000000
30433  -62.568  -11.849  32.863 1.0000000000
30434  -63.334  -10.879  32.553 1.0000000000
30435  -63.422  -8.978  34.328 1.0000000000
30436  -63.828  -9.312  33.245 1.0000000000
30437  -63.969  -9.803  32.061 1.0000000000
30438  -64.388  -8.719  31.318 1.0000000000
30439  -64.569  -7.559  30.369 1.0000000000
30440  -64.445  -6.787  29.104 1.0000000000
36510  -60.891  -14.372  31.237 1.0000000000
36513  -62.601  -13.231  29.744 1.0000000000
36514  -61.887  -14.525  29.244 1.0000000000
36522  -63.546  -13.387  25.886 1.0000000000
36523  -63.433  -14.053  25.097 1.0000000000
36525  -63.813  -14.163  23.529 1.0000000000
36526  -64.399  -13.687  22.623 1.0000000000
36534  -62.207  -7.329  29.073 1.0000000000
36535  -63.225  -6.752  28.457 1.0000000000
36536  -64.169  -6.549  27.668 1.0000000000
36545  -64.969  -6.701  26.751 1.0000000000
36546  -65.491  -7.292  25.817 1.0000000000
36547  -65.813  -8.189  24.875 1.0000000000
36548  -65.955  -9.192  23.922 1.0000000000
36551  -65.959  -10.197  22.998 1.0000000000
36552  -65.905  -11.168  22.127 1.0000000000
42928  -65.020  -7.707  28.752 1.0000000000
42929  -65.004  -8.613  28.729 1.0000000000
42930  -65.179  -8.098  28.200 1.0000000000
42931  -65.241  -8.565  27.661 1.0000000000
42932  -65.273  -7.663  27.620 1.0000000000
45327  -63.012  -9.947  35.532 1.0000000000
45328  -61.947  -7.816  31.881 1.0000000000
45329  -62.647  -7.603  32.409 1.0000000000
45331  -62.952  -7.156  31.322 1.0000000000
50058  -62.960  -11.808  31.570 1.0000000000
50059  -62.591  -12.476  31.206 1.0000000000
50060  -62.966  -12.049  31.014 1.0000000000
50061  -63.120  -13.207  27.881 1.0000000000
50062  -62.867  -13.580  28.183 1.0000000000
50063  -62.801  -13.856  27.770 1.0000000000
50064  -62.453  -14.535  27.599 1.0000000000
50065  -62.728  -14.157  27.306 1.0000000000
50066  -62.669  -14.484  26.895 1.0000000000
50067  -63.006  -13.807  27.003 1.0000000000
50068  -65.094  -11.177  24.579 1.0000000000
50069  -64.743  -11.874  24.598 1.0000000000
50070  -65.040  -11.578  24.118 1.0000000000
50071  -64.995  -11.972  23.661 1.0000000000
50072  -65.356  -11.302  23.627 1.0000000000
59658  -64.250  -9.840  30.556 1.0000000000
59659  -63.916  -10.642  30.290 1.0000000000
59660  -64.234  -10.144  29.992 1.0000000000
59661  -64.425  -10.388  28.425 1.0000000000
59662  -64.117  -10.848  28.820 1.0000000000
59663  -64.078  -11.179  28.280 1.0000000000
59664  -63.724  -11.900  28.138 1.0000000000
59665  -64.029  -11.505  27.766 1.0000000000
59666  -63.977  -11.810  27.286 1.0000000000
59667  -64.326  -11.117  27.379 1.0000000000
59668  -65.282  -9.462  26.620 1.0000000000
59669  -64.930  -10.321  26.528 1.0000000000
59670  -65.228  -9.912  26.059 1.0000000000
59671  -65.166  -10.351  25.544 1.0000000000
59672  -65.484  -9.510  25.569 1.0000000000
66851  -61.118  -13.163  33.147 1.0000000000
66853  -62.988  -10.998  33.898 1.0000000000
66854  -62.576  -11.681  33.441 1.0000000000
66855  -62.984  -11.187  33.295 1.0000000000
66856  -62.976  -11.379  32.723 1.0000000000
66857  -63.333  -10.680  33.134 1.0000000000
66858  -62.687  -8.455  34.724 1.0000000000
66859  -63.145  -8.852  34.847 1.0000000000
66860  -63.105  -8.426  34.352 1.0000000000
66861  -63.724  -8.095  32.894 1.0000000000
66862  -63.710  -8.574  33.403 1.0000000000
66863  -63.961  -8.721  32.878 1.0000000000
66864  -63.934  -9.524  32.673 1.0000000000
66865  -64.118  -8.987  32.310 1.0000000000
66866  -64.200  -9.287  31.710 1.0000000000
66867  -64.251  -8.465  31.856 1.0000000000
66868  -63.814  -7.005  30.647 1.0000000000
66869  -64.279  -7.401  30.851 1.0000000000
66870  -64.200  -7.017  30.225 1.0000000000
66871  -64.537  -7.140  29.769 1.0000000000
66872  -64.088  -6.755  29.557 1.0000000000
81048  -61.214  -13.511  32.094 1.0000000000
81049  -60.787  -14.135  31.696 1.0000000000
81050  -61.275  -13.713  31.607 1.0000000000
81051  -61.809  -13.808  30.546 1.0000000000
81052  -61.373  -14.203  30.685 1.0000000000
81056  -63.246  -12.125  29.745 1.0000000000
81057  -62.944  -12.582  30.010 1.0000000000
81058  -62.923  -12.829  29.510 1.0000000000
81059  -62.240  -14.390  28.668 1.0000000000
81060  -62.262  -14.143  29.096 1.0000000000
81061  -61.889  -14.788  28.835 1.0000000000
81065  -61.555  -15.795  28.219 1.0000000000
81073  -62.553  -15.140  26.159 1.0000000000
81075  -62.473  -15.487  25.763 1.0000000000
81078  -63.894  -12.466  26.353 1.0000000000
81079  -63.552  -13.077  26.293 1.0000000000
81080  -63.870  -12.760  25.920 1.0000000000
81081  -64.060  -13.112  24.660 1.0000000000
81082  -63.768  -13.397  25.085 1.0000000000
81083  -63.715  -13.737  24.695 1.0000000000
81086  -63.523  -14.451  23.924 1.0000000000
81087  -63.934  -13.793  23.883 1.0000000000
81088  -64.896  -12.755  22.840 1.0000000000
81089  -64.503  -13.329  22.985 1.0000000000
81090  -64.808  -13.135  22.480 1.0000000000
81109  -61.686  -7.694  29.339 1.0000000000
81112  -62.443  -7.209  27.997 1.0000000000
81113  -62.970  -6.920  27.671 1.0000000000
81114  -63.698  -6.622  28.072 1.0000000000
81137  -64.399  -6.520  26.532 1.0000000000
81139  -65.246  -6.962  26.284 1.0000000000
81140  -65.106  -6.803  25.608 1.0000000000
81142  -65.660  -7.401  24.694 1.0000000000
81143  -65.846  -7.824  24.236 1.0000000000
81144  -65.916  -8.679  24.397 1.0000000000
81152  -66.160  -9.308  22.864 1.0000000000
81153  -66.174  -9.844  22.418 1.0000000000
81154  -65.938  -10.697  22.540 1.0000000000
81155  -66.168  -10.374  21.977 1.0000000000
95700  -64.741  -8.750  29.820 1.0000000000
95701  -64.515  -9.658  29.615 1.0000000000
95702  -64.764  -9.150  29.197 1.0000000000
95703  -64.748  -9.545  28.592 1.0000000000
95704  -64.718  -9.954  28.014 1.0000000000
95705  -64.673  -10.368  27.485 1.0000000000
95706  -65.012  -9.497  27.586 1.0000000000
95707  -65.282  -9.018  27.154 1.0000000000
95708  -65.478  -8.548  26.597 1.0000000000
100017  -62.581  -11.380  34.656 1.0000000000
100018  -62.967  -10.825  34.513 1.0000000000
100019  -63.274  -10.242  34.377 1.0000000000
100020  -62.363  -7.989  33.407 1.0000000000
100021  -62.996  -8.036  33.794 1.0000000000
100022  -62.858  -7.774  33.129 1.0000000000
100023  -63.285  -7.667  32.771 1.0000000000
100024  -63.654  -7.678  32.312 1.0000000000
100025  -63.996  -7.755  31.849 1.0000000000
100026  -63.531  -7.328  31.697 1.0000000000
100027  -63.407  -7.049  31.014 1.0000000000
100028  -63.211  -6.888  30.321 1.0000000000
108534  -62.169  -12.645  31.883 1.0000000000
108535  -61.738  -13.285  31.479 1.0000000000
108536  -62.182  -12.873  31.363 1.0000000000
108537  -62.198  -13.103  30.865 1.0000000000
108538  -62.211  -13.379  30.397 1.0000000000
108539  -63.196  -12.682  28.759 1.0000000000
108540  -62.902  -13.075  29.035 1.0000000000
108541  -62.917  -13.327  28.588 1.0000000000
108542  -62.595  -13.969  28.433 1.0000000000
108543  -62.173  -14.629  28.233 1.0000000000
108546  -62.136  -15.243  27.440 1.0000000000
108549  -62.351  -15.184  26.781 1.0000000000
108550  -62.608  -14.817  26.518 1.0000000000
108551  -62.900  -14.435  26.205 1.0000000000
108552  -64.481  -11.818  25.519 1.0000000000
108553  -64.149  -12.456  25.498 1.0000000000
108554  -64.443  -12.161  25.053 1.0000000000
108555  -64.407  -12.506  24.607 1.0000000000
108556  -64.347  -12.869  24.188 1.0000000000
108557  -64.290  -13.185  23.806 1.0000000000
108558  -64.657  -12.605  23.700 1.0000000000
108559  -64.946  -12.353  23.231 1.0000000000
108560  -65.246  -12.143  22.755 1.0000000000
116833  -62.250  -8.578  35.056 1.0000000000
116834  -62.076  -8.348  34.387 1.0000000000
116837  -61.882  -8.238  33.668 1.0000000000
116838  -61.659  -8.193  32.877 1.0000000000
123456  -63.631  -10.852  31.148 1.0000000000
123457  -63.304  -11.585  30.836 1.0000000000
123458  -63.602  -11.133  30.567 1.0000000000
123459  -63.590  -11.402  30.009 1.0000000000
123460  -63.534  -11.691  29.460 1.0000000000
123461  -64.181  -10.490  29.410 1.0000000000
123462  -63.815  -11.288  29.165 1.0000000000
123463  -63.500  -12.006  28.931 1.0000000000
123464  -63.473  -12.298  28.436 1.0000000000
123465  -63.443  -12.567  27.970 1.0000000000
123466  -63.391  -12.840  27.542 1.0000000000
123467  -63.348  -13.131  27.120 1.0000000000
123468  -63.669  -12.486  27.189 1.0000000000
123469  -63.938  -12.158  26.809 1.0000000000
123470  -64.217  -11.837  26.403 1.0000000000
123471  -64.615  -10.735  26.962 1.0000000000
123472  -64.576  -11.103  26.470 1.0000000000
123473  -64.558  -11.459  25.994 1.0000000000
123474  -64.822  -11.137  25.521 1.0000000000
123475  -65.117  -10.784  25.044 1.0000000000
123476  -65.436  -10.425  24.576 1.0000000000
133062  -60.669  -13.744  32.677 1.0000000000
133063  -61.163  -13.326  32.605 1.0000000000
133064  -61.664  -12.903  32.539 1.0000000000
133065  -62.118  -12.134  33.552 1.0000000000
133066  -62.115  -12.291  32.990 1.0000000000
133067  -62.162  -12.449  32.424 1.0000000000
133068  -62.577  -12.024  32.307 1.0000000000
133069  -62.955  -11.569  32.147 1.0000000000
133070  -63.337  -11.091  31.961 1.0000000000
133071  -63.107  -9.364  35.270 1.0000000000
133072  -63.320  -9.494  34.720 1.0000000000
133073  -63.503  -9.684  34.125 1.0000000000
133074  -63.422  -8.470  33.907 1.0000000000
133075  -63.640  -9.128  33.800 1.0000000000
133076  -63.602  -9.910  33.527 1.0000000000
133077  -63.644  -10.118  32.938 1.0000000000
133078  -63.675  -10.337  32.336 1.0000000000
133079  -63.670  -10.606  31.733 1.0000000000
133080  -63.969  -10.115  31.440 1.0000000000
133081  -64.245  -9.570  31.122 1.0000000000
133082  -64.480  -8.975  30.780 1.0000000000
133083  -64.303  -7.902  31.387 1.0000000000
133084  -64.518  -8.102  30.892 1.0000000000
133085  -64.654  -8.400  30.357 1.0000000000
133086  -64.764  -7.851  29.869 1.0000000000
133087  -64.805  -7.384  29.280 1.0000000000
133088  -64.788  -6.997  28.625 1.0000000000
150498  -60.361  -14.537  31.805 1.0000000000
150501  -61.327  -13.932  31.132 1.0000000000
150502  -60.958  -14.624  30.798 1.0000000000
150507  -62.947  -12.326  30.512 1.0000000000
150508  -62.611  -12.986  30.200 1.0000000000
150509  -62.226  -13.652  29.942 1.0000000000
150510  -62.580  -13.475  29.290 1.0000000000
150511  -62.242  -13.879  29.510 1.0000000000
150512  -61.875  -14.304  29.668 1.0000000000
150528  -62.005  -16.268  26.261 1.0000000000
150534  -63.295  -13.436  26.707 1.0000000000
150535  -63.258  -13.749  26.271 1.0000000000
150536  -63.210  -14.067  25.860 1.0000000000
150537  -63.814  -13.069  25.484 1.0000000000
150538  -63.508  -13.717  25.490 1.0000000000
150539  -63.145  -14.410  25.474 1.0000000000
150540  -63.024  -14.755  25.089 1.0000000000
150545  -63.638  -14.517  23.189 1.0000000000
150546  -64.211  -13.537  23.446 1.0000000000
150547  -64.104  -13.911  23.097 1.0000000000
150548  -63.953  -14.269  22.737 1.0000000000
150570  -61.940  -7.558  30.103 1.0000000000
150571  -62.449  -7.202  29.865 1.0000000000
150572  -62.977  -6.895  29.608 1.0000000000
150573  -61.945  -7.554  28.314 1.0000000000
150574  -62.761  -6.969  28.798 1.0000000000
150575  -63.480  -6.712  29.240 1.0000000000
150576  -63.905  -6.619  28.830 1.0000000000
150577  -64.323  -6.612  28.393 1.0000000000
150578  -64.703  -6.733  27.945 1.0000000000
150603  -63.946  -6.601  26.924 1.0000000000
150604  -64.611  -6.549  27.243 1.0000000000
150605  -65.040  -6.979  27.470 1.0000000000
150606  -65.306  -7.275  26.975 1.0000000000
150607  -65.489  -7.624  26.496 1.0000000000
150608  -65.619  -8.111  25.987 1.0000000000
150609  -65.408  -7.064  25.138 1.0000000000
150610  -65.679  -7.731  25.343 1.0000000000
150611  -65.707  -8.599  25.501 1.0000000000
150612  -65.735  -9.102  25.030 1.0000000000
150613  -65.740  -9.577  24.529 1.0000000000
150614  -65.727  -10.071  24.039 1.0000000000
150622  -65.966  -9.697  23.460 1.0000000000
150623  -65.708  -10.545  23.560 1.0000000000
150624  -65.670  -10.985  23.071 1.0000000000
150625  -65.621  -11.487  22.649 1.0000000000
150626  -65.562  -11.943  22.238 1.0000000000
150627  -66.168  -10.896  21.545 1.0000000000
150628  -65.871  -11.637  21.698 1.0000000000
150629  -65.507  -12.371  21.817 1.0000000000
