#!ascii label  , from subject 40tvs8ref_sym_20 vox2ras=TkReg
408
87  -16.771  -92.112  -7.421 1.0000000000
445  -26.438  -91.893  -12.580 1.0000000000
1404  -12.162  -96.891  -8.934 1.0000000000
1994  -17.068  -96.811  -8.500 1.0000000000
1996  -22.127  -96.488  -9.864 1.0000000000
1997  -21.722  -91.866  -7.813 1.0000000000
3324  -14.413  -94.593  -7.737 1.0000000000
3325  -12.052  -94.915  -9.600 1.0000000000
3326  -14.556  -92.647  -9.435 1.0000000000
4372  -14.673  -98.413  -10.655 1.0000000000
4373  -17.272  -98.688  -11.154 1.0000000000
4379  -24.339  -93.716  -10.523 1.0000000000
4380  -21.897  -94.172  -8.525 1.0000000000
4381  -24.039  -91.884  -10.170 1.0000000000
4382  -23.956  -90.216  -9.737 1.0000000000
7989  -19.138  -89.790  -7.821 1.0000000000
7990  -17.136  -89.903  -9.632 1.0000000000
8562  -12.295  -98.562  -10.430 1.0000000000
8563  -14.597  -96.668  -8.266 1.0000000000
8564  -16.863  -94.455  -6.903 1.0000000000
8570  -19.899  -98.888  -11.428 1.0000000000
8571  -19.609  -96.903  -8.993 1.0000000000
8572  -19.374  -94.345  -7.297 1.0000000000
8573  -19.231  -91.780  -6.822 1.0000000000
8574  -21.548  -89.885  -7.866 1.0000000000
11004  -15.585  -93.382  -7.439 1.0000000000
11005  -14.351  -93.536  -8.305 1.0000000000
11006  -15.561  -92.352  -8.353 1.0000000000
12057  -26.643  -92.662  -12.583 1.0000000000
12058  -25.608  -93.559  -11.600 1.0000000000
12059  -25.374  -92.747  -11.481 1.0000000000
12060  -24.189  -92.756  -10.282 1.0000000000
12061  -25.188  -91.923  -11.445 1.0000000000
12062  -25.076  -91.127  -11.321 1.0000000000
12063  -26.350  -91.142  -12.436 1.0000000000
15729  -11.133  -97.994  -9.834 1.0000000000
15731  -10.960  -96.993  -9.728 1.0000000000
17529  -20.283  -88.763  -8.142 1.0000000000
17530  -19.093  -88.638  -8.779 1.0000000000
18874  -15.859  -97.680  -9.523 1.0000000000
18875  -14.679  -97.628  -9.334 1.0000000000
18876  -15.830  -96.695  -8.334 1.0000000000
18877  -15.744  -95.600  -7.435 1.0000000000
18878  -16.984  -95.689  -7.428 1.0000000000
18890  -23.383  -96.059  -10.606 1.0000000000
18892  -22.246  -97.456  -10.858 1.0000000000
18894  -21.001  -97.832  -10.394 1.0000000000
18895  -19.738  -98.006  -10.198 1.0000000000
18896  -20.917  -96.793  -9.327 1.0000000000
18897  -21.808  -92.979  -8.093 1.0000000000
18898  -20.662  -94.269  -7.800 1.0000000000
18899  -20.507  -92.963  -7.343 1.0000000000
18900  -19.259  -93.046  -6.868 1.0000000000
18901  -20.426  -91.769  -7.107 1.0000000000
18902  -20.387  -90.747  -7.198 1.0000000000
18903  -21.608  -90.901  -7.786 1.0000000000
18904  -25.506  -89.553  -10.489 1.0000000000
18905  -24.140  -89.341  -9.442 1.0000000000
24414  -13.255  -95.720  -8.207 1.0000000000
24415  -12.028  -95.885  -9.076 1.0000000000
24416  -13.189  -94.737  -8.591 1.0000000000
24417  -13.296  -93.772  -9.403 1.0000000000
26302  -15.918  -98.524  -10.964 1.0000000000
26303  -17.158  -97.797  -9.766 1.0000000000
26312  -24.494  -94.686  -10.863 1.0000000000
26313  -23.227  -95.044  -9.902 1.0000000000
26314  -22.009  -95.402  -9.051 1.0000000000
26315  -23.119  -93.981  -9.409 1.0000000000
26316  -23.002  -92.908  -9.119 1.0000000000
26317  -22.912  -91.883  -8.905 1.0000000000
26318  -22.772  -91.006  -8.762 1.0000000000
26319  -23.902  -91.076  -9.975 1.0000000000
26320  -25.216  -90.336  -11.007 1.0000000000
30229  -27.753  -91.813  -13.614 1.0000000000
30230  -27.732  -91.055  -13.459 1.0000000000
32009  -10.914  -96.019  -10.062 1.0000000000
34299  -17.963  -90.857  -7.544 1.0000000000
34300  -16.907  -91.037  -8.439 1.0000000000
34301  -18.041  -89.803  -8.614 1.0000000000
34302  -18.176  -88.681  -9.740 1.0000000000
35948  -12.276  -97.802  -9.439 1.0000000000
35949  -13.501  -98.400  -10.415 1.0000000000
35950  -13.499  -97.659  -9.283 1.0000000000
35951  -13.360  -96.749  -8.504 1.0000000000
35952  -14.464  -95.659  -7.732 1.0000000000
35953  -15.633  -94.488  -7.169 1.0000000000
35954  -16.780  -93.228  -6.954 1.0000000000
35973  -18.600  -98.828  -11.286 1.0000000000
35974  -18.425  -97.937  -9.958 1.0000000000
35975  -18.349  -96.851  -8.712 1.0000000000
35976  -20.804  -95.554  -8.421 1.0000000000
35977  -19.500  -95.660  -8.028 1.0000000000
35978  -18.242  -95.683  -7.633 1.0000000000
35979  -18.130  -94.405  -6.949 1.0000000000
35980  -18.037  -93.110  -6.736 1.0000000000
35981  -17.938  -91.886  -6.941 1.0000000000
35982  -19.165  -90.716  -7.162 1.0000000000
35983  -20.349  -89.785  -7.642 1.0000000000
35984  -21.522  -88.870  -8.129 1.0000000000
35985  -22.770  -90.040  -8.702 1.0000000000
35986  -22.819  -89.081  -8.638 1.0000000000
40585  -15.901  -91.297  -9.564 1.0000000000
41724  -16.178  -92.715  -7.418 1.0000000000
41725  -15.538  -92.844  -7.830 1.0000000000
41726  -16.157  -92.218  -7.850 1.0000000000
42777  -26.525  -92.275  -12.575 1.0000000000
42778  -26.002  -92.724  -12.035 1.0000000000
42779  -25.893  -92.323  -12.015 1.0000000000
42780  -25.273  -92.339  -11.460 1.0000000000
42781  -25.824  -91.916  -12.023 1.0000000000
42782  -25.747  -91.523  -11.994 1.0000000000
42783  -26.368  -91.523  -12.526 1.0000000000
46449  -11.671  -97.426  -9.361 1.0000000000
46450  -11.043  -97.493  -9.690 1.0000000000
46451  -11.555  -96.933  -9.266 1.0000000000
49594  -16.472  -97.257  -8.988 1.0000000000
49595  -15.860  -97.206  -8.901 1.0000000000
49596  -16.444  -96.745  -8.371 1.0000000000
49597  -16.385  -96.208  -7.836 1.0000000000
49598  -17.011  -96.282  -7.913 1.0000000000
49610  -22.752  -96.284  -10.217 1.0000000000
49611  -22.816  -96.779  -10.657 1.0000000000
49612  -22.189  -96.990  -10.351 1.0000000000
49613  -21.597  -97.693  -10.634 1.0000000000
49614  -21.573  -97.190  -10.088 1.0000000000
49615  -20.968  -97.326  -9.824 1.0000000000
49616  -21.533  -96.659  -9.574 1.0000000000
49617  -21.763  -92.406  -7.931 1.0000000000
49618  -21.153  -92.979  -7.704 1.0000000000
49619  -21.095  -92.384  -7.561 1.0000000000
49620  -20.456  -92.356  -7.201 1.0000000000
49621  -21.052  -91.813  -7.462 1.0000000000
49622  -21.001  -91.313  -7.394 1.0000000000
49623  -21.655  -91.402  -7.778 1.0000000000
56049  -13.810  -95.155  -7.943 1.0000000000
56050  -13.168  -95.222  -8.305 1.0000000000
56051  -13.776  -94.665  -8.147 1.0000000000
56052  -14.426  -93.079  -8.835 1.0000000000
56053  -13.811  -93.648  -8.854 1.0000000000
56054  -13.928  -93.207  -9.394 1.0000000000
56056  -14.072  -92.755  -10.010 1.0000000000
59194  -16.693  -98.980  -11.783 1.0000000000
59196  -16.580  -98.597  -11.056 1.0000000000
59197  -16.518  -98.189  -10.362 1.0000000000
59198  -17.184  -98.266  -10.426 1.0000000000
59210  -24.999  -93.624  -11.067 1.0000000000
59211  -25.101  -94.057  -11.165 1.0000000000
59212  -24.430  -94.186  -10.651 1.0000000000
59213  -23.836  -94.835  -10.391 1.0000000000
59214  -23.780  -94.322  -10.132 1.0000000000
59215  -23.175  -94.502  -9.629 1.0000000000
59216  -23.727  -93.823  -9.947 1.0000000000
59217  -24.119  -92.307  -10.216 1.0000000000
59218  -23.604  -92.833  -9.693 1.0000000000
59219  -23.522  -92.326  -9.612 1.0000000000
59220  -22.946  -92.393  -9.003 1.0000000000
59221  -23.494  -91.867  -9.514 1.0000000000
59222  -23.425  -91.449  -9.398 1.0000000000
59223  -23.957  -91.477  -10.086 1.0000000000
59225  -25.110  -90.735  -11.176 1.0000000000
66422  -28.465  -91.309  -14.069 1.0000000000
70232  -12.012  -95.405  -9.286 1.0000000000
70233  -11.445  -95.961  -9.548 1.0000000000
70234  -11.465  -95.491  -9.807 1.0000000000
75624  -18.595  -90.308  -7.711 1.0000000000
75625  -18.005  -90.354  -8.045 1.0000000000
75626  -18.574  -89.773  -8.186 1.0000000000
75628  -18.574  -88.658  -9.225 1.0000000000
75630  -18.324  -88.171  -10.243 1.0000000000
79656  -11.703  -98.674  -10.462 1.0000000000
79657  -11.706  -98.293  -9.990 1.0000000000
79658  -12.303  -98.215  -9.858 1.0000000000
79660  -13.496  -98.738  -11.060 1.0000000000
79661  -14.088  -98.402  -10.514 1.0000000000
79662  -14.650  -97.162  -8.715 1.0000000000
79663  -14.084  -97.618  -9.269 1.0000000000
79664  -14.062  -97.182  -8.733 1.0000000000
79665  -13.451  -97.244  -8.842 1.0000000000
79666  -13.990  -96.712  -8.370 1.0000000000
79667  -13.911  -96.210  -8.107 1.0000000000
79668  -14.538  -96.174  -7.951 1.0000000000
79669  -16.303  -95.070  -7.133 1.0000000000
79670  -15.674  -95.032  -7.226 1.0000000000
79671  -16.238  -94.486  -7.008 1.0000000000
79672  -16.206  -93.874  -7.036 1.0000000000
79673  -16.797  -93.840  -6.892 1.0000000000
79715  -20.530  -98.852  -11.533 1.0000000000
79717  -20.060  -99.267  -12.085 1.0000000000
79720  -18.737  -99.244  -11.961 1.0000000000
79721  -19.266  -98.875  -11.356 1.0000000000
79722  -19.655  -97.495  -9.584 1.0000000000
79723  -19.080  -97.966  -10.052 1.0000000000
79724  -19.003  -97.461  -9.436 1.0000000000
79725  -18.374  -97.421  -9.326 1.0000000000
79726  -18.968  -96.913  -8.841 1.0000000000
79727  -21.955  -94.789  -8.776 1.0000000000
79728  -21.421  -95.474  -8.689 1.0000000000
79729  -21.361  -94.872  -8.386 1.0000000000
79730  -20.015  -94.283  -7.496 1.0000000000
79731  -20.090  -94.949  -7.808 1.0000000000
79732  -19.452  -94.998  -7.604 1.0000000000
79733  -18.872  -95.660  -7.818 1.0000000000
79734  -18.822  -95.039  -7.381 1.0000000000
79735  -18.194  -95.058  -7.201 1.0000000000
79736  -18.775  -94.389  -7.084 1.0000000000
79737  -19.254  -92.391  -6.785 1.0000000000
79738  -18.662  -93.084  -6.768 1.0000000000
79739  -18.629  -92.422  -6.744 1.0000000000
79740  -17.976  -92.483  -6.771 1.0000000000
79741  -18.578  -91.868  -6.829 1.0000000000
79742  -18.542  -91.320  -7.026 1.0000000000
79743  -19.182  -91.249  -6.945 1.0000000000
79744  -20.954  -90.344  -7.509 1.0000000000
79745  -20.369  -90.254  -7.383 1.0000000000
79746  -20.929  -89.845  -7.645 1.0000000000
79747  -20.928  -89.320  -7.873 1.0000000000
79748  -21.533  -89.385  -7.970 1.0000000000
79749  -23.311  -90.597  -9.266 1.0000000000
79750  -22.759  -90.534  -8.749 1.0000000000
79751  -23.351  -90.120  -9.202 1.0000000000
79752  -24.266  -88.907  -9.265 1.0000000000
79753  -23.535  -89.201  -9.052 1.0000000000
79755  -22.900  -88.593  -8.597 1.0000000000
79765  -27.823  -90.646  -13.313 1.0000000000
91217  -17.017  -90.484  -9.043 1.0000000000
91218  -16.397  -91.157  -9.012 1.0000000000
91219  -16.546  -90.613  -9.606 1.0000000000
93534  -15.015  -94.013  -7.550 1.0000000000
93535  -14.382  -94.081  -7.980 1.0000000000
93536  -14.939  -93.466  -7.867 1.0000000000
93537  -14.943  -92.962  -8.321 1.0000000000
93538  -15.038  -92.476  -8.862 1.0000000000
95430  -26.217  -93.516  -12.118 1.0000000000
95431  -26.130  -93.120  -12.069 1.0000000000
95432  -25.494  -93.166  -11.523 1.0000000000
95433  -24.878  -93.188  -10.980 1.0000000000
95434  -24.259  -93.237  -10.398 1.0000000000
95435  -24.768  -92.737  -10.911 1.0000000000
95436  -24.684  -92.308  -10.845 1.0000000000
95437  -24.608  -91.883  -10.799 1.0000000000
95438  -24.521  -91.496  -10.752 1.0000000000
95439  -25.118  -91.502  -11.430 1.0000000000
95440  -25.722  -91.117  -11.918 1.0000000000
95441  -26.379  -90.752  -12.306 1.0000000000
102041  -10.500  -98.060  -10.130 1.0000000000
102042  -10.437  -97.550  -10.137 1.0000000000
102045  -11.528  -95.094  -10.151 1.0000000000
105279  -19.709  -89.289  -7.987 1.0000000000
105280  -19.110  -89.229  -8.281 1.0000000000
105281  -19.666  -88.696  -8.383 1.0000000000
107700  -15.270  -98.056  -10.085 1.0000000000
107701  -14.686  -98.040  -9.981 1.0000000000
107702  -15.278  -97.646  -9.416 1.0000000000
107703  -15.270  -97.201  -8.813 1.0000000000
107704  -15.238  -96.689  -8.294 1.0000000000
107705  -15.175  -96.157  -7.869 1.0000000000
107706  -15.788  -96.163  -7.833 1.0000000000
107707  -16.374  -95.642  -7.396 1.0000000000
107708  -16.938  -95.090  -7.095 1.0000000000
107728  -24.029  -95.844  -10.968 1.0000000000
107730  -23.460  -96.579  -10.988 1.0000000000
107734  -21.715  -98.141  -11.210 1.0000000000
107736  -20.439  -98.391  -10.888 1.0000000000
107737  -19.822  -98.453  -10.807 1.0000000000
107738  -20.377  -97.919  -10.283 1.0000000000
107739  -20.330  -97.436  -9.695 1.0000000000
107740  -20.268  -96.860  -9.132 1.0000000000
107741  -21.833  -93.590  -8.281 1.0000000000
107742  -21.289  -94.248  -8.130 1.0000000000
107743  -21.225  -93.607  -7.911 1.0000000000
107744  -20.592  -93.618  -7.554 1.0000000000
107745  -19.941  -93.632  -7.249 1.0000000000
107746  -19.318  -93.690  -7.051 1.0000000000
107747  -19.885  -92.996  -7.062 1.0000000000
107748  -19.845  -92.385  -6.937 1.0000000000
107749  -19.836  -91.800  -6.882 1.0000000000
107750  -19.806  -91.230  -6.941 1.0000000000
107751  -20.400  -91.255  -7.082 1.0000000000
107752  -20.978  -90.838  -7.423 1.0000000000
107753  -21.571  -90.407  -7.808 1.0000000000
107754  -24.707  -89.872  -10.197 1.0000000000
107755  -24.056  -89.741  -9.611 1.0000000000
107756  -24.842  -89.468  -9.955 1.0000000000
107757  -24.991  -89.050  -9.712 1.0000000000
114635  -17.266  -89.358  -10.232 1.0000000000
114636  -16.685  -90.072  -10.236 1.0000000000
118404  -12.696  -96.302  -8.569 1.0000000000
118405  -12.086  -96.360  -8.951 1.0000000000
118406  -12.631  -95.783  -8.614 1.0000000000
118407  -12.586  -95.335  -8.772 1.0000000000
118408  -12.616  -94.839  -9.081 1.0000000000
118409  -13.779  -94.138  -8.457 1.0000000000
118410  -13.247  -94.256  -8.941 1.0000000000
118411  -12.658  -94.354  -9.477 1.0000000000
122809  -15.346  -98.824  -11.529 1.0000000000
122810  -15.288  -98.451  -10.799 1.0000000000
122811  -15.877  -98.112  -10.234 1.0000000000
122812  -16.496  -97.742  -9.663 1.0000000000
122813  -17.114  -97.315  -9.128 1.0000000000
122830  -25.710  -93.970  -11.689 1.0000000000
122832  -24.598  -95.167  -11.092 1.0000000000
122833  -23.924  -95.342  -10.677 1.0000000000
122834  -23.285  -95.574  -10.224 1.0000000000
122835  -22.665  -95.785  -9.782 1.0000000000
122836  -22.067  -95.957  -9.414 1.0000000000
122837  -22.616  -95.214  -9.445 1.0000000000
122838  -22.549  -94.655  -9.152 1.0000000000
122839  -22.481  -94.098  -8.926 1.0000000000
122840  -23.675  -93.329  -9.804 1.0000000000
122841  -23.057  -93.450  -9.251 1.0000000000
122842  -22.450  -93.526  -8.720 1.0000000000
122843  -22.413  -92.968  -8.563 1.0000000000
122844  -22.382  -92.412  -8.424 1.0000000000
122845  -22.342  -91.870  -8.308 1.0000000000
122846  -22.283  -91.416  -8.205 1.0000000000
122847  -22.828  -91.448  -8.835 1.0000000000
122848  -23.339  -91.049  -9.330 1.0000000000
122849  -23.906  -90.660  -9.860 1.0000000000
122850  -24.471  -91.092  -10.674 1.0000000000
122851  -24.503  -90.697  -10.542 1.0000000000
122852  -24.580  -90.293  -10.380 1.0000000000
122853  -25.351  -89.945  -10.753 1.0000000000
122854  -26.202  -89.586  -10.937 1.0000000000
132516  -27.159  -92.250  -13.097 1.0000000000
132517  -27.089  -91.867  -13.111 1.0000000000
132518  -27.053  -91.490  -13.068 1.0000000000
132519  -27.713  -91.430  -13.561 1.0000000000
132520  -28.474  -90.924  -13.974 1.0000000000
137345  -11.481  -96.446  -9.377 1.0000000000
137346  -10.920  -96.491  -9.863 1.0000000000
137347  -10.306  -96.574  -10.332 1.0000000000
137348  -10.926  -95.617  -10.339 1.0000000000
143949  -17.365  -91.472  -7.470 1.0000000000
143950  -16.814  -91.565  -7.899 1.0000000000
143951  -17.410  -90.920  -7.972 1.0000000000
143952  -17.491  -90.426  -8.528 1.0000000000
143953  -17.555  -89.855  -9.124 1.0000000000
143954  -18.559  -89.222  -8.697 1.0000000000
143955  -18.085  -89.222  -9.174 1.0000000000
143956  -17.667  -89.284  -9.721 1.0000000000
148825  -11.693  -97.873  -9.618 1.0000000000
148826  -12.226  -97.356  -9.125 1.0000000000
148828  -12.894  -98.805  -11.002 1.0000000000
148829  -12.880  -98.453  -10.401 1.0000000000
148830  -14.086  -98.028  -9.877 1.0000000000
148831  -13.512  -98.045  -9.815 1.0000000000
148832  -12.909  -98.110  -9.825 1.0000000000
148833  -12.886  -97.729  -9.342 1.0000000000
148834  -12.825  -97.306  -8.955 1.0000000000
148835  -12.718  -96.822  -8.703 1.0000000000
148836  -13.290  -96.231  -8.297 1.0000000000
148837  -13.856  -95.674  -7.938 1.0000000000
148838  -14.419  -95.120  -7.667 1.0000000000
148839  -15.097  -95.611  -7.548 1.0000000000
148840  -15.052  -95.081  -7.453 1.0000000000
148841  -15.025  -94.547  -7.453 1.0000000000
148842  -15.606  -93.942  -7.244 1.0000000000
148843  -16.180  -93.278  -7.170 1.0000000000
148844  -16.764  -92.669  -7.099 1.0000000000
148900  -18.042  -99.161  -11.940 1.0000000000
148901  -17.936  -98.759  -11.236 1.0000000000
148902  -19.173  -98.442  -10.691 1.0000000000
148903  -18.508  -98.400  -10.598 1.0000000000
148904  -17.863  -98.348  -10.504 1.0000000000
148905  -17.795  -97.851  -9.841 1.0000000000
148906  -17.755  -97.339  -9.217 1.0000000000
148907  -17.711  -96.833  -8.617 1.0000000000
148908  -21.478  -96.107  -9.112 1.0000000000
148909  -20.865  -96.183  -8.841 1.0000000000
148910  -20.210  -96.250  -8.642 1.0000000000
148911  -20.718  -94.919  -8.077 1.0000000000
148912  -20.148  -95.615  -8.192 1.0000000000
148913  -19.551  -96.293  -8.481 1.0000000000
148914  -18.921  -96.288  -8.313 1.0000000000
148915  -18.295  -96.279  -8.145 1.0000000000
148916  -17.657  -96.301  -8.025 1.0000000000
148917  -17.620  -95.693  -7.506 1.0000000000
148918  -17.567  -95.068  -7.114 1.0000000000
148919  -17.499  -94.435  -6.873 1.0000000000
148920  -18.703  -93.742  -6.884 1.0000000000
148921  -18.088  -93.750  -6.798 1.0000000000
148922  -17.442  -93.785  -6.789 1.0000000000
148923  -17.390  -93.144  -6.812 1.0000000000
148924  -17.367  -92.531  -6.916 1.0000000000
148925  -17.340  -91.991  -7.128 1.0000000000
148926  -17.932  -91.373  -7.202 1.0000000000
148927  -18.557  -90.783  -7.312 1.0000000000
148928  -19.138  -90.265  -7.468 1.0000000000
148929  -19.797  -90.679  -7.120 1.0000000000
148930  -19.757  -90.228  -7.368 1.0000000000
148931  -19.722  -89.774  -7.648 1.0000000000
148932  -20.313  -89.274  -7.909 1.0000000000
148933  -20.905  -88.787  -8.085 1.0000000000
148935  -22.230  -90.952  -8.210 1.0000000000
148936  -22.192  -90.464  -8.254 1.0000000000
148937  -22.173  -89.984  -8.273 1.0000000000
148938  -23.406  -89.646  -9.127 1.0000000000
148939  -22.796  -89.562  -8.661 1.0000000000
148940  -22.182  -89.467  -8.279 1.0000000000
148941  -22.184  -88.956  -8.297 1.0000000000
148942  -22.185  -88.447  -8.370 1.0000000000
148953  -27.058  -91.104  -12.976 1.0000000000
148954  -27.133  -90.706  -12.800 1.0000000000
162709  -16.248  -91.702  -8.424 1.0000000000
162710  -15.717  -91.829  -8.966 1.0000000000
162711  -15.219  -91.994  -9.493 1.0000000000
162713  -15.395  -91.444  -10.152 1.0000000000
162714  -14.723  -92.138  -10.088 1.0000000000
