#!ascii label  , from subject 40tvs8ref_sym_20 vox2ras=TkReg
698
85  -60.927  -19.091  -16.121 1.0000000000
608  -57.110  -10.433  -21.580 1.0000000000
971  -60.159  -24.344  -12.873 1.0000000000
973  -65.820  -21.872  -13.325 1.0000000000
975  -66.144  -16.161  -16.586 1.0000000000
1521  -54.939  -21.742  -15.364 1.0000000000
2456  -49.522  -18.217  -12.797 1.0000000000
2457  -53.600  -17.636  -17.499 1.0000000000
2459  -51.536  -13.348  -19.075 1.0000000000
2460  -59.527  -14.616  -18.841 1.0000000000
2461  -64.468  -11.098  -19.494 1.0000000000
2891  -60.544  -21.742  -14.418 1.0000000000
2892  -63.108  -23.121  -13.000 1.0000000000
2893  -63.463  -20.310  -14.532 1.0000000000
2894  -65.943  -19.010  -14.958 1.0000000000
2895  -63.718  -17.449  -16.105 1.0000000000
3494  -54.470  -24.061  -13.825 1.0000000000
3495  -51.802  -22.521  -14.417 1.0000000000
5496  -50.777  -18.201  -15.825 1.0000000000
5497  -50.212  -16.025  -16.057 1.0000000000
5501  -53.292  -10.086  -21.640 1.0000000000
5503  -54.322  -12.144  -20.654 1.0000000000
5504  -55.566  -14.221  -19.358 1.0000000000
5505  -58.288  -12.576  -20.129 1.0000000000
5506  -62.065  -12.861  -19.050 1.0000000000
5507  -60.840  -10.796  -20.568 1.0000000000
5509  -63.262  -8.878  -23.552 1.0000000000
6361  -67.157  -21.630  -15.020 1.0000000000
6362  -66.860  -18.982  -17.020 1.0000000000
6363  -66.261  -16.633  -18.941 1.0000000000
7048  -59.599  -8.345  -22.106 1.0000000000
7387  -57.120  -25.412  -12.686 1.0000000000
7388  -57.565  -23.054  -14.200 1.0000000000
7389  -57.978  -20.512  -15.873 1.0000000000
9925  -51.295  -20.459  -15.233 1.0000000000
9926  -54.303  -19.725  -16.563 1.0000000000
9927  -57.331  -18.465  -17.257 1.0000000000
9934  -52.675  -15.538  -18.291 1.0000000000
9935  -56.703  -16.269  -18.341 1.0000000000
9936  -60.448  -16.848  -17.639 1.0000000000
9937  -63.120  -15.178  -17.773 1.0000000000
9938  -65.484  -13.735  -18.083 1.0000000000
9939  -65.681  -14.184  -20.416 1.0000000000
9940  -63.186  -8.655  -21.107 1.0000000000
9941  -64.535  -11.537  -21.926 1.0000000000
10571  -60.696  -20.433  -15.296 1.0000000000
10572  -62.020  -21.057  -14.485 1.0000000000
10573  -62.173  -19.667  -15.332 1.0000000000
10574  -63.632  -18.924  -15.374 1.0000000000
10575  -62.382  -18.259  -16.140 1.0000000000
13181  -55.259  -10.231  -21.767 1.0000000000
13182  -53.812  -11.110  -21.211 1.0000000000
13183  -55.742  -11.354  -21.139 1.0000000000
13184  -56.328  -12.427  -20.459 1.0000000000
13185  -57.716  -11.531  -20.875 1.0000000000
13186  -59.579  -11.727  -20.401 1.0000000000
13187  -59.024  -10.627  -21.169 1.0000000000
14431  -59.935  -25.518  -12.222 1.0000000000
14433  -61.512  -25.002  -12.260 1.0000000000
14434  -64.537  -22.475  -13.073 1.0000000000
14435  -64.415  -23.811  -12.343 1.0000000000
14436  -65.828  -23.224  -12.473 1.0000000000
14438  -66.908  -22.855  -13.028 1.0000000000
14439  -67.382  -22.873  -14.028 1.0000000000
14440  -66.775  -21.571  -13.978 1.0000000000
14441  -66.156  -17.499  -15.811 1.0000000000
14442  -66.786  -18.774  -15.747 1.0000000000
14443  -66.752  -17.431  -16.730 1.0000000000
14444  -66.572  -17.767  -17.973 1.0000000000
14445  -66.583  -16.185  -17.650 1.0000000000
16241  -54.686  -22.921  -14.583 1.0000000000
16242  -56.049  -23.596  -14.047 1.0000000000
16243  -56.272  -22.389  -14.835 1.0000000000
16244  -57.809  -21.773  -15.033 1.0000000000
16245  -56.471  -21.146  -15.642 1.0000000000
22245  -49.306  -19.311  -12.764 1.0000000000
22246  -50.059  -20.535  -14.121 1.0000000000
22247  -49.935  -19.429  -14.353 1.0000000000
22248  -52.085  -18.056  -16.859 1.0000000000
22249  -52.486  -19.123  -16.444 1.0000000000
22250  -53.994  -18.712  -17.060 1.0000000000
22251  -55.848  -19.146  -16.965 1.0000000000
22252  -55.494  -18.119  -17.489 1.0000000000
22269  -50.850  -14.750  -17.598 1.0000000000
22270  -52.122  -14.463  -18.678 1.0000000000
22271  -57.604  -14.395  -19.151 1.0000000000
22272  -56.220  -15.205  -18.799 1.0000000000
22273  -58.156  -15.462  -18.641 1.0000000000
22274  -58.585  -16.589  -18.133 1.0000000000
22275  -60.084  -15.719  -18.312 1.0000000000
22276  -61.852  -16.000  -17.749 1.0000000000
22277  -61.358  -14.869  -18.410 1.0000000000
22278  -63.342  -11.899  -19.105 1.0000000000
22279  -63.916  -13.147  -18.428 1.0000000000
22280  -65.023  -12.483  -18.809 1.0000000000
22281  -65.976  -13.688  -19.127 1.0000000000
22282  -65.481  -12.415  -19.809 1.0000000000
22283  -60.672  -7.181  -22.291 1.0000000000
22284  -61.463  -8.392  -21.519 1.0000000000
22285  -62.465  -7.391  -21.923 1.0000000000
22287  -63.900  -10.204  -22.740 1.0000000000
23635  -60.334  -23.060  -13.610 1.0000000000
23636  -61.634  -23.748  -12.906 1.0000000000
23637  -61.814  -22.407  -13.673 1.0000000000
23638  -63.268  -21.737  -13.753 1.0000000000
23639  -64.676  -21.039  -13.871 1.0000000000
23640  -65.865  -20.445  -14.160 1.0000000000
23641  -64.827  -19.619  -14.628 1.0000000000
23642  -64.953  -18.131  -15.459 1.0000000000
23643  -65.049  -16.659  -16.199 1.0000000000
24722  -53.126  -23.333  -14.220 1.0000000000
24723  -53.351  -22.245  -14.997 1.0000000000
28324  -49.842  -18.279  -14.454 1.0000000000
28325  -49.846  -17.138  -14.458 1.0000000000
28326  -50.499  -17.122  -16.007 1.0000000000
28327  -51.719  -16.962  -17.118 1.0000000000
28336  -52.342  -11.775  -20.454 1.0000000000
28337  -52.913  -12.853  -19.978 1.0000000000
28338  -53.551  -13.936  -19.454 1.0000000000
28339  -54.946  -13.215  -19.991 1.0000000000
28340  -56.958  -13.409  -19.753 1.0000000000
28341  -58.900  -13.568  -19.435 1.0000000000
28342  -60.781  -13.776  -18.982 1.0000000000
28343  -60.158  -12.710  -19.638 1.0000000000
28344  -61.395  -11.823  -19.772 1.0000000000
28345  -62.747  -10.743  -19.882 1.0000000000
28347  -62.832  -7.090  -22.957 1.0000000000
30192  -62.983  -24.408  -12.327 1.0000000000
30202  -66.801  -20.181  -14.823 1.0000000000
30203  -67.022  -20.318  -15.950 1.0000000000
31802  -54.699  -9.223  -22.225 1.0000000000
31803  -56.540  -9.285  -22.167 1.0000000000
31804  -58.397  -9.412  -21.885 1.0000000000
31805  -57.772  -8.240  -22.486 1.0000000000
32666  -58.405  -25.973  -12.101 1.0000000000
32667  -58.665  -24.929  -12.793 1.0000000000
32668  -55.849  -24.744  -13.298 1.0000000000
32669  -57.368  -24.255  -13.455 1.0000000000
32670  -58.846  -23.667  -13.580 1.0000000000
32671  -59.097  -22.427  -14.311 1.0000000000
32672  -59.294  -21.130  -15.188 1.0000000000
32673  -59.442  -19.837  -16.042 1.0000000000
40009  -50.181  -21.602  -13.919 1.0000000000
40010  -51.539  -21.544  -14.895 1.0000000000
40011  -53.064  -21.217  -15.560 1.0000000000
40012  -51.096  -19.340  -15.610 1.0000000000
40013  -52.760  -20.183  -16.028 1.0000000000
40014  -54.623  -20.725  -15.995 1.0000000000
40015  -56.166  -20.149  -16.309 1.0000000000
40016  -57.681  -19.466  -16.580 1.0000000000
40017  -59.172  -18.788  -16.753 1.0000000000
40037  -51.292  -15.873  -17.388 1.0000000000
40038  -53.230  -16.576  -17.913 1.0000000000
40039  -54.169  -14.972  -18.880 1.0000000000
40040  -54.759  -15.986  -18.436 1.0000000000
40041  -55.187  -17.047  -17.980 1.0000000000
40042  -57.065  -17.388  -17.862 1.0000000000
40043  -58.940  -17.700  -17.473 1.0000000000
40044  -60.739  -17.947  -16.915 1.0000000000
40045  -62.116  -17.141  -16.943 1.0000000000
40046  -63.435  -16.305  -16.929 1.0000000000
40047  -64.818  -15.514  -16.974 1.0000000000
40048  -62.626  -13.999  -18.440 1.0000000000
40049  -64.405  -14.379  -17.773 1.0000000000
40050  -65.896  -15.003  -17.350 1.0000000000
40051  -66.412  -14.958  -18.367 1.0000000000
40052  -66.061  -15.460  -19.706 1.0000000000
40054  -60.285  -9.600  -21.352 1.0000000000
40055  -62.103  -9.635  -20.697 1.0000000000
40056  -63.790  -9.899  -20.280 1.0000000000
40057  -63.631  -8.421  -22.151 1.0000000000
40058  -64.280  -9.736  -21.329 1.0000000000
40059  -64.851  -11.054  -20.589 1.0000000000
40060  -65.120  -12.844  -21.161 1.0000000000
41291  -60.838  -19.775  -15.723 1.0000000000
41292  -61.452  -20.069  -15.313 1.0000000000
41293  -61.548  -19.390  -15.720 1.0000000000
41294  -62.233  -19.010  -15.724 1.0000000000
41295  -61.655  -18.681  -16.123 1.0000000000
43901  -56.176  -10.337  -21.696 1.0000000000
43902  -55.499  -10.798  -21.476 1.0000000000
43903  -56.434  -10.918  -21.365 1.0000000000
43904  -56.708  -11.462  -21.038 1.0000000000
43905  -57.393  -11.007  -21.241 1.0000000000
43906  -58.371  -11.089  -21.034 1.0000000000
43907  -58.060  -10.528  -21.407 1.0000000000
45151  -60.018  -24.974  -12.559 1.0000000000
45152  -60.723  -25.264  -12.251 1.0000000000
45153  -60.836  -24.686  -12.558 1.0000000000
45154  -65.198  -22.148  -13.165 1.0000000000
45155  -65.178  -22.854  -12.759 1.0000000000
45156  -65.839  -22.567  -12.898 1.0000000000
45157  -66.458  -22.989  -12.651 1.0000000000
45158  -66.407  -22.344  -13.164 1.0000000000
45159  -66.851  -22.206  -13.522 1.0000000000
45160  -66.391  -21.661  -13.567 1.0000000000
45161  -66.173  -16.810  -16.216 1.0000000000
45162  -66.563  -17.380  -16.187 1.0000000000
45163  -66.561  -16.690  -16.601 1.0000000000
45164  -66.733  -16.725  -17.164 1.0000000000
45165  -66.464  -16.098  -17.075 1.0000000000
46961  -54.818  -22.355  -14.987 1.0000000000
46962  -55.486  -22.665  -14.719 1.0000000000
46963  -55.613  -22.072  -15.113 1.0000000000
46964  -56.392  -21.786  -15.247 1.0000000000
46965  -55.697  -21.456  -15.501 1.0000000000
52961  -49.779  -17.650  -11.929 1.0000000000
52964  -49.369  -18.726  -11.942 1.0000000000
52965  -49.406  -18.765  -12.815 1.0000000000
52966  -49.523  -19.385  -13.588 1.0000000000
52967  -49.578  -18.813  -13.658 1.0000000000
52968  -52.857  -17.850  -17.216 1.0000000000
52969  -53.054  -18.398  -16.995 1.0000000000
52970  -53.832  -18.161  -17.298 1.0000000000
52971  -54.748  -18.426  -17.281 1.0000000000
52972  -54.567  -17.918  -17.537 1.0000000000
52984  -51.306  -12.792  -19.217 1.0000000000
52989  -51.200  -14.088  -18.356 1.0000000000
52990  -51.833  -13.913  -18.901 1.0000000000
52991  -58.582  -14.528  -19.008 1.0000000000
52992  -57.887  -14.922  -18.907 1.0000000000
52993  -58.863  -15.045  -18.748 1.0000000000
52994  -59.121  -15.593  -18.488 1.0000000000
52995  -59.815  -15.162  -18.582 1.0000000000
52996  -60.729  -15.295  -18.364 1.0000000000
52997  -60.434  -14.728  -18.652 1.0000000000
52998  -63.966  -11.445  -19.257 1.0000000000
52999  -64.225  -12.081  -18.826 1.0000000000
53000  -64.693  -11.809  -19.168 1.0000000000
53001  -65.354  -12.328  -19.213 1.0000000000
53002  -65.024  -11.688  -19.622 1.0000000000
53004  -61.592  -7.230  -22.061 1.0000000000
54751  -60.446  -22.403  -14.001 1.0000000000
54752  -61.086  -22.733  -13.637 1.0000000000
54753  -61.199  -22.059  -14.025 1.0000000000
54754  -62.739  -20.682  -14.512 1.0000000000
54755  -62.674  -21.372  -14.117 1.0000000000
54756  -63.373  -21.030  -14.144 1.0000000000
54757  -63.976  -21.391  -13.804 1.0000000000
54758  -64.071  -20.661  -14.180 1.0000000000
54759  -64.737  -20.320  -14.237 1.0000000000
54760  -64.143  -19.958  -14.559 1.0000000000
54761  -63.689  -18.176  -15.765 1.0000000000
54762  -64.341  -18.510  -15.398 1.0000000000
54763  -64.398  -17.749  -15.777 1.0000000000
54764  -65.073  -17.350  -15.813 1.0000000000
54765  -64.388  -17.010  -16.119 1.0000000000
56563  -52.446  -22.970  -14.367 1.0000000000
56564  -53.231  -22.804  -14.603 1.0000000000
56565  -52.559  -22.413  -14.728 1.0000000000
62566  -49.718  -17.107  -13.617 1.0000000000
62570  -50.369  -16.585  -16.048 1.0000000000
62571  -51.086  -17.071  -16.606 1.0000000000
62572  -50.883  -16.544  -16.698 1.0000000000
62583  -52.595  -10.463  -21.261 1.0000000000
62584  -54.045  -11.613  -20.948 1.0000000000
62585  -53.066  -11.465  -20.863 1.0000000000
62586  -53.321  -11.984  -20.618 1.0000000000
62587  -52.627  -12.313  -20.232 1.0000000000
62588  -53.606  -12.530  -20.338 1.0000000000
62589  -53.913  -13.069  -20.046 1.0000000000
62590  -54.606  -12.694  -20.329 1.0000000000
62591  -57.329  -12.498  -20.307 1.0000000000
62592  -56.656  -12.925  -20.105 1.0000000000
62593  -57.632  -12.994  -19.947 1.0000000000
62594  -57.943  -13.497  -19.590 1.0000000000
62595  -58.588  -13.070  -19.775 1.0000000000
62596  -59.529  -13.137  -19.546 1.0000000000
62597  -59.230  -12.637  -19.911 1.0000000000
62598  -60.204  -11.276  -20.497 1.0000000000
62599  -60.501  -11.774  -20.106 1.0000000000
62600  -61.151  -11.286  -20.170 1.0000000000
62601  -62.058  -11.299  -19.825 1.0000000000
62602  -61.781  -10.767  -20.221 1.0000000000
66339  -62.396  -23.447  -12.951 1.0000000000
66340  -62.323  -24.084  -12.610 1.0000000000
66341  -63.090  -23.774  -12.637 1.0000000000
66342  -65.095  -24.177  -12.023 1.0000000000
66356  -67.249  -22.260  -14.529 1.0000000000
66357  -67.344  -23.017  -14.669 1.0000000000
66358  -67.183  -22.392  -15.144 1.0000000000
66361  -65.947  -19.726  -14.555 1.0000000000
66362  -66.426  -20.256  -14.387 1.0000000000
66363  -66.425  -19.553  -14.862 1.0000000000
66364  -66.934  -18.820  -16.354 1.0000000000
66365  -66.960  -19.487  -15.810 1.0000000000
66366  -66.894  -19.625  -16.424 1.0000000000
66367  -66.818  -20.516  -16.587 1.0000000000
66368  -66.656  -19.805  -17.027 1.0000000000
66371  -66.377  -17.229  -18.451 1.0000000000
66372  -66.201  -18.044  -18.531 1.0000000000
66373  -66.036  -17.513  -19.037 1.0000000000
69792  -54.483  -8.666  -22.401 1.0000000000
69793  -55.386  -8.717  -22.444 1.0000000000
69794  -55.614  -9.258  -22.228 1.0000000000
69795  -56.270  -8.736  -22.420 1.0000000000
69796  -57.157  -8.769  -22.320 1.0000000000
71756  -56.997  -25.932  -12.314 1.0000000000
71758  -57.747  -25.697  -12.384 1.0000000000
71759  -58.523  -25.478  -12.454 1.0000000000
71760  -57.893  -25.181  -12.746 1.0000000000
71762  -55.081  -24.969  -13.189 1.0000000000
71763  -55.148  -24.435  -13.576 1.0000000000
71764  -56.811  -23.338  -14.140 1.0000000000
71765  -56.689  -23.930  -13.758 1.0000000000
71766  -57.446  -23.670  -13.830 1.0000000000
71767  -58.119  -23.984  -13.521 1.0000000000
71768  -58.209  -23.372  -13.890 1.0000000000
71769  -58.963  -23.059  -13.932 1.0000000000
71770  -58.326  -22.751  -14.256 1.0000000000
71771  -57.895  -21.177  -15.444 1.0000000000
71772  -58.563  -21.452  -15.108 1.0000000000
71773  -58.648  -20.822  -15.538 1.0000000000
71774  -59.379  -20.458  -15.614 1.0000000000
71775  -58.707  -20.175  -15.952 1.0000000000
89776  -49.615  -21.564  -13.283 1.0000000000
89778  -50.621  -20.519  -14.739 1.0000000000
89779  -50.727  -21.062  -14.612 1.0000000000
89780  -51.407  -21.003  -15.068 1.0000000000
89781  -52.282  -21.434  -15.276 1.0000000000
89782  -52.135  -20.886  -15.467 1.0000000000
89783  -50.227  -18.246  -15.182 1.0000000000
89784  -50.331  -18.820  -15.117 1.0000000000
89785  -50.896  -18.762  -15.717 1.0000000000
89786  -53.376  -19.464  -16.562 1.0000000000
89787  -52.628  -19.659  -16.233 1.0000000000
89788  -53.522  -19.964  -16.328 1.0000000000
89789  -53.678  -20.456  -16.072 1.0000000000
89790  -54.457  -20.215  -16.294 1.0000000000
89791  -55.413  -20.465  -16.159 1.0000000000
89792  -55.232  -19.960  -16.485 1.0000000000
89793  -56.578  -18.803  -17.135 1.0000000000
89794  -56.761  -19.313  -16.808 1.0000000000
89795  -57.507  -18.973  -16.935 1.0000000000
89796  -58.439  -19.137  -16.668 1.0000000000
89797  -58.277  -18.622  -17.013 1.0000000000
89846  -51.698  -15.183  -18.038 1.0000000000
89847  -51.043  -15.326  -17.515 1.0000000000
89848  -51.966  -15.731  -17.881 1.0000000000
89849  -52.240  -16.267  -17.725 1.0000000000
89850  -52.986  -16.084  -18.118 1.0000000000
89851  -54.535  -14.095  -19.433 1.0000000000
89852  -53.841  -14.480  -19.179 1.0000000000
89853  -54.873  -14.606  -19.129 1.0000000000
89854  -56.472  -15.744  -18.559 1.0000000000
89855  -55.526  -15.634  -18.615 1.0000000000
89856  -55.746  -16.147  -18.383 1.0000000000
89857  -55.013  -16.516  -18.209 1.0000000000
89858  -55.963  -16.650  -18.181 1.0000000000
89859  -56.132  -17.211  -17.931 1.0000000000
89860  -56.899  -16.824  -18.113 1.0000000000
89861  -59.549  -16.724  -17.923 1.0000000000
89862  -58.788  -17.149  -17.840 1.0000000000
89863  -59.703  -17.285  -17.552 1.0000000000
89864  -59.839  -17.835  -17.197 1.0000000000
89865  -60.587  -17.414  -17.270 1.0000000000
89866  -61.452  -17.536  -16.939 1.0000000000
89867  -61.315  -16.973  -17.330 1.0000000000
89868  -62.504  -15.585  -17.768 1.0000000000
89869  -62.645  -16.150  -17.358 1.0000000000
89870  -63.321  -15.753  -17.360 1.0000000000
89871  -64.125  -15.891  -16.940 1.0000000000
89872  -63.990  -15.333  -17.361 1.0000000000
89873  -61.421  -13.334  -19.025 1.0000000000
89874  -61.707  -13.875  -18.725 1.0000000000
89875  -62.354  -13.432  -18.737 1.0000000000
89876  -64.806  -13.397  -18.240 1.0000000000
89877  -64.221  -13.746  -18.114 1.0000000000
89878  -64.998  -14.035  -17.878 1.0000000000
89879  -65.265  -14.585  -17.461 1.0000000000
89880  -65.739  -14.387  -17.740 1.0000000000
89881  -66.266  -14.914  -17.789 1.0000000000
89882  -66.039  -14.320  -18.183 1.0000000000
89883  -65.934  -13.877  -19.785 1.0000000000
89884  -66.110  -14.519  -19.415 1.0000000000
89885  -65.874  -14.810  -20.071 1.0000000000
89886  -65.749  -15.758  -20.318 1.0000000000
89887  -65.522  -15.135  -20.710 1.0000000000
89888  -59.008  -8.898  -22.002 1.0000000000
89889  -59.350  -9.530  -21.651 1.0000000000
89890  -59.932  -8.978  -21.736 1.0000000000
89891  -62.358  -8.482  -21.280 1.0000000000
89892  -61.818  -9.028  -21.128 1.0000000000
89893  -62.695  -9.083  -20.840 1.0000000000
89894  -63.024  -9.674  -20.404 1.0000000000
89895  -63.505  -9.280  -20.714 1.0000000000
89896  -63.189  -7.938  -23.278 1.0000000000
89897  -63.222  -7.763  -22.578 1.0000000000
89898  -63.555  -8.590  -22.862 1.0000000000
89899  -64.245  -10.857  -22.340 1.0000000000
89900  -64.164  -9.935  -22.046 1.0000000000
89901  -64.493  -10.598  -21.641 1.0000000000
89902  -64.561  -10.436  -20.968 1.0000000000
89903  -64.819  -11.238  -21.276 1.0000000000
89904  -65.088  -11.917  -20.877 1.0000000000
89905  -64.815  -12.189  -21.543 1.0000000000
92755  -60.631  -21.096  -14.862 1.0000000000
92756  -61.292  -21.396  -14.448 1.0000000000
92757  -61.349  -20.751  -14.882 1.0000000000
92758  -62.071  -20.373  -14.898 1.0000000000
92759  -62.814  -19.979  -14.908 1.0000000000
92760  -63.532  -19.630  -14.940 1.0000000000
92761  -62.914  -19.297  -15.353 1.0000000000
92762  -62.958  -18.615  -15.752 1.0000000000
92763  -63.059  -17.855  -16.126 1.0000000000
97447  -49.798  -15.504  -15.267 1.0000000000
97453  -54.292  -10.169  -21.745 1.0000000000
97454  -53.566  -10.584  -21.440 1.0000000000
97455  -54.555  -10.684  -21.504 1.0000000000
97456  -54.813  -11.214  -21.228 1.0000000000
97457  -55.036  -11.759  -20.906 1.0000000000
97458  -55.331  -12.297  -20.576 1.0000000000
97459  -56.044  -11.886  -20.807 1.0000000000
97460  -57.013  -11.987  -20.687 1.0000000000
97461  -58.022  -12.061  -20.492 1.0000000000
97462  -58.944  -12.159  -20.286 1.0000000000
97463  -58.680  -11.643  -20.644 1.0000000000
97464  -59.303  -11.205  -20.786 1.0000000000
97465  -59.939  -10.731  -20.888 1.0000000000
99703  -59.810  -26.022  -11.882 1.0000000000
99705  -60.600  -25.789  -11.932 1.0000000000
99706  -61.365  -25.552  -11.977 1.0000000000
99707  -62.117  -25.309  -12.015 1.0000000000
99708  -63.797  -22.781  -13.040 1.0000000000
99709  -63.797  -23.444  -12.670 1.0000000000
99710  -64.485  -23.132  -12.709 1.0000000000
99711  -65.130  -23.511  -12.373 1.0000000000
99714  -66.389  -23.651  -12.244 1.0000000000
99715  -66.906  -23.490  -12.536 1.0000000000
99718  -67.214  -22.824  -13.486 1.0000000000
99719  -67.164  -22.176  -13.973 1.0000000000
99720  -67.036  -21.564  -14.467 1.0000000000
99721  -66.068  -18.263  -15.405 1.0000000000
99722  -66.449  -18.832  -15.240 1.0000000000
99723  -66.521  -18.110  -15.745 1.0000000000
99724  -66.831  -18.070  -16.196 1.0000000000
99725  -66.857  -18.158  -16.822 1.0000000000
99726  -66.677  -18.372  -17.455 1.0000000000
99727  -66.763  -17.574  -17.344 1.0000000000
99728  -66.615  -16.960  -17.823 1.0000000000
99729  -66.519  -16.392  -18.286 1.0000000000
102961  -54.592  -23.480  -14.190 1.0000000000
102962  -55.260  -23.836  -13.941 1.0000000000
102963  -55.382  -23.259  -14.321 1.0000000000
102964  -56.166  -23.002  -14.432 1.0000000000
102965  -56.945  -22.718  -14.526 1.0000000000
102966  -57.708  -22.415  -14.601 1.0000000000
102967  -57.062  -22.079  -14.955 1.0000000000
102968  -57.156  -21.487  -15.359 1.0000000000
102969  -57.236  -20.842  -15.783 1.0000000000
113768  -49.210  -19.242  -11.924 1.0000000000
113769  -49.223  -19.865  -12.726 1.0000000000
113771  -49.509  -19.935  -13.493 1.0000000000
113772  -50.001  -19.980  -14.218 1.0000000000
113773  -50.566  -19.973  -14.874 1.0000000000
113774  -51.397  -18.143  -16.385 1.0000000000
113775  -51.555  -18.697  -16.236 1.0000000000
113776  -52.273  -18.597  -16.641 1.0000000000
113777  -53.223  -18.945  -16.773 1.0000000000
113778  -54.180  -19.220  -16.817 1.0000000000
113779  -55.084  -19.455  -16.773 1.0000000000
113780  -54.915  -18.943  -17.030 1.0000000000
113781  -55.655  -18.631  -17.233 1.0000000000
113782  -56.387  -18.295  -17.430 1.0000000000
113812  -50.664  -14.179  -17.705 1.0000000000
113813  -51.437  -14.644  -18.192 1.0000000000
113814  -52.386  -15.001  -18.467 1.0000000000
113815  -56.586  -14.291  -19.260 1.0000000000
113816  -55.890  -14.716  -19.053 1.0000000000
113817  -56.903  -14.794  -18.983 1.0000000000
113818  -57.188  -15.335  -18.734 1.0000000000
113819  -57.427  -15.886  -18.483 1.0000000000
113820  -57.639  -16.426  -18.254 1.0000000000
113821  -58.376  -16.018  -18.378 1.0000000000
113822  -59.351  -16.159  -18.228 1.0000000000
113823  -60.290  -16.283  -18.006 1.0000000000
113824  -61.147  -16.428  -17.720 1.0000000000
113825  -60.986  -15.855  -18.065 1.0000000000
113826  -61.657  -15.434  -18.097 1.0000000000
113827  -62.264  -15.027  -18.135 1.0000000000
113828  -62.685  -12.388  -19.031 1.0000000000
113829  -63.006  -12.952  -18.726 1.0000000000
113830  -63.639  -12.492  -18.749 1.0000000000
113831  -64.542  -12.772  -18.543 1.0000000000
113832  -65.294  -13.120  -18.466 1.0000000000
113833  -65.835  -13.630  -18.544 1.0000000000
113834  -65.645  -12.907  -18.818 1.0000000000
113835  -65.718  -13.003  -19.431 1.0000000000
113836  -65.632  -13.204  -20.097 1.0000000000
113837  -60.143  -7.771  -22.197 1.0000000000
113838  -60.514  -8.395  -21.809 1.0000000000
113839  -61.085  -7.761  -21.883 1.0000000000
113840  -62.011  -7.845  -21.670 1.0000000000
113841  -62.862  -8.012  -21.486 1.0000000000
113843  -63.590  -9.577  -23.142 1.0000000000
113844  -63.505  -10.534  -23.346 1.0000000000
113845  -63.778  -11.168  -22.951 1.0000000000
113846  -64.118  -11.853  -22.538 1.0000000000
113847  -64.425  -12.508  -22.174 1.0000000000
116587  -60.230  -23.714  -13.235 1.0000000000
116588  -60.948  -24.026  -12.903 1.0000000000
116589  -60.976  -23.413  -13.268 1.0000000000
116590  -61.705  -23.103  -13.300 1.0000000000
116591  -62.436  -22.775  -13.336 1.0000000000
116592  -61.929  -21.718  -14.069 1.0000000000
116593  -62.549  -22.079  -13.709 1.0000000000
116594  -63.169  -22.441  -13.360 1.0000000000
116595  -63.882  -22.108  -13.406 1.0000000000
116596  -64.591  -21.760  -13.472 1.0000000000
116597  -65.255  -21.431  -13.556 1.0000000000
116598  -65.835  -21.167  -13.736 1.0000000000
116599  -65.285  -20.721  -13.989 1.0000000000
116600  -65.385  -20.009  -14.320 1.0000000000
116601  -65.417  -19.290  -14.763 1.0000000000
116602  -64.231  -19.267  -14.986 1.0000000000
116603  -64.893  -18.899  -15.058 1.0000000000
116604  -65.504  -18.522  -15.174 1.0000000000
116605  -65.564  -17.789  -15.592 1.0000000000
116606  -65.658  -17.035  -15.962 1.0000000000
116607  -65.644  -16.375  -16.348 1.0000000000
119124  -53.811  -23.693  -14.041 1.0000000000
119125  -53.915  -23.139  -14.421 1.0000000000
119126  -54.015  -22.598  -14.809 1.0000000000
119127  -54.193  -21.996  -15.229 1.0000000000
127527  -49.629  -17.671  -12.786 1.0000000000
127528  -49.624  -18.259  -13.654 1.0000000000
127529  -49.673  -17.682  -13.635 1.0000000000
127530  -49.851  -17.688  -14.442 1.0000000000
127531  -50.166  -17.702  -15.235 1.0000000000
127533  -50.103  -17.149  -15.263 1.0000000000
127534  -50.644  -17.652  -15.915 1.0000000000
127535  -51.246  -17.589  -16.498 1.0000000000
127536  -51.915  -17.493  -17.001 1.0000000000
127537  -52.595  -17.331  -17.388 1.0000000000
127555  -52.105  -11.254  -20.626 1.0000000000
127558  -51.944  -12.584  -19.783 1.0000000000
127559  -52.226  -13.132  -19.566 1.0000000000
127560  -52.517  -13.673  -19.342 1.0000000000
127561  -53.212  -13.397  -19.720 1.0000000000
127562  -54.235  -13.586  -19.741 1.0000000000
127563  -55.238  -13.715  -19.655 1.0000000000
127564  -55.635  -12.828  -20.231 1.0000000000
127565  -55.955  -13.324  -19.876 1.0000000000
127566  -56.244  -13.828  -19.558 1.0000000000
127567  -57.261  -13.901  -19.427 1.0000000000
127568  -58.267  -14.023  -19.286 1.0000000000
127569  -59.224  -14.088  -19.125 1.0000000000
127570  -60.147  -14.185  -18.930 1.0000000000
127571  -59.835  -13.657  -19.227 1.0000000000
127572  -60.453  -13.253  -19.297 1.0000000000
127573  -61.071  -12.807  -19.370 1.0000000000
127574  -59.865  -12.210  -20.024 1.0000000000
127575  -60.762  -12.304  -19.723 1.0000000000
127576  -61.702  -12.332  -19.405 1.0000000000
127577  -62.343  -11.827  -19.404 1.0000000000
127578  -62.995  -11.312  -19.456 1.0000000000
127579  -63.595  -10.860  -19.615 1.0000000000
132414  -61.605  -24.394  -12.571 1.0000000000
132415  -62.248  -24.701  -12.292 1.0000000000
132416  -62.865  -25.014  -12.014 1.0000000000
132417  -63.697  -24.140  -12.359 1.0000000000
132418  -63.584  -24.747  -12.030 1.0000000000
132442  -66.334  -20.990  -14.006 1.0000000000
132443  -66.754  -20.881  -14.389 1.0000000000
132444  -67.031  -20.884  -14.906 1.0000000000
132445  -66.803  -19.479  -15.258 1.0000000000
132446  -67.000  -20.202  -15.348 1.0000000000
132447  -67.059  -20.991  -15.516 1.0000000000
132454  -66.340  -18.638  -18.052 1.0000000000
136787  -53.774  -9.134  -22.119 1.0000000000
136788  -53.986  -9.680  -21.961 1.0000000000
136789  -54.980  -9.746  -21.997 1.0000000000
136790  -55.906  -9.775  -21.977 1.0000000000
136791  -56.838  -9.851  -21.882 1.0000000000
136792  -57.760  -9.934  -21.744 1.0000000000
136793  -57.449  -9.344  -22.046 1.0000000000
136794  -58.052  -8.822  -22.192 1.0000000000
136795  -58.663  -8.281  -22.325 1.0000000000
136796  -57.492  -7.698  -22.810 1.0000000000
136797  -58.364  -7.697  -22.647 1.0000000000
136798  -59.260  -7.738  -22.441 1.0000000000
139224  -59.036  -26.243  -11.821 1.0000000000
139225  -59.183  -25.753  -12.172 1.0000000000
139226  -59.297  -25.250  -12.517 1.0000000000
139227  -59.416  -24.645  -12.831 1.0000000000
139230  -56.434  -25.085  -12.970 1.0000000000
139231  -55.929  -24.183  -13.675 1.0000000000
139232  -56.587  -24.500  -13.379 1.0000000000
139233  -57.224  -24.840  -13.047 1.0000000000
139234  -58.005  -24.565  -13.129 1.0000000000
139235  -58.758  -24.275  -13.177 1.0000000000
139236  -59.494  -23.988  -13.209 1.0000000000
139237  -59.604  -23.366  -13.591 1.0000000000
139238  -59.725  -22.729  -13.967 1.0000000000
139239  -59.833  -22.085  -14.368 1.0000000000
139240  -58.456  -22.106  -14.663 1.0000000000
139241  -59.193  -21.775  -14.732 1.0000000000
139242  -59.922  -21.433  -14.801 1.0000000000
139243  -59.999  -20.774  -15.255 1.0000000000
139244  -60.097  -20.102  -15.675 1.0000000000
139245  -60.192  -19.474  -16.095 1.0000000000
160982  -50.263  -22.126  -13.732 1.0000000000
160983  -50.921  -22.104  -14.219 1.0000000000
160984  -50.121  -21.080  -14.046 1.0000000000
160985  -50.833  -21.598  -14.441 1.0000000000
160986  -51.633  -22.048  -14.655 1.0000000000
160987  -52.430  -21.925  -15.008 1.0000000000
160988  -53.206  -21.759  -15.279 1.0000000000
160989  -53.994  -21.540  -15.503 1.0000000000
160990  -49.878  -18.873  -14.428 1.0000000000
160991  -50.481  -19.404  -15.028 1.0000000000
160992  -51.188  -19.896  -15.447 1.0000000000
160993  -51.757  -19.253  -16.062 1.0000000000
160994  -51.904  -19.804  -15.863 1.0000000000
160995  -52.011  -20.344  -15.659 1.0000000000
160996  -52.906  -20.685  -15.818 1.0000000000
160997  -53.855  -20.975  -15.799 1.0000000000
160998  -54.776  -21.248  -15.675 1.0000000000
160999  -55.558  -20.972  -15.827 1.0000000000
161000  -56.336  -20.665  -15.972 1.0000000000
161001  -57.099  -20.326  -16.108 1.0000000000
161002  -56.013  -19.643  -16.656 1.0000000000
161003  -56.932  -19.807  -16.453 1.0000000000
161004  -57.864  -19.972  -16.214 1.0000000000
161005  -58.593  -19.637  -16.311 1.0000000000
161006  -59.301  -19.308  -16.391 1.0000000000
161007  -60.029  -18.957  -16.438 1.0000000000
161065  -50.361  -14.838  -16.923 1.0000000000
161067  -50.678  -15.965  -16.779 1.0000000000
161068  -51.537  -16.420  -17.255 1.0000000000
161069  -52.447  -16.788  -17.572 1.0000000000
161070  -53.407  -17.094  -17.708 1.0000000000
161071  -52.826  -14.225  -19.099 1.0000000000
161072  -53.116  -14.766  -18.847 1.0000000000
161073  -53.419  -15.296  -18.621 1.0000000000
161074  -55.189  -15.113  -18.839 1.0000000000
161075  -54.460  -15.482  -18.634 1.0000000000
161076  -53.718  -15.807  -18.412 1.0000000000
161077  -53.990  -16.305  -18.200 1.0000000000
161078  -54.224  -16.820  -17.982 1.0000000000
161079  -54.384  -17.367  -17.751 1.0000000000
161080  -55.357  -17.577  -17.738 1.0000000000
161081  -56.280  -17.768  -17.690 1.0000000000
161082  -57.197  -17.934  -17.573 1.0000000000
161083  -57.819  -16.995  -18.014 1.0000000000
161084  -57.992  -17.560  -17.707 1.0000000000
161085  -58.140  -18.100  -17.358 1.0000000000
161086  -59.066  -18.234  -17.113 1.0000000000
161087  -59.950  -18.378  -16.845 1.0000000000
161088  -60.789  -18.542  -16.492 1.0000000000
161089  -61.493  -18.146  -16.528 1.0000000000
161090  -62.181  -17.754  -16.542 1.0000000000
161091  -62.911  -17.338  -16.508 1.0000000000
161092  -61.987  -16.555  -17.352 1.0000000000
161093  -62.765  -16.750  -16.933 1.0000000000
161094  -63.614  -16.884  -16.503 1.0000000000
161095  -64.294  -16.426  -16.518 1.0000000000
161096  -64.961  -16.056  -16.540 1.0000000000
161097  -65.538  -15.758  -16.694 1.0000000000
161098  -61.056  -14.308  -18.698 1.0000000000
161099  -61.978  -14.439  -18.461 1.0000000000
161100  -62.892  -14.601  -18.131 1.0000000000
161101  -63.270  -13.570  -18.424 1.0000000000
161102  -63.546  -14.156  -18.110 1.0000000000
161103  -63.749  -14.761  -17.751 1.0000000000
161104  -64.644  -14.936  -17.388 1.0000000000
161105  -65.395  -15.198  -17.056 1.0000000000
161106  -66.028  -15.556  -16.981 1.0000000000
161107  -66.391  -15.500  -17.436 1.0000000000
161108  -66.470  -15.646  -18.065 1.0000000000
161109  -66.389  -15.835  -18.715 1.0000000000
161110  -66.181  -14.357  -18.742 1.0000000000
161111  -66.292  -15.183  -19.041 1.0000000000
161112  -66.168  -16.061  -19.367 1.0000000000
161116  -58.722  -10.042  -21.544 1.0000000000
161117  -59.666  -10.136  -21.270 1.0000000000
161118  -60.584  -10.203  -20.968 1.0000000000
161119  -60.871  -9.026  -21.417 1.0000000000
161120  -61.217  -9.624  -21.030 1.0000000000
161121  -61.480  -10.214  -20.610 1.0000000000
161122  -62.395  -10.222  -20.288 1.0000000000
161123  -63.305  -10.250  -20.007 1.0000000000
161124  -64.101  -10.505  -19.883 1.0000000000
161125  -62.747  -7.077  -22.371 1.0000000000
161126  -63.119  -7.789  -21.977 1.0000000000
161127  -63.491  -8.454  -21.562 1.0000000000
161128  -63.870  -9.282  -22.459 1.0000000000
161129  -64.031  -9.062  -21.731 1.0000000000
161130  -63.849  -9.069  -21.155 1.0000000000
161131  -64.177  -9.686  -20.709 1.0000000000
161132  -64.445  -10.379  -20.331 1.0000000000
161133  -64.735  -11.005  -19.982 1.0000000000
161134  -65.193  -11.711  -20.187 1.0000000000
161135  -65.369  -12.595  -20.500 1.0000000000
161136  -65.400  -13.487  -20.797 1.0000000000
161137  -64.752  -13.152  -21.775 1.0000000000
161138  -65.014  -13.822  -21.394 1.0000000000
161139  -65.278  -14.495  -21.027 1.0000000000
