#!ascii label  , from subject 40tvs8ref_sym_20 vox2ras=TkReg
224
30  -47.329  -67.004  28.263 1.0000000000
764  -44.338  -68.363  26.175 1.0000000000
777  -44.299  -70.613  30.269 1.0000000000
2684  -45.896  -67.468  27.327 1.0000000000
2685  -45.625  -66.502  25.142 1.0000000000
2686  -47.252  -66.238  26.049 1.0000000000
2695  -47.164  -67.695  30.602 1.0000000000
2696  -45.231  -69.210  31.477 1.0000000000
2697  -45.591  -68.514  29.332 1.0000000000
2698  -44.422  -69.644  28.227 1.0000000000
5984  -43.473  -69.695  24.728 1.0000000000
5986  -43.786  -67.274  24.042 1.0000000000
6006  -43.599  -71.161  32.236 1.0000000000
6007  -43.712  -73.111  30.900 1.0000000000
6009  -43.828  -72.137  28.870 1.0000000000
6010  -43.731  -70.989  26.694 1.0000000000
10364  -46.651  -67.221  27.807 1.0000000000
10365  -46.581  -66.772  26.671 1.0000000000
10366  -47.290  -66.637  27.164 1.0000000000
10375  -47.291  -67.368  29.436 1.0000000000
10376  -46.386  -68.075  29.897 1.0000000000
10377  -46.483  -67.694  28.789 1.0000000000
10378  -45.791  -68.009  28.310 1.0000000000
13814  -43.812  -69.040  25.502 1.0000000000
13815  -43.450  -68.488  24.389 1.0000000000
13816  -44.110  -67.808  25.080 1.0000000000
13848  -44.723  -69.843  30.886 1.0000000000
13849  -44.323  -70.102  31.903 1.0000000000
13850  -44.035  -70.901  31.288 1.0000000000
13851  -43.657  -72.144  31.575 1.0000000000
13852  -43.895  -71.864  30.590 1.0000000000
13853  -43.813  -72.614  29.922 1.0000000000
13854  -43.974  -71.375  29.636 1.0000000000
13855  -44.392  -69.050  27.158 1.0000000000
13856  -43.968  -70.318  27.536 1.0000000000
13857  -43.933  -69.708  26.466 1.0000000000
13858  -43.665  -70.333  25.699 1.0000000000
23264  -45.108  -67.834  26.750 1.0000000000
23265  -44.976  -67.290  25.688 1.0000000000
23266  -45.833  -66.977  26.180 1.0000000000
23267  -46.505  -66.351  25.594 1.0000000000
23285  -46.190  -68.420  31.018 1.0000000000
23286  -45.525  -68.909  30.393 1.0000000000
23287  -44.913  -69.499  29.863 1.0000000000
23288  -44.395  -70.192  29.295 1.0000000000
23289  -45.027  -69.035  28.804 1.0000000000
23290  -45.063  -68.489  27.778 1.0000000000
29329  -44.649  -66.802  24.609 1.0000000000
29379  -43.660  -73.754  30.200 1.0000000000
29380  -43.791  -73.311  29.126 1.0000000000
29381  -43.813  -72.767  28.032 1.0000000000
29382  -43.967  -70.890  28.609 1.0000000000
29383  -43.792  -71.587  27.741 1.0000000000
29384  -43.791  -72.155  26.926 1.0000000000
29385  -43.733  -71.496  25.907 1.0000000000
29386  -43.568  -70.913  24.884 1.0000000000
41084  -46.992  -67.111  28.034 1.0000000000
41085  -46.978  -66.914  27.491 1.0000000000
41086  -47.308  -66.834  27.724 1.0000000000
41095  -47.311  -67.192  28.859 1.0000000000
41096  -46.886  -67.525  29.095 1.0000000000
41097  -46.909  -67.336  28.531 1.0000000000
41098  -46.580  -67.447  28.301 1.0000000000
44534  -44.025  -68.686  25.854 1.0000000000
44535  -43.926  -68.411  25.300 1.0000000000
44536  -44.254  -68.083  25.623 1.0000000000
44568  -44.491  -70.211  30.583 1.0000000000
44569  -44.346  -70.373  31.095 1.0000000000
44570  -44.189  -70.773  30.774 1.0000000000
44571  -43.955  -71.371  30.945 1.0000000000
44572  -44.010  -71.226  30.416 1.0000000000
44573  -43.945  -71.617  30.119 1.0000000000
44574  -44.110  -71.004  29.954 1.0000000000
44575  -44.370  -68.712  26.641 1.0000000000
44576  -44.097  -69.375  26.826 1.0000000000
44577  -44.099  -69.033  26.332 1.0000000000
44578  -43.886  -69.382  25.979 1.0000000000
54134  -45.512  -67.607  27.028 1.0000000000
54135  -45.475  -67.384  26.488 1.0000000000
54136  -45.865  -67.188  26.776 1.0000000000
54137  -46.917  -66.473  26.366 1.0000000000
54138  -46.546  -66.549  26.115 1.0000000000
54139  -46.873  -66.285  25.823 1.0000000000
54140  -46.810  -66.081  25.286 1.0000000000
54166  -46.543  -68.200  31.422 1.0000000000
54167  -46.685  -68.044  30.837 1.0000000000
54168  -45.992  -68.305  29.595 1.0000000000
54169  -45.930  -68.503  30.143 1.0000000000
54170  -45.583  -68.737  29.849 1.0000000000
54171  -45.221  -69.181  30.106 1.0000000000
54172  -45.264  -68.996  29.573 1.0000000000
54173  -44.987  -69.284  29.326 1.0000000000
54174  -45.308  -68.757  29.056 1.0000000000
54175  -45.838  -67.757  27.823 1.0000000000
54176  -45.421  -68.245  28.051 1.0000000000
54177  -45.458  -67.927  27.544 1.0000000000
54178  -45.093  -68.153  27.251 1.0000000000
64484  -43.360  -70.002  24.309 1.0000000000
64487  -43.584  -67.841  24.235 1.0000000000
64488  -43.242  -68.195  23.872 1.0000000000
64489  -43.364  -67.583  23.721 1.0000000000
64491  -43.540  -66.998  23.545 1.0000000000
64492  -45.297  -66.874  25.429 1.0000000000
64493  -44.791  -67.040  25.152 1.0000000000
64494  -45.126  -66.633  24.879 1.0000000000
64585  -45.080  -69.349  32.038 1.0000000000
64586  -43.938  -70.590  32.081 1.0000000000
64587  -44.115  -70.234  32.413 1.0000000000
64588  -43.706  -70.745  32.577 1.0000000000
64592  -43.349  -71.793  32.396 1.0000000000
64593  -43.708  -72.635  31.248 1.0000000000
64594  -43.519  -72.784  31.756 1.0000000000
64598  -43.583  -74.002  30.717 1.0000000000
64599  -43.665  -73.432  30.558 1.0000000000
64600  -43.816  -72.398  29.415 1.0000000000
64601  -43.787  -72.997  29.521 1.0000000000
64602  -43.808  -72.739  28.997 1.0000000000
64603  -43.827  -73.061  28.567 1.0000000000
64604  -43.818  -72.479  28.451 1.0000000000
64605  -44.409  -69.909  28.775 1.0000000000
64606  -44.153  -70.526  28.972 1.0000000000
64607  -44.165  -70.257  28.445 1.0000000000
64608  -43.832  -70.654  27.128 1.0000000000
64609  -43.833  -70.957  27.655 1.0000000000
64610  -43.771  -71.278  27.221 1.0000000000
64611  -43.769  -71.882  27.324 1.0000000000
64612  -43.744  -71.579  26.805 1.0000000000
64613  -43.763  -71.836  26.414 1.0000000000
64614  -43.709  -71.250  26.300 1.0000000000
64615  -43.589  -70.030  25.201 1.0000000000
64616  -43.598  -70.636  25.297 1.0000000000
64617  -43.495  -70.350  24.777 1.0000000000
64618  -43.452  -70.594  24.378 1.0000000000
92384  -46.283  -67.340  27.580 1.0000000000
92385  -46.244  -67.096  27.007 1.0000000000
92386  -46.616  -67.005  27.252 1.0000000000
92387  -46.956  -66.703  26.929 1.0000000000
92388  -47.297  -66.425  26.609 1.0000000000
92403  -47.256  -67.518  30.005 1.0000000000
92404  -46.780  -67.870  30.226 1.0000000000
92405  -46.847  -67.702  29.660 1.0000000000
92406  -46.445  -67.889  29.339 1.0000000000
92407  -46.049  -68.083  29.041 1.0000000000
92408  -45.698  -68.272  28.798 1.0000000000
92409  -46.148  -67.835  28.549 1.0000000000
92410  -46.233  -67.588  28.066 1.0000000000
98594  -43.618  -69.378  25.134 1.0000000000
98595  -43.440  -69.099  24.562 1.0000000000
98596  -43.651  -68.761  24.942 1.0000000000
98597  -43.788  -68.142  24.752 1.0000000000
98598  -43.979  -67.554  24.556 1.0000000000
98654  -44.965  -69.506  31.191 1.0000000000
98655  -44.766  -69.642  31.719 1.0000000000
98656  -44.550  -70.002  31.404 1.0000000000
98657  -44.173  -70.499  31.594 1.0000000000
98658  -43.858  -71.034  31.751 1.0000000000
98659  -43.629  -71.635  31.870 1.0000000000
98660  -43.819  -71.506  31.420 1.0000000000
98661  -43.796  -72.003  31.097 1.0000000000
98662  -43.815  -72.499  30.741 1.0000000000
98663  -43.779  -72.855  30.397 1.0000000000
98664  -43.852  -72.250  30.277 1.0000000000
98665  -43.884  -72.007  29.798 1.0000000000
98666  -43.885  -71.770  29.264 1.0000000000
98667  -44.411  -69.350  27.684 1.0000000000
98668  -44.148  -69.991  27.914 1.0000000000
98669  -44.146  -69.684  27.361 1.0000000000
98670  -43.950  -70.017  27.005 1.0000000000
98671  -43.804  -70.359  26.594 1.0000000000
98672  -43.710  -70.659  26.195 1.0000000000
98673  -43.775  -70.035  26.088 1.0000000000
98674  -43.714  -69.717  25.611 1.0000000000
115724  -44.725  -68.094  26.458 1.0000000000
115725  -44.635  -67.783  25.927 1.0000000000
115726  -45.057  -67.582  26.212 1.0000000000
115727  -45.418  -67.115  25.954 1.0000000000
115728  -45.747  -66.734  25.654 1.0000000000
115729  -46.212  -66.853  26.422 1.0000000000
115730  -46.176  -66.617  25.859 1.0000000000
115731  -46.083  -66.400  25.345 1.0000000000
115732  -46.410  -66.099  25.033 1.0000000000
115770  -46.064  -68.582  31.582 1.0000000000
115771  -45.704  -68.807  31.233 1.0000000000
115772  -46.308  -68.261  30.457 1.0000000000
115773  -45.854  -68.662  30.693 1.0000000000
115774  -45.409  -69.057  30.935 1.0000000000
115775  -45.123  -69.351  30.647 1.0000000000
115776  -44.844  -69.668  30.378 1.0000000000
115777  -44.588  -70.039  30.102 1.0000000000
115778  -44.351  -70.418  29.788 1.0000000000
115779  -44.642  -69.834  29.603 1.0000000000
115780  -44.704  -69.601  29.066 1.0000000000
115781  -44.712  -69.332  28.520 1.0000000000
115782  -45.347  -68.497  28.535 1.0000000000
115783  -45.043  -68.782  28.282 1.0000000000
115784  -44.723  -69.056  27.995 1.0000000000
115785  -44.719  -68.748  27.484 1.0000000000
115786  -44.718  -68.425  26.957 1.0000000000
130069  -43.177  -68.827  23.999 1.0000000000
130075  -44.515  -67.532  25.390 1.0000000000
130076  -44.363  -67.281  24.864 1.0000000000
130077  -44.215  -67.010  24.359 1.0000000000
130079  -44.496  -66.507  24.059 1.0000000000
130210  -43.618  -74.314  30.369 1.0000000000
130212  -43.738  -73.195  30.047 1.0000000000
130213  -43.748  -73.531  29.645 1.0000000000
130218  -44.138  -70.792  29.477 1.0000000000
130219  -43.987  -71.149  29.123 1.0000000000
130220  -43.877  -71.523  28.724 1.0000000000
130221  -43.966  -70.627  28.067 1.0000000000
130222  -43.858  -71.263  28.188 1.0000000000
130223  -43.815  -71.883  28.308 1.0000000000
130224  -43.798  -72.176  27.894 1.0000000000
130225  -43.804  -72.460  27.485 1.0000000000
130227  -43.810  -72.414  26.548 1.0000000000
130230  -43.644  -70.910  25.817 1.0000000000
130231  -43.656  -71.200  25.402 1.0000000000
130232  -43.684  -71.475  24.978 1.0000000000
130233  -43.573  -71.163  24.463 1.0000000000
146805  -47.722  -66.710  28.022 1.0000000000
147291  -47.621  -67.254  29.741 1.0000000000
147292  -47.629  -67.083  29.138 1.0000000000
156795  -47.681  -66.545  27.446 1.0000000000
156796  -47.690  -66.355  26.888 1.0000000000
