#!ascii label  , from subject 40tvs8ref_sym_20 vox2ras=TkReg
583
99  -51.381  -22.127  39.541 1.0000000000
469  -58.467  -15.470  41.368 1.0000000000
1022  -53.165  -22.141  36.144 1.0000000000
1550  -49.555  -22.697  42.989 1.0000000000
2054  -54.704  -20.588  45.605 1.0000000000
2056  -57.975  -16.529  45.638 1.0000000000
2057  -55.360  -19.380  41.086 1.0000000000
2058  -55.527  -18.537  36.572 1.0000000000
2938  -49.448  -23.201  38.545 1.0000000000
2940  -50.763  -23.337  37.082 1.0000000000
2941  -52.173  -23.765  35.878 1.0000000000
2942  -52.253  -22.038  37.818 1.0000000000
4509  -54.024  -20.900  47.737 1.0000000000
4510  -56.448  -18.943  48.445 1.0000000000
4516  -58.314  -16.088  43.546 1.0000000000
4517  -57.082  -18.304  43.710 1.0000000000
4518  -56.872  -17.682  41.240 1.0000000000
4519  -55.448  -18.827  38.732 1.0000000000
4520  -56.751  -17.096  38.964 1.0000000000
4522  -57.174  -16.346  34.403 1.0000000000
6457  -58.675  -14.887  39.180 1.0000000000
7453  -48.304  -23.265  40.121 1.0000000000
7454  -50.560  -22.384  41.214 1.0000000000
8730  -51.293  -22.077  46.387 1.0000000000
8731  -52.241  -21.755  44.349 1.0000000000
8732  -52.909  -21.379  42.527 1.0000000000
8738  -57.269  -16.631  47.856 1.0000000000
8739  -56.979  -18.729  46.115 1.0000000000
8740  -55.157  -20.048  43.459 1.0000000000
8741  -53.472  -20.926  40.551 1.0000000000
8742  -53.980  -20.531  38.535 1.0000000000
8743  -54.472  -20.247  36.481 1.0000000000
8744  -54.960  -20.355  34.564 1.0000000000
8745  -56.840  -16.654  36.682 1.0000000000
8746  -55.823  -18.436  34.365 1.0000000000
10618  -50.427  -22.634  39.097 1.0000000000
10619  -50.081  -23.218  37.771 1.0000000000
10620  -50.970  -22.591  38.301 1.0000000000
10621  -51.500  -22.662  37.504 1.0000000000
10622  -51.800  -22.062  38.665 1.0000000000
12195  -58.579  -14.723  43.514 1.0000000000
12196  -58.400  -15.803  42.456 1.0000000000
12197  -57.715  -16.996  42.461 1.0000000000
12198  -57.641  -16.699  41.270 1.0000000000
12199  -56.763  -17.377  40.057 1.0000000000
12200  -57.617  -16.345  40.178 1.0000000000
14578  -52.624  -22.920  35.982 1.0000000000
14579  -52.927  -24.016  35.383 1.0000000000
14580  -53.274  -23.118  35.354 1.0000000000
14582  -53.712  -22.243  35.411 1.0000000000
16378  -48.334  -23.112  42.383 1.0000000000
16379  -47.718  -23.374  40.921 1.0000000000
16380  -48.923  -22.939  41.588 1.0000000000
16381  -49.466  -22.785  40.714 1.0000000000
16382  -50.072  -22.517  42.079 1.0000000000
19280  -52.210  -21.689  48.121 1.0000000000
19281  -54.390  -20.785  46.659 1.0000000000
19282  -53.103  -21.413  46.013 1.0000000000
19283  -53.479  -21.242  45.035 1.0000000000
19284  -52.595  -21.594  43.389 1.0000000000
19285  -53.772  -21.058  44.015 1.0000000000
19297  -57.666  -15.462  45.121 1.0000000000
19299  -57.140  -15.721  45.908 1.0000000000
19300  -56.518  -15.958  46.790 1.0000000000
19301  -57.655  -16.603  46.723 1.0000000000
19302  -57.522  -17.727  47.174 1.0000000000
19303  -57.695  -17.690  45.973 1.0000000000
19304  -56.194  -18.874  42.444 1.0000000000
19305  -56.190  -19.199  43.690 1.0000000000
19306  -55.286  -19.724  42.298 1.0000000000
19307  -54.272  -20.495  42.012 1.0000000000
19308  -54.497  -20.198  40.890 1.0000000000
19309  -53.767  -20.719  39.574 1.0000000000
19310  -54.644  -19.935  39.797 1.0000000000
19311  -55.470  -18.648  37.659 1.0000000000
19312  -54.878  -19.466  37.584 1.0000000000
19313  -54.992  -19.371  36.545 1.0000000000
19314  -54.675  -20.244  35.492 1.0000000000
19315  -55.115  -19.318  35.467 1.0000000000
19316  -58.828  -14.693  38.024 1.0000000000
19317  -57.735  -15.781  37.948 1.0000000000
19318  -57.859  -15.537  36.775 1.0000000000
19320  -56.382  -17.450  34.379 1.0000000000
23718  -48.493  -23.854  38.000 1.0000000000
23720  -49.232  -23.984  37.316 1.0000000000
23721  -50.033  -24.185  36.674 1.0000000000
23722  -50.891  -24.420  36.218 1.0000000000
23723  -51.754  -24.698  35.834 1.0000000000
23724  -51.461  -23.529  36.481 1.0000000000
23725  -52.052  -22.766  36.748 1.0000000000
23726  -52.713  -22.041  37.013 1.0000000000
24806  -49.032  -22.865  43.891 1.0000000000
26547  -55.298  -20.069  48.239 1.0000000000
26548  -55.630  -19.884  47.121 1.0000000000
26557  -58.104  -15.106  44.311 1.0000000000
26558  -58.151  -16.360  44.603 1.0000000000
26559  -57.747  -17.514  44.795 1.0000000000
26560  -57.742  -17.314  43.610 1.0000000000
26561  -56.959  -17.992  42.478 1.0000000000
26562  -56.124  -18.541  41.169 1.0000000000
26563  -55.401  -19.082  39.911 1.0000000000
26564  -56.087  -18.234  39.995 1.0000000000
26565  -56.034  -17.991  38.862 1.0000000000
26566  -56.055  -17.825  37.732 1.0000000000
26568  -58.027  -15.371  35.583 1.0000000000
26569  -58.251  -15.338  34.430 1.0000000000
30393  -52.586  -24.959  35.491 1.0000000000
30421  -58.537  -15.157  40.286 1.0000000000
32842  -47.173  -23.778  39.546 1.0000000000
32843  -47.854  -23.787  38.701 1.0000000000
32844  -48.861  -23.208  39.317 1.0000000000
32845  -49.968  -22.700  39.913 1.0000000000
32846  -51.011  -22.245  40.367 1.0000000000
36439  -49.890  -22.566  45.572 1.0000000000
36440  -50.370  -22.395  44.624 1.0000000000
36441  -52.664  -21.564  47.039 1.0000000000
36442  -51.763  -21.915  45.364 1.0000000000
36443  -50.913  -22.228  43.698 1.0000000000
36444  -51.352  -22.067  42.737 1.0000000000
36445  -51.776  -21.899  41.867 1.0000000000
36446  -52.120  -21.742  40.993 1.0000000000
36465  -57.156  -17.709  48.398 1.0000000000
36466  -56.795  -18.828  47.297 1.0000000000
36467  -55.958  -19.702  46.022 1.0000000000
36468  -57.090  -18.545  44.883 1.0000000000
36469  -56.129  -19.471  44.891 1.0000000000
36470  -54.991  -20.346  44.556 1.0000000000
36471  -54.069  -20.795  43.071 1.0000000000
36472  -53.192  -21.175  41.529 1.0000000000
36473  -52.426  -21.559  40.062 1.0000000000
36474  -52.778  -21.407  39.162 1.0000000000
36475  -53.116  -21.317  38.259 1.0000000000
36476  -53.469  -21.237  37.313 1.0000000000
36477  -54.784  -19.688  38.700 1.0000000000
36478  -54.231  -20.365  37.489 1.0000000000
36479  -53.831  -21.191  36.362 1.0000000000
36480  -54.231  -21.198  35.523 1.0000000000
36481  -54.654  -21.369  34.653 1.0000000000
36483  -57.613  -16.042  39.059 1.0000000000
36484  -56.775  -16.858  37.844 1.0000000000
36485  -56.108  -17.622  36.614 1.0000000000
36486  -56.963  -16.449  35.547 1.0000000000
36487  -56.205  -17.502  35.460 1.0000000000
36488  -55.644  -18.444  35.455 1.0000000000
36489  -55.365  -19.395  34.429 1.0000000000
41338  -50.913  -22.374  39.314 1.0000000000
41339  -50.687  -22.621  38.668 1.0000000000
41340  -51.154  -22.339  38.912 1.0000000000
41341  -51.408  -22.334  38.502 1.0000000000
41342  -51.608  -22.090  39.113 1.0000000000
42916  -58.426  -15.650  41.903 1.0000000000
42917  -58.064  -16.280  41.873 1.0000000000
42918  -58.057  -16.092  41.266 1.0000000000
42919  -57.627  -16.514  40.726 1.0000000000
42920  -58.046  -15.919  40.757 1.0000000000
45298  -52.894  -22.532  36.058 1.0000000000
45299  -52.941  -23.017  35.663 1.0000000000
45300  -53.178  -22.613  35.702 1.0000000000
45301  -53.493  -22.680  35.375 1.0000000000
45302  -53.440  -22.201  35.766 1.0000000000
47098  -48.948  -22.901  42.737 1.0000000000
47099  -48.614  -23.030  41.993 1.0000000000
47100  -49.263  -22.817  42.321 1.0000000000
47101  -49.489  -22.743  41.831 1.0000000000
47102  -49.813  -22.614  42.537 1.0000000000
49999  -51.972  -21.776  48.634 1.0000000000
50001  -54.556  -20.709  46.114 1.0000000000
50002  -53.920  -21.023  45.855 1.0000000000
50003  -54.072  -20.969  45.299 1.0000000000
50004  -53.637  -21.164  44.520 1.0000000000
50005  -54.231  -20.845  44.807 1.0000000000
50017  -57.902  -15.928  45.432 1.0000000000
50018  -57.412  -15.610  45.500 1.0000000000
50019  -57.687  -16.037  45.868 1.0000000000
50020  -57.453  -16.102  46.365 1.0000000000
50021  -57.813  -16.580  46.175 1.0000000000
50022  -57.789  -17.157  46.404 1.0000000000
50023  -57.899  -17.111  45.812 1.0000000000
50024  -55.761  -19.128  41.776 1.0000000000
50025  -55.736  -19.287  42.395 1.0000000000
50026  -55.334  -19.548  41.704 1.0000000000
50027  -54.887  -19.972  41.598 1.0000000000
50028  -54.959  -19.814  41.028 1.0000000000
50029  -54.566  -20.049  40.344 1.0000000000
50030  -54.981  -19.659  40.430 1.0000000000
50031  -55.476  -18.587  37.132 1.0000000000
50032  -55.213  -18.999  37.118 1.0000000000
50033  -55.260  -18.958  36.587 1.0000000000
50034  -55.058  -19.346  36.026 1.0000000000
50035  -55.321  -18.915  36.017 1.0000000000
50036  -58.940  -14.623  37.414 1.0000000000
50037  -58.335  -15.151  37.388 1.0000000000
50038  -58.433  -15.048  36.779 1.0000000000
54888  -48.962  -23.508  38.274 1.0000000000
54889  -48.866  -23.904  37.643 1.0000000000
54890  -49.286  -23.540  37.919 1.0000000000
54891  -50.417  -23.288  37.415 1.0000000000
54892  -50.019  -23.662  37.169 1.0000000000
54893  -50.386  -23.734  36.860 1.0000000000
54894  -50.459  -24.288  36.450 1.0000000000
54895  -50.783  -23.852  36.603 1.0000000000
54896  -51.159  -23.934  36.333 1.0000000000
54897  -51.110  -23.438  36.770 1.0000000000
54898  -51.867  -22.345  37.664 1.0000000000
54899  -51.787  -22.696  37.136 1.0000000000
54900  -52.115  -22.366  37.249 1.0000000000
54901  -52.360  -22.403  36.855 1.0000000000
54902  -52.491  -22.032  37.404 1.0000000000
56701  -48.402  -23.066  43.572 1.0000000000
59602  -55.716  -19.580  48.936 1.0000000000
59603  -55.929  -19.524  48.415 1.0000000000
59604  -55.475  -19.982  47.671 1.0000000000
59605  -56.078  -19.463  47.807 1.0000000000
59617  -58.490  -15.414  43.549 1.0000000000
59618  -58.330  -14.917  43.924 1.0000000000
59619  -58.353  -15.571  43.988 1.0000000000
59620  -58.197  -15.723  44.491 1.0000000000
59621  -58.233  -16.222  44.087 1.0000000000
59622  -58.029  -16.844  44.139 1.0000000000
59623  -58.060  -16.712  43.584 1.0000000000
59624  -57.294  -17.381  41.868 1.0000000000
59625  -57.337  -17.536  42.479 1.0000000000
59626  -56.920  -17.840  41.871 1.0000000000
59627  -56.520  -18.275  41.839 1.0000000000
59628  -56.506  -18.120  41.243 1.0000000000
59629  -56.099  -18.394  40.573 1.0000000000
59630  -56.458  -17.974  40.624 1.0000000000
59631  -56.730  -17.250  39.475 1.0000000000
59632  -56.364  -17.695  39.483 1.0000000000
59633  -56.386  -17.569  38.906 1.0000000000
59634  -56.067  -17.894  38.310 1.0000000000
59635  -56.372  -17.484  38.335 1.0000000000
66768  -51.969  -24.237  35.835 1.0000000000
66769  -52.160  -24.848  35.642 1.0000000000
66770  -52.337  -24.352  35.592 1.0000000000
72171  -48.013  -23.317  40.512 1.0000000000
72172  -47.427  -23.556  40.221 1.0000000000
72173  -47.733  -23.518  39.762 1.0000000000
72174  -47.511  -23.773  39.092 1.0000000000
72175  -48.038  -23.491  39.372 1.0000000000
72176  -48.351  -23.469  39.002 1.0000000000
72177  -48.601  -23.206  39.695 1.0000000000
72178  -50.013  -22.584  40.980 1.0000000000
72179  -49.681  -22.746  40.275 1.0000000000
72180  -50.260  -22.532  40.567 1.0000000000
72181  -50.501  -22.481  40.174 1.0000000000
72182  -50.791  -22.313  40.790 1.0000000000
80872  -50.303  -22.431  46.447 1.0000000000
80873  -50.547  -22.326  45.963 1.0000000000
80874  -50.108  -22.462  45.107 1.0000000000
80875  -50.824  -22.239  45.507 1.0000000000
80876  -53.794  -20.973  48.219 1.0000000000
80877  -53.133  -21.315  47.926 1.0000000000
80878  -53.359  -21.259  47.401 1.0000000000
80879  -52.670  -21.599  45.200 1.0000000000
80880  -52.441  -21.682  45.692 1.0000000000
80881  -52.012  -21.846  44.851 1.0000000000
80882  -51.341  -22.070  44.547 1.0000000000
80883  -51.579  -21.999  44.000 1.0000000000
80884  -51.142  -22.146  43.213 1.0000000000
80885  -51.808  -21.916  43.525 1.0000000000
80886  -52.764  -21.484  42.935 1.0000000000
80887  -52.190  -21.733  42.628 1.0000000000
80888  -52.348  -21.638  42.148 1.0000000000
80889  -51.947  -21.827  41.405 1.0000000000
80890  -52.504  -21.559  41.749 1.0000000000
80932  -57.041  -16.210  47.375 1.0000000000
80934  -56.725  -16.246  47.897 1.0000000000
80936  -57.012  -16.621  48.389 1.0000000000
80938  -57.324  -17.146  48.169 1.0000000000
80939  -57.309  -18.268  46.682 1.0000000000
80940  -57.214  -18.316  47.297 1.0000000000
80941  -56.903  -18.790  46.698 1.0000000000
80942  -56.424  -19.285  46.671 1.0000000000
80943  -56.517  -19.217  46.115 1.0000000000
80944  -57.451  -17.925  44.283 1.0000000000
80945  -57.465  -18.059  44.866 1.0000000000
80946  -57.100  -18.438  44.300 1.0000000000
80947  -55.702  -19.628  43.613 1.0000000000
80948  -56.143  -19.353  44.266 1.0000000000
80949  -55.667  -19.771  44.194 1.0000000000
80950  -55.579  -19.950  44.733 1.0000000000
80951  -55.070  -20.217  44.009 1.0000000000
80952  -54.493  -20.583  43.811 1.0000000000
80953  -54.601  -20.445  43.279 1.0000000000
80954  -53.859  -20.704  41.287 1.0000000000
80955  -53.757  -20.843  41.784 1.0000000000
80956  -53.341  -21.042  41.042 1.0000000000
80957  -52.807  -21.326  40.797 1.0000000000
80958  -52.951  -21.257  40.311 1.0000000000
80959  -52.599  -21.493  39.613 1.0000000000
80960  -53.105  -21.167  39.839 1.0000000000
80961  -53.881  -20.624  39.068 1.0000000000
80962  -53.426  -21.008  38.923 1.0000000000
80963  -53.568  -20.935  38.433 1.0000000000
80964  -53.266  -21.279  37.777 1.0000000000
80965  -53.713  -20.870  37.921 1.0000000000
80966  -55.396  -18.959  39.312 1.0000000000
80967  -55.099  -19.379  39.299 1.0000000000
80968  -55.123  -19.237  38.730 1.0000000000
80969  -54.639  -19.837  37.018 1.0000000000
80970  -54.582  -19.913  37.573 1.0000000000
80971  -54.345  -20.279  36.988 1.0000000000
80972  -54.007  -20.769  36.914 1.0000000000
80973  -54.172  -20.724  36.440 1.0000000000
80974  -54.037  -21.200  35.920 1.0000000000
80975  -54.332  -20.709  35.984 1.0000000000
80976  -54.814  -20.300  35.018 1.0000000000
80977  -54.629  -20.790  35.038 1.0000000000
80978  -54.816  -20.851  34.627 1.0000000000
80980  -54.994  -20.932  34.201 1.0000000000
80981  -58.585  -15.025  39.723 1.0000000000
80982  -58.102  -15.590  39.685 1.0000000000
80983  -58.160  -15.457  39.130 1.0000000000
80984  -57.276  -16.218  37.314 1.0000000000
80985  -57.240  -16.344  37.895 1.0000000000
80986  -56.825  -16.759  37.266 1.0000000000
80987  -56.405  -17.244  37.217 1.0000000000
80988  -56.461  -17.154  36.636 1.0000000000
80989  -57.577  -15.835  34.984 1.0000000000
80990  -57.451  -15.885  35.531 1.0000000000
80991  -57.052  -16.371  34.953 1.0000000000
80992  -56.118  -17.952  34.415 1.0000000000
80993  -56.301  -17.468  34.930 1.0000000000
80994  -55.985  -17.958  34.902 1.0000000000
80995  -55.919  -17.971  35.452 1.0000000000
80996  -55.742  -18.438  34.914 1.0000000000
80997  -55.488  -18.903  34.903 1.0000000000
80998  -55.614  -18.916  34.394 1.0000000000
92838  -49.957  -22.909  38.837 1.0000000000
92839  -49.755  -23.218  38.124 1.0000000000
92840  -50.222  -22.878  38.454 1.0000000000
92841  -50.532  -22.925  38.032 1.0000000000
92842  -50.844  -22.925  37.664 1.0000000000
92843  -51.130  -22.994  37.286 1.0000000000
92844  -51.220  -22.615  37.903 1.0000000000
92845  -51.619  -22.331  38.068 1.0000000000
92846  -52.015  -22.039  38.244 1.0000000000
95668  -56.693  -18.328  49.068 1.0000000000
95675  -58.554  -14.079  43.392 1.0000000000
95676  -58.747  -14.599  43.021 1.0000000000
95677  -58.588  -15.285  43.018 1.0000000000
95678  -58.379  -15.957  43.030 1.0000000000
95679  -58.058  -16.575  43.005 1.0000000000
95680  -58.067  -16.430  42.449 1.0000000000
95681  -57.663  -16.867  41.849 1.0000000000
95682  -57.209  -17.242  41.248 1.0000000000
95683  -56.791  -17.541  40.640 1.0000000000
95684  -57.190  -17.059  40.642 1.0000000000
95685  -57.184  -16.878  40.117 1.0000000000
95686  -57.183  -16.715  39.600 1.0000000000
99966  -52.393  -23.321  35.937 1.0000000000
99967  -52.555  -23.889  35.585 1.0000000000
99968  -52.730  -23.418  35.642 1.0000000000
99969  -53.084  -23.561  35.362 1.0000000000
99970  -53.443  -23.675  35.089 1.0000000000
99972  -53.614  -23.204  35.056 1.0000000000
103206  -47.719  -23.307  42.054 1.0000000000
103208  -48.011  -23.234  41.637 1.0000000000
103209  -48.313  -23.155  41.252 1.0000000000
103210  -48.608  -23.086  40.855 1.0000000000
103211  -48.894  -23.008  40.412 1.0000000000
103212  -49.190  -22.866  41.135 1.0000000000
103213  -49.761  -22.654  41.402 1.0000000000
103214  -50.317  -22.451  41.628 1.0000000000
108429  -51.494  -21.986  47.755 1.0000000000
108430  -51.730  -21.901  47.246 1.0000000000
108431  -54.198  -20.869  47.188 1.0000000000
108432  -53.569  -21.197  46.873 1.0000000000
108433  -53.763  -21.119  46.355 1.0000000000
108434  -53.310  -21.333  45.511 1.0000000000
108435  -52.876  -21.523  44.700 1.0000000000
108436  -52.443  -21.672  43.864 1.0000000000
108437  -53.054  -21.468  44.211 1.0000000000
108438  -53.220  -21.337  43.731 1.0000000000
108439  -53.346  -21.236  43.254 1.0000000000
108461  -57.067  -15.261  45.035 1.0000000000
108462  -56.730  -15.479  45.378 1.0000000000
108465  -56.829  -15.842  46.369 1.0000000000
108466  -57.221  -16.107  46.862 1.0000000000
108467  -57.521  -16.616  47.302 1.0000000000
108468  -57.567  -17.173  47.613 1.0000000000
108469  -57.705  -17.178  46.996 1.0000000000
108470  -57.633  -17.739  46.552 1.0000000000
108471  -57.402  -18.226  46.065 1.0000000000
108472  -56.629  -18.610  43.065 1.0000000000
108473  -56.662  -18.772  43.689 1.0000000000
108474  -56.196  -19.042  43.054 1.0000000000
108475  -55.749  -19.467  43.029 1.0000000000
108476  -55.231  -19.889  42.905 1.0000000000
108477  -54.691  -20.286  42.731 1.0000000000
108478  -54.785  -20.133  42.172 1.0000000000
108479  -54.377  -20.357  41.452 1.0000000000
108480  -53.975  -20.573  40.745 1.0000000000
108481  -53.602  -20.814  40.082 1.0000000000
108482  -54.100  -20.436  40.237 1.0000000000
108483  -54.213  -20.326  39.731 1.0000000000
108484  -54.293  -20.221  39.179 1.0000000000
108485  -55.457  -18.725  38.217 1.0000000000
108486  -55.156  -19.135  38.168 1.0000000000
108487  -55.194  -19.060  37.651 1.0000000000
108488  -54.923  -19.398  37.057 1.0000000000
108489  -54.725  -19.784  36.483 1.0000000000
108490  -54.580  -20.229  35.973 1.0000000000
108491  -54.812  -19.783  35.990 1.0000000000
108492  -54.900  -19.786  35.497 1.0000000000
108493  -55.009  -19.818  34.999 1.0000000000
108494  -58.741  -14.779  38.587 1.0000000000
108495  -58.203  -15.337  38.570 1.0000000000
108496  -58.237  -15.237  37.993 1.0000000000
108497  -57.783  -15.636  37.387 1.0000000000
108498  -57.309  -16.090  36.746 1.0000000000
108499  -56.876  -16.910  33.870 1.0000000000
108500  -56.723  -16.891  34.410 1.0000000000
108503  -56.000  -18.465  33.898 1.0000000000
116781  -48.831  -24.395  37.106 1.0000000000
116783  -49.664  -23.613  37.525 1.0000000000
116784  -49.641  -24.087  37.006 1.0000000000
116786  -50.127  -24.749  36.341 1.0000000000
116787  -50.598  -24.884  36.162 1.0000000000
116788  -51.073  -25.040  35.941 1.0000000000
116789  -51.537  -25.183  35.852 1.0000000000
116790  -51.301  -24.531  35.992 1.0000000000
116791  -51.586  -24.102  36.066 1.0000000000
116792  -51.831  -23.653  36.156 1.0000000000
116793  -51.442  -23.057  36.967 1.0000000000
116794  -51.763  -23.101  36.624 1.0000000000
116795  -52.076  -23.222  36.279 1.0000000000
116796  -52.331  -22.839  36.356 1.0000000000
116797  -52.633  -22.457  36.469 1.0000000000
116798  -52.944  -22.090  36.581 1.0000000000
119317  -48.681  -22.990  43.142 1.0000000000
119318  -49.284  -22.776  43.440 1.0000000000
123376  -54.471  -20.551  48.535 1.0000000000
123378  -55.121  -20.101  48.766 1.0000000000
123379  -54.692  -20.508  47.990 1.0000000000
123380  -54.867  -20.487  47.464 1.0000000000
123381  -55.025  -20.384  46.909 1.0000000000
123382  -55.187  -20.267  46.399 1.0000000000
123401  -57.606  -14.797  44.405 1.0000000000
123402  -57.894  -15.293  44.730 1.0000000000
123403  -58.062  -15.847  44.976 1.0000000000
123404  -58.087  -16.437  45.117 1.0000000000
123405  -57.989  -17.038  45.247 1.0000000000
123406  -58.008  -16.944  44.700 1.0000000000
123407  -57.751  -17.422  44.211 1.0000000000
123408  -57.429  -17.814  43.689 1.0000000000
123409  -57.737  -17.142  43.056 1.0000000000
123410  -57.373  -17.683  43.075 1.0000000000
123411  -57.031  -18.165  43.113 1.0000000000
123412  -56.571  -18.441  42.464 1.0000000000
123413  -56.155  -18.697  41.801 1.0000000000
123414  -55.755  -18.955  41.144 1.0000000000
123415  -55.361  -19.246  40.469 1.0000000000
123416  -55.776  -18.771  40.564 1.0000000000
123417  -55.750  -18.662  39.950 1.0000000000
123418  -55.754  -18.514  39.370 1.0000000000
123419  -56.399  -17.834  40.032 1.0000000000
123420  -56.035  -18.103  39.424 1.0000000000
123421  -55.736  -18.394  38.828 1.0000000000
123422  -55.742  -18.316  38.262 1.0000000000
123423  -55.769  -18.243  37.718 1.0000000000
123424  -55.771  -18.182  37.115 1.0000000000
123426  -58.509  -14.944  36.187 1.0000000000
123427  -58.604  -14.895  35.603 1.0000000000
123428  -58.137  -15.343  35.002 1.0000000000
123429  -57.706  -15.827  34.423 1.0000000000
123431  -57.845  -15.852  33.856 1.0000000000
132958  -52.431  -25.468  35.597 1.0000000000
132959  -52.886  -25.576  35.500 1.0000000000
132960  -52.770  -24.502  35.430 1.0000000000
132961  -53.025  -25.096  35.373 1.0000000000
133032  -58.874  -14.857  41.443 1.0000000000
133033  -58.483  -15.315  40.830 1.0000000000
133034  -58.962  -14.674  40.938 1.0000000000
133035  -59.033  -14.543  40.396 1.0000000000
133036  -59.134  -14.415  39.837 1.0000000000
133039  -59.238  -14.304  39.256 1.0000000000
139734  -48.160  -23.796  38.347 1.0000000000
139735  -48.630  -23.477  38.640 1.0000000000
139736  -49.130  -23.192  38.910 1.0000000000
139737  -49.151  -22.979  40.007 1.0000000000
139738  -49.365  -22.938  39.560 1.0000000000
139739  -49.685  -22.915  39.211 1.0000000000
139740  -50.207  -22.678  39.509 1.0000000000
139741  -50.697  -22.422  39.722 1.0000000000
139742  -51.200  -22.187  39.940 1.0000000000
150286  -49.622  -22.705  46.014 1.0000000000
150287  -49.210  -22.831  45.170 1.0000000000
150288  -49.467  -22.713  44.706 1.0000000000
150289  -49.716  -22.627  44.258 1.0000000000
150290  -49.964  -22.545  43.810 1.0000000000
150291  -52.907  -21.377  48.443 1.0000000000
150292  -52.460  -21.617  47.594 1.0000000000
150293  -51.970  -21.823  46.720 1.0000000000
150294  -52.910  -21.497  46.584 1.0000000000
150295  -52.210  -21.753  46.183 1.0000000000
150296  -51.516  -21.990  45.882 1.0000000000
150297  -51.080  -22.147  45.019 1.0000000000
150298  -50.638  -22.307  44.145 1.0000000000
150299  -50.234  -22.466  43.362 1.0000000000
150300  -50.468  -22.373  42.876 1.0000000000
150301  -50.714  -22.303  42.438 1.0000000000
150302  -50.960  -22.235  41.998 1.0000000000
150303  -52.007  -21.833  43.086 1.0000000000
150304  -51.570  -21.978  42.297 1.0000000000
150305  -51.167  -22.141  41.544 1.0000000000
150306  -51.372  -22.071  41.110 1.0000000000
150307  -51.562  -21.991  40.685 1.0000000000
150308  -51.719  -21.928  40.269 1.0000000000
150357  -55.727  -15.985  46.541 1.0000000000
150364  -56.980  -17.677  48.950 1.0000000000
150365  -56.871  -18.325  48.467 1.0000000000
150366  -57.374  -17.718  47.809 1.0000000000
150367  -57.051  -18.319  47.898 1.0000000000
150368  -56.642  -18.884  47.877 1.0000000000
150369  -56.268  -19.390  47.236 1.0000000000
150370  -55.803  -19.818  46.574 1.0000000000
150371  -55.338  -20.164  45.842 1.0000000000
150372  -57.749  -17.606  45.370 1.0000000000
150373  -57.447  -18.128  45.469 1.0000000000
150374  -57.042  -18.669  45.526 1.0000000000
150375  -56.651  -18.904  44.307 1.0000000000
150376  -56.616  -19.039  44.919 1.0000000000
150377  -56.561  -19.132  45.519 1.0000000000
150378  -56.065  -19.593  45.473 1.0000000000
150379  -55.460  -20.066  45.291 1.0000000000
150380  -54.865  -20.461  45.078 1.0000000000
150381  -54.374  -20.719  44.298 1.0000000000
150382  -53.893  -20.950  43.542 1.0000000000
150383  -53.484  -21.111  42.777 1.0000000000
150384  -54.175  -20.646  42.541 1.0000000000
150385  -53.622  -20.991  42.290 1.0000000000
150386  -53.056  -21.269  42.043 1.0000000000
150387  -52.664  -21.436  41.295 1.0000000000
150388  -52.304  -21.638  40.537 1.0000000000
150389  -51.928  -21.851  39.825 1.0000000000
150390  -52.107  -21.798  39.375 1.0000000000
150391  -52.309  -21.749  38.928 1.0000000000
150392  -52.497  -21.715  38.468 1.0000000000
150393  -53.262  -21.084  39.396 1.0000000000
150394  -52.956  -21.353  38.712 1.0000000000
150395  -52.703  -21.675  38.028 1.0000000000
150396  -52.879  -21.661  37.584 1.0000000000
150397  -53.085  -21.651  37.172 1.0000000000
150398  -53.298  -21.648  36.726 1.0000000000
150399  -55.051  -19.515  39.848 1.0000000000
150400  -54.733  -19.811  39.224 1.0000000000
150401  -54.363  -20.124  38.621 1.0000000000
150402  -54.850  -19.557  38.169 1.0000000000
150403  -54.494  -20.027  38.078 1.0000000000
150404  -54.090  -20.451  37.989 1.0000000000
150405  -53.857  -20.826  37.397 1.0000000000
150406  -53.645  -21.232  36.808 1.0000000000
150407  -53.511  -21.663  36.265 1.0000000000
150408  -53.748  -21.679  35.864 1.0000000000
150409  -53.981  -21.728  35.445 1.0000000000
150410  -54.210  -21.782  35.068 1.0000000000
150411  -54.470  -20.733  35.473 1.0000000000
150412  -54.414  -21.263  35.060 1.0000000000
150413  -54.471  -21.878  34.701 1.0000000000
150417  -58.033  -15.761  40.222 1.0000000000
150418  -57.609  -16.205  39.635 1.0000000000
150419  -57.172  -16.590  39.023 1.0000000000
150420  -57.690  -15.901  38.507 1.0000000000
150421  -57.186  -16.458  38.452 1.0000000000
150422  -56.751  -16.976  38.400 1.0000000000
150423  -56.388  -17.367  37.778 1.0000000000
150424  -56.077  -17.728  37.195 1.0000000000
150425  -55.818  -18.096  36.579 1.0000000000
150426  -57.953  -15.446  36.157 1.0000000000
150427  -57.383  -15.971  36.136 1.0000000000
150428  -56.888  -16.527  36.129 1.0000000000
150429  -56.637  -16.931  34.949 1.0000000000
150430  -56.557  -16.988  35.504 1.0000000000
150431  -56.485  -17.062  36.059 1.0000000000
150432  -56.156  -17.549  36.026 1.0000000000
150433  -55.864  -18.022  36.018 1.0000000000
150434  -55.585  -18.481  36.003 1.0000000000
150435  -55.376  -18.879  35.442 1.0000000000
150436  -55.221  -19.349  34.930 1.0000000000
150437  -55.147  -19.882  34.501 1.0000000000
150438  -55.511  -19.446  33.952 1.0000000000
