#!ascii label  , from subject 40tvs8ref_sym_20 vox2ras=TkReg
302
33  -17.195  -69.128  33.523 1.0000000000
779  -19.892  -68.933  29.854 1.0000000000
781  -20.075  -76.537  27.423 1.0000000000
792  -13.308  -66.172  32.964 1.0000000000
793  -15.811  -64.228  29.562 1.0000000000
2699  -18.470  -68.808  31.679 1.0000000000
2700  -20.416  -72.662  28.504 1.0000000000
2701  -19.604  -72.128  30.742 1.0000000000
2710  -14.235  -68.241  35.857 1.0000000000
2711  -12.072  -67.554  35.210 1.0000000000
2712  -15.460  -67.033  33.578 1.0000000000
2713  -16.872  -66.336  31.770 1.0000000000
3820  -19.925  -65.506  28.561 1.0000000000
6011  -21.121  -69.213  27.826 1.0000000000
6013  -21.074  -73.257  26.127 1.0000000000
6036  -14.520  -65.116  31.191 1.0000000000
6037  -18.416  -65.837  30.126 1.0000000000
10379  -17.835  -68.916  32.603 1.0000000000
10380  -19.172  -70.397  31.298 1.0000000000
10381  -18.592  -70.334  32.276 1.0000000000
10390  -15.689  -68.398  34.711 1.0000000000
10391  -14.821  -67.599  34.705 1.0000000000
10392  -16.373  -67.937  33.602 1.0000000000
10393  -17.037  -67.652  32.688 1.0000000000
11500  -21.335  -67.353  27.381 1.0000000000
11501  -20.625  -65.496  27.711 1.0000000000
13859  -20.576  -69.082  28.816 1.0000000000
13860  -21.283  -71.240  26.986 1.0000000000
13861  -20.826  -71.020  28.097 1.0000000000
13862  -20.327  -74.620  27.842 1.0000000000
13863  -20.523  -74.944  26.630 1.0000000000
13864  -20.084  -76.848  26.115 1.0000000000
13893  -12.719  -66.841  34.113 1.0000000000
13895  -11.546  -66.913  33.589 1.0000000000
13897  -12.143  -66.209  32.454 1.0000000000
13898  -12.663  -65.659  31.576 1.0000000000
13899  -13.887  -65.648  32.064 1.0000000000
13900  -18.558  -67.302  30.966 1.0000000000
13901  -17.614  -66.072  30.934 1.0000000000
13902  -19.316  -67.218  30.157 1.0000000000
13903  -20.036  -67.194  29.257 1.0000000000
23291  -19.184  -68.825  30.804 1.0000000000
23292  -20.302  -70.720  29.240 1.0000000000
23293  -19.752  -70.509  30.318 1.0000000000
23294  -20.001  -72.306  29.643 1.0000000000
23295  -20.079  -74.245  29.024 1.0000000000
23310  -12.629  -68.472  36.754 1.0000000000
23312  -13.207  -67.781  35.597 1.0000000000
23313  -13.830  -67.067  34.505 1.0000000000
23314  -14.504  -66.442  33.356 1.0000000000
23315  -15.067  -66.038  32.388 1.0000000000
23316  -16.134  -66.683  32.629 1.0000000000
23317  -17.747  -67.456  31.810 1.0000000000
25308  -17.983  -64.446  29.241 1.0000000000
25309  -16.563  -63.875  28.764 1.0000000000
25310  -18.749  -64.233  28.448 1.0000000000
25311  -19.523  -64.093  27.672 1.0000000000
29387  -21.642  -69.397  26.738 1.0000000000
29389  -21.657  -71.469  25.819 1.0000000000
29390  -21.301  -73.490  24.912 1.0000000000
29391  -20.625  -75.449  24.130 1.0000000000
29392  -20.787  -72.960  27.335 1.0000000000
29393  -20.623  -75.240  25.364 1.0000000000
29444  -15.089  -64.662  30.362 1.0000000000
29445  -15.722  -65.620  31.543 1.0000000000
29446  -16.435  -65.177  30.720 1.0000000000
29447  -17.184  -64.745  29.986 1.0000000000
29448  -19.142  -65.572  29.400 1.0000000000
29449  -20.728  -67.305  28.305 1.0000000000
35429  -16.635  -69.384  34.490 1.0000000000
35430  -17.949  -70.367  33.420 1.0000000000
35592  -13.736  -68.787  36.871 1.0000000000
35593  -15.142  -68.864  35.696 1.0000000000
39100  -19.041  -71.899  32.007 1.0000000000
39101  -19.806  -73.819  30.391 1.0000000000
39102  -20.023  -76.057  28.870 1.0000000000
41099  -17.518  -69.016  33.064 1.0000000000
41100  -18.248  -69.594  32.465 1.0000000000
41101  -17.946  -69.634  32.937 1.0000000000
41110  -16.439  -68.710  34.119 1.0000000000
41111  -16.015  -68.177  34.150 1.0000000000
41112  -16.794  -68.517  33.558 1.0000000000
41113  -17.123  -68.392  33.108 1.0000000000
42221  -21.648  -67.396  26.885 1.0000000000
44579  -20.222  -69.011  29.337 1.0000000000
44580  -20.738  -70.042  28.482 1.0000000000
44581  -20.434  -69.949  29.013 1.0000000000
44582  -20.253  -75.598  27.589 1.0000000000
44583  -20.305  -75.752  26.980 1.0000000000
44584  -20.078  -76.696  26.790 1.0000000000
44585  -19.698  -77.682  26.040 1.0000000000
44586  -19.758  -77.572  26.679 1.0000000000
44613  -13.017  -66.494  33.558 1.0000000000
44614  -12.130  -66.846  33.875 1.0000000000
44615  -12.412  -66.486  33.317 1.0000000000
44616  -11.851  -66.546  33.020 1.0000000000
44617  -12.721  -66.160  32.708 1.0000000000
44618  -13.011  -65.877  32.280 1.0000000000
44619  -13.593  -65.900  32.503 1.0000000000
44620  -19.284  -68.032  30.465 1.0000000000
44621  -18.930  -67.240  30.555 1.0000000000
44622  -19.659  -68.051  30.030 1.0000000000
44623  -19.994  -68.094  29.542 1.0000000000
47942  -15.101  -64.203  29.259 1.0000000000
54179  -18.839  -68.789  31.216 1.0000000000
54180  -19.502  -69.652  30.564 1.0000000000
54181  -19.151  -69.575  31.063 1.0000000000
54182  -19.423  -71.252  31.037 1.0000000000
54183  -19.671  -71.304  30.519 1.0000000000
54184  -19.800  -72.229  30.176 1.0000000000
54185  -20.044  -73.273  29.302 1.0000000000
54186  -19.878  -73.134  29.874 1.0000000000
54210  -13.464  -68.322  36.345 1.0000000000
54211  -12.917  -68.133  36.168 1.0000000000
54212  -13.746  -67.977  35.745 1.0000000000
54213  -15.146  -67.284  34.158 1.0000000000
54214  -14.344  -67.293  34.627 1.0000000000
54215  -14.666  -66.979  34.083 1.0000000000
54216  -14.175  -66.740  33.940 1.0000000000
54217  -14.991  -66.712  33.488 1.0000000000
54218  -15.313  -66.531  32.990 1.0000000000
54219  -15.805  -66.872  33.092 1.0000000000
54220  -17.780  -68.143  32.189 1.0000000000
54221  -17.380  -67.542  32.217 1.0000000000
54222  -18.125  -68.104  31.748 1.0000000000
54223  -18.522  -68.038  31.373 1.0000000000
57540  -18.981  -64.881  28.939 1.0000000000
57541  -18.371  -64.316  28.836 1.0000000000
57542  -19.369  -64.778  28.538 1.0000000000
57544  -20.119  -64.720  27.747 1.0000000000
64619  -21.422  -69.332  27.276 1.0000000000
64620  -21.702  -70.440  26.291 1.0000000000
64621  -21.488  -70.350  26.851 1.0000000000
64622  -21.213  -72.240  26.559 1.0000000000
64623  -21.408  -72.367  25.982 1.0000000000
64624  -21.210  -73.388  25.529 1.0000000000
64625  -21.008  -74.486  24.499 1.0000000000
64626  -20.933  -74.366  25.129 1.0000000000
64627  -20.432  -71.700  28.882 1.0000000000
64628  -20.636  -71.835  28.308 1.0000000000
64629  -20.615  -72.824  27.942 1.0000000000
64631  -20.583  -75.106  25.983 1.0000000000
64632  -20.316  -76.182  25.104 1.0000000000
64735  -13.559  -65.348  31.397 1.0000000000
64737  -13.807  -65.108  30.969 1.0000000000
64738  -14.106  -64.873  30.507 1.0000000000
64739  -14.792  -64.896  30.757 1.0000000000
64740  -15.977  -66.123  32.098 1.0000000000
64741  -15.386  -65.820  31.973 1.0000000000
64742  -16.305  -65.944  31.677 1.0000000000
64743  -18.031  -65.935  30.528 1.0000000000
64744  -17.044  -65.590  30.836 1.0000000000
64745  -17.426  -65.404  30.437 1.0000000000
64746  -16.799  -64.964  30.335 1.0000000000
64747  -17.833  -65.255  30.064 1.0000000000
64748  -18.193  -65.111  29.702 1.0000000000
64749  -18.781  -65.727  29.749 1.0000000000
64750  -20.650  -68.154  28.590 1.0000000000
64751  -20.383  -67.258  28.792 1.0000000000
64752  -20.965  -68.243  28.084 1.0000000000
64753  -21.256  -68.285  27.576 1.0000000000
78390  -17.021  -69.942  34.467 1.0000000000
78788  -13.063  -68.862  37.293 1.0000000000
78791  -14.895  -69.102  36.197 1.0000000000
78792  -15.605  -69.263  35.587 1.0000000000
78793  -15.873  -69.031  35.088 1.0000000000
87503  -18.525  -71.057  32.738 1.0000000000
87508  -19.986  -74.922  29.618 1.0000000000
87509  -20.004  -75.791  29.589 1.0000000000
92411  -18.149  -68.845  32.142 1.0000000000
92412  -18.839  -69.567  31.534 1.0000000000
92413  -18.548  -69.583  31.978 1.0000000000
92414  -18.899  -70.369  31.783 1.0000000000
92415  -19.160  -71.176  31.581 1.0000000000
92430  -14.964  -68.243  35.292 1.0000000000
92431  -14.531  -67.882  35.278 1.0000000000
92432  -15.260  -67.970  34.733 1.0000000000
92433  -15.582  -67.702  34.176 1.0000000000
92434  -15.923  -67.439  33.615 1.0000000000
92435  -16.269  -67.270  33.146 1.0000000000
92436  -16.703  -67.784  33.156 1.0000000000
92437  -17.446  -68.249  32.670 1.0000000000
94428  -20.703  -66.381  28.019 1.0000000000
94429  -20.286  -65.489  28.134 1.0000000000
94430  -21.045  -66.397  27.560 1.0000000000
94431  -21.385  -66.432  27.107 1.0000000000
98675  -20.843  -69.158  28.331 1.0000000000
98676  -21.258  -70.250  27.424 1.0000000000
98677  -20.999  -70.148  27.949 1.0000000000
98678  -21.060  -71.115  27.548 1.0000000000
98679  -21.031  -72.108  27.126 1.0000000000
98680  -20.379  -73.643  28.152 1.0000000000
98681  -20.536  -73.836  27.568 1.0000000000
98682  -20.447  -74.792  27.231 1.0000000000
98683  -20.340  -75.900  26.358 1.0000000000
98735  -12.405  -67.197  34.639 1.0000000000
98737  -11.836  -67.187  34.432 1.0000000000
98738  -11.283  -67.272  34.136 1.0000000000
98739  -10.671  -67.413  33.798 1.0000000000
98742  -11.229  -66.691  32.697 1.0000000000
98743  -11.529  -66.341  32.198 1.0000000000
98744  -11.787  -66.067  31.705 1.0000000000
98745  -12.404  -65.940  32.017 1.0000000000
98746  -13.287  -65.597  31.851 1.0000000000
98747  -14.210  -65.381  31.612 1.0000000000
98748  -17.717  -66.737  31.388 1.0000000000
98749  -17.228  -66.168  31.343 1.0000000000
98750  -18.104  -66.624  31.001 1.0000000000
98751  -18.496  -66.538  30.602 1.0000000000
98752  -18.912  -66.491  30.171 1.0000000000
98753  -19.295  -66.432  29.752 1.0000000000
98754  -19.684  -67.208  29.707 1.0000000000
98755  -20.352  -68.106  29.073 1.0000000000
115787  -19.548  -68.868  30.354 1.0000000000
115788  -20.125  -69.803  29.561 1.0000000000
115789  -19.821  -69.709  30.083 1.0000000000
115790  -20.026  -70.622  29.777 1.0000000000
115791  -20.160  -71.555  29.430 1.0000000000
115792  -19.436  -70.416  30.830 1.0000000000
115793  -19.916  -71.378  30.004 1.0000000000
115794  -20.213  -72.482  29.074 1.0000000000
115795  -20.218  -73.458  28.740 1.0000000000
115796  -20.219  -74.431  28.454 1.0000000000
115797  -20.188  -75.392  28.218 1.0000000000
115830  -11.791  -68.656  37.125 1.0000000000
115832  -12.060  -68.326  36.550 1.0000000000
115834  -12.605  -67.611  35.441 1.0000000000
115835  -14.048  -67.613  35.174 1.0000000000
115836  -13.509  -67.424  35.032 1.0000000000
115837  -12.960  -67.283  34.846 1.0000000000
115838  -13.314  -66.905  34.310 1.0000000000
115839  -13.629  -66.579  33.760 1.0000000000
115840  -13.907  -66.251  33.196 1.0000000000
115841  -14.192  -66.040  32.693 1.0000000000
115842  -14.777  -66.253  32.855 1.0000000000
115843  -15.639  -66.319  32.527 1.0000000000
115844  -16.497  -66.499  32.190 1.0000000000
115845  -16.601  -67.131  32.672 1.0000000000
115846  -16.952  -66.967  32.234 1.0000000000
115847  -17.333  -66.846  31.821 1.0000000000
115848  -18.145  -67.374  31.402 1.0000000000
115849  -18.893  -68.050  30.930 1.0000000000
120492  -16.904  -64.237  29.419 1.0000000000
120493  -16.196  -64.022  29.172 1.0000000000
120494  -17.305  -64.081  29.032 1.0000000000
120495  -17.673  -63.949  28.664 1.0000000000
120497  -19.772  -64.711  28.176 1.0000000000
120498  -19.136  -64.127  28.073 1.0000000000
120499  -18.463  -63.733  27.901 1.0000000000
130237  -21.921  -70.503  25.758 1.0000000000
130238  -21.814  -71.552  25.252 1.0000000000
130240  -21.490  -71.354  26.419 1.0000000000
130241  -21.526  -72.482  25.349 1.0000000000
130242  -21.344  -73.551  24.296 1.0000000000
130245  -20.084  -76.353  23.296 1.0000000000
130246  -20.570  -70.877  28.667 1.0000000000
130247  -20.838  -71.988  27.715 1.0000000000
130248  -20.934  -73.113  26.727 1.0000000000
130249  -20.664  -73.977  26.954 1.0000000000
130250  -20.783  -74.111  26.345 1.0000000000
130251  -20.871  -74.237  25.734 1.0000000000
130252  -20.607  -75.341  24.759 1.0000000000
130387  -14.431  -64.652  30.090 1.0000000000
130388  -15.439  -64.431  29.958 1.0000000000
130389  -14.480  -65.803  32.238 1.0000000000
130390  -14.809  -65.567  31.793 1.0000000000
130391  -15.127  -65.337  31.376 1.0000000000
130392  -16.660  -65.733  31.253 1.0000000000
130393  -16.044  -65.385  31.141 1.0000000000
130394  -15.463  -65.070  30.965 1.0000000000
130395  -15.816  -64.836  30.577 1.0000000000
130396  -16.136  -64.633  30.179 1.0000000000
130397  -16.496  -64.407  29.796 1.0000000000
130398  -17.563  -64.607  29.596 1.0000000000
130399  -18.596  -64.951  29.343 1.0000000000
130400  -19.530  -65.577  28.951 1.0000000000
130401  -19.629  -66.344  29.364 1.0000000000
130402  -20.001  -66.378  28.895 1.0000000000
130403  -20.392  -66.377  28.445 1.0000000000
130404  -21.019  -67.312  27.834 1.0000000000
130405  -21.520  -68.347  27.074 1.0000000000
147293  -16.910  -69.260  34.003 1.0000000000
147294  -17.598  -69.746  33.482 1.0000000000
147295  -17.320  -69.842  33.981 1.0000000000
147774  -12.424  -68.711  37.246 1.0000000000
147775  -13.219  -68.609  36.829 1.0000000000
147776  -13.975  -68.532  36.364 1.0000000000
147777  -14.246  -69.037  36.825 1.0000000000
147778  -14.448  -68.793  36.308 1.0000000000
147779  -14.715  -68.524  35.809 1.0000000000
147780  -15.419  -68.603  35.193 1.0000000000
147781  -16.161  -68.873  34.596 1.0000000000
158254  -18.259  -70.331  32.846 1.0000000000
158255  -18.830  -71.109  32.152 1.0000000000
158256  -19.316  -71.998  31.393 1.0000000000
158258  -19.473  -72.814  31.243 1.0000000000
158259  -19.673  -72.943  30.539 1.0000000000
158260  -19.929  -74.030  29.721 1.0000000000
158261  -20.072  -75.164  28.927 1.0000000000
158262  -20.082  -76.293  28.164 1.0000000000
158269  -19.892  -76.917  28.872 1.0000000000
158270  -19.891  -77.190  28.128 1.0000000000
