#!ascii label  , from subject 40tvs8ref_sym_20 vox2ras=TkReg
215
423  -2.149  -4.969  29.601 1.0000000000
1947  -2.133  1.026  28.640 1.0000000000
1948  -2.971  -0.588  29.574 1.0000000000
4275  -3.106  2.664  28.838 1.0000000000
4276  -3.567  2.103  29.354 1.0000000000
4278  -3.574  -4.989  30.138 1.0000000000
5377  -2.082  -2.193  29.264 1.0000000000
5379  -1.378  -4.474  28.949 1.0000000000
8441  -2.557  0.027  29.156 1.0000000000
8442  -2.499  -2.596  29.654 1.0000000000
8443  -3.577  -0.686  29.855 1.0000000000
8444  -3.011  -3.678  29.932 1.0000000000
11955  -3.655  3.621  28.926 1.0000000000
13057  -2.121  -3.523  29.451 1.0000000000
13058  -1.748  -3.302  29.165 1.0000000000
13059  -1.778  -4.794  29.325 1.0000000000
18587  -3.001  0.967  29.241 1.0000000000
18588  -2.768  1.128  29.063 1.0000000000
18589  -2.744  -0.299  29.371 1.0000000000
18590  -2.537  -1.283  29.436 1.0000000000
18591  -2.745  -1.519  29.631 1.0000000000
18593  -3.741  0.208  29.782 1.0000000000
18594  -3.770  -1.533  30.059 1.0000000000
18596  -3.323  -4.437  30.049 1.0000000000
18597  -3.113  -5.556  30.031 1.0000000000
18598  -2.827  -4.524  29.913 1.0000000000
21894  -1.785  1.939  28.176 1.0000000000
26127  -3.237  4.501  28.383 1.0000000000
26128  -3.518  4.252  28.602 1.0000000000
26129  -3.355  2.580  29.070 1.0000000000
26130  -3.292  1.011  29.434 1.0000000000
26132  -3.795  -3.598  30.195 1.0000000000
26133  -3.814  -5.561  30.265 1.0000000000
28111  -2.129  -0.667  28.990 1.0000000000
28112  -1.738  0.074  28.588 1.0000000000
28113  -1.745  -1.723  28.922 1.0000000000
35598  -2.395  2.090  28.518 1.0000000000
35599  -2.835  2.880  28.645 1.0000000000
35600  -2.588  1.581  28.798 1.0000000000
35601  -2.387  0.545  28.903 1.0000000000
35602  -2.351  -1.154  29.259 1.0000000000
35603  -2.333  -2.408  29.491 1.0000000000
35604  -2.328  -3.780  29.651 1.0000000000
35605  -3.748  1.480  29.543 1.0000000000
35606  -3.565  0.689  29.634 1.0000000000
35607  -3.282  -0.548  29.702 1.0000000000
35608  -3.543  -2.652  30.054 1.0000000000
35609  -3.292  -2.180  29.911 1.0000000000
35610  -2.987  -1.876  29.786 1.0000000000
35611  -2.769  -2.891  29.802 1.0000000000
35612  -2.549  -4.096  29.813 1.0000000000
35613  -2.428  -5.454  29.793 1.0000000000
39595  -1.485  -6.068  29.093 1.0000000000
43777  -2.127  -4.240  29.531 1.0000000000
43778  -1.947  -4.155  29.410 1.0000000000
43779  -1.981  -4.935  29.480 1.0000000000
49307  -2.971  0.116  29.427 1.0000000000
49308  -2.864  0.255  29.323 1.0000000000
49309  -2.862  -0.443  29.476 1.0000000000
49310  -2.742  -0.913  29.510 1.0000000000
49311  -2.872  -1.079  29.617 1.0000000000
49314  -3.874  -2.097  30.158 1.0000000000
52613  -1.975  2.399  28.194 1.0000000000
52614  -1.969  1.517  28.408 1.0000000000
58905  -3.587  4.954  28.401 1.0000000000
58906  -3.647  4.748  28.511 1.0000000000
58907  -3.611  2.889  29.143 1.0000000000
58908  -3.517  3.179  28.989 1.0000000000
58909  -3.466  2.352  29.216 1.0000000000
58910  -3.313  1.724  29.286 1.0000000000
58911  -3.441  1.559  29.397 1.0000000000
58913  -3.902  -5.023  30.321 1.0000000000
62212  -2.118  -1.530  29.168 1.0000000000
62213  -1.935  -1.190  28.964 1.0000000000
62214  -1.939  -1.983  29.103 1.0000000000
62215  -1.575  -3.900  29.092 1.0000000000
62217  -1.348  -3.675  28.872 1.0000000000
62219  -1.135  -4.254  28.692 1.0000000000
78800  -2.459  3.092  28.280 1.0000000000
78802  -3.172  3.535  28.623 1.0000000000
78803  -3.013  3.654  28.513 1.0000000000
78804  -2.954  2.690  28.769 1.0000000000
78805  -2.646  0.535  29.107 1.0000000000
78806  -2.664  1.279  28.956 1.0000000000
78807  -2.570  0.772  28.989 1.0000000000
78808  -2.485  1.037  28.853 1.0000000000
78809  -2.480  0.257  29.042 1.0000000000
78810  -2.379  -0.279  29.085 1.0000000000
78811  -2.463  -0.517  29.203 1.0000000000
78812  -2.512  -1.932  29.549 1.0000000000
78813  -2.444  -1.856  29.469 1.0000000000
78814  -2.415  -2.477  29.565 1.0000000000
78815  -2.318  -3.055  29.572 1.0000000000
78816  -2.404  -3.125  29.661 1.0000000000
78820  -3.665  -0.175  29.819 1.0000000000
78821  -3.653  0.472  29.708 1.0000000000
78822  -3.572  0.057  29.746 1.0000000000
78823  -3.434  0.143  29.670 1.0000000000
78824  -3.445  -0.539  29.780 1.0000000000
78825  -3.688  -4.196  30.163 1.0000000000
78826  -3.675  -3.120  30.111 1.0000000000
78827  -3.548  -3.840  30.114 1.0000000000
78828  -3.161  -4.051  29.991 1.0000000000
78829  -3.297  -3.147  29.989 1.0000000000
78830  -3.137  -2.965  29.928 1.0000000000
78831  -3.131  -2.003  29.851 1.0000000000
78832  -2.996  -2.639  29.868 1.0000000000
78833  -2.893  -2.329  29.795 1.0000000000
78834  -2.921  -3.108  29.860 1.0000000000
78835  -2.684  -5.133  29.901 1.0000000000
78836  -2.659  -4.307  29.862 1.0000000000
78838  -2.484  -4.765  29.802 1.0000000000
88725  -1.503  -0.464  28.525 1.0000000000
88726  -1.532  0.498  28.347 1.0000000000
88741  -1.682  -6.223  29.261 1.0000000000
95247  -3.704  4.393  28.680 1.0000000000
95248  -3.757  3.960  28.868 1.0000000000
95249  -3.711  3.228  29.097 1.0000000000
97231  -2.118  -2.821  29.366 1.0000000000
97232  -1.935  -2.720  29.221 1.0000000000
97233  -1.922  -3.422  29.318 1.0000000000
97234  -1.751  -4.036  29.251 1.0000000000
97235  -1.570  -4.641  29.145 1.0000000000
107185  -3.047  1.817  29.044 1.0000000000
107186  -2.908  1.813  28.982 1.0000000000
107187  -2.878  1.011  29.163 1.0000000000
107188  -2.750  0.380  29.223 1.0000000000
107189  -2.635  -0.130  29.263 1.0000000000
107190  -2.546  -0.657  29.306 1.0000000000
107191  -2.620  -0.741  29.397 1.0000000000
107192  -2.602  -1.354  29.519 1.0000000000
107193  -2.585  -2.044  29.647 1.0000000000
107195  -3.827  0.669  29.714 1.0000000000
107197  -3.749  -0.596  29.922 1.0000000000
107198  -3.674  -1.041  29.949 1.0000000000
107199  -3.485  -5.785  30.103 1.0000000000
107200  -3.443  -4.701  30.100 1.0000000000
107202  -3.207  -5.108  30.041 1.0000000000
107203  -3.056  -4.657  29.985 1.0000000000
107204  -2.949  -3.991  29.917 1.0000000000
107205  -2.977  -4.962  29.962 1.0000000000
113137  -1.792  2.786  27.985 1.0000000000
113138  -1.596  2.305  27.953 1.0000000000
122403  -3.295  5.249  28.159 1.0000000000
122404  -3.443  5.141  28.277 1.0000000000
122405  -3.382  4.329  28.500 1.0000000000
122406  -3.312  3.479  28.718 1.0000000000
122407  -3.582  3.942  28.762 1.0000000000
122408  -3.431  3.452  28.831 1.0000000000
122409  -3.229  2.636  28.941 1.0000000000
122410  -3.174  1.765  29.157 1.0000000000
122411  -3.137  0.933  29.346 1.0000000000
122412  -3.119  0.147  29.508 1.0000000000
122414  -3.900  -3.080  30.237 1.0000000000
122415  -3.893  -4.064  30.283 1.0000000000
122416  -3.800  -4.598  30.235 1.0000000000
122417  -3.699  -5.255  30.190 1.0000000000
122418  -3.845  -6.469  30.282 1.0000000000
122419  -3.727  -6.177  30.206 1.0000000000
127033  -2.131  0.206  28.809 1.0000000000
127034  -1.947  0.571  28.627 1.0000000000
127035  -1.949  -0.314  28.809 1.0000000000
127036  -1.735  -0.844  28.765 1.0000000000
127037  -1.537  -1.414  28.721 1.0000000000
127038  -1.761  -2.538  29.056 1.0000000000
136307  -2.019  -5.703  29.525 1.0000000000
147791  -2.294  2.500  28.349 1.0000000000
147792  -2.264  1.575  28.577 1.0000000000
147796  -2.797  1.970  28.871 1.0000000000
147797  -2.700  2.219  28.732 1.0000000000
147798  -2.611  2.430  28.589 1.0000000000
147799  -2.498  1.830  28.654 1.0000000000
147800  -2.381  1.306  28.715 1.0000000000
147801  -2.261  0.776  28.771 1.0000000000
147802  -2.272  0.008  28.942 1.0000000000
147803  -2.248  -0.943  29.138 1.0000000000
147804  -2.234  -1.689  29.280 1.0000000000
147805  -2.457  -1.216  29.348 1.0000000000
147806  -2.359  -1.819  29.397 1.0000000000
147807  -2.229  -2.322  29.389 1.0000000000
147808  -2.226  -2.946  29.480 1.0000000000
147809  -2.218  -3.636  29.552 1.0000000000
147810  -2.244  -4.395  29.633 1.0000000000
147813  -3.659  1.760  29.463 1.0000000000
147814  -3.743  0.881  29.656 1.0000000000
147815  -3.652  1.086  29.598 1.0000000000
147816  -3.564  1.318  29.511 1.0000000000
147817  -3.436  0.827  29.543 1.0000000000
147818  -3.284  0.216  29.580 1.0000000000
147819  -3.117  -0.593  29.645 1.0000000000
147820  -3.788  -2.575  30.139 1.0000000000
147821  -3.673  -2.042  30.044 1.0000000000
147822  -3.567  -1.605  29.963 1.0000000000
147823  -3.423  -3.474  30.053 1.0000000000
147824  -3.427  -2.362  29.979 1.0000000000
147825  -3.440  -1.396  29.885 1.0000000000
147826  -3.286  -1.327  29.811 1.0000000000
147827  -3.121  -1.271  29.751 1.0000000000
147828  -2.979  -1.228  29.689 1.0000000000
147829  -2.888  -1.654  29.724 1.0000000000
147830  -2.752  -2.182  29.729 1.0000000000
147831  -2.594  -2.787  29.748 1.0000000000
147832  -2.806  -3.642  29.862 1.0000000000
147833  -2.627  -3.522  29.810 1.0000000000
147834  -2.511  -3.314  29.746 1.0000000000
147835  -2.435  -3.898  29.746 1.0000000000
147836  -2.366  -4.585  29.730 1.0000000000
147837  -2.288  -5.211  29.699 1.0000000000
147838  -2.333  -6.058  29.735 1.0000000000
159721  -1.755  1.015  28.391 1.0000000000
159722  -1.559  1.382  28.152 1.0000000000
159739  -1.828  -5.593  29.388 1.0000000000
159740  -1.617  -5.426  29.216 1.0000000000
159741  -1.436  -5.283  29.021 1.0000000000
159743  -1.288  -5.916  28.874 1.0000000000
