#!ascii label  , from subject 40tvs8ref_sym_20 vox2ras=TkReg
215
140  -15.369  -100.585  15.760 1.0000000000
1270  -13.292  -97.624  21.822 1.0000000000
1699  -15.703  -94.565  23.772 1.0000000000
1700  -18.206  -99.404  20.900 1.0000000000
3190  -14.736  -98.599  18.561 1.0000000000
3191  -13.382  -96.073  18.120 1.0000000000
3793  -17.164  -97.339  22.910 1.0000000000
6894  -11.943  -96.495  25.399 1.0000000000
6896  -11.373  -95.677  22.059 1.0000000000
7805  -13.561  -94.491  26.200 1.0000000000
7806  -14.611  -97.262  24.360 1.0000000000
7807  -15.502  -99.135  21.569 1.0000000000
7808  -16.527  -100.704  18.614 1.0000000000
7810  -18.888  -100.862  18.354 1.0000000000
10870  -15.234  -99.491  17.059 1.0000000000
10871  -14.595  -98.118  16.654 1.0000000000
10872  -14.807  -99.316  15.326 1.0000000000
15330  -12.496  -97.179  23.657 1.0000000000
15331  -11.405  -96.345  23.797 1.0000000000
15332  -12.258  -96.660  21.849 1.0000000000
17137  -14.649  -94.512  25.008 1.0000000000
17138  -14.014  -95.988  25.374 1.0000000000
17139  -15.289  -96.067  24.411 1.0000000000
17140  -17.730  -98.416  22.090 1.0000000000
17141  -16.437  -98.493  22.677 1.0000000000
17142  -16.854  -99.372  21.335 1.0000000000
17143  -16.034  -99.847  20.131 1.0000000000
17144  -17.331  -100.257  19.886 1.0000000000
17145  -17.661  -100.976  18.563 1.0000000000
17146  -18.566  -100.240  19.728 1.0000000000
24174  -14.043  -98.066  20.128 1.0000000000
24175  -13.210  -96.888  19.981 1.0000000000
24176  -14.029  -97.327  18.280 1.0000000000
25258  -16.731  -94.521  22.574 1.0000000000
25259  -16.454  -95.995  23.413 1.0000000000
25260  -17.523  -95.870  22.312 1.0000000000
25261  -18.286  -97.116  22.064 1.0000000000
25262  -18.917  -98.269  21.451 1.0000000000
25263  -19.307  -99.152  20.647 1.0000000000
31446  -11.574  -95.420  26.958 1.0000000000
31451  -12.405  -95.815  20.003 1.0000000000
33803  -12.457  -94.380  27.314 1.0000000000
33804  -12.812  -95.819  26.272 1.0000000000
33805  -13.239  -96.986  24.962 1.0000000000
33806  -13.789  -97.826  23.377 1.0000000000
33807  -15.937  -97.399  23.720 1.0000000000
33808  -15.102  -98.327  23.076 1.0000000000
33809  -14.351  -98.484  21.726 1.0000000000
33810  -14.950  -99.071  20.188 1.0000000000
33811  -15.538  -99.841  18.655 1.0000000000
33812  -15.937  -100.716  17.230 1.0000000000
33813  -16.064  -101.480  15.921 1.0000000000
33814  -16.819  -101.355  17.246 1.0000000000
33815  -17.910  -101.595  17.089 1.0000000000
33817  -19.718  -99.938  19.471 1.0000000000
41590  -15.332  -100.024  16.358 1.0000000000
41591  -15.030  -99.371  16.172 1.0000000000
41592  -15.072  -99.956  15.576 1.0000000000
41596  -15.311  -101.088  15.203 1.0000000000
46050  -12.886  -97.410  22.726 1.0000000000
46051  -12.329  -96.978  22.784 1.0000000000
46052  -12.761  -97.143  21.844 1.0000000000
47853  -15.858  -93.855  23.391 1.0000000000
47855  -15.393  -93.857  24.045 1.0000000000
47857  -15.181  -94.557  24.386 1.0000000000
47858  -14.933  -95.278  24.705 1.0000000000
47859  -15.511  -95.277  24.121 1.0000000000
47860  -17.967  -98.905  21.509 1.0000000000
47861  -17.315  -98.940  21.801 1.0000000000
47862  -17.534  -99.403  21.130 1.0000000000
47863  -17.085  -99.830  20.617 1.0000000000
47864  -17.781  -99.879  20.448 1.0000000000
47865  -17.947  -100.281  19.833 1.0000000000
47866  -18.387  -99.841  20.329 1.0000000000
55650  -14.422  -98.325  19.334 1.0000000000
55651  -13.995  -97.721  19.216 1.0000000000
55652  -14.365  -97.959  18.421 1.0000000000
57457  -17.228  -94.475  22.006 1.0000000000
57458  -17.133  -95.212  22.437 1.0000000000
57461  -18.431  -96.380  21.758 1.0000000000
57463  -18.636  -97.722  21.834 1.0000000000
57465  -19.389  -98.072  21.212 1.0000000000
69030  -11.760  -95.968  26.192 1.0000000000
69033  -11.345  -96.048  22.925 1.0000000000
69035  -10.944  -95.570  23.058 1.0000000000
69037  -10.987  -95.215  22.190 1.0000000000
69038  -13.285  -96.488  19.050 1.0000000000
69039  -12.811  -96.330  19.961 1.0000000000
69040  -12.911  -95.933  19.054 1.0000000000
74452  -13.018  -94.453  26.777 1.0000000000
74453  -12.621  -95.115  26.831 1.0000000000
74454  -13.213  -95.204  26.346 1.0000000000
74455  -14.322  -96.651  24.905 1.0000000000
74456  -13.625  -96.571  25.290 1.0000000000
74457  -13.915  -97.146  24.685 1.0000000000
74458  -13.503  -97.481  24.225 1.0000000000
74459  -14.186  -97.681  24.013 1.0000000000
74460  -16.826  -96.692  23.181 1.0000000000
74461  -16.232  -96.739  23.666 1.0000000000
74462  -16.577  -97.390  23.313 1.0000000000
74463  -15.966  -98.867  22.197 1.0000000000
74464  -15.784  -98.425  22.905 1.0000000000
74465  -15.320  -98.717  22.336 1.0000000000
74466  -14.691  -98.487  22.457 1.0000000000
74467  -14.922  -98.840  21.672 1.0000000000
74468  -14.619  -98.787  20.954 1.0000000000
74469  -15.149  -99.157  20.930 1.0000000000
74470  -16.315  -100.254  19.366 1.0000000000
74471  -15.765  -99.873  19.415 1.0000000000
74472  -16.013  -100.304  18.683 1.0000000000
74473  -15.785  -100.238  17.947 1.0000000000
74474  -16.233  -100.728  17.937 1.0000000000
74475  -16.354  -101.088  17.262 1.0000000000
74476  -16.695  -101.039  17.937 1.0000000000
74477  -18.279  -100.961  18.519 1.0000000000
74478  -17.805  -101.274  17.849 1.0000000000
74479  -18.410  -101.240  17.751 1.0000000000
74483  -19.503  -99.564  20.068 1.0000000000
93294  -15.042  -99.010  17.795 1.0000000000
93295  -14.679  -98.345  17.589 1.0000000000
93296  -14.919  -98.814  16.854 1.0000000000
93297  -14.780  -98.655  15.932 1.0000000000
93300  -14.498  -99.344  14.662 1.0000000000
101322  -12.145  -96.933  24.572 1.0000000000
101323  -11.555  -96.558  24.663 1.0000000000
101324  -11.917  -96.791  23.750 1.0000000000
101325  -11.812  -96.521  22.832 1.0000000000
101326  -11.772  -96.175  21.911 1.0000000000
101327  -13.384  -95.779  17.181 1.0000000000
101328  -12.993  -95.562  18.147 1.0000000000
104574  -14.393  -93.750  25.335 1.0000000000
104575  -14.091  -94.502  25.616 1.0000000000
104576  -13.759  -95.229  25.824 1.0000000000
104577  -14.345  -95.260  25.288 1.0000000000
104578  -14.665  -96.032  24.934 1.0000000000
104579  -14.966  -96.709  24.489 1.0000000000
104580  -17.491  -97.918  22.603 1.0000000000
104581  -16.895  -98.003  22.907 1.0000000000
104582  -17.095  -98.477  22.401 1.0000000000
104583  -16.637  -98.946  22.030 1.0000000000
104584  -16.169  -99.278  21.489 1.0000000000
104585  -15.738  -99.455  20.872 1.0000000000
104586  -16.385  -99.679  20.774 1.0000000000
104587  -16.670  -100.092  20.008 1.0000000000
104588  -16.907  -100.532  19.255 1.0000000000
104589  -17.072  -100.893  18.596 1.0000000000
104590  -17.485  -100.660  19.261 1.0000000000
104591  -18.109  -100.650  19.202 1.0000000000
104592  -18.742  -100.565  19.093 1.0000000000
117846  -13.668  -97.804  20.966 1.0000000000
117847  -13.181  -97.263  20.920 1.0000000000
117848  -13.608  -97.478  20.054 1.0000000000
117849  -13.634  -97.088  19.118 1.0000000000
117850  -13.680  -96.680  18.203 1.0000000000
117851  -14.345  -97.668  17.458 1.0000000000
117853  -13.698  -96.352  17.233 1.0000000000
120375  -16.342  -93.824  22.770 1.0000000000
120376  -16.224  -94.550  23.163 1.0000000000
120377  -16.081  -95.266  23.565 1.0000000000
120378  -16.631  -95.258  22.989 1.0000000000
120379  -16.999  -95.943  22.857 1.0000000000
120380  -17.370  -96.629  22.692 1.0000000000
120382  -17.911  -96.496  22.228 1.0000000000
120383  -17.732  -97.240  22.501 1.0000000000
120384  -18.086  -97.835  22.217 1.0000000000
120385  -18.340  -98.356  21.753 1.0000000000
120386  -18.591  -98.879  21.246 1.0000000000
120387  -18.792  -99.349  20.779 1.0000000000
120388  -19.118  -98.728  21.082 1.0000000000
120389  -19.616  -98.536  20.896 1.0000000000
135827  -11.051  -96.112  24.750 1.0000000000
135833  -12.735  -96.735  20.902 1.0000000000
135834  -12.295  -96.236  20.932 1.0000000000
135835  -11.866  -95.749  21.018 1.0000000000
135836  -12.513  -95.411  19.098 1.0000000000
142516  -12.337  -93.616  27.770 1.0000000000
142518  -12.029  -94.959  27.248 1.0000000000
142519  -12.185  -95.650  26.642 1.0000000000
142520  -12.381  -96.240  25.929 1.0000000000
142521  -13.407  -95.929  25.829 1.0000000000
142522  -13.014  -96.440  25.641 1.0000000000
142523  -12.584  -96.767  25.198 1.0000000000
142524  -12.812  -97.218  24.416 1.0000000000
142525  -13.133  -97.519  23.507 1.0000000000
142526  -13.485  -97.804  22.624 1.0000000000
142527  -15.877  -96.035  23.930 1.0000000000
142528  -15.600  -96.742  24.080 1.0000000000
142529  -15.252  -97.350  24.027 1.0000000000
142530  -16.249  -97.995  23.258 1.0000000000
142531  -15.567  -97.940  23.539 1.0000000000
142532  -14.878  -97.836  23.778 1.0000000000
142533  -14.436  -98.095  23.249 1.0000000000
142534  -14.075  -98.169  22.552 1.0000000000
142535  -13.819  -98.076  21.766 1.0000000000
142536  -14.115  -98.348  20.932 1.0000000000
142537  -14.491  -98.597  20.154 1.0000000000
142538  -14.827  -98.880  19.403 1.0000000000
142539  -15.454  -99.493  20.166 1.0000000000
142540  -15.271  -99.409  19.416 1.0000000000
142541  -15.134  -99.231  18.628 1.0000000000
142542  -15.397  -99.652  17.885 1.0000000000
142543  -15.565  -100.124  17.163 1.0000000000
142544  -15.670  -100.622  16.436 1.0000000000
142545  -15.669  -101.089  15.880 1.0000000000
142546  -16.021  -101.062  16.544 1.0000000000
142547  -16.419  -101.439  16.621 1.0000000000
142548  -16.921  -101.704  16.549 1.0000000000
142549  -17.217  -101.220  17.911 1.0000000000
142550  -17.335  -101.526  17.188 1.0000000000
142552  -18.040  -101.801  16.318 1.0000000000
142555  -18.963  -99.734  20.201 1.0000000000
142556  -19.146  -100.108  19.588 1.0000000000
142557  -19.362  -100.414  18.938 1.0000000000
142559  -19.941  -100.196  18.806 1.0000000000
142560  -19.494  -100.681  18.216 1.0000000000
