#!ascii label  , from subject 40tvs8ref_sym_20 vox2ras=TkReg
417
53  -8.472  48.494  26.637 1.0000000000
507  -13.037  41.544  17.081 1.0000000000
1110  -8.374  51.010  20.577 1.0000000000
1111  -11.296  47.489  15.853 1.0000000000
1112  -9.913  45.169  22.007 1.0000000000
1603  -8.631  42.209  28.252 1.0000000000
2166  -11.797  39.547  23.700 1.0000000000
3030  -8.086  49.913  23.454 1.0000000000
3031  -9.046  48.155  21.319 1.0000000000
3032  -8.843  46.840  24.283 1.0000000000
4773  -12.475  44.583  16.553 1.0000000000
4774  -12.892  45.317  13.439 1.0000000000
4775  -13.139  42.262  13.897 1.0000000000
4779  -9.805  41.016  25.982 1.0000000000
6606  -9.049  52.030  17.506 1.0000000000
6607  -10.055  50.244  15.144 1.0000000000
6608  -9.568  49.275  18.236 1.0000000000
6609  -10.660  46.367  18.983 1.0000000000
6610  -11.534  43.566  19.646 1.0000000000
7579  -8.581  45.170  27.475 1.0000000000
8190  -8.436  53.815  19.726 1.0000000000
8191  -8.072  52.727  22.746 1.0000000000
8192  -8.000  51.446  25.687 1.0000000000
8201  -8.161  49.962  29.192 1.0000000000
9054  -11.630  48.394  12.755 1.0000000000
9055  -12.876  45.985  10.329 1.0000000000
9060  -9.213  43.812  25.216 1.0000000000
9061  -10.525  42.527  22.806 1.0000000000
9062  -12.345  40.668  20.406 1.0000000000
10710  -8.252  49.274  24.994 1.0000000000
10711  -8.398  48.324  23.860 1.0000000000
10712  -8.570  47.640  25.372 1.0000000000
12453  -12.794  43.094  16.799 1.0000000000
12454  -13.099  43.506  15.213 1.0000000000
12455  -13.244  41.934  15.429 1.0000000000
14850  -8.734  51.542  19.049 1.0000000000
14851  -9.273  50.627  17.823 1.0000000000
14852  -8.914  50.145  19.399 1.0000000000
14853  -9.439  46.632  21.669 1.0000000000
14854  -9.769  47.266  20.203 1.0000000000
14855  -10.254  45.730  20.499 1.0000000000
14856  -11.175  44.880  19.348 1.0000000000
14857  -10.713  44.356  20.857 1.0000000000
17998  -7.989  52.184  24.125 1.0000000000
20078  -10.598  48.923  15.477 1.0000000000
20079  -10.798  49.390  13.967 1.0000000000
20080  -11.425  48.022  14.311 1.0000000000
20081  -13.122  44.075  12.118 1.0000000000
20082  -12.930  45.674  11.859 1.0000000000
20093  -8.576  43.654  27.864 1.0000000000
20094  -8.860  44.478  26.356 1.0000000000
20095  -8.873  42.994  26.755 1.0000000000
20096  -10.722  40.375  24.841 1.0000000000
20097  -10.135  41.842  24.394 1.0000000000
20098  -11.074  41.114  23.245 1.0000000000
20099  -11.446  41.705  21.616 1.0000000000
20100  -12.094  40.225  22.026 1.0000000000
23886  -8.180  50.482  22.015 1.0000000000
23887  -8.621  49.565  20.929 1.0000000000
23888  -8.469  49.021  22.374 1.0000000000
23889  -8.828  47.559  22.806 1.0000000000
23890  -9.256  45.996  23.180 1.0000000000
27023  -11.980  46.013  16.259 1.0000000000
27024  -12.212  46.445  14.664 1.0000000000
27025  -12.778  44.988  14.990 1.0000000000
27026  -13.150  43.809  13.694 1.0000000000
27032  -8.805  40.765  28.614 1.0000000000
27033  -9.098  41.602  27.146 1.0000000000
27034  -9.454  40.144  27.508 1.0000000000
27035  -10.408  39.496  26.374 1.0000000000
27036  -11.523  38.756  25.228 1.0000000000
30776  -9.512  51.090  16.343 1.0000000000
30777  -9.807  49.761  16.654 1.0000000000
30778  -10.355  48.379  17.001 1.0000000000
30779  -9.297  48.731  19.804 1.0000000000
30780  -10.140  47.850  18.609 1.0000000000
30781  -11.058  46.951  17.426 1.0000000000
30782  -11.637  45.519  17.840 1.0000000000
30783  -12.035  44.079  18.123 1.0000000000
30784  -12.384  42.637  18.380 1.0000000000
33186  -8.519  47.738  28.246 1.0000000000
33187  -8.639  46.838  27.045 1.0000000000
33188  -8.433  46.039  28.615 1.0000000000
34873  -8.682  52.888  18.599 1.0000000000
34874  -8.416  52.396  20.144 1.0000000000
34876  -8.246  53.286  21.317 1.0000000000
34877  -8.173  51.830  21.647 1.0000000000
34878  -8.039  51.307  23.060 1.0000000000
34879  -8.039  50.720  24.508 1.0000000000
34880  -8.226  49.980  26.140 1.0000000000
34906  -8.129  50.730  27.432 1.0000000000
34907  -8.361  49.215  27.852 1.0000000000
34908  -8.347  48.469  29.531 1.0000000000
37407  -12.311  46.904  13.103 1.0000000000
37408  -12.411  47.245  11.549 1.0000000000
37422  -8.769  46.037  25.871 1.0000000000
37423  -9.072  45.294  24.770 1.0000000000
37424  -9.605  44.517  23.579 1.0000000000
37425  -9.409  42.408  25.560 1.0000000000
37426  -9.797  43.176  24.004 1.0000000000
37427  -10.247  43.847  22.432 1.0000000000
37428  -11.021  43.094  21.286 1.0000000000
37429  -11.910  42.209  19.992 1.0000000000
37430  -12.723  41.113  18.761 1.0000000000
37439  -13.043  39.914  17.448 1.0000000000
41430  -8.363  48.895  25.822 1.0000000000
41431  -8.423  48.447  25.211 1.0000000000
41432  -8.493  48.080  26.003 1.0000000000
43173  -12.941  42.312  16.925 1.0000000000
43174  -13.103  42.499  16.100 1.0000000000
43175  -13.151  41.720  16.261 1.0000000000
45570  -8.557  51.290  19.819 1.0000000000
45571  -8.813  50.824  19.203 1.0000000000
45572  -8.625  50.571  19.981 1.0000000000
45573  -9.691  45.879  21.858 1.0000000000
45574  -9.830  46.174  21.093 1.0000000000
45575  -10.078  45.453  21.257 1.0000000000
45576  -10.501  45.028  20.678 1.0000000000
45577  -10.309  44.763  21.422 1.0000000000
50798  -10.939  48.211  15.659 1.0000000000
50799  -10.999  48.496  14.892 1.0000000000
50800  -11.378  47.752  15.081 1.0000000000
50801  -12.989  43.459  11.470 1.0000000000
50802  -13.065  44.226  11.345 1.0000000000
50813  -8.606  42.938  28.077 1.0000000000
50814  -8.715  43.317  27.324 1.0000000000
50815  -8.751  42.593  27.516 1.0000000000
50816  -11.241  40.004  24.293 1.0000000000
50817  -10.859  40.767  24.049 1.0000000000
50818  -11.414  40.365  23.470 1.0000000000
50819  -11.575  40.709  22.651 1.0000000000
50820  -11.949  39.920  22.862 1.0000000000
55170  -8.097  50.201  22.731 1.0000000000
55171  -8.302  49.743  22.181 1.0000000000
55172  -8.262  49.466  22.887 1.0000000000
55173  -8.615  47.580  24.066 1.0000000000
55174  -8.617  47.943  23.323 1.0000000000
55175  -8.809  47.197  23.529 1.0000000000
55176  -9.056  46.773  22.990 1.0000000000
55177  -9.009  46.432  23.731 1.0000000000
60398  -12.273  45.291  16.418 1.0000000000
60399  -12.391  45.508  15.623 1.0000000000
60400  -12.644  44.777  15.757 1.0000000000
60401  -13.201  42.890  14.526 1.0000000000
60402  -13.129  43.654  14.468 1.0000000000
60403  -13.173  43.033  13.770 1.0000000000
60405  -13.081  42.399  13.132 1.0000000000
60414  -9.088  40.467  28.081 1.0000000000
60418  -10.784  38.701  26.554 1.0000000000
60419  -10.959  39.144  25.811 1.0000000000
67590  -9.177  52.285  16.788 1.0000000000
67591  -9.409  51.802  16.221 1.0000000000
67592  -9.287  51.546  16.920 1.0000000000
67593  -9.393  49.966  18.023 1.0000000000
67594  -9.528  50.199  17.242 1.0000000000
67595  -9.701  49.530  17.437 1.0000000000
67596  -10.052  49.080  16.813 1.0000000000
67597  -9.938  48.827  17.621 1.0000000000
67598  -8.820  48.866  21.133 1.0000000000
67599  -8.939  49.150  20.378 1.0000000000
67600  -9.169  48.446  20.580 1.0000000000
67601  -10.182  46.797  19.587 1.0000000000
67602  -9.920  47.576  19.396 1.0000000000
67603  -10.405  47.121  18.783 1.0000000000
67604  -10.595  47.399  17.997 1.0000000000
67605  -10.885  46.668  18.199 1.0000000000
67606  -11.397  46.204  17.636 1.0000000000
67607  -11.158  45.929  18.403 1.0000000000
67608  -11.365  44.214  19.495 1.0000000000
67609  -11.624  44.490  18.748 1.0000000000
67610  -11.789  43.804  18.872 1.0000000000
67611  -12.206  43.359  18.246 1.0000000000
67612  -11.960  43.132  19.029 1.0000000000
72990  -8.472  47.372  29.067 1.0000000000
72991  -8.497  46.895  28.438 1.0000000000
72992  -8.434  46.485  29.243 1.0000000000
77022  -8.554  53.339  19.157 1.0000000000
77023  -8.578  52.652  19.378 1.0000000000
77024  -8.435  53.104  19.942 1.0000000000
77028  -8.083  53.460  22.600 1.0000000000
77029  -8.168  53.742  21.847 1.0000000000
77030  -8.128  52.973  22.040 1.0000000000
77031  -8.215  52.550  21.492 1.0000000000
77032  -8.112  52.248  22.183 1.0000000000
77033  -8.081  51.559  22.345 1.0000000000
77034  -8.074  52.009  22.888 1.0000000000
77035  -7.958  51.812  24.891 1.0000000000
77036  -7.978  51.455  24.299 1.0000000000
77037  -8.025  51.079  25.084 1.0000000000
77038  -8.124  50.352  25.321 1.0000000000
77039  -8.102  50.712  25.925 1.0000000000
77105  -8.170  50.361  28.292 1.0000000000
77106  -8.254  49.976  27.642 1.0000000000
77107  -8.277  49.591  28.525 1.0000000000
77108  -8.383  48.845  28.685 1.0000000000
77109  -8.262  49.220  29.383 1.0000000000
83273  -9.908  50.910  15.016 1.0000000000
83275  -10.189  50.469  14.398 1.0000000000
83276  -11.213  48.918  13.362 1.0000000000
83278  -11.361  49.084  12.602 1.0000000000
83281  -12.585  45.897  14.054 1.0000000000
83282  -12.282  46.681  13.898 1.0000000000
83283  -12.631  46.103  13.279 1.0000000000
83284  -12.901  45.827  11.098 1.0000000000
83285  -12.704  46.461  11.713 1.0000000000
83286  -12.703  46.636  10.940 1.0000000000
83287  -12.467  47.403  10.755 1.0000000000
83288  -12.753  46.787  10.157 1.0000000000
83290  -12.910  46.104  9.542 1.0000000000
83318  -8.616  46.014  27.261 1.0000000000
83319  -8.686  46.418  26.441 1.0000000000
83320  -8.685  45.611  26.687 1.0000000000
83321  -9.026  44.136  25.806 1.0000000000
83322  -8.983  44.894  25.586 1.0000000000
83323  -9.145  44.542  24.991 1.0000000000
83324  -9.318  44.877  24.163 1.0000000000
83325  -9.398  44.179  24.414 1.0000000000
83326  -9.438  41.315  26.589 1.0000000000
83327  -9.280  41.999  26.366 1.0000000000
83328  -9.589  41.726  25.786 1.0000000000
83329  -10.329  42.209  23.594 1.0000000000
83330  -9.947  42.529  24.153 1.0000000000
83331  -10.167  42.881  23.424 1.0000000000
83332  -10.048  43.520  23.252 1.0000000000
83333  -10.378  43.193  22.639 1.0000000000
83334  -10.616  43.476  21.864 1.0000000000
83335  -10.771  42.819  22.044 1.0000000000
83336  -11.936  41.205  21.009 1.0000000000
83337  -11.684  41.956  20.823 1.0000000000
83338  -12.115  41.443  20.184 1.0000000000
83339  -12.336  41.673  19.366 1.0000000000
83340  -12.513  40.892  19.568 1.0000000000
93006  -8.155  49.621  24.200 1.0000000000
93007  -8.232  49.129  23.625 1.0000000000
93008  -8.323  48.799  24.409 1.0000000000
93009  -8.505  47.996  24.610 1.0000000000
93010  -8.686  47.225  24.811 1.0000000000
96143  -12.636  43.858  16.680 1.0000000000
96144  -12.831  44.062  15.889 1.0000000000
96145  -12.967  43.312  16.008 1.0000000000
96146  -13.199  42.723  15.315 1.0000000000
96147  -13.182  42.092  14.659 1.0000000000
100458  -8.894  51.775  18.285 1.0000000000
100459  -9.160  51.305  17.656 1.0000000000
100460  -9.021  51.051  18.429 1.0000000000
100461  -9.127  50.371  18.601 1.0000000000
100462  -9.238  49.706  18.806 1.0000000000
100463  -9.252  47.378  21.486 1.0000000000
100464  -9.394  47.701  20.765 1.0000000000
100465  -9.606  46.936  20.930 1.0000000000
100466  -10.011  46.462  20.340 1.0000000000
100467  -10.450  46.022  19.759 1.0000000000
100468  -10.940  45.594  19.167 1.0000000000
100469  -10.712  45.282  19.914 1.0000000000
100470  -10.932  44.588  20.114 1.0000000000
100471  -11.103  43.959  20.253 1.0000000000
106123  -8.010  53.187  23.314 1.0000000000
106124  -8.037  52.461  23.435 1.0000000000
106126  -7.918  52.560  24.736 1.0000000000
109868  -10.277  49.583  15.282 1.0000000000
109869  -10.410  49.832  14.550 1.0000000000
109870  -10.678  49.186  14.709 1.0000000000
109871  -11.070  48.757  14.118 1.0000000000
109872  -11.516  48.234  13.532 1.0000000000
109873  -13.099  44.730  12.777 1.0000000000
109874  -12.918  45.511  12.663 1.0000000000
109875  -13.073  44.874  11.993 1.0000000000
109895  -8.567  44.372  27.691 1.0000000000
109896  -8.713  44.812  26.893 1.0000000000
109897  -8.706  44.052  27.118 1.0000000000
109898  -8.862  43.724  26.575 1.0000000000
109899  -9.049  43.409  25.979 1.0000000000
109900  -10.225  40.715  25.395 1.0000000000
109901  -9.966  41.440  25.198 1.0000000000
109902  -10.388  41.121  24.617 1.0000000000
109903  -10.563  41.494  23.801 1.0000000000
109904  -10.776  41.823  23.028 1.0000000000
109905  -10.977  42.127  22.235 1.0000000000
109906  -11.253  41.426  22.437 1.0000000000
109907  -11.741  40.983  21.823 1.0000000000
109908  -12.232  40.447  21.206 1.0000000000
117174  -8.268  50.762  21.297 1.0000000000
117175  -8.474  50.279  20.730 1.0000000000
117176  -8.375  50.018  21.458 1.0000000000
117177  -8.512  49.297  21.662 1.0000000000
117178  -8.701  48.600  21.859 1.0000000000
117179  -8.440  48.700  23.103 1.0000000000
117180  -8.652  48.292  22.588 1.0000000000
117181  -8.901  47.877  22.064 1.0000000000
117182  -9.125  47.110  22.257 1.0000000000
117183  -9.357  46.330  22.435 1.0000000000
117184  -9.578  45.571  22.604 1.0000000000
124493  -11.649  46.759  16.057 1.0000000000
124494  -11.764  46.992  15.266 1.0000000000
124495  -12.092  46.250  15.459 1.0000000000
124496  -12.511  45.707  14.815 1.0000000000
124497  -12.843  45.150  14.223 1.0000000000
124498  -12.963  44.268  15.113 1.0000000000
124499  -13.024  44.402  14.363 1.0000000000
124500  -13.095  44.566  13.583 1.0000000000
124501  -13.163  43.973  12.877 1.0000000000
124502  -13.065  43.334  12.234 1.0000000000
124514  -8.701  41.465  28.426 1.0000000000
124515  -8.824  41.880  27.698 1.0000000000
124516  -8.936  41.183  27.887 1.0000000000
124517  -9.252  40.887  27.340 1.0000000000
124518  -9.615  40.586  26.758 1.0000000000
124520  -9.859  39.832  26.916 1.0000000000
124521  -10.076  40.270  26.178 1.0000000000
124522  -10.574  39.951  25.625 1.0000000000
124523  -11.113  39.587  25.058 1.0000000000
124524  -11.679  39.150  24.485 1.0000000000
134001  -9.676  51.353  15.637 1.0000000000
134002  -9.767  50.673  15.753 1.0000000000
134003  -9.391  50.868  17.065 1.0000000000
134004  -9.628  50.420  16.468 1.0000000000
134005  -9.935  49.984  15.877 1.0000000000
134006  -10.196  49.311  16.048 1.0000000000
134007  -10.521  48.636  16.239 1.0000000000
134008  -10.832  47.933  16.421 1.0000000000
134009  -8.753  49.863  20.170 1.0000000000
134010  -9.086  49.438  19.607 1.0000000000
134011  -9.418  49.012  19.038 1.0000000000
134012  -9.525  48.015  20.009 1.0000000000
134013  -9.662  48.339  19.202 1.0000000000
134014  -9.843  48.564  18.431 1.0000000000
134015  -10.283  48.102  17.821 1.0000000000
134016  -10.700  47.675  17.205 1.0000000000
134017  -11.197  47.222  16.639 1.0000000000
134018  -11.538  46.486  16.850 1.0000000000
134019  -11.843  45.770  17.044 1.0000000000
134020  -12.088  45.068  17.208 1.0000000000
134021  -11.408  45.196  18.594 1.0000000000
134022  -11.846  44.807  18.002 1.0000000000
134023  -12.266  44.360  17.333 1.0000000000
134024  -12.417  43.634  17.467 1.0000000000
134025  -12.595  42.896  17.599 1.0000000000
134026  -12.765  42.127  17.726 1.0000000000
140730  -8.517  48.116  27.431 1.0000000000
140731  -8.594  47.658  26.815 1.0000000000
140732  -8.582  47.280  27.633 1.0000000000
140733  -8.544  46.455  27.830 1.0000000000
140734  -8.486  45.590  28.032 1.0000000000
140735  -8.330  45.630  29.373 1.0000000000
140736  -8.385  45.197  28.795 1.0000000000
140738  -8.458  44.012  28.404 1.0000000000
140749  -8.539  41.803  28.916 1.0000000000
140750  -8.613  41.029  29.119 1.0000000000
140751  -8.705  40.293  29.322 1.0000000000
145642  -8.754  53.146  17.829 1.0000000000
145643  -8.841  52.441  18.049 1.0000000000
145644  -8.719  52.209  18.823 1.0000000000
145645  -8.558  51.957  19.591 1.0000000000
145646  -8.393  51.685  20.348 1.0000000000
145652  -8.335  53.561  20.526 1.0000000000
145653  -8.334  52.838  20.742 1.0000000000
145654  -8.289  52.113  20.917 1.0000000000
145655  -8.256  51.425  21.105 1.0000000000
145656  -8.139  51.157  21.808 1.0000000000
145657  -8.069  50.878  22.525 1.0000000000
145658  -8.027  50.601  23.251 1.0000000000
145659  -8.021  51.749  23.592 1.0000000000
145660  -8.012  51.030  23.766 1.0000000000
145661  -8.045  50.308  23.963 1.0000000000
145662  -8.132  49.991  24.747 1.0000000000
145663  -8.234  49.623  25.553 1.0000000000
145664  -8.362  49.252  26.346 1.0000000000
145741  -7.999  51.460  27.198 1.0000000000
145742  -8.070  51.077  26.565 1.0000000000
145743  -8.182  50.341  26.796 1.0000000000
145744  -8.324  49.605  26.977 1.0000000000
145745  -8.427  48.853  27.220 1.0000000000
145746  -8.458  48.484  28.038 1.0000000000
145747  -8.452  48.106  28.864 1.0000000000
145748  -8.392  47.725  29.711 1.0000000000
145750  -8.282  48.089  30.379 1.0000000000
153183  -11.834  47.232  14.498 1.0000000000
153184  -11.877  47.492  13.706 1.0000000000
153185  -11.959  47.682  12.922 1.0000000000
153186  -12.679  46.291  12.492 1.0000000000
153187  -12.369  47.083  12.331 1.0000000000
153188  -12.058  47.829  12.141 1.0000000000
153189  -12.121  47.996  11.341 1.0000000000
153228  -8.607  47.251  26.189 1.0000000000
153229  -8.709  46.844  25.610 1.0000000000
153230  -8.839  46.461  25.058 1.0000000000
153231  -8.816  45.247  26.125 1.0000000000
153232  -8.892  45.663  25.326 1.0000000000
153233  -8.984  46.064  24.538 1.0000000000
153234  -9.163  45.640  23.982 1.0000000000
153235  -9.447  45.233  23.378 1.0000000000
153236  -9.784  44.857  22.767 1.0000000000
153237  -8.973  42.282  26.935 1.0000000000
153238  -9.132  42.699  26.158 1.0000000000
153239  -9.313  43.099  25.327 1.0000000000
153240  -9.760  42.133  24.965 1.0000000000
153241  -9.603  42.810  24.752 1.0000000000
153242  -9.488  43.487  24.578 1.0000000000
153243  -9.706  43.837  23.816 1.0000000000
153244  -9.934  44.161  23.018 1.0000000000
153245  -10.093  44.496  22.204 1.0000000000
153246  -10.475  44.107  21.651 1.0000000000
153247  -10.870  43.711  21.075 1.0000000000
153248  -11.273  43.342  20.476 1.0000000000
153249  -11.206  42.416  21.444 1.0000000000
153250  -11.466  42.673  20.659 1.0000000000
153251  -11.704  42.914  19.858 1.0000000000
153252  -12.146  42.417  19.200 1.0000000000
153253  -12.582  41.856  18.557 1.0000000000
153254  -12.889  41.319  17.915 1.0000000000
153272  -12.327  39.043  23.082 1.0000000000
153274  -12.543  39.673  21.433 1.0000000000
153275  -12.596  39.866  20.614 1.0000000000
153278  -12.689  40.083  19.788 1.0000000000
153279  -12.842  40.306  18.933 1.0000000000
153280  -12.971  40.512  18.109 1.0000000000
153281  -13.074  40.714  17.262 1.0000000000
