#!ascii label  , from subject 40tvs8ref_sym_20 vox2ras=TkReg
288
347  -5.304  -82.959  3.686 1.0000000000
1399  -1.917  -81.280  -0.003 1.0000000000
1776  -10.259  -86.932  2.470 1.0000000000
1777  -3.887  -88.205  -0.290 1.0000000000
1778  -2.301  -86.548  -5.632 1.0000000000
3920  -6.311  -89.759  -0.866 1.0000000000
3921  -3.610  -90.736  -2.414 1.0000000000
3922  -1.842  -87.810  -2.385 1.0000000000
3923  -2.060  -90.355  -5.033 1.0000000000
5634  -9.085  -82.587  3.431 1.0000000000
7125  -2.396  -82.769  3.078 1.0000000000
7981  -11.491  -84.913  3.699 1.0000000000
7982  -7.969  -84.996  2.302 1.0000000000
7983  -9.206  -89.068  1.201 1.0000000000
7984  -6.967  -87.345  0.826 1.0000000000
7985  -4.393  -85.652  1.945 1.0000000000
7986  -1.999  -85.332  0.444 1.0000000000
7987  -1.954  -83.819  -2.840 1.0000000000
11600  -5.027  -91.462  -2.680 1.0000000000
11601  -3.734  -91.929  -3.564 1.0000000000
11602  -2.528  -90.860  -3.465 1.0000000000
13314  -7.168  -82.758  3.469 1.0000000000
13315  -7.684  -81.425  4.144 1.0000000000
13316  -5.902  -81.588  4.483 1.0000000000
15714  -1.864  -82.094  1.726 1.0000000000
15715  -1.899  -80.839  3.365 1.0000000000
15716  -1.821  -79.996  1.678 1.0000000000
17509  -11.691  -87.067  3.883 1.0000000000
17510  -12.280  -86.144  4.516 1.0000000000
17511  -10.840  -85.918  3.115 1.0000000000
17512  -9.804  -84.813  2.739 1.0000000000
17513  -9.204  -85.897  2.114 1.0000000000
17517  -5.084  -89.045  -0.675 1.0000000000
17518  -6.565  -88.518  -0.016 1.0000000000
17519  -5.373  -87.848  0.283 1.0000000000
17520  -5.721  -86.566  1.248 1.0000000000
17521  -4.115  -86.921  0.844 1.0000000000
17522  -2.912  -85.660  1.478 1.0000000000
17523  -2.778  -86.966  0.189 1.0000000000
17524  -1.791  -87.164  -4.133 1.0000000000
17525  -1.678  -85.840  -2.676 1.0000000000
17526  -2.105  -85.230  -4.268 1.0000000000
24405  -2.498  -80.797  -1.264 1.0000000000
24406  -2.414  -79.413  0.274 1.0000000000
25484  -11.119  -88.039  3.303 1.0000000000
25488  -4.909  -90.289  -1.669 1.0000000000
25489  -3.709  -89.489  -1.351 1.0000000000
25490  -2.621  -88.238  -1.106 1.0000000000
25491  -2.520  -89.522  -2.252 1.0000000000
25492  -1.942  -89.086  -3.767 1.0000000000
25493  -1.944  -88.460  -5.514 1.0000000000
31983  -3.547  -82.989  3.707 1.0000000000
31984  -4.101  -81.638  4.742 1.0000000000
31985  -2.607  -81.446  4.499 1.0000000000
34278  -10.404  -83.707  3.293 1.0000000000
34279  -8.508  -83.819  2.853 1.0000000000
34280  -6.687  -84.057  2.831 1.0000000000
34282  -10.545  -88.995  2.649 1.0000000000
34283  -9.697  -87.984  1.885 1.0000000000
34284  -7.821  -89.335  0.098 1.0000000000
34285  -8.138  -88.166  0.812 1.0000000000
34286  -8.631  -86.945  1.492 1.0000000000
34287  -7.417  -86.159  1.622 1.0000000000
34288  -6.165  -85.308  2.099 1.0000000000
34289  -4.796  -84.285  2.888 1.0000000000
34290  -3.143  -84.381  2.672 1.0000000000
34291  -2.172  -84.077  1.770 1.0000000000
34292  -1.780  -83.376  0.254 1.0000000000
34293  -1.868  -86.596  -0.962 1.0000000000
34294  -1.650  -84.591  -1.225 1.0000000000
34295  -1.901  -82.499  -1.404 1.0000000000
34296  -2.666  -82.093  -2.538 1.0000000000
42320  -4.529  -92.264  -3.660 1.0000000000
42321  -3.912  -92.495  -4.117 1.0000000000
42322  -3.168  -92.037  -4.091 1.0000000000
44034  -6.234  -82.874  3.557 1.0000000000
44035  -6.476  -82.182  3.975 1.0000000000
44036  -5.585  -82.267  4.088 1.0000000000
46434  -1.834  -81.672  0.848 1.0000000000
46435  -1.815  -81.053  1.734 1.0000000000
46436  -1.844  -80.633  0.877 1.0000000000
48229  -11.041  -86.975  3.093 1.0000000000
48230  -11.298  -86.503  3.427 1.0000000000
48231  -10.549  -86.420  2.800 1.0000000000
48232  -10.043  -85.869  2.582 1.0000000000
48233  -9.756  -86.395  2.263 1.0000000000
48237  -4.484  -88.659  -0.482 1.0000000000
48238  -5.197  -88.428  -0.202 1.0000000000
48239  -4.612  -88.043  0.016 1.0000000000
48240  -4.744  -87.411  0.558 1.0000000000
48241  -4.004  -87.566  0.270 1.0000000000
48242  -3.424  -87.009  0.554 1.0000000000
48243  -3.281  -87.679  -0.051 1.0000000000
48244  -1.974  -86.836  -4.946 1.0000000000
48245  -1.867  -86.190  -4.245 1.0000000000
48246  -2.187  -85.879  -4.964 1.0000000000
48248  -2.659  -85.752  -5.464 1.0000000000
56034  -3.011  -80.847  -1.555 1.0000000000
56035  -2.938  -80.122  -0.871 1.0000000000
57833  -11.433  -88.584  3.826 1.0000000000
57837  -4.279  -91.136  -2.556 1.0000000000
57838  -4.945  -90.889  -2.160 1.0000000000
57839  -4.237  -90.544  -2.015 1.0000000000
57840  -4.279  -89.951  -1.533 1.0000000000
57841  -3.613  -90.133  -1.898 1.0000000000
57842  -3.055  -89.584  -1.747 1.0000000000
57843  -3.023  -90.213  -2.321 1.0000000000
57844  -2.247  -90.610  -4.206 1.0000000000
57845  -2.189  -89.973  -3.610 1.0000000000
57846  -1.996  -89.722  -4.411 1.0000000000
57847  -1.842  -88.811  -4.635 1.0000000000
57848  -1.890  -89.435  -5.269 1.0000000000
62979  -10.035  -82.528  3.548 1.0000000000
62981  -9.349  -81.953  3.763 1.0000000000
70179  -2.889  -82.919  3.465 1.0000000000
70180  -3.043  -82.225  4.113 1.0000000000
70181  -2.471  -82.072  3.790 1.0000000000
70182  -1.814  -79.828  3.495 1.0000000000
70187  -2.824  -78.639  0.646 1.0000000000
70188  -2.377  -78.747  1.114 1.0000000000
75567  -11.916  -85.519  4.059 1.0000000000
75572  -11.276  -83.765  3.661 1.0000000000
75573  -11.025  -84.297  3.409 1.0000000000
75574  -8.903  -84.886  2.477 1.0000000000
75575  -9.200  -84.296  2.739 1.0000000000
75576  -8.324  -84.421  2.555 1.0000000000
75577  -7.592  -83.937  2.830 1.0000000000
75578  -7.393  -84.535  2.518 1.0000000000
75582  -9.730  -89.533  1.566 1.0000000000
75584  -9.908  -89.016  1.906 1.0000000000
75585  -10.153  -88.491  2.216 1.0000000000
75586  -9.428  -88.535  1.544 1.0000000000
75588  -7.748  -89.916  -0.301 1.0000000000
75589  -7.103  -89.511  -0.408 1.0000000000
75590  -6.751  -87.940  0.421 1.0000000000
75591  -7.328  -88.296  0.385 1.0000000000
75592  -7.551  -87.733  0.724 1.0000000000
75593  -8.365  -87.546  1.137 1.0000000000
75594  -7.806  -87.116  1.108 1.0000000000
75595  -8.048  -86.571  1.494 1.0000000000
75596  -7.198  -86.750  1.228 1.0000000000
75597  -5.060  -86.128  1.561 1.0000000000
75598  -5.920  -85.947  1.695 1.0000000000
75599  -5.272  -85.484  2.019 1.0000000000
75600  -5.526  -84.822  2.443 1.0000000000
75601  -4.617  -84.955  2.426 1.0000000000
75602  -3.912  -84.358  2.835 1.0000000000
75603  -3.764  -85.032  2.327 1.0000000000
75604  -2.365  -85.569  1.057 1.0000000000
75605  -2.423  -84.960  1.717 1.0000000000
75606  -2.086  -84.722  1.110 1.0000000000
75607  -1.927  -83.752  1.066 1.0000000000
75608  -1.851  -84.389  0.359 1.0000000000
75609  -2.150  -88.059  -1.663 1.0000000000
75610  -2.202  -87.438  -1.006 1.0000000000
75611  -1.846  -87.189  -1.664 1.0000000000
75612  -1.748  -84.798  -2.838 1.0000000000
75613  -1.649  -85.205  -1.972 1.0000000000
75614  -1.692  -84.147  -2.102 1.0000000000
75615  -1.708  -83.511  -1.354 1.0000000000
75616  -1.905  -83.138  -2.117 1.0000000000
75617  -2.180  -82.209  -2.067 1.0000000000
75618  -2.253  -82.884  -2.730 1.0000000000
91037  -3.586  -80.846  5.248 1.0000000000
94607  -5.180  -92.002  -3.204 1.0000000000
94608  -4.398  -91.734  -3.097 1.0000000000
94609  -3.687  -91.367  -2.989 1.0000000000
94610  -3.054  -90.850  -2.897 1.0000000000
94611  -3.104  -91.472  -3.501 1.0000000000
97692  -8.123  -82.664  3.421 1.0000000000
97693  -8.383  -82.006  3.736 1.0000000000
97694  -7.405  -82.085  3.819 1.0000000000
97695  -6.797  -81.519  4.316 1.0000000000
102012  -2.036  -82.508  2.511 1.0000000000
102013  -2.058  -81.850  3.288 1.0000000000
102014  -1.890  -81.468  2.544 1.0000000000
102015  -1.805  -80.416  2.540 1.0000000000
105243  -12.255  -87.199  4.751 1.0000000000
105244  -12.539  -86.765  5.091 1.0000000000
105245  -11.976  -86.626  4.227 1.0000000000
105246  -11.601  -86.012  3.753 1.0000000000
105247  -11.192  -85.410  3.410 1.0000000000
105248  -10.694  -84.809  3.123 1.0000000000
105249  -10.405  -85.356  2.857 1.0000000000
105250  -9.507  -85.384  2.444 1.0000000000
105251  -8.596  -85.445  2.181 1.0000000000
105257  -5.684  -89.395  -0.813 1.0000000000
105258  -6.431  -89.129  -0.439 1.0000000000
105259  -5.813  -88.771  -0.366 1.0000000000
105260  -5.969  -88.175  0.096 1.0000000000
105261  -6.149  -87.583  0.574 1.0000000000
105262  -6.348  -86.969  1.014 1.0000000000
105263  -5.503  -87.207  0.828 1.0000000000
105264  -4.891  -86.767  1.068 1.0000000000
105265  -4.217  -86.282  1.412 1.0000000000
105266  -3.574  -85.669  1.788 1.0000000000
105267  -3.459  -86.355  1.177 1.0000000000
105268  -2.842  -86.322  0.839 1.0000000000
105269  -2.312  -86.199  0.382 1.0000000000
105270  -1.728  -87.483  -3.250 1.0000000000
105271  -1.687  -86.831  -2.515 1.0000000000
105272  -1.709  -86.495  -3.405 1.0000000000
105273  -1.805  -85.487  -3.542 1.0000000000
105274  -2.036  -84.511  -3.587 1.0000000000
105275  -2.356  -83.592  -3.411 1.0000000000
118383  -2.072  -80.903  -0.777 1.0000000000
118384  -2.066  -80.282  0.036 1.0000000000
118385  -2.454  -80.107  -0.522 1.0000000000
118386  -2.879  -79.354  -0.144 1.0000000000
120900  -11.979  -87.655  4.429 1.0000000000
120901  -11.402  -87.560  3.572 1.0000000000
120902  -10.739  -87.491  2.805 1.0000000000
120908  -5.667  -91.200  -2.242 1.0000000000
120910  -5.588  -90.014  -1.278 1.0000000000
120911  -4.959  -89.663  -1.169 1.0000000000
120912  -4.404  -89.303  -0.992 1.0000000000
120913  -3.808  -88.839  -0.825 1.0000000000
120914  -3.236  -88.314  -0.656 1.0000000000
120915  -3.146  -88.952  -1.204 1.0000000000
120916  -2.525  -88.881  -1.618 1.0000000000
120917  -2.133  -88.699  -2.293 1.0000000000
120918  -2.500  -90.166  -2.838 1.0000000000
120919  -2.170  -89.325  -2.956 1.0000000000
120920  -1.884  -88.448  -3.086 1.0000000000
120921  -1.796  -88.154  -3.969 1.0000000000
120922  -1.879  -87.780  -4.832 1.0000000000
120923  -2.080  -87.476  -5.620 1.0000000000
128111  -8.658  -81.368  4.078 1.0000000000
137277  -4.404  -83.005  3.751 1.0000000000
137278  -4.678  -82.325  4.194 1.0000000000
137279  -3.795  -82.321  4.257 1.0000000000
137280  -3.283  -81.583  4.712 1.0000000000
137282  -2.126  -81.220  4.069 1.0000000000
137288  -2.039  -79.630  0.881 1.0000000000
143880  -12.813  -86.299  5.395 1.0000000000
143887  -10.639  -83.145  3.546 1.0000000000
143888  -9.751  -83.128  3.283 1.0000000000
143889  -10.112  -84.252  3.021 1.0000000000
143890  -9.468  -83.718  3.016 1.0000000000
143891  -8.791  -83.210  3.146 1.0000000000
143892  -7.840  -83.305  3.127 1.0000000000
143893  -6.903  -83.416  3.157 1.0000000000
143894  -5.973  -83.525  3.215 1.0000000000
143901  -10.823  -88.511  2.991 1.0000000000
143902  -10.440  -87.982  2.555 1.0000000000
143903  -9.967  -87.461  2.172 1.0000000000
143906  -8.522  -89.199  0.640 1.0000000000
143907  -7.202  -88.890  -0.011 1.0000000000
143908  -7.961  -88.760  0.476 1.0000000000
143909  -8.700  -88.641  0.983 1.0000000000
143910  -8.914  -88.049  1.306 1.0000000000
143911  -9.169  -87.473  1.626 1.0000000000
143912  -9.451  -86.926  1.941 1.0000000000
143913  -8.928  -86.420  1.835 1.0000000000
143914  -8.301  -85.996  1.851 1.0000000000
143915  -7.676  -85.559  1.987 1.0000000000
143916  -6.567  -86.349  1.436 1.0000000000
143917  -6.794  -85.758  1.827 1.0000000000
143918  -7.071  -85.130  2.197 1.0000000000
143919  -6.450  -84.679  2.478 1.0000000000
143920  -5.768  -84.186  2.845 1.0000000000
143921  -5.042  -83.635  3.299 1.0000000000
143922  -4.149  -83.680  3.286 1.0000000000
143923  -3.321  -83.681  3.192 1.0000000000
143924  -2.677  -83.613  2.921 1.0000000000
143925  -3.018  -85.027  2.094 1.0000000000
143926  -2.534  -84.325  2.346 1.0000000000
143927  -2.241  -83.400  2.411 1.0000000000
143928  -1.969  -83.108  1.750 1.0000000000
143929  -1.823  -82.716  0.949 1.0000000000
143930  -1.806  -82.293  0.124 1.0000000000
143931  -2.676  -87.598  -0.474 1.0000000000
143932  -2.246  -86.818  -0.322 1.0000000000
143933  -1.899  -85.951  -0.290 1.0000000000
143934  -1.694  -86.230  -1.795 1.0000000000
143935  -1.699  -85.600  -1.125 1.0000000000
143936  -1.761  -84.993  -0.352 1.0000000000
143937  -1.708  -83.973  -0.478 1.0000000000
143938  -1.764  -82.896  -0.619 1.0000000000
143939  -1.889  -81.861  -0.702 1.0000000000
143940  -2.118  -81.525  -1.469 1.0000000000
143941  -2.588  -81.447  -1.933 1.0000000000
143942  -3.123  -81.528  -2.171 1.0000000000
143943  -2.754  -82.744  -3.146 1.0000000000
162493  -4.999  -81.641  4.617 1.0000000000
162688  -2.063  -89.184  -6.312 1.0000000000
162689  -2.210  -88.255  -6.427 1.0000000000
162690  -2.440  -87.324  -6.440 1.0000000000
