#!ascii label  , from subject 40tvs8ref_sym_20 vox2ras=TkReg
539
615  -41.937  -18.471  -26.902 1.0000000000
1394  -43.466  -25.557  -22.287 1.0000000000
1395  -45.643  -17.915  -28.587 1.0000000000
2453  -37.401  -16.814  -29.559 1.0000000000
2479  -40.962  -12.673  -32.854 1.0000000000
2480  -39.007  -14.952  -31.622 1.0000000000
2481  -40.229  -20.648  -27.407 1.0000000000
2507  -40.645  -27.533  -25.029 1.0000000000
3313  -48.526  -21.994  -28.259 1.0000000000
3314  -46.869  -21.315  -26.263 1.0000000000
3315  -47.303  -18.934  -30.572 1.0000000000
5554  -37.971  -12.781  -34.197 1.0000000000
5555  -37.595  -13.633  -32.794 1.0000000000
5556  -38.743  -15.776  -30.743 1.0000000000
5557  -36.288  -14.705  -31.312 1.0000000000
5621  -42.864  -21.776  -24.409 1.0000000000
5622  -41.782  -26.642  -23.363 1.0000000000
5623  -41.469  -23.015  -25.280 1.0000000000
5624  -40.520  -24.082  -26.304 1.0000000000
5625  -40.962  -19.721  -27.308 1.0000000000
7118  -44.858  -21.136  -24.760 1.0000000000
7119  -43.632  -17.692  -27.178 1.0000000000
9917  -38.154  -18.564  -27.779 1.0000000000
9991  -45.045  -15.504  -32.188 1.0000000000
9992  -43.350  -14.787  -30.489 1.0000000000
9993  -41.738  -15.133  -29.597 1.0000000000
9995  -39.767  -13.720  -32.224 1.0000000000
9996  -40.554  -16.411  -29.489 1.0000000000
9997  -39.792  -17.511  -29.218 1.0000000000
9998  -39.499  -17.952  -28.596 1.0000000000
9999  -39.966  -21.167  -27.178 1.0000000000
10078  -39.536  -28.074  -26.511 1.0000000000
10079  -39.979  -24.902  -26.713 1.0000000000
10994  -47.985  -20.452  -29.380 1.0000000000
13236  -37.138  -14.014  -31.922 1.0000000000
13301  -42.444  -20.063  -25.675 1.0000000000
13302  -42.058  -22.342  -24.766 1.0000000000
13303  -41.721  -20.667  -25.942 1.0000000000
13304  -41.134  -21.301  -26.326 1.0000000000
13305  -41.363  -19.119  -27.112 1.0000000000
15701  -46.340  -19.620  -27.408 1.0000000000
15702  -45.911  -21.133  -25.423 1.0000000000
15703  -45.349  -19.379  -26.531 1.0000000000
15704  -44.346  -19.332  -25.939 1.0000000000
15705  -44.682  -17.701  -27.763 1.0000000000
22411  -45.838  -16.127  -33.174 1.0000000000
22413  -41.646  -12.560  -33.303 1.0000000000
22414  -42.977  -13.605  -32.241 1.0000000000
22415  -42.206  -13.539  -31.617 1.0000000000
22416  -42.531  -14.779  -29.921 1.0000000000
22417  -41.396  -13.788  -31.140 1.0000000000
22421  -38.489  -13.811  -32.895 1.0000000000
22422  -38.770  -13.237  -33.372 1.0000000000
22423  -39.297  -14.415  -31.925 1.0000000000
22424  -40.211  -14.901  -30.810 1.0000000000
22425  -39.743  -15.613  -30.629 1.0000000000
22426  -40.163  -17.021  -29.524 1.0000000000
22427  -39.456  -16.096  -30.444 1.0000000000
22428  -38.229  -16.246  -30.060 1.0000000000
22429  -39.139  -16.751  -29.720 1.0000000000
22430  -38.721  -17.206  -29.313 1.0000000000
22431  -39.003  -18.172  -28.329 1.0000000000
22432  -37.905  -17.845  -28.444 1.0000000000
22624  -41.216  -27.148  -24.187 1.0000000000
22625  -41.336  -28.967  -23.505 1.0000000000
22626  -40.774  -29.368  -24.487 1.0000000000
22628  -40.146  -29.732  -25.314 1.0000000000
22630  -40.194  -27.871  -25.916 1.0000000000
22631  -40.456  -22.422  -26.849 1.0000000000
22632  -40.277  -24.433  -26.553 1.0000000000
22633  -40.187  -22.770  -26.896 1.0000000000
22634  -40.137  -23.145  -26.793 1.0000000000
22635  -40.049  -20.979  -27.330 1.0000000000
24395  -48.127  -23.354  -26.196 1.0000000000
24396  -47.282  -23.074  -25.178 1.0000000000
24397  -47.737  -21.610  -27.223 1.0000000000
24398  -47.211  -20.006  -28.361 1.0000000000
24399  -46.503  -18.355  -29.550 1.0000000000
28430  -37.842  -13.214  -33.576 1.0000000000
28431  -38.437  -14.246  -32.440 1.0000000000
28432  -38.952  -15.355  -31.250 1.0000000000
28433  -38.177  -14.770  -31.812 1.0000000000
28434  -37.635  -15.028  -31.050 1.0000000000
28435  -36.913  -15.772  -30.537 1.0000000000
28549  -43.249  -23.660  -23.286 1.0000000000
28550  -42.522  -26.079  -22.728 1.0000000000
28551  -42.341  -24.225  -23.629 1.0000000000
28552  -41.669  -24.782  -24.189 1.0000000000
28553  -41.105  -25.309  -24.887 1.0000000000
28554  -40.552  -25.826  -25.707 1.0000000000
28555  -40.950  -23.556  -25.811 1.0000000000
28556  -40.761  -21.914  -26.700 1.0000000000
28557  -40.584  -20.343  -27.547 1.0000000000
31965  -44.508  -25.135  -22.368 1.0000000000
31966  -46.318  -22.957  -24.334 1.0000000000
31967  -45.294  -23.005  -23.684 1.0000000000
31968  -44.242  -23.195  -23.301 1.0000000000
31969  -43.815  -21.310  -24.369 1.0000000000
31970  -43.273  -19.596  -25.656 1.0000000000
31971  -42.771  -17.955  -26.919 1.0000000000
39982  -35.455  -15.885  -30.490 1.0000000000
39983  -35.971  -16.873  -29.759 1.0000000000
39986  -36.462  -17.889  -28.948 1.0000000000
40207  -47.024  -17.803  -32.404 1.0000000000
40208  -46.226  -17.176  -31.379 1.0000000000
40209  -45.403  -16.628  -30.381 1.0000000000
40210  -43.763  -13.969  -33.114 1.0000000000
40211  -44.216  -15.006  -31.287 1.0000000000
40212  -44.536  -16.262  -29.528 1.0000000000
40213  -43.607  -16.136  -28.785 1.0000000000
40214  -42.706  -16.254  -28.342 1.0000000000
40215  -41.981  -16.648  -28.147 1.0000000000
40218  -39.697  -12.146  -33.961 1.0000000000
40219  -38.182  -12.332  -34.650 1.0000000000
40220  -39.180  -12.683  -33.620 1.0000000000
40221  -40.262  -13.106  -32.463 1.0000000000
40222  -40.768  -14.205  -30.910 1.0000000000
40223  -41.092  -15.711  -29.527 1.0000000000
40224  -41.310  -17.279  -28.218 1.0000000000
40225  -40.829  -17.862  -28.327 1.0000000000
40226  -40.292  -18.541  -28.426 1.0000000000
40227  -40.137  -19.030  -28.302 1.0000000000
40228  -39.335  -16.434  -30.082 1.0000000000
40229  -39.640  -17.699  -29.079 1.0000000000
40230  -39.918  -19.113  -28.005 1.0000000000
40231  -39.806  -19.464  -27.941 1.0000000000
40232  -39.483  -19.158  -27.672 1.0000000000
40233  -39.836  -21.322  -26.934 1.0000000000
40471  -40.332  -26.254  -26.158 1.0000000000
40472  -39.774  -26.523  -26.677 1.0000000000
40473  -39.181  -27.131  -26.690 1.0000000000
40474  -39.644  -25.385  -26.450 1.0000000000
40475  -39.871  -24.050  -26.746 1.0000000000
44021  -42.178  -19.243  -26.314 1.0000000000
44022  -42.065  -20.354  -25.768 1.0000000000
44023  -41.823  -19.564  -26.433 1.0000000000
44024  -41.511  -19.921  -26.605 1.0000000000
44025  -41.616  -18.790  -26.989 1.0000000000
46421  -45.992  -18.766  -27.979 1.0000000000
46422  -45.853  -19.481  -26.954 1.0000000000
46423  -45.503  -18.623  -27.538 1.0000000000
46424  -45.007  -18.528  -27.140 1.0000000000
46425  -45.149  -17.777  -28.136 1.0000000000
53133  -41.274  -12.600  -33.046 1.0000000000
53134  -41.890  -13.054  -32.473 1.0000000000
53135  -41.547  -13.067  -32.182 1.0000000000
53136  -41.781  -13.640  -31.346 1.0000000000
53137  -41.199  -13.226  -31.957 1.0000000000
53141  -38.772  -14.378  -32.259 1.0000000000
53142  -38.864  -14.032  -32.496 1.0000000000
53143  -39.124  -14.702  -31.821 1.0000000000
53144  -39.510  -15.024  -31.342 1.0000000000
53145  -39.323  -15.286  -31.140 1.0000000000
53146  -39.561  -15.946  -30.620 1.0000000000
53147  -39.174  -15.395  -31.061 1.0000000000
53148  -37.783  -16.385  -29.784 1.0000000000
53149  -38.504  -16.747  -29.583 1.0000000000
53150  -38.099  -16.955  -29.365 1.0000000000
53151  -38.379  -17.555  -28.744 1.0000000000
53152  -37.666  -17.364  -28.995 1.0000000000
53341  -43.530  -26.490  -21.919 1.0000000000
53343  -42.998  -26.740  -22.038 1.0000000000
53344  -40.922  -27.366  -24.571 1.0000000000
53345  -41.012  -28.280  -24.241 1.0000000000
53346  -40.734  -28.432  -24.742 1.0000000000
53347  -40.464  -29.435  -24.998 1.0000000000
53348  -40.493  -28.585  -25.249 1.0000000000
53349  -40.230  -28.816  -25.566 1.0000000000
53350  -40.422  -27.772  -25.403 1.0000000000
53351  -40.321  -21.553  -27.163 1.0000000000
53352  -40.233  -22.652  -26.871 1.0000000000
53353  -40.270  -21.665  -27.036 1.0000000000
53354  -40.212  -21.868  -27.111 1.0000000000
53355  -40.083  -20.783  -27.317 1.0000000000
56017  -48.567  -23.514  -26.730 1.0000000000
56018  -48.369  -22.651  -27.222 1.0000000000
56019  -47.963  -22.488  -26.675 1.0000000000
56020  -48.133  -21.796  -27.723 1.0000000000
56021  -47.668  -19.664  -29.973 1.0000000000
56022  -47.599  -20.222  -28.867 1.0000000000
56023  -47.276  -19.425  -29.473 1.0000000000
56024  -46.898  -19.198  -28.996 1.0000000000
56025  -46.905  -18.615  -30.056 1.0000000000
62741  -37.298  -13.155  -33.191 1.0000000000
62742  -37.397  -12.932  -33.688 1.0000000000
62743  -37.741  -13.482  -33.217 1.0000000000
62744  -38.184  -13.875  -32.967 1.0000000000
62745  -38.068  -14.075  -32.630 1.0000000000
62746  -38.340  -14.541  -32.148 1.0000000000
62747  -37.845  -14.125  -32.412 1.0000000000
62748  -36.776  -14.346  -31.545 1.0000000000
62749  -37.408  -14.571  -31.490 1.0000000000
62750  -37.076  -14.839  -31.213 1.0000000000
62751  -37.334  -15.335  -30.779 1.0000000000
62752  -36.609  -15.254  -30.946 1.0000000000
62941  -43.072  -22.705  -23.817 1.0000000000
62942  -42.786  -23.939  -23.438 1.0000000000
62943  -42.656  -22.974  -23.896 1.0000000000
62944  -41.749  -22.735  -25.002 1.0000000000
62945  -41.890  -23.576  -24.422 1.0000000000
62946  -41.542  -23.872  -24.751 1.0000000000
62947  -41.331  -25.049  -24.618 1.0000000000
62948  -41.290  -24.170  -25.099 1.0000000000
62949  -40.978  -24.384  -25.379 1.0000000000
62950  -41.239  -23.257  -25.418 1.0000000000
62951  -41.052  -20.508  -26.827 1.0000000000
62952  -40.961  -21.586  -26.488 1.0000000000
62953  -40.824  -20.843  -26.959 1.0000000000
62954  -40.705  -21.027  -27.026 1.0000000000
62955  -40.786  -20.050  -27.437 1.0000000000
70140  -45.078  -25.009  -22.489 1.0000000000
70141  -47.078  -22.207  -25.724 1.0000000000
70142  -46.823  -23.020  -24.729 1.0000000000
70143  -46.606  -22.103  -25.254 1.0000000000
70144  -45.402  -21.098  -25.058 1.0000000000
70145  -45.650  -22.047  -24.490 1.0000000000
70146  -45.093  -22.041  -24.195 1.0000000000
70147  -44.738  -23.063  -23.448 1.0000000000
70148  -44.560  -22.126  -23.964 1.0000000000
70149  -43.981  -22.274  -23.838 1.0000000000
70150  -44.322  -21.191  -24.542 1.0000000000
70151  -44.026  -18.515  -26.589 1.0000000000
70152  -43.794  -19.417  -25.743 1.0000000000
70153  -43.501  -18.601  -26.418 1.0000000000
70154  -43.010  -18.749  -26.304 1.0000000000
70155  -43.213  -17.785  -27.021 1.0000000000
89711  -34.748  -16.068  -30.695 1.0000000000
89713  -35.705  -16.400  -30.146 1.0000000000
89721  -35.807  -18.116  -28.996 1.0000000000
89722  -35.928  -18.540  -28.682 1.0000000000
89723  -36.604  -18.277  -28.382 1.0000000000
90271  -47.416  -18.108  -32.900 1.0000000000
90273  -45.454  -15.801  -32.688 1.0000000000
90274  -46.075  -16.602  -32.315 1.0000000000
90275  -45.669  -16.305  -31.828 1.0000000000
90276  -45.826  -16.874  -30.882 1.0000000000
90277  -45.224  -16.013  -31.294 1.0000000000
90279  -43.482  -13.526  -34.001 1.0000000000
90280  -43.093  -13.294  -33.598 1.0000000000
90281  -43.165  -14.180  -31.382 1.0000000000
90282  -43.583  -14.308  -31.776 1.0000000000
90283  -43.782  -14.851  -30.844 1.0000000000
90284  -44.363  -15.607  -30.383 1.0000000000
90285  -43.904  -15.493  -29.954 1.0000000000
90286  -44.025  -16.172  -29.092 1.0000000000
90287  -43.449  -15.441  -29.592 1.0000000000
90288  -42.109  -14.966  -29.707 1.0000000000
90289  -42.639  -15.514  -29.105 1.0000000000
90290  -42.238  -15.655  -28.947 1.0000000000
90291  -42.341  -16.398  -28.212 1.0000000000
90292  -41.879  -15.834  -28.869 1.0000000000
90299  -39.405  -11.823  -34.759 1.0000000000
90300  -39.137  -12.017  -34.509 1.0000000000
90303  -38.050  -12.567  -34.418 1.0000000000
90304  -39.253  -13.451  -32.809 1.0000000000
90305  -38.946  -12.943  -33.501 1.0000000000
90306  -39.477  -13.114  -32.962 1.0000000000
90307  -39.770  -12.851  -33.121 1.0000000000
90308  -39.977  -13.407  -32.285 1.0000000000
90309  -40.520  -13.670  -31.663 1.0000000000
90310  -40.212  -14.061  -31.540 1.0000000000
90311  -40.435  -15.597  -30.153 1.0000000000
90312  -40.659  -15.209  -30.130 1.0000000000
90313  -40.786  -16.025  -29.464 1.0000000000
90314  -41.236  -16.415  -28.822 1.0000000000
90315  -41.000  -16.792  -28.878 1.0000000000
90316  -41.065  -17.595  -28.274 1.0000000000
90317  -40.746  -17.116  -28.912 1.0000000000
90318  -39.946  -17.194  -29.478 1.0000000000
90319  -40.317  -17.772  -29.011 1.0000000000
90320  -40.069  -17.965  -28.894 1.0000000000
90321  -40.139  -18.755  -28.331 1.0000000000
90322  -39.960  -18.233  -28.791 1.0000000000
90323  -38.890  -15.512  -31.038 1.0000000000
90324  -39.131  -15.813  -30.657 1.0000000000
90325  -39.052  -16.129  -30.438 1.0000000000
90326  -39.296  -17.447  -29.186 1.0000000000
90327  -39.429  -17.171  -29.382 1.0000000000
90328  -39.547  -17.705  -28.903 1.0000000000
90329  -39.826  -18.582  -28.592 1.0000000000
90330  -39.691  -18.677  -28.265 1.0000000000
90331  -39.916  -19.164  -27.997 1.0000000000
90332  -39.632  -18.335  -28.353 1.0000000000
90333  -38.715  -18.335  -27.946 1.0000000000
90334  -39.253  -18.600  -27.866 1.0000000000
90335  -38.958  -18.514  -28.014 1.0000000000
90336  -39.065  -18.961  -27.556 1.0000000000
90909  -42.126  -26.382  -22.984 1.0000000000
90910  -42.230  -27.297  -22.559 1.0000000000
90911  -41.871  -27.551  -22.961 1.0000000000
90928  -39.168  -29.197  -26.554 1.0000000000
90930  -39.229  -28.294  -26.516 1.0000000000
90931  -40.624  -24.960  -25.866 1.0000000000
90932  -40.366  -26.048  -25.939 1.0000000000
90933  -40.442  -25.211  -26.308 1.0000000000
90934  -40.080  -24.640  -26.769 1.0000000000
90935  -40.118  -25.498  -26.512 1.0000000000
90936  -39.983  -25.780  -26.644 1.0000000000
90937  -39.543  -26.744  -26.711 1.0000000000
90938  -39.720  -25.990  -26.545 1.0000000000
90939  -39.492  -26.272  -26.572 1.0000000000
90940  -39.882  -25.201  -26.751 1.0000000000
90941  -40.114  -22.231  -26.693 1.0000000000
90942  -39.857  -23.504  -26.816 1.0000000000
90943  -39.866  -22.491  -26.848 1.0000000000
90944  -40.056  -22.879  -26.666 1.0000000000
90945  -39.940  -21.235  -27.041 1.0000000000
93515  -48.685  -21.474  -29.362 1.0000000000
93516  -48.315  -21.237  -28.839 1.0000000000
93517  -48.382  -20.697  -29.931 1.0000000000
93518  -48.037  -19.911  -30.454 1.0000000000
93519  -47.697  -19.207  -31.067 1.0000000000
97552  -37.382  -13.819  -32.339 1.0000000000
97554  -36.435  -13.808  -31.914 1.0000000000
97669  -42.663  -20.929  -25.022 1.0000000000
97670  -42.465  -22.063  -24.560 1.0000000000
97671  -42.235  -21.201  -25.190 1.0000000000
97672  -41.931  -21.496  -25.347 1.0000000000
97673  -41.610  -21.844  -25.617 1.0000000000
97674  -41.339  -22.111  -25.777 1.0000000000
97675  -41.426  -20.946  -26.089 1.0000000000
97676  -41.272  -20.189  -26.702 1.0000000000
97677  -41.128  -19.411  -27.192 1.0000000000
101989  -46.633  -20.469  -26.874 1.0000000000
101990  -46.418  -21.201  -25.831 1.0000000000
101991  -46.134  -20.343  -26.408 1.0000000000
101992  -45.607  -20.249  -25.976 1.0000000000
101993  -45.093  -20.218  -25.606 1.0000000000
101994  -44.594  -20.231  -25.327 1.0000000000
101995  -44.830  -19.311  -26.184 1.0000000000
101996  -44.539  -18.491  -26.812 1.0000000000
101997  -44.182  -17.665  -27.427 1.0000000000
114067  -46.223  -16.460  -33.684 1.0000000000
114071  -42.027  -12.619  -33.644 1.0000000000
114073  -42.309  -13.031  -32.751 1.0000000000
114074  -42.571  -13.537  -31.906 1.0000000000
114075  -42.757  -14.113  -31.014 1.0000000000
114076  -42.927  -14.776  -30.181 1.0000000000
114077  -42.359  -14.155  -30.728 1.0000000000
114078  -41.953  -14.277  -30.526 1.0000000000
114079  -41.598  -14.400  -30.350 1.0000000000
114085  -38.264  -13.294  -33.590 1.0000000000
114086  -38.309  -13.024  -33.819 1.0000000000
114087  -38.588  -13.558  -33.176 1.0000000000
114088  -39.088  -13.908  -32.571 1.0000000000
114089  -39.510  -14.023  -32.132 1.0000000000
114090  -39.993  -14.300  -31.516 1.0000000000
114091  -39.752  -14.589  -31.437 1.0000000000
114092  -39.936  -15.198  -30.715 1.0000000000
114093  -40.100  -15.975  -30.047 1.0000000000
114094  -40.348  -16.679  -29.489 1.0000000000
114095  -39.996  -16.162  -29.957 1.0000000000
114096  -39.762  -16.423  -30.010 1.0000000000
114097  -39.633  -16.774  -29.909 1.0000000000
114098  -38.499  -15.998  -30.420 1.0000000000
114099  -38.906  -16.322  -30.145 1.0000000000
114100  -38.750  -16.434  -29.960 1.0000000000
114101  -38.919  -17.066  -29.412 1.0000000000
114102  -39.108  -17.633  -28.805 1.0000000000
114103  -39.392  -18.184  -28.358 1.0000000000
114104  -38.896  -17.624  -28.707 1.0000000000
114105  -38.525  -18.034  -28.272 1.0000000000
114106  -38.059  -18.250  -28.054 1.0000000000
114450  -41.484  -26.920  -23.729 1.0000000000
114451  -41.568  -27.779  -23.383 1.0000000000
114452  -41.247  -28.082  -23.817 1.0000000000
114453  -41.078  -29.151  -24.067 1.0000000000
114456  -40.508  -30.413  -24.756 1.0000000000
114458  -39.777  -30.608  -25.591 1.0000000000
114460  -39.794  -29.748  -25.723 1.0000000000
114461  -39.874  -28.863  -26.037 1.0000000000
114462  -39.906  -28.093  -26.114 1.0000000000
114463  -40.497  -23.194  -26.498 1.0000000000
114464  -40.339  -24.262  -26.377 1.0000000000
114465  -40.365  -23.477  -26.625 1.0000000000
114466  -40.277  -23.656  -26.740 1.0000000000
114467  -40.142  -23.972  -26.893 1.0000000000
114468  -39.968  -24.048  -26.737 1.0000000000
114469  -40.209  -22.880  -26.688 1.0000000000
114470  -40.054  -22.089  -27.123 1.0000000000
114471  -40.003  -21.092  -27.265 1.0000000000
118360  -48.282  -24.216  -25.704 1.0000000000
118363  -47.679  -23.200  -25.649 1.0000000000
118364  -47.532  -22.332  -26.172 1.0000000000
118365  -47.314  -21.457  -26.720 1.0000000000
118366  -47.940  -21.031  -28.330 1.0000000000
118367  -47.543  -20.841  -27.847 1.0000000000
118368  -47.123  -20.653  -27.382 1.0000000000
118369  -46.798  -19.796  -27.878 1.0000000000
118370  -46.449  -18.948  -28.462 1.0000000000
118371  -46.076  -18.116  -29.051 1.0000000000
127768  -40.641  -12.300  -33.648 1.0000000000
127773  -37.643  -12.538  -34.425 1.0000000000
127776  -37.949  -13.082  -33.789 1.0000000000
127777  -38.209  -13.510  -33.289 1.0000000000
127778  -38.498  -14.065  -32.703 1.0000000000
127779  -38.745  -14.563  -32.059 1.0000000000
127780  -38.959  -15.124  -31.389 1.0000000000
127781  -38.705  -14.843  -31.783 1.0000000000
127782  -38.608  -15.021  -31.541 1.0000000000
127783  -38.431  -15.236  -31.271 1.0000000000
127784  -37.642  -14.313  -32.009 1.0000000000
127785  -37.931  -14.975  -31.485 1.0000000000
127786  -38.200  -15.405  -30.953 1.0000000000
127787  -37.920  -15.535  -30.660 1.0000000000
127788  -37.546  -15.814  -30.356 1.0000000000
127789  -37.160  -16.314  -30.042 1.0000000000
128053  -43.316  -24.575  -22.792 1.0000000000
128054  -42.949  -25.825  -22.434 1.0000000000
128055  -42.885  -24.857  -22.900 1.0000000000
128056  -42.455  -25.159  -23.123 1.0000000000
128057  -42.125  -25.460  -23.391 1.0000000000
128058  -42.233  -23.267  -24.130 1.0000000000
128059  -42.008  -24.520  -23.898 1.0000000000
128060  -41.723  -25.725  -23.811 1.0000000000
128061  -41.436  -26.014  -24.100 1.0000000000
128062  -41.123  -26.215  -24.586 1.0000000000
128063  -40.874  -26.504  -25.000 1.0000000000
128064  -40.625  -26.679  -25.305 1.0000000000
128065  -40.822  -25.576  -25.264 1.0000000000
128066  -40.745  -24.701  -25.731 1.0000000000
128067  -40.830  -23.874  -26.043 1.0000000000
128068  -41.107  -22.414  -26.031 1.0000000000
128069  -40.860  -22.732  -26.194 1.0000000000
128070  -40.641  -23.003  -26.426 1.0000000000
128071  -40.666  -22.237  -26.778 1.0000000000
128072  -40.545  -21.258  -27.110 1.0000000000
128073  -40.392  -20.515  -27.486 1.0000000000
137229  -43.976  -25.319  -22.296 1.0000000000
137231  -46.518  -23.901  -23.857 1.0000000000
137232  -46.003  -23.919  -23.504 1.0000000000
137233  -46.157  -22.059  -24.837 1.0000000000
137234  -45.833  -22.979  -23.994 1.0000000000
137236  -44.953  -24.065  -22.944 1.0000000000
137237  -44.371  -24.184  -22.799 1.0000000000
137238  -43.861  -24.376  -22.740 1.0000000000
137239  -43.721  -23.433  -23.225 1.0000000000
137240  -43.508  -22.474  -23.822 1.0000000000
137241  -43.286  -21.529  -24.374 1.0000000000
137242  -44.069  -20.327  -25.160 1.0000000000
137243  -43.537  -20.476  -25.044 1.0000000000
137244  -43.128  -20.662  -24.965 1.0000000000
137245  -42.857  -19.823  -25.656 1.0000000000
137246  -42.555  -18.976  -26.269 1.0000000000
137247  -42.322  -18.205  -26.887 1.0000000000
160904  -35.909  -15.337  -30.862 1.0000000000
160905  -36.142  -15.783  -30.562 1.0000000000
160906  -36.360  -16.236  -30.178 1.0000000000
160907  -36.668  -16.748  -29.707 1.0000000000
160914  -35.520  -17.636  -29.595 1.0000000000
160915  -36.258  -17.401  -29.405 1.0000000000
160916  -37.021  -17.322  -29.184 1.0000000000
160917  -37.194  -17.791  -28.668 1.0000000000
160918  -37.370  -18.247  -28.190 1.0000000000
160919  -37.611  -18.778  -27.827 1.0000000000
161576  -47.568  -18.635  -32.009 1.0000000000
161577  -47.184  -18.327  -31.531 1.0000000000
161578  -46.447  -16.931  -32.840 1.0000000000
161579  -46.632  -17.492  -31.907 1.0000000000
161580  -46.776  -18.027  -31.026 1.0000000000
161581  -46.381  -17.756  -30.538 1.0000000000
161582  -45.937  -17.480  -29.990 1.0000000000
161583  -45.502  -17.249  -29.489 1.0000000000
161586  -44.383  -14.747  -32.673 1.0000000000
161587  -43.381  -13.754  -32.679 1.0000000000
161588  -43.953  -14.489  -32.198 1.0000000000
161589  -44.632  -15.238  -31.730 1.0000000000
161590  -44.787  -15.758  -30.797 1.0000000000
161591  -44.977  -16.418  -29.927 1.0000000000
161592  -45.050  -17.072  -29.028 1.0000000000
161593  -44.597  -16.943  -28.627 1.0000000000
161594  -44.133  -16.868  -28.284 1.0000000000
161595  -43.647  -16.888  -27.992 1.0000000000
161596  -43.074  -15.429  -29.345 1.0000000000
161597  -43.146  -16.155  -28.513 1.0000000000
161598  -43.182  -16.953  -27.751 1.0000000000
161599  -42.768  -17.054  -27.592 1.0000000000
161600  -42.307  -17.306  -27.543 1.0000000000
161601  -41.949  -17.554  -27.536 1.0000000000
161609  -39.993  -12.029  -34.208 1.0000000000
161610  -40.327  -12.471  -33.424 1.0000000000
161612  -37.862  -11.961  -35.312 1.0000000000
161613  -38.374  -12.060  -34.870 1.0000000000
161614  -38.468  -12.770  -33.990 1.0000000000
161615  -38.664  -12.486  -34.220 1.0000000000
161616  -38.916  -12.234  -34.388 1.0000000000
161617  -39.408  -12.411  -33.770 1.0000000000
161618  -39.973  -12.640  -33.210 1.0000000000
161619  -40.594  -12.879  -32.596 1.0000000000
161620  -40.877  -13.450  -31.754 1.0000000000
161621  -41.059  -14.021  -30.948 1.0000000000
161622  -41.269  -14.571  -30.221 1.0000000000
161623  -40.461  -14.577  -30.818 1.0000000000
161624  -40.921  -14.912  -30.129 1.0000000000
161625  -41.409  -15.401  -29.559 1.0000000000
161626  -41.510  -16.136  -28.805 1.0000000000
161627  -41.643  -16.955  -28.198 1.0000000000
161628  -41.600  -17.860  -27.533 1.0000000000
161629  -41.353  -18.137  -27.580 1.0000000000
161630  -41.165  -18.451  -27.703 1.0000000000
161631  -40.914  -18.808  -27.812 1.0000000000
161632  -40.480  -17.454  -28.942 1.0000000000
161633  -40.549  -18.230  -28.414 1.0000000000
161634  -40.635  -19.159  -27.945 1.0000000000
161635  -40.464  -19.485  -27.966 1.0000000000
161636  -40.340  -19.719  -27.931 1.0000000000
161637  -40.170  -19.944  -27.923 1.0000000000
161638  -39.218  -15.711  -30.823 1.0000000000
161639  -39.386  -16.170  -30.367 1.0000000000
161640  -39.601  -16.889  -29.742 1.0000000000
161641  -39.258  -16.667  -29.918 1.0000000000
161642  -39.486  -17.062  -29.605 1.0000000000
161643  -39.761  -17.606  -29.254 1.0000000000
161644  -39.875  -18.264  -28.721 1.0000000000
161645  -39.981  -19.113  -28.126 1.0000000000
161646  -40.118  -20.080  -27.877 1.0000000000
161647  -39.959  -20.170  -27.748 1.0000000000
161648  -39.932  -20.239  -27.591 1.0000000000
161649  -39.916  -20.277  -27.429 1.0000000000
161650  -39.516  -18.659  -28.034 1.0000000000
161651  -39.628  -19.349  -27.585 1.0000000000
161652  -39.869  -20.119  -27.316 1.0000000000
161653  -39.706  -20.009  -27.492 1.0000000000
161654  -39.479  -19.471  -27.432 1.0000000000
162340  -42.578  -26.984  -22.290 1.0000000000
162343  -41.626  -28.715  -23.064 1.0000000000
162367  -40.405  -26.923  -25.752 1.0000000000
162368  -40.194  -27.154  -25.978 1.0000000000
162369  -40.005  -27.136  -26.505 1.0000000000
162370  -40.161  -25.328  -26.394 1.0000000000
162371  -40.048  -26.508  -26.508 1.0000000000
162372  -39.693  -27.402  -26.561 1.0000000000
162373  -39.383  -27.581  -26.672 1.0000000000
162376  -39.047  -27.288  -26.652 1.0000000000
162379  -39.924  -24.387  -26.740 1.0000000000
162380  -39.790  -24.964  -26.591 1.0000000000
162381  -39.451  -25.251  -26.629 1.0000000000
162382  -39.772  -24.594  -26.380 1.0000000000
162383  -39.846  -23.815  -26.676 1.0000000000
