#!ascii label  , from subject 40tvs8ref_sym_20 vox2ras=TkReg
268
437  -66.063  -45.693  -2.656 1.0000000000
968  -61.897  -41.842  -4.298 1.0000000000
2311  -59.696  -45.381  -2.233 1.0000000000
2312  -54.907  -41.919  -3.769 1.0000000000
2888  -59.468  -40.278  -5.574 1.0000000000
2889  -62.308  -39.867  -5.876 1.0000000000
4343  -66.123  -48.528  -2.671 1.0000000000
4345  -66.192  -46.403  -4.569 1.0000000000
5133  -58.534  -47.167  -1.077 1.0000000000
5135  -57.369  -43.515  -3.016 1.0000000000
6350  -64.314  -43.532  -3.269 1.0000000000
6351  -66.563  -43.573  -4.118 1.0000000000
6352  -64.757  -41.433  -4.533 1.0000000000
9488  -65.042  -47.406  -1.206 1.0000000000
9490  -61.722  -47.351  -1.264 1.0000000000
9491  -63.104  -45.499  -2.365 1.0000000000
9492  -60.855  -43.644  -3.202 1.0000000000
9493  -58.467  -41.920  -4.225 1.0000000000
9494  -55.923  -40.428  -5.188 1.0000000000
12023  -66.300  -47.082  -2.621 1.0000000000
12024  -66.203  -47.501  -3.630 1.0000000000
12025  -66.498  -46.019  -3.510 1.0000000000
14423  -63.133  -42.621  -3.746 1.0000000000
14424  -64.548  -42.430  -3.876 1.0000000000
14425  -63.356  -41.570  -4.395 1.0000000000
21155  -65.609  -48.644  -0.707 1.0000000000
21156  -64.300  -48.342  -0.546 1.0000000000
21160  -59.124  -46.325  -1.668 1.0000000000
21161  -60.074  -47.282  -1.211 1.0000000000
21162  -60.725  -46.400  -1.824 1.0000000000
21163  -62.407  -46.432  -1.871 1.0000000000
21164  -61.360  -45.478  -2.349 1.0000000000
21165  -62.001  -44.564  -2.788 1.0000000000
21166  -60.290  -44.522  -2.733 1.0000000000
21167  -56.173  -42.676  -3.407 1.0000000000
21168  -57.950  -42.755  -3.598 1.0000000000
21169  -56.691  -41.922  -4.084 1.0000000000
21170  -57.195  -41.167  -4.761 1.0000000000
21171  -55.419  -41.186  -4.468 1.0000000000
23630  -60.691  -41.027  -4.959 1.0000000000
23631  -62.144  -40.780  -5.047 1.0000000000
23632  -60.915  -40.014  -5.744 1.0000000000
27673  -57.513  -46.186  -1.458 1.0000000000
27674  -58.012  -45.289  -2.060 1.0000000000
27675  -58.576  -44.405  -2.605 1.0000000000
27676  -56.832  -44.324  -2.451 1.0000000000
30176  -65.335  -44.526  -2.884 1.0000000000
30177  -66.372  -44.543  -3.367 1.0000000000
30178  -65.663  -43.427  -3.515 1.0000000000
30179  -65.876  -42.380  -4.126 1.0000000000
30181  -63.574  -40.613  -5.151 1.0000000000
35854  -66.611  -44.934  -4.328 1.0000000000
38700  -66.069  -49.245  -1.562 1.0000000000
38701  -66.040  -47.844  -1.661 1.0000000000
38702  -65.577  -46.549  -1.975 1.0000000000
38708  -62.686  -48.273  -0.625 1.0000000000
38709  -63.419  -47.335  -1.222 1.0000000000
38710  -64.158  -46.388  -1.870 1.0000000000
38711  -64.728  -45.441  -2.402 1.0000000000
38712  -63.706  -44.475  -2.809 1.0000000000
38713  -62.551  -43.585  -3.262 1.0000000000
38714  -61.368  -42.745  -3.756 1.0000000000
38715  -59.131  -43.578  -3.128 1.0000000000
38716  -59.645  -42.744  -3.713 1.0000000000
38717  -60.185  -41.905  -4.301 1.0000000000
38718  -58.956  -41.091  -4.904 1.0000000000
38719  -57.694  -40.348  -5.475 1.0000000000
42743  -66.220  -46.373  -2.639 1.0000000000
42744  -66.389  -46.556  -3.084 1.0000000000
42745  -66.372  -45.838  -3.036 1.0000000000
45143  -62.501  -42.245  -4.015 1.0000000000
45144  -63.233  -42.094  -4.057 1.0000000000
45145  -62.629  -41.692  -4.355 1.0000000000
51880  -59.398  -45.853  -1.968 1.0000000000
51881  -59.921  -46.382  -1.749 1.0000000000
51882  -60.216  -45.903  -2.040 1.0000000000
51883  -61.043  -45.932  -2.100 1.0000000000
51884  -60.515  -45.451  -2.307 1.0000000000
51885  -60.824  -45.006  -2.548 1.0000000000
51886  -60.002  -44.941  -2.490 1.0000000000
51887  -55.571  -42.286  -3.604 1.0000000000
51888  -56.415  -42.294  -3.767 1.0000000000
51889  -55.782  -41.923  -3.963 1.0000000000
51890  -56.045  -41.554  -4.281 1.0000000000
51891  -55.148  -41.561  -4.123 1.0000000000
54743  -60.110  -40.633  -5.261 1.0000000000
54744  -60.823  -40.509  -5.343 1.0000000000
54745  -60.199  -40.136  -5.660 1.0000000000
59111  -66.189  -46.943  -4.097 1.0000000000
59112  -65.904  -47.662  -4.156 1.0000000000
59115  -65.820  -46.604  -5.058 1.0000000000
61481  -56.660  -46.128  -1.333 1.0000000000
61482  -56.931  -45.680  -1.634 1.0000000000
61483  -57.753  -45.747  -1.768 1.0000000000
61484  -57.174  -45.232  -1.968 1.0000000000
61485  -57.429  -44.782  -2.256 1.0000000000
61486  -56.589  -44.749  -2.151 1.0000000000
66308  -64.847  -44.011  -3.058 1.0000000000
66309  -65.514  -43.960  -3.179 1.0000000000
66310  -65.029  -43.426  -3.347 1.0000000000
66311  -64.638  -41.908  -4.205 1.0000000000
66312  -65.231  -42.377  -3.980 1.0000000000
66313  -65.316  -41.885  -4.299 1.0000000000
66314  -65.929  -41.893  -4.486 1.0000000000
66315  -65.427  -41.396  -4.666 1.0000000000
66316  -62.268  -40.323  -5.452 1.0000000000
66317  -62.897  -40.709  -5.077 1.0000000000
66318  -62.972  -40.221  -5.500 1.0000000000
79426  -66.469  -44.074  -3.754 1.0000000000
79427  -66.595  -44.718  -3.823 1.0000000000
79428  -66.664  -44.249  -4.207 1.0000000000
86506  -65.947  -49.614  -1.036 1.0000000000
86507  -65.387  -47.989  -0.932 1.0000000000
86508  -65.855  -48.234  -1.161 1.0000000000
86509  -65.658  -47.576  -1.362 1.0000000000
86510  -65.861  -47.179  -1.801 1.0000000000
86511  -65.318  -46.978  -1.605 1.0000000000
86520  -58.214  -47.566  -0.740 1.0000000000
86523  -60.888  -47.330  -1.248 1.0000000000
86525  -61.384  -47.807  -0.958 1.0000000000
86527  -62.213  -47.804  -0.948 1.0000000000
86528  -63.034  -47.789  -0.913 1.0000000000
86529  -62.561  -47.317  -1.263 1.0000000000
86530  -62.756  -45.972  -2.125 1.0000000000
86531  -63.277  -46.423  -1.855 1.0000000000
86532  -63.613  -45.936  -2.130 1.0000000000
86533  -64.443  -45.933  -2.133 1.0000000000
86534  -63.932  -45.445  -2.375 1.0000000000
86535  -64.261  -44.940  -2.596 1.0000000000
86536  -63.430  -44.997  -2.587 1.0000000000
86537  -61.428  -44.095  -2.989 1.0000000000
86538  -62.278  -44.073  -3.014 1.0000000000
86539  -61.682  -43.633  -3.235 1.0000000000
86540  -61.954  -43.141  -3.485 1.0000000000
86541  -61.089  -43.187  -3.484 1.0000000000
86542  -57.981  -43.947  -2.814 1.0000000000
86543  -58.854  -43.996  -2.872 1.0000000000
86544  -58.260  -43.542  -3.086 1.0000000000
86545  -58.213  -42.347  -3.911 1.0000000000
86546  -58.803  -42.751  -3.668 1.0000000000
86547  -59.056  -42.329  -3.979 1.0000000000
86548  -59.889  -42.348  -4.004 1.0000000000
86549  -59.336  -41.909  -4.285 1.0000000000
86550  -59.596  -41.489  -4.600 1.0000000000
86551  -58.711  -41.509  -4.564 1.0000000000
86552  -56.570  -40.801  -4.999 1.0000000000
86553  -57.447  -40.757  -5.125 1.0000000000
86554  -56.815  -40.390  -5.366 1.0000000000
86556  -56.138  -40.040  -5.510 1.0000000000
95369  -66.266  -47.807  -2.637 1.0000000000
95370  -66.145  -48.019  -3.185 1.0000000000
95371  -66.336  -47.290  -3.108 1.0000000000
95372  -66.391  -46.770  -3.580 1.0000000000
95373  -66.421  -46.200  -4.046 1.0000000000
99689  -63.736  -43.111  -3.493 1.0000000000
99690  -64.448  -42.973  -3.558 1.0000000000
99691  -63.837  -42.522  -3.791 1.0000000000
99692  -63.942  -41.990  -4.120 1.0000000000
99693  -64.067  -41.474  -4.454 1.0000000000
99694  -62.393  -39.387  -6.241 1.0000000000
99695  -63.001  -39.769  -5.934 1.0000000000
107560  -66.617  -43.030  -4.487 1.0000000000
107561  -66.710  -43.760  -4.583 1.0000000000
111808  -65.295  -49.052  -0.353 1.0000000000
111809  -65.025  -48.447  -0.579 1.0000000000
111810  -64.694  -47.877  -0.853 1.0000000000
111816  -58.826  -46.764  -1.377 1.0000000000
111817  -59.309  -47.249  -1.145 1.0000000000
111818  -59.619  -46.828  -1.450 1.0000000000
111819  -60.404  -46.861  -1.509 1.0000000000
111820  -61.254  -46.907  -1.549 1.0000000000
111821  -62.058  -46.878  -1.577 1.0000000000
111822  -61.564  -46.420  -1.855 1.0000000000
111823  -61.901  -45.959  -2.122 1.0000000000
111824  -62.233  -45.509  -2.364 1.0000000000
111825  -62.567  -45.036  -2.583 1.0000000000
111826  -61.682  -45.040  -2.578 1.0000000000
111827  -61.137  -44.565  -2.767 1.0000000000
111828  -60.588  -44.086  -2.959 1.0000000000
111829  -56.765  -43.093  -3.213 1.0000000000
111830  -57.649  -43.121  -3.303 1.0000000000
111831  -57.031  -42.689  -3.538 1.0000000000
111832  -57.328  -42.336  -3.846 1.0000000000
111833  -57.586  -41.938  -4.160 1.0000000000
111834  -57.815  -41.531  -4.485 1.0000000000
111835  -56.939  -41.542  -4.403 1.0000000000
111836  -56.309  -41.180  -4.623 1.0000000000
111837  -55.680  -40.816  -4.850 1.0000000000
116576  -61.306  -41.428  -4.618 1.0000000000
116577  -62.022  -41.289  -4.676 1.0000000000
116578  -61.397  -40.896  -5.006 1.0000000000
116579  -61.536  -40.398  -5.400 1.0000000000
116580  -61.620  -39.946  -5.811 1.0000000000
116582  -61.003  -39.564  -6.138 1.0000000000
126008  -57.763  -47.093  -0.968 1.0000000000
126010  -57.219  -46.615  -1.156 1.0000000000
126011  -58.063  -46.688  -1.278 1.0000000000
126012  -58.367  -46.281  -1.568 1.0000000000
126013  -58.587  -45.806  -1.868 1.0000000000
126014  -58.866  -45.330  -2.150 1.0000000000
126015  -59.154  -44.865  -2.418 1.0000000000
126016  -58.297  -44.835  -2.327 1.0000000000
126017  -57.702  -44.355  -2.526 1.0000000000
126018  -57.093  -43.909  -2.737 1.0000000000
132374  -65.748  -45.062  -2.756 1.0000000000
132375  -66.212  -45.124  -3.024 1.0000000000
132376  -65.914  -44.501  -3.069 1.0000000000
132377  -66.090  -43.973  -3.390 1.0000000000
132378  -66.182  -43.463  -3.770 1.0000000000
132379  -65.133  -42.904  -3.668 1.0000000000
132380  -65.757  -42.896  -3.843 1.0000000000
132381  -66.297  -42.932  -4.094 1.0000000000
132382  -66.338  -42.425  -4.414 1.0000000000
132385  -62.751  -41.184  -4.708 1.0000000000
132386  -63.478  -41.102  -4.727 1.0000000000
132387  -64.168  -41.018  -4.827 1.0000000000
132388  -63.647  -40.123  -5.567 1.0000000000
132390  -64.868  -40.952  -4.930 1.0000000000
148546  -66.506  -45.257  -3.427 1.0000000000
148547  -66.562  -45.450  -3.922 1.0000000000
148548  -66.436  -45.662  -4.455 1.0000000000
148549  -66.664  -44.449  -4.714 1.0000000000
148550  -66.461  -45.155  -4.859 1.0000000000
148551  -66.167  -45.883  -4.976 1.0000000000
157058  -66.118  -48.891  -2.117 1.0000000000
157059  -65.962  -48.905  -1.064 1.0000000000
157060  -66.107  -48.540  -1.581 1.0000000000
157061  -66.224  -48.171  -2.125 1.0000000000
157062  -66.232  -47.459  -2.122 1.0000000000
157063  -66.076  -46.768  -2.204 1.0000000000
157064  -65.815  -46.104  -2.298 1.0000000000
157077  -59.786  -47.728  -0.891 1.0000000000
157083  -63.469  -48.269  -0.599 1.0000000000
157084  -63.879  -47.822  -0.875 1.0000000000
157085  -64.266  -47.360  -1.187 1.0000000000
157086  -62.925  -46.868  -1.571 1.0000000000
157087  -63.793  -46.878  -1.544 1.0000000000
157088  -64.610  -46.889  -1.522 1.0000000000
157089  -64.927  -46.438  -1.870 1.0000000000
157090  -65.213  -45.976  -2.163 1.0000000000
157091  -65.463  -45.496  -2.455 1.0000000000
157092  -65.043  -44.972  -2.635 1.0000000000
157093  -64.564  -44.477  -2.809 1.0000000000
157094  -64.013  -43.986  -3.038 1.0000000000
157095  -62.860  -44.539  -2.803 1.0000000000
157096  -63.121  -44.027  -3.040 1.0000000000
157097  -63.441  -43.566  -3.263 1.0000000000
157098  -62.854  -43.108  -3.501 1.0000000000
157099  -62.241  -42.683  -3.754 1.0000000000
157100  -61.639  -42.309  -4.025 1.0000000000
157101  -59.437  -44.458  -2.675 1.0000000000
157102  -59.717  -44.037  -2.917 1.0000000000
157103  -60.002  -43.615  -3.167 1.0000000000
157104  -58.546  -43.161  -3.357 1.0000000000
157105  -59.397  -43.161  -3.402 1.0000000000
157106  -60.247  -43.174  -3.445 1.0000000000
157107  -60.486  -42.733  -3.749 1.0000000000
157108  -60.775  -42.322  -4.024 1.0000000000
157109  -61.056  -41.870  -4.300 1.0000000000
157110  -60.452  -41.471  -4.616 1.0000000000
157111  -59.844  -41.065  -4.930 1.0000000000
157112  -59.214  -40.698  -5.246 1.0000000000
157113  -58.068  -41.127  -4.848 1.0000000000
157114  -58.325  -40.723  -5.209 1.0000000000
157115  -58.576  -40.352  -5.543 1.0000000000
157181  -54.026  -41.880  -3.573 1.0000000000
157190  -54.259  -41.512  -3.954 1.0000000000
157193  -54.985  -40.399  -4.992 1.0000000000
