#!ascii label  , from subject 40tvs8ref_sym_20 vox2ras=TkReg
336
269  -39.955  -33.788  9.892 1.0000000000
283  -52.126  -33.991  10.610 1.0000000000
763  -40.001  -36.897  12.526 1.0000000000
1662  -45.926  -37.205  12.383 1.0000000000
1663  -45.808  -34.318  9.472 1.0000000000
3689  -42.883  -32.808  7.957 1.0000000000
3691  -41.129  -31.759  8.862 1.0000000000
3730  -39.857  -35.463  11.032 1.0000000000
3731  -42.740  -35.864  10.713 1.0000000000
3732  -42.764  -34.401  9.192 1.0000000000
3733  -45.943  -32.830  8.163 1.0000000000
5957  -37.496  -34.457  12.376 1.0000000000
5958  -38.580  -32.555  11.328 1.0000000000
5983  -37.349  -35.995  13.564 1.0000000000
6786  -52.369  -32.365  9.442 1.0000000000
7718  -48.893  -35.648  11.286 1.0000000000
7719  -42.888  -37.256  12.310 1.0000000000
7720  -45.833  -35.791  10.842 1.0000000000
7721  -48.913  -34.075  9.934 1.0000000000
7722  -49.165  -32.470  8.838 1.0000000000
11369  -41.378  -33.355  8.813 1.0000000000
11370  -41.896  -32.294  8.216 1.0000000000
11371  -40.495  -32.805  9.266 1.0000000000
11410  -39.846  -34.662  10.421 1.0000000000
11411  -41.242  -34.971  10.036 1.0000000000
11412  -41.261  -34.190  9.375 1.0000000000
11413  -42.802  -33.600  8.510 1.0000000000
13813  -37.360  -35.260  12.920 1.0000000000
15150  -52.501  -31.569  8.981 1.0000000000
16838  -39.371  -31.603  11.128 1.0000000000
16949  -47.371  -36.480  11.776 1.0000000000
16950  -40.140  -37.539  13.337 1.0000000000
16951  -41.564  -37.748  13.161 1.0000000000
16952  -41.463  -37.113  12.315 1.0000000000
16953  -44.246  -35.150  10.014 1.0000000000
16954  -44.281  -35.852  10.745 1.0000000000
16955  -45.810  -35.052  10.144 1.0000000000
16956  -47.317  -34.968  10.333 1.0000000000
16957  -47.366  -34.188  9.696 1.0000000000
16958  -49.027  -33.269  9.372 1.0000000000
16959  -47.449  -33.419  9.099 1.0000000000
16960  -46.104  -32.040  7.526 1.0000000000
16961  -47.659  -31.906  7.924 1.0000000000
25073  -44.528  -32.075  7.340 1.0000000000
25075  -43.449  -31.703  7.356 1.0000000000
25076  -42.520  -31.226  7.809 1.0000000000
25077  -41.875  -30.701  8.685 1.0000000000
25145  -44.540  -37.845  13.117 1.0000000000
25146  -39.878  -36.194  11.782 1.0000000000
25147  -41.323  -36.460  11.535 1.0000000000
25148  -41.256  -35.739  10.783 1.0000000000
25149  -42.711  -35.143  9.936 1.0000000000
25150  -44.271  -34.420  9.272 1.0000000000
25151  -45.865  -33.580  8.808 1.0000000000
25152  -44.330  -33.677  8.561 1.0000000000
25153  -44.418  -32.873  7.907 1.0000000000
29261  -38.691  -34.165  11.084 1.0000000000
29262  -39.154  -33.209  10.465 1.0000000000
29263  -37.933  -33.506  11.775 1.0000000000
29318  -38.739  -37.200  13.678 1.0000000000
29320  -37.481  -36.663  14.235 1.0000000000
29321  -38.620  -36.524  12.922 1.0000000000
29322  -38.525  -35.795  12.239 1.0000000000
29323  -38.595  -35.029  11.592 1.0000000000
31194  -52.198  -33.179  9.995 1.0000000000
33424  -39.810  -32.202  10.050 1.0000000000
33425  -40.613  -31.207  9.900 1.0000000000
33426  -41.453  -30.258  9.868 1.0000000000
33566  -50.473  -34.812  10.937 1.0000000000
33568  -43.041  -37.856  13.102 1.0000000000
33569  -44.439  -37.236  12.287 1.0000000000
33570  -42.851  -36.555  11.474 1.0000000000
33571  -44.309  -36.573  11.511 1.0000000000
33572  -45.817  -36.517  11.580 1.0000000000
33573  -47.370  -35.705  11.014 1.0000000000
33574  -48.886  -34.883  10.568 1.0000000000
33575  -50.482  -34.022  10.270 1.0000000000
33576  -50.614  -33.186  9.688 1.0000000000
33577  -50.756  -32.379  9.176 1.0000000000
33578  -50.929  -31.581  8.713 1.0000000000
33579  -47.571  -32.656  8.517 1.0000000000
33580  -49.266  -31.748  8.321 1.0000000000
42089  -40.647  -33.577  9.333 1.0000000000
42090  -40.920  -33.085  8.996 1.0000000000
42091  -40.196  -33.305  9.536 1.0000000000
42130  -39.860  -34.234  10.142 1.0000000000
42131  -40.532  -34.440  9.886 1.0000000000
42132  -40.566  -34.010  9.593 1.0000000000
42133  -41.303  -33.765  9.095 1.0000000000
43472  -52.945  -33.995  10.789 1.0000000000
45870  -52.630  -31.161  8.740 1.0000000000
45871  -53.430  -31.163  8.841 1.0000000000
47668  -47.431  -36.797  12.164 1.0000000000
47669  -46.635  -36.842  12.061 1.0000000000
47670  -40.093  -37.228  12.900 1.0000000000
47671  -40.785  -37.347  12.799 1.0000000000
47672  -40.728  -37.017  12.394 1.0000000000
47673  -45.002  -34.742  9.721 1.0000000000
47674  -45.016  -35.113  10.081 1.0000000000
47675  -45.754  -34.693  9.805 1.0000000000
47676  -46.549  -34.627  9.878 1.0000000000
47677  -46.612  -34.242  9.579 1.0000000000
47678  -47.439  -33.791  9.399 1.0000000000
47679  -46.639  -33.877  9.264 1.0000000000
47681  -46.990  -31.596  7.409 1.0000000000
57149  -43.685  -32.452  7.627 1.0000000000
57150  -43.952  -31.921  7.300 1.0000000000
57151  -43.143  -32.249  7.647 1.0000000000
57152  -41.475  -32.029  8.507 1.0000000000
57153  -42.175  -31.755  7.965 1.0000000000
57154  -41.802  -31.503  8.325 1.0000000000
57155  -42.122  -30.984  8.193 1.0000000000
57156  -41.492  -31.238  8.768 1.0000000000
57270  -39.857  -35.837  11.417 1.0000000000
57271  -40.547  -35.989  11.267 1.0000000000
57272  -40.520  -35.631  10.889 1.0000000000
57273  -41.976  -34.697  9.572 1.0000000000
57274  -41.963  -35.079  9.969 1.0000000000
57275  -42.722  -34.792  9.545 1.0000000000
57276  -43.517  -34.811  9.565 1.0000000000
57277  -43.521  -34.433  9.210 1.0000000000
57278  -44.285  -34.055  8.919 1.0000000000
57279  -43.555  -34.073  8.842 1.0000000000
57280  -42.838  -33.208  8.244 1.0000000000
57281  -43.605  -33.259  8.170 1.0000000000
57282  -43.649  -32.865  7.897 1.0000000000
57283  -44.485  -32.493  7.613 1.0000000000
64349  -38.075  -34.327  11.717 1.0000000000
64350  -38.277  -33.851  11.401 1.0000000000
64351  -37.684  -33.978  12.058 1.0000000000
64468  -38.848  -37.502  14.067 1.0000000000
64469  -38.194  -37.260  14.292 1.0000000000
64475  -37.408  -36.352  13.874 1.0000000000
64476  -38.023  -36.617  13.563 1.0000000000
64477  -37.981  -36.279  13.218 1.0000000000
64478  -38.572  -36.167  12.577 1.0000000000
64479  -37.934  -35.921  12.882 1.0000000000
64480  -37.428  -34.862  12.635 1.0000000000
64481  -37.978  -35.152  12.224 1.0000000000
64482  -38.043  -34.746  11.938 1.0000000000
64483  -38.638  -34.619  11.297 1.0000000000
68490  -52.287  -32.759  9.717 1.0000000000
68492  -53.226  -32.358  9.572 1.0000000000
73552  -38.815  -32.892  10.876 1.0000000000
73553  -39.464  -32.708  10.241 1.0000000000
73554  -39.172  -32.395  10.682 1.0000000000
73555  -39.801  -31.145  11.097 1.0000000000
73556  -39.990  -31.427  10.479 1.0000000000
73557  -40.409  -30.953  10.489 1.0000000000
73558  -41.028  -30.724  9.875 1.0000000000
73889  -49.684  -35.233  11.091 1.0000000000
73893  -42.227  -37.528  12.732 1.0000000000
73894  -42.299  -37.832  13.131 1.0000000000
73895  -42.973  -37.568  12.716 1.0000000000
73896  -43.719  -37.563  12.693 1.0000000000
73897  -43.676  -37.247  12.293 1.0000000000
73898  -42.036  -36.180  11.107 1.0000000000
73899  -42.098  -36.522  11.481 1.0000000000
73900  -42.798  -36.203  11.092 1.0000000000
73901  -45.057  -35.823  10.792 1.0000000000
73902  -44.293  -36.204  11.128 1.0000000000
73903  -45.060  -36.189  11.164 1.0000000000
73904  -45.069  -36.550  11.535 1.0000000000
73905  -45.837  -36.156  11.201 1.0000000000
73906  -46.600  -36.111  11.277 1.0000000000
73907  -46.603  -35.754  10.915 1.0000000000
73908  -48.109  -34.520  10.122 1.0000000000
73909  -48.095  -34.913  10.448 1.0000000000
73910  -48.889  -34.491  10.244 1.0000000000
73911  -49.667  -34.466  10.393 1.0000000000
73912  -49.698  -34.048  10.074 1.0000000000
73913  -50.533  -33.602  9.954 1.0000000000
73914  -49.742  -33.637  9.787 1.0000000000
73915  -49.096  -32.869  9.105 1.0000000000
73916  -49.888  -32.826  9.267 1.0000000000
73917  -49.961  -32.422  9.002 1.0000000000
73918  -50.850  -31.989  8.947 1.0000000000
73919  -50.042  -32.035  8.770 1.0000000000
73920  -45.911  -33.205  8.484 1.0000000000
73921  -46.705  -33.123  8.634 1.0000000000
73922  -46.752  -32.752  8.297 1.0000000000
73923  -48.545  -31.424  7.834 1.0000000000
73924  -48.467  -31.818  8.125 1.0000000000
73925  -49.355  -31.339  8.042 1.0000000000
94193  -42.125  -33.079  8.370 1.0000000000
94194  -42.367  -32.558  8.000 1.0000000000
94195  -41.628  -32.837  8.483 1.0000000000
94196  -41.170  -32.561  8.718 1.0000000000
94197  -40.807  -32.275  9.043 1.0000000000
94266  -39.839  -35.065  10.722 1.0000000000
94267  -40.524  -35.229  10.532 1.0000000000
94268  -40.516  -34.845  10.184 1.0000000000
94269  -41.244  -34.586  9.692 1.0000000000
94270  -42.010  -34.310  9.233 1.0000000000
94271  -42.792  -34.012  8.826 1.0000000000
94272  -42.018  -33.911  8.929 1.0000000000
94273  -42.058  -33.513  8.640 1.0000000000
98513  -36.932  -34.512  13.064 1.0000000000
98514  -37.118  -34.065  12.719 1.0000000000
98590  -36.765  -35.669  13.927 1.0000000000
98591  -37.315  -35.625  13.236 1.0000000000
98592  -36.805  -35.298  13.605 1.0000000000
98593  -36.828  -34.931  13.340 1.0000000000
100998  -52.402  -31.972  9.209 1.0000000000
101000  -53.338  -31.542  9.067 1.0000000000
104036  -38.975  -32.063  11.192 1.0000000000
104037  -38.748  -31.766  11.777 1.0000000000
104038  -39.169  -31.314  11.738 1.0000000000
104236  -48.180  -36.407  11.861 1.0000000000
104237  -48.131  -36.057  11.515 1.0000000000
104238  -40.196  -37.857  13.767 1.0000000000
104239  -40.933  -37.959  13.647 1.0000000000
104240  -40.847  -37.653  13.230 1.0000000000
104241  -41.496  -37.438  12.735 1.0000000000
104242  -42.184  -37.186  12.284 1.0000000000
104243  -43.475  -35.524  10.336 1.0000000000
104244  -43.506  -35.864  10.718 1.0000000000
104245  -44.253  -35.513  10.384 1.0000000000
104246  -45.047  -35.473  10.434 1.0000000000
104247  -45.830  -35.423  10.493 1.0000000000
104248  -46.570  -35.392  10.559 1.0000000000
104249  -46.566  -35.007  10.227 1.0000000000
104250  -47.314  -34.585  10.007 1.0000000000
104251  -48.123  -34.136  9.817 1.0000000000
104252  -48.948  -33.686  9.648 1.0000000000
104253  -48.178  -33.735  9.519 1.0000000000
104254  -48.243  -33.334  9.239 1.0000000000
104255  -48.301  -32.936  8.965 1.0000000000
104256  -46.027  -32.428  7.847 1.0000000000
104257  -46.809  -32.365  8.021 1.0000000000
104258  -46.895  -31.973  7.707 1.0000000000
119945  -45.393  -31.684  7.081 1.0000000000
119947  -44.835  -31.537  7.015 1.0000000000
119949  -43.768  -31.161  7.108 1.0000000000
119950  -42.650  -32.013  7.754 1.0000000000
119951  -42.961  -31.470  7.533 1.0000000000
119952  -43.260  -30.931  7.324 1.0000000000
119953  -42.868  -30.680  7.678 1.0000000000
119954  -42.543  -30.431  8.112 1.0000000000
119955  -42.255  -30.198  8.628 1.0000000000
120113  -45.245  -37.526  12.735 1.0000000000
120114  -39.937  -36.556  12.158 1.0000000000
120115  -40.644  -36.691  12.012 1.0000000000
120116  -40.569  -36.355  11.637 1.0000000000
120117  -41.277  -36.106  11.161 1.0000000000
120118  -41.996  -35.819  10.729 1.0000000000
120119  -41.234  -35.359  10.413 1.0000000000
120120  -41.956  -35.465  10.353 1.0000000000
120121  -42.707  -35.501  10.295 1.0000000000
120122  -43.483  -35.162  9.945 1.0000000000
120123  -44.270  -34.781  9.634 1.0000000000
120124  -45.021  -34.380  9.366 1.0000000000
120125  -45.829  -33.953  9.135 1.0000000000
120126  -45.042  -34.011  9.016 1.0000000000
120127  -45.089  -33.645  8.678 1.0000000000
120128  -45.134  -33.262  8.346 1.0000000000
120129  -43.563  -33.663  8.495 1.0000000000
120130  -44.370  -33.283  8.213 1.0000000000
120131  -45.172  -32.862  8.002 1.0000000000
120132  -45.243  -32.469  7.690 1.0000000000
120133  -45.326  -32.078  7.393 1.0000000000
129893  -39.315  -33.974  10.448 1.0000000000
129894  -39.532  -33.504  10.148 1.0000000000
129895  -38.891  -33.686  10.773 1.0000000000
129896  -38.536  -33.368  11.127 1.0000000000
129897  -38.238  -33.031  11.522 1.0000000000
129898  -37.338  -33.608  12.461 1.0000000000
129900  -38.004  -32.675  11.974 1.0000000000
130044  -39.521  -37.703  13.895 1.0000000000
130045  -39.460  -37.393  13.468 1.0000000000
130046  -39.362  -37.074  13.084 1.0000000000
130051  -36.933  -36.675  14.964 1.0000000000
130052  -37.576  -36.984  14.578 1.0000000000
130053  -38.106  -36.944  13.928 1.0000000000
130054  -38.664  -36.869  13.308 1.0000000000
130055  -39.295  -36.757  12.710 1.0000000000
130056  -39.246  -36.381  12.342 1.0000000000
130057  -39.186  -36.026  11.979 1.0000000000
130058  -39.192  -35.651  11.625 1.0000000000
130059  -37.921  -35.542  12.551 1.0000000000
130060  -38.537  -35.437  11.915 1.0000000000
130061  -39.191  -35.280  11.300 1.0000000000
130062  -39.204  -34.868  10.989 1.0000000000
130063  -39.252  -34.432  10.714 1.0000000000
135138  -52.152  -33.585  10.274 1.0000000000
135139  -52.985  -33.595  10.450 1.0000000000
141418  -39.814  -33.014  9.853 1.0000000000
141419  -40.108  -32.513  9.620 1.0000000000
141420  -40.481  -31.985  9.454 1.0000000000
141421  -39.580  -31.901  10.559 1.0000000000
141422  -40.212  -31.692  9.928 1.0000000000
141423  -40.854  -31.470  9.348 1.0000000000
141424  -41.239  -30.968  9.283 1.0000000000
141425  -41.650  -30.471  9.257 1.0000000000
141434  -41.871  -29.801  9.872 1.0000000000
141830  -51.304  -34.397  10.781 1.0000000000
141834  -41.632  -38.042  13.557 1.0000000000
141836  -43.113  -38.147  13.513 1.0000000000
141837  -43.781  -37.855  13.100 1.0000000000
141838  -44.461  -37.542  12.701 1.0000000000
141839  -45.181  -37.224  12.318 1.0000000000
141840  -41.400  -36.793  11.914 1.0000000000
141841  -42.163  -36.848  11.872 1.0000000000
141842  -42.867  -36.893  11.882 1.0000000000
141843  -43.548  -36.209  11.102 1.0000000000
141844  -43.558  -36.564  11.492 1.0000000000
141845  -43.605  -36.913  11.897 1.0000000000
141846  -44.381  -36.906  11.900 1.0000000000
141847  -45.144  -36.886  11.908 1.0000000000
141848  -45.859  -36.873  11.978 1.0000000000
141849  -46.567  -36.492  11.657 1.0000000000
141850  -47.353  -36.092  11.394 1.0000000000
141851  -48.097  -35.684  11.141 1.0000000000
141852  -47.332  -35.340  10.665 1.0000000000
141853  -48.097  -35.305  10.785 1.0000000000
141854  -48.883  -35.269  10.920 1.0000000000
141855  -49.673  -34.853  10.739 1.0000000000
141856  -50.452  -34.435  10.588 1.0000000000
141857  -51.299  -34.000  10.441 1.0000000000
141858  -51.314  -33.593  10.148 1.0000000000
141859  -51.397  -33.170  9.854 1.0000000000
141860  -51.467  -32.770  9.578 1.0000000000
141861  -49.814  -33.234  9.529 1.0000000000
141862  -50.677  -32.792  9.428 1.0000000000
141863  -51.512  -32.378  9.319 1.0000000000
141864  -51.628  -31.971  9.093 1.0000000000
141865  -51.752  -31.560  8.876 1.0000000000
141866  -51.821  -31.151  8.622 1.0000000000
141867  -46.647  -33.507  8.945 1.0000000000
141868  -47.506  -33.035  8.807 1.0000000000
141869  -48.370  -32.552  8.688 1.0000000000
141870  -47.605  -32.287  8.215 1.0000000000
141871  -48.414  -32.197  8.417 1.0000000000
141872  -49.212  -32.122  8.590 1.0000000000
141873  -50.086  -31.669  8.519 1.0000000000
141874  -50.970  -31.174  8.465 1.0000000000
