#!ascii label  , from subject 40tvs8ref_sym_20 vox2ras=TkReg
547
168  -29.839  -29.274  54.878 1.0000000000
373  -29.939  -29.898  68.376 1.0000000000
374  -38.808  -30.390  65.577 1.0000000000
859  -25.933  -30.391  62.570 1.0000000000
861  -34.322  -30.410  60.122 1.0000000000
1452  -25.880  -29.210  55.943 1.0000000000
1827  -33.129  -32.637  70.982 1.0000000000
1828  -29.937  -29.999  61.234 1.0000000000
1829  -34.262  -30.643  66.829 1.0000000000
4010  -27.821  -30.019  69.075 1.0000000000
4012  -29.803  -30.239  71.703 1.0000000000
4013  -31.014  -32.258  71.802 1.0000000000
4014  -31.924  -30.420  70.998 1.0000000000
4015  -27.859  -28.985  55.470 1.0000000000
4016  -27.870  -29.610  58.482 1.0000000000
4017  -29.908  -29.766  57.952 1.0000000000
4018  -36.577  -30.638  62.794 1.0000000000
4019  -34.342  -30.614  63.438 1.0000000000
4020  -36.525  -30.743  66.180 1.0000000000
4021  -36.352  -31.309  69.268 1.0000000000
4022  -38.653  -31.247  68.510 1.0000000000
6153  -27.851  -30.071  65.451 1.0000000000
6155  -31.996  -30.036  57.342 1.0000000000
7226  -26.016  -27.475  53.796 1.0000000000
7227  -27.943  -27.575  52.966 1.0000000000
8110  -25.963  -30.092  59.050 1.0000000000
8111  -27.934  -29.973  61.895 1.0000000000
8112  -29.970  -30.071  64.681 1.0000000000
8113  -32.085  -30.278  60.683 1.0000000000
8114  -32.106  -30.364  64.055 1.0000000000
8115  -32.126  -30.198  67.732 1.0000000000
8116  -34.125  -30.962  70.103 1.0000000000
8117  -35.355  -33.128  69.935 1.0000000000
11690  -28.865  -29.886  68.760 1.0000000000
11691  -28.845  -29.930  70.543 1.0000000000
11692  -29.888  -29.899  70.151 1.0000000000
11693  -30.870  -30.288  71.415 1.0000000000
11694  -31.006  -29.980  69.923 1.0000000000
11695  -28.823  -29.085  55.137 1.0000000000
11696  -28.859  -29.408  56.658 1.0000000000
11697  -29.815  -29.529  56.289 1.0000000000
11698  -37.731  -30.603  64.133 1.0000000000
11699  -36.567  -30.733  64.440 1.0000000000
11700  -37.688  -30.645  65.873 1.0000000000
11701  -37.616  -30.812  67.529 1.0000000000
11702  -38.747  -30.669  67.217 1.0000000000
11703  -39.738  -31.189  68.038 1.0000000000
11704  -39.860  -30.410  66.956 1.0000000000
14092  -25.880  -30.468  64.284 1.0000000000
14093  -26.854  -30.245  65.785 1.0000000000
14094  -26.878  -30.237  64.037 1.0000000000
15893  -27.017  -27.434  53.451 1.0000000000
17795  -32.086  -32.452  71.410 1.0000000000
17799  -33.400  -33.627  69.698 1.0000000000
17802  -25.954  -29.774  57.431 1.0000000000
17803  -28.911  -29.785  59.928 1.0000000000
17804  -27.937  -29.806  60.170 1.0000000000
17805  -28.958  -29.915  61.656 1.0000000000
17806  -28.959  -29.987  63.309 1.0000000000
17807  -29.995  -30.050  62.999 1.0000000000
17808  -33.123  -30.220  58.687 1.0000000000
17809  -32.054  -30.192  59.049 1.0000000000
17810  -33.219  -30.376  60.396 1.0000000000
17811  -34.331  -30.656  65.178 1.0000000000
17812  -33.230  -30.523  63.817 1.0000000000
17813  -33.167  -30.479  65.415 1.0000000000
17814  -32.152  -30.298  65.880 1.0000000000
17815  -33.188  -30.426  67.269 1.0000000000
17816  -33.187  -30.427  69.071 1.0000000000
17817  -34.268  -30.638  68.586 1.0000000000
17818  -37.136  -32.251  69.570 1.0000000000
17819  -36.022  -32.142  70.004 1.0000000000
17820  -36.493  -33.234  69.453 1.0000000000
25650  -27.810  -30.031  70.928 1.0000000000
25651  -28.774  -30.204  72.169 1.0000000000
25652  -29.525  -30.992  72.747 1.0000000000
25654  -30.544  -31.112  72.266 1.0000000000
25655  -31.598  -31.236  71.888 1.0000000000
25656  -32.658  -31.466  71.493 1.0000000000
25657  -26.850  -29.052  55.693 1.0000000000
25658  -26.882  -29.493  57.211 1.0000000000
25659  -27.850  -29.378  56.957 1.0000000000
25660  -28.849  -29.622  58.172 1.0000000000
25661  -29.914  -29.891  59.656 1.0000000000
25662  -35.430  -30.531  61.403 1.0000000000
25663  -34.358  -30.529  61.807 1.0000000000
25664  -35.485  -30.660  63.098 1.0000000000
25665  -35.439  -30.750  64.820 1.0000000000
25666  -35.365  -30.731  66.469 1.0000000000
25667  -35.334  -30.789  68.169 1.0000000000
25668  -36.480  -30.825  67.894 1.0000000000
25669  -37.479  -31.346  68.894 1.0000000000
25670  -38.259  -32.289  69.092 1.0000000000
25672  -39.337  -32.316  68.506 1.0000000000
29713  -26.790  -30.236  67.508 1.0000000000
29714  -27.834  -30.042  67.216 1.0000000000
29715  -28.853  -29.956  66.963 1.0000000000
29716  -30.850  -29.407  54.530 1.0000000000
29717  -30.913  -29.707  56.062 1.0000000000
29718  -31.948  -29.849  55.897 1.0000000000
29719  -33.086  -30.054  57.097 1.0000000000
29720  -34.277  -30.207  58.569 1.0000000000
29723  -35.430  -30.347  59.840 1.0000000000
29724  -36.590  -30.440  61.246 1.0000000000
29725  -37.755  -30.492  62.544 1.0000000000
29726  -38.924  -30.305  64.012 1.0000000000
29727  -39.877  -30.050  65.313 1.0000000000
32226  -25.858  -28.427  54.674 1.0000000000
32227  -26.852  -28.350  54.399 1.0000000000
32228  -27.878  -28.459  54.143 1.0000000000
32229  -28.836  -28.638  53.792 1.0000000000
32236  -28.263  -26.625  52.446 1.0000000000
32237  -28.914  -27.805  52.646 1.0000000000
32238  -29.886  -28.864  53.572 1.0000000000
34638  -25.975  -30.295  60.778 1.0000000000
34639  -26.925  -29.791  58.776 1.0000000000
34640  -26.963  -30.025  60.524 1.0000000000
34641  -26.935  -30.138  62.202 1.0000000000
34642  -27.903  -30.051  63.639 1.0000000000
34643  -28.912  -29.991  65.089 1.0000000000
34644  -29.933  -30.000  66.518 1.0000000000
34645  -30.916  -29.889  57.586 1.0000000000
34646  -30.946  -30.028  59.213 1.0000000000
34647  -30.980  -30.124  60.905 1.0000000000
34648  -33.181  -30.469  62.001 1.0000000000
34649  -32.069  -30.348  62.256 1.0000000000
34650  -31.015  -30.207  62.669 1.0000000000
34651  -31.000  -30.200  64.288 1.0000000000
34652  -31.026  -30.154  66.171 1.0000000000
34653  -31.027  -30.014  68.067 1.0000000000
34654  -32.086  -30.149  69.502 1.0000000000
34655  -33.035  -30.708  70.576 1.0000000000
34656  -33.738  -31.695  70.989 1.0000000000
34657  -35.253  -31.161  69.625 1.0000000000
34658  -34.872  -31.945  70.481 1.0000000000
34659  -34.236  -32.880  70.480 1.0000000000
42410  -29.373  -29.885  68.588 1.0000000000
42411  -29.401  -29.873  69.511 1.0000000000
42412  -29.938  -29.868  69.320 1.0000000000
42413  -30.474  -29.887  70.086 1.0000000000
42414  -30.463  -29.917  69.169 1.0000000000
42415  -29.266  -29.159  54.905 1.0000000000
42416  -29.298  -29.287  55.623 1.0000000000
42417  -29.796  -29.442  55.509 1.0000000000
42418  -38.294  -30.507  64.885 1.0000000000
42419  -37.684  -30.660  65.019 1.0000000000
42420  -38.210  -30.574  65.679 1.0000000000
42421  -38.190  -30.618  66.577 1.0000000000
42422  -38.776  -30.511  66.379 1.0000000000
42423  -39.325  -30.538  67.061 1.0000000000
42424  -39.352  -30.375  66.308 1.0000000000
44810  -25.425  -30.531  62.742 1.0000000000
44812  -25.892  -30.431  63.398 1.0000000000
44813  -26.370  -30.327  64.034 1.0000000000
44814  -26.400  -30.303  63.166 1.0000000000
48515  -32.569  -32.496  71.179 1.0000000000
48516  -32.211  -32.989  70.882 1.0000000000
48517  -32.752  -33.068  70.605 1.0000000000
48519  -33.243  -33.183  70.409 1.0000000000
48522  -25.895  -29.519  56.672 1.0000000000
48523  -29.440  -29.878  60.645 1.0000000000
48524  -28.933  -29.846  60.730 1.0000000000
48525  -29.451  -29.930  61.443 1.0000000000
48526  -29.448  -29.978  62.267 1.0000000000
48527  -29.992  -30.035  62.182 1.0000000000
48528  -33.729  -30.334  59.413 1.0000000000
48529  -33.171  -30.304  59.517 1.0000000000
48530  -33.736  -30.395  60.242 1.0000000000
48531  -34.243  -30.672  65.940 1.0000000000
48532  -33.725  -30.598  65.241 1.0000000000
48533  -33.727  -30.547  66.154 1.0000000000
48534  -33.175  -30.468  66.246 1.0000000000
48535  -33.716  -30.531  67.008 1.0000000000
48536  -33.727  -30.506  67.904 1.0000000000
48537  -34.263  -30.590  67.739 1.0000000000
48538  -37.402  -32.777  69.273 1.0000000000
48539  -36.866  -32.741  69.543 1.0000000000
48540  -37.082  -33.322  69.182 1.0000000000
48541  -36.676  -33.720  68.834 1.0000000000
58105  -27.273  -30.100  69.238 1.0000000000
58107  -27.804  -30.024  69.983 1.0000000000
58108  -29.346  -30.001  71.187 1.0000000000
58109  -28.827  -30.049  71.395 1.0000000000
58110  -29.287  -30.207  71.951 1.0000000000
58111  -29.169  -30.533  72.559 1.0000000000
58112  -29.692  -30.588  72.323 1.0000000000
58113  -30.031  -31.011  72.496 1.0000000000
58114  -30.215  -30.577  72.188 1.0000000000
58115  -31.405  -30.361  71.245 1.0000000000
58116  -31.234  -30.749  71.719 1.0000000000
58117  -31.789  -30.811  71.541 1.0000000000
58118  -32.136  -31.330  71.671 1.0000000000
58119  -32.308  -30.922  71.293 1.0000000000
58120  -27.330  -28.956  55.486 1.0000000000
58121  -27.340  -29.191  56.262 1.0000000000
58122  -27.843  -29.183  56.151 1.0000000000
58123  -29.383  -29.597  57.363 1.0000000000
58124  -28.869  -29.546  57.485 1.0000000000
58125  -29.409  -29.687  58.233 1.0000000000
58126  -29.442  -29.762  59.044 1.0000000000
58127  -29.886  -29.816  58.715 1.0000000000
58128  -36.036  -30.591  62.155 1.0000000000
58129  -35.483  -30.636  62.321 1.0000000000
58130  -36.039  -30.672  62.982 1.0000000000
58131  -36.550  -30.738  65.301 1.0000000000
58132  -35.974  -30.745  64.546 1.0000000000
58133  -35.952  -30.762  65.431 1.0000000000
58134  -35.391  -30.750  65.598 1.0000000000
58135  -35.943  -30.756  66.315 1.0000000000
58136  -35.925  -30.742  67.201 1.0000000000
58137  -36.550  -30.734  67.043 1.0000000000
58138  -38.108  -30.970  68.038 1.0000000000
58139  -37.552  -30.944  68.241 1.0000000000
58140  -38.044  -31.293  68.675 1.0000000000
58141  -37.910  -31.785  69.090 1.0000000000
58142  -38.449  -31.755  68.839 1.0000000000
58143  -38.798  -32.256  68.810 1.0000000000
58144  -39.006  -31.782  68.597 1.0000000000
58145  -40.303  -31.140  67.844 1.0000000000
58146  -40.157  -31.706  68.126 1.0000000000
65313  -26.288  -30.329  67.599 1.0000000000
65314  -26.319  -30.352  66.764 1.0000000000
65315  -27.343  -30.147  65.642 1.0000000000
65316  -27.303  -30.164  66.503 1.0000000000
65317  -27.843  -30.049  66.262 1.0000000000
65318  -28.341  -29.994  67.126 1.0000000000
65319  -28.360  -30.009  66.243 1.0000000000
65320  -31.397  -29.479  54.512 1.0000000000
65321  -31.391  -29.638  55.128 1.0000000000
65326  -33.685  -30.150  57.860 1.0000000000
65336  -35.990  -30.377  60.566 1.0000000000
65337  -36.630  -30.322  60.508 1.0000000000
65339  -37.749  -30.400  61.773 1.0000000000
65341  -38.310  -30.457  63.221 1.0000000000
65342  -38.890  -30.266  63.124 1.0000000000
70708  -25.626  -26.858  53.679 1.0000000000
70712  -25.900  -27.939  54.170 1.0000000000
70713  -26.360  -28.406  54.553 1.0000000000
70714  -26.420  -27.914  54.057 1.0000000000
70715  -27.501  -27.607  53.307 1.0000000000
70716  -27.388  -27.953  53.642 1.0000000000
70717  -27.908  -28.055  53.547 1.0000000000
70718  -28.318  -28.450  53.939 1.0000000000
70719  -28.394  -28.156  53.400 1.0000000000
70737  -28.499  -26.148  52.384 1.0000000000
70739  -29.056  -27.391  52.378 1.0000000000
70740  -29.494  -28.056  52.577 1.0000000000
70741  -29.365  -28.418  53.081 1.0000000000
70743  -30.346  -28.876  53.329 1.0000000000
76420  -30.522  -32.179  72.054 1.0000000000
76422  -30.673  -32.710  71.520 1.0000000000
76441  -25.464  -30.376  60.074 1.0000000000
76442  -25.974  -30.227  59.872 1.0000000000
76443  -27.388  -29.572  57.874 1.0000000000
76444  -26.913  -29.676  57.996 1.0000000000
76445  -27.384  -29.683  58.659 1.0000000000
76446  -27.928  -29.883  61.028 1.0000000000
76447  -27.437  -29.901  60.379 1.0000000000
76448  -27.432  -29.972  61.127 1.0000000000
76449  -26.982  -30.084  61.382 1.0000000000
76450  -27.390  -30.033  62.020 1.0000000000
76451  -27.404  -30.081  62.975 1.0000000000
76452  -27.941  -30.023  62.753 1.0000000000
76453  -29.456  -29.994  63.969 1.0000000000
76454  -28.943  -30.001  64.161 1.0000000000
76455  -29.444  -29.989  64.902 1.0000000000
76456  -29.463  -29.984  65.839 1.0000000000
76457  -29.938  -30.034  65.609 1.0000000000
76458  -31.422  -29.884  56.686 1.0000000000
76459  -30.935  -29.832  56.903 1.0000000000
76460  -31.480  -29.993  57.512 1.0000000000
76461  -32.105  -30.230  59.869 1.0000000000
76462  -31.502  -30.107  59.134 1.0000000000
76463  -31.542  -30.164  59.992 1.0000000000
76464  -30.985  -30.088  60.064 1.0000000000
76465  -31.526  -30.228  60.734 1.0000000000
76466  -34.343  -30.575  62.568 1.0000000000
76467  -33.776  -30.485  61.844 1.0000000000
76468  -33.795  -30.536  62.775 1.0000000000
76469  -32.602  -30.411  63.796 1.0000000000
76470  -32.629  -30.423  63.029 1.0000000000
76471  -32.100  -30.373  63.170 1.0000000000
76472  -31.533  -30.284  62.429 1.0000000000
76473  -31.529  -30.278  63.289 1.0000000000
76474  -31.015  -30.214  63.455 1.0000000000
76475  -31.567  -30.275  64.201 1.0000000000
76476  -32.139  -30.246  66.752 1.0000000000
76477  -31.568  -30.219  65.967 1.0000000000
76478  -31.571  -30.167  66.922 1.0000000000
76479  -31.037  -30.043  67.092 1.0000000000
76480  -31.572  -30.113  67.814 1.0000000000
76481  -31.548  -30.044  68.776 1.0000000000
76482  -32.101  -30.139  68.588 1.0000000000
76483  -33.687  -30.624  69.682 1.0000000000
76484  -33.142  -30.481  69.915 1.0000000000
76485  -33.607  -30.863  70.368 1.0000000000
76486  -33.445  -31.129  70.896 1.0000000000
76487  -33.988  -31.305  70.652 1.0000000000
76488  -35.911  -30.939  68.863 1.0000000000
76489  -35.349  -30.905  69.016 1.0000000000
76490  -35.785  -31.281  69.449 1.0000000000
76491  -35.701  -32.616  70.017 1.0000000000
76492  -35.454  -32.055  70.221 1.0000000000
76493  -35.124  -32.523  70.300 1.0000000000
76494  -34.572  -32.418  70.542 1.0000000000
76495  -34.771  -33.007  70.255 1.0000000000
76496  -34.361  -33.393  69.886 1.0000000000
76525  -40.442  -29.822  65.191 1.0000000000
76526  -40.413  -29.972  66.013 1.0000000000
94768  -28.318  -29.941  68.942 1.0000000000
94769  -28.339  -29.923  69.883 1.0000000000
94770  -28.872  -29.860  69.709 1.0000000000
94771  -29.381  -29.909  70.367 1.0000000000
94772  -29.878  -29.981  70.970 1.0000000000
94773  -30.319  -30.278  71.552 1.0000000000
94774  -30.419  -30.025  70.848 1.0000000000
94775  -30.926  -30.103  70.673 1.0000000000
94776  -31.480  -30.171  70.532 1.0000000000
94777  -28.332  -29.038  55.303 1.0000000000
94778  -28.332  -29.234  56.029 1.0000000000
94779  -28.838  -29.271  55.874 1.0000000000
94780  -29.352  -29.496  56.542 1.0000000000
94781  -29.871  -29.658  57.155 1.0000000000
94782  -37.158  -30.654  63.480 1.0000000000
94783  -36.606  -30.699  63.654 1.0000000000
94784  -37.148  -30.674  64.331 1.0000000000
94785  -37.122  -30.711  65.161 1.0000000000
94786  -37.104  -30.726  66.001 1.0000000000
94787  -37.088  -30.700  66.901 1.0000000000
94788  -37.669  -30.680  66.739 1.0000000000
94789  -38.197  -30.734  67.370 1.0000000000
94790  -38.699  -30.972  67.887 1.0000000000
94791  -39.173  -31.321  68.249 1.0000000000
94792  -39.255  -30.867  67.690 1.0000000000
94793  -39.830  -30.785  67.565 1.0000000000
99091  -25.370  -30.577  64.493 1.0000000000
99094  -26.357  -30.357  64.960 1.0000000000
99095  -26.865  -30.241  64.976 1.0000000000
99096  -27.368  -30.129  64.677 1.0000000000
102333  -26.477  -27.392  53.614 1.0000000000
102334  -26.624  -26.992  53.290 1.0000000000
102335  -27.130  -26.979  53.101 1.0000000000
102336  -27.627  -27.084  52.980 1.0000000000
105757  -31.539  -32.356  71.669 1.0000000000
105765  -33.523  -33.987  68.911 1.0000000000
105769  -25.457  -29.932  57.488 1.0000000000
105770  -25.956  -29.946  58.237 1.0000000000
105771  -28.416  -29.687  59.184 1.0000000000
105772  -27.916  -29.718  59.384 1.0000000000
105773  -28.410  -29.773  60.045 1.0000000000
105774  -28.437  -29.863  60.937 1.0000000000
105775  -28.459  -29.931  61.731 1.0000000000
105776  -28.433  -29.957  62.590 1.0000000000
105777  -28.965  -29.957  62.511 1.0000000000
105778  -29.459  -30.011  63.105 1.0000000000
105779  -29.992  -30.071  63.835 1.0000000000
105780  -32.588  -30.146  58.029 1.0000000000
105781  -32.058  -30.110  58.233 1.0000000000
105782  -32.647  -30.224  58.933 1.0000000000
105783  -32.634  -30.266  59.707 1.0000000000
105784  -32.620  -30.338  60.517 1.0000000000
105785  -34.341  -30.634  64.316 1.0000000000
105786  -33.779  -30.562  63.605 1.0000000000
105787  -33.766  -30.602  64.513 1.0000000000
105788  -33.217  -30.500  64.621 1.0000000000
105789  -32.651  -30.419  64.719 1.0000000000
105790  -32.112  -30.315  64.946 1.0000000000
105791  -32.627  -30.386  65.564 1.0000000000
105792  -32.663  -30.321  66.578 1.0000000000
105793  -32.660  -30.298  67.431 1.0000000000
105794  -32.642  -30.261  68.364 1.0000000000
105795  -33.174  -30.387  68.146 1.0000000000
105796  -33.699  -30.522  68.805 1.0000000000
105797  -34.251  -30.712  69.429 1.0000000000
105798  -36.784  -31.709  69.551 1.0000000000
105799  -36.226  -31.693  69.754 1.0000000000
105800  -36.582  -32.198  69.741 1.0000000000
105801  -36.300  -32.720  69.792 1.0000000000
105802  -35.929  -33.172  69.681 1.0000000000
105803  -35.477  -33.581  69.359 1.0000000000
105804  -36.116  -33.676  69.086 1.0000000000
121287  -28.311  -29.956  70.706 1.0000000000
121288  -28.301  -30.071  71.526 1.0000000000
121291  -29.016  -30.959  72.992 1.0000000000
121292  -29.293  -31.478  72.841 1.0000000000
121296  -30.833  -31.671  72.221 1.0000000000
121297  -30.761  -30.655  71.969 1.0000000000
121298  -31.048  -31.192  72.038 1.0000000000
121299  -31.358  -31.775  71.992 1.0000000000
121300  -31.861  -31.865  71.787 1.0000000000
121301  -32.380  -31.976  71.508 1.0000000000
121302  -32.892  -32.058  71.279 1.0000000000
121303  -26.336  -29.069  55.725 1.0000000000
121304  -26.349  -29.400  56.464 1.0000000000
121305  -26.866  -29.300  56.468 1.0000000000
121306  -27.358  -29.398  57.037 1.0000000000
121307  -27.860  -29.516  57.687 1.0000000000
121308  -28.364  -29.391  56.831 1.0000000000
121309  -28.381  -29.505  57.637 1.0000000000
121310  -28.409  -29.611  58.443 1.0000000000
121311  -28.901  -29.718  59.112 1.0000000000
121312  -29.396  -29.812  59.709 1.0000000000
121313  -29.909  -29.926  60.341 1.0000000000
121314  -34.872  -30.474  60.745 1.0000000000
121315  -34.299  -30.474  60.870 1.0000000000
121316  -34.943  -30.560  61.652 1.0000000000
121317  -34.924  -30.614  62.482 1.0000000000
121318  -34.900  -30.643  63.276 1.0000000000
121319  -35.997  -30.717  63.731 1.0000000000
121320  -35.440  -30.704  63.927 1.0000000000
121321  -34.883  -30.691  64.127 1.0000000000
121322  -34.858  -30.710  64.933 1.0000000000
121323  -34.841  -30.694  65.816 1.0000000000
121324  -34.794  -30.672  66.647 1.0000000000
121325  -34.823  -30.684  67.551 1.0000000000
121326  -35.364  -30.732  67.379 1.0000000000
121327  -35.901  -30.831  68.011 1.0000000000
121328  -36.451  -30.985  68.676 1.0000000000
121329  -37.033  -30.848  67.677 1.0000000000
121330  -37.003  -30.964  68.483 1.0000000000
121331  -36.922  -31.311  69.063 1.0000000000
121332  -37.336  -31.743  69.328 1.0000000000
121333  -37.687  -32.231  69.361 1.0000000000
121334  -37.958  -32.821  69.000 1.0000000000
121336  -38.494  -32.854  68.757 1.0000000000
121337  -39.058  -32.867  68.484 1.0000000000
121339  -39.584  -31.793  68.357 1.0000000000
131114  -26.780  -30.235  68.378 1.0000000000
131115  -27.309  -30.132  68.295 1.0000000000
131116  -26.831  -30.251  66.644 1.0000000000
131117  -27.315  -30.144  67.378 1.0000000000
131118  -27.829  -30.041  68.152 1.0000000000
131119  -28.323  -29.948  67.983 1.0000000000
131120  -28.873  -29.923  67.897 1.0000000000
131121  -29.390  -29.916  67.639 1.0000000000
131122  -30.363  -29.366  54.753 1.0000000000
131123  -30.345  -29.531  55.421 1.0000000000
131124  -30.876  -29.573  55.312 1.0000000000
131125  -31.413  -29.784  55.923 1.0000000000
131126  -31.999  -29.930  56.583 1.0000000000
131128  -32.539  -29.965  56.511 1.0000000000
131129  -32.543  -30.067  57.289 1.0000000000
131130  -33.161  -30.164  58.018 1.0000000000
131131  -33.770  -30.265  58.681 1.0000000000
131132  -34.261  -30.314  59.223 1.0000000000
131140  -34.854  -30.266  59.249 1.0000000000
131141  -34.875  -30.396  60.000 1.0000000000
131142  -35.464  -30.450  60.707 1.0000000000
131143  -36.023  -30.529  61.346 1.0000000000
131144  -36.612  -30.574  62.010 1.0000000000
131145  -37.185  -30.375  61.130 1.0000000000
131146  -37.213  -30.490  61.940 1.0000000000
131147  -37.185  -30.567  62.678 1.0000000000
131148  -37.754  -30.570  63.336 1.0000000000
131149  -38.285  -30.470  64.016 1.0000000000
131150  -38.829  -30.365  64.699 1.0000000000
131151  -39.345  -30.232  65.375 1.0000000000
131152  -39.373  -30.171  64.624 1.0000000000
131153  -39.916  -29.961  64.412 1.0000000000
137945  -25.379  -28.505  54.794 1.0000000000
137946  -25.872  -28.860  55.301 1.0000000000
137947  -26.333  -28.729  55.073 1.0000000000
137948  -26.842  -28.708  54.998 1.0000000000
137949  -27.309  -28.696  54.845 1.0000000000
137950  -26.899  -27.993  53.853 1.0000000000
137951  -27.382  -28.368  54.306 1.0000000000
137952  -27.822  -28.757  54.690 1.0000000000
137953  -28.296  -28.827  54.670 1.0000000000
137954  -28.836  -28.895  54.467 1.0000000000
137955  -29.305  -28.964  54.270 1.0000000000
137976  -28.115  -27.089  52.665 1.0000000000
137977  -28.741  -26.836  52.270 1.0000000000
137978  -28.577  -27.242  52.517 1.0000000000
137979  -28.461  -27.787  52.901 1.0000000000
137980  -28.875  -28.272  53.248 1.0000000000
137981  -29.327  -28.675  53.633 1.0000000000
137982  -29.814  -29.077  54.141 1.0000000000
137983  -30.355  -29.157  54.045 1.0000000000
137984  -30.844  -29.194  53.870 1.0000000000
144941  -25.451  -30.458  61.032 1.0000000000
144942  -25.957  -30.353  61.664 1.0000000000
144943  -26.383  -29.603  57.166 1.0000000000
144944  -26.448  -29.779  58.031 1.0000000000
144945  -26.452  -29.926  58.854 1.0000000000
144946  -27.412  -29.803  59.494 1.0000000000
144947  -26.940  -29.905  59.624 1.0000000000
144948  -26.447  -30.037  59.727 1.0000000000
144949  -26.434  -30.138  60.621 1.0000000000
144950  -26.418  -30.215  61.415 1.0000000000
144951  -26.419  -30.278  62.322 1.0000000000
144952  -26.909  -30.193  63.129 1.0000000000
144953  -27.389  -30.117  63.839 1.0000000000
144954  -27.865  -30.071  64.543 1.0000000000
144955  -28.400  -29.990  63.465 1.0000000000
144956  -28.399  -30.000  64.352 1.0000000000
144957  -28.376  -29.999  65.250 1.0000000000
144958  -28.871  -29.978  66.020 1.0000000000
144959  -29.424  -29.955  66.742 1.0000000000
144960  -29.923  -29.946  67.457 1.0000000000
144961  -30.356  -29.631  56.185 1.0000000000
144962  -30.387  -29.738  56.971 1.0000000000
144963  -30.403  -29.821  57.811 1.0000000000
144964  -31.506  -30.041  58.336 1.0000000000
144965  -30.976  -29.987  58.472 1.0000000000
144966  -30.455  -29.909  58.619 1.0000000000
144967  -30.447  -29.952  59.448 1.0000000000
144968  -30.453  -30.015  60.247 1.0000000000
144969  -30.458  -30.060  61.085 1.0000000000
144970  -33.775  -30.454  61.059 1.0000000000
144971  -33.185  -30.416  61.193 1.0000000000
144972  -32.673  -30.373  61.367 1.0000000000
144973  -33.204  -30.482  62.842 1.0000000000
144974  -32.664  -30.410  62.243 1.0000000000
144975  -32.084  -30.316  61.483 1.0000000000
144976  -31.513  -30.256  61.557 1.0000000000
144977  -31.001  -30.186  61.767 1.0000000000
144978  -30.478  -30.100  61.932 1.0000000000
144979  -30.465  -30.134  62.755 1.0000000000
144980  -30.495  -30.138  63.675 1.0000000000
144981  -30.503  -30.139  64.584 1.0000000000
144982  -31.560  -30.252  65.005 1.0000000000
144983  -31.025  -30.173  65.302 1.0000000000
144984  -30.485  -30.099  65.399 1.0000000000
144985  -30.497  -30.052  66.388 1.0000000000
144986  -30.487  -29.991  67.362 1.0000000000
144987  -30.498  -29.933  68.260 1.0000000000
144988  -31.017  -29.972  69.012 1.0000000000
144989  -31.517  -30.067  69.672 1.0000000000
144990  -32.002  -30.270  70.281 1.0000000000
144991  -32.611  -30.293  69.266 1.0000000000
144992  -32.575  -30.373  70.067 1.0000000000
144993  -32.481  -30.582  70.803 1.0000000000
144994  -32.869  -31.061  71.106 1.0000000000
144995  -33.199  -31.558  71.186 1.0000000000
144996  -33.451  -32.187  71.071 1.0000000000
144997  -34.817  -30.742  68.378 1.0000000000
144998  -34.770  -30.802  69.249 1.0000000000
144999  -34.685  -31.061  69.910 1.0000000000
145000  -35.674  -31.589  69.971 1.0000000000
145001  -35.110  -31.504  70.186 1.0000000000
145002  -34.545  -31.408  70.434 1.0000000000
145003  -34.321  -31.831  70.705 1.0000000000
145004  -34.009  -32.308  70.790 1.0000000000
145005  -33.673  -32.778  70.745 1.0000000000
145006  -33.831  -33.283  70.136 1.0000000000
145042  -39.887  -30.179  66.156 1.0000000000
145043  -40.416  -30.280  66.768 1.0000000000
