#!ascii label  , from subject 40tvs8ref_sym_20 vox2ras=TkReg
276
159  -34.069  -38.652  -11.934 1.0000000000
1437  -26.228  -36.357  -15.726 1.0000000000
1800  -23.838  -38.454  -13.370 1.0000000000
1801  -30.947  -42.160  -8.542 1.0000000000
2529  -36.154  -45.607  -8.466 1.0000000000
2532  -37.286  -41.923  -14.663 1.0000000000
3357  -30.543  -37.738  -13.762 1.0000000000
3959  -26.365  -41.802  -9.520 1.0000000000
3960  -27.908  -40.622  -10.918 1.0000000000
3961  -29.106  -43.759  -7.193 1.0000000000
5677  -34.476  -47.413  -6.024 1.0000000000
8039  -25.036  -37.483  -14.617 1.0000000000
8040  -29.328  -39.260  -12.335 1.0000000000
8041  -32.686  -40.458  -10.162 1.0000000000
10141  -32.011  -45.366  -5.815 1.0000000000
10142  -34.196  -43.476  -7.509 1.0000000000
10143  -35.899  -41.782  -9.730 1.0000000000
10150  -35.846  -47.483  -10.766 1.0000000000
10151  -37.027  -43.793  -11.593 1.0000000000
10152  -37.050  -40.008  -12.373 1.0000000000
11037  -32.350  -38.176  -12.819 1.0000000000
11640  -27.811  -42.827  -8.298 1.0000000000
17636  -24.453  -37.969  -14.021 1.0000000000
17637  -29.494  -41.434  -9.705 1.0000000000
17638  -28.641  -39.980  -11.622 1.0000000000
17639  -30.326  -40.666  -10.493 1.0000000000
17640  -31.115  -39.881  -11.259 1.0000000000
17641  -31.880  -41.324  -9.324 1.0000000000
22789  -35.423  -46.462  -7.154 1.0000000000
22790  -34.481  -45.365  -6.620 1.0000000000
22791  -35.451  -44.464  -7.760 1.0000000000
22792  -35.084  -42.663  -8.518 1.0000000000
22793  -36.184  -43.656  -8.992 1.0000000000
22812  -36.498  -43.677  -14.318 1.0000000000
22813  -36.584  -44.647  -12.794 1.0000000000
22814  -37.208  -42.892  -13.138 1.0000000000
22815  -37.227  -41.889  -11.942 1.0000000000
22816  -37.561  -40.949  -13.453 1.0000000000
24473  -28.539  -37.089  -14.711 1.0000000000
25556  -24.674  -40.611  -10.814 1.0000000000
25557  -25.357  -40.139  -11.488 1.0000000000
25558  -26.050  -39.616  -12.107 1.0000000000
25559  -27.120  -41.230  -10.207 1.0000000000
25560  -28.677  -42.152  -8.984 1.0000000000
25561  -30.075  -42.951  -7.862 1.0000000000
28652  -35.834  -47.613  -8.027 1.0000000000
34435  -25.639  -36.965  -15.176 1.0000000000
34436  -26.703  -39.054  -12.771 1.0000000000
34437  -27.333  -38.469  -13.431 1.0000000000
34438  -27.978  -37.803  -14.078 1.0000000000
34439  -29.972  -38.526  -13.051 1.0000000000
34440  -31.764  -39.065  -12.018 1.0000000000
34441  -33.411  -39.579  -11.035 1.0000000000
40658  -30.587  -44.535  -6.372 1.0000000000
40659  -31.606  -43.624  -7.022 1.0000000000
40660  -33.324  -46.313  -5.656 1.0000000000
40661  -33.157  -44.367  -6.578 1.0000000000
40662  -32.635  -42.698  -7.815 1.0000000000
40663  -33.551  -41.859  -8.656 1.0000000000
40664  -34.451  -40.955  -9.649 1.0000000000
40665  -35.218  -40.068  -10.702 1.0000000000
40685  -35.749  -48.553  -9.243 1.0000000000
40686  -36.297  -46.647  -9.569 1.0000000000
40687  -35.710  -46.420  -12.264 1.0000000000
40688  -36.529  -45.663  -11.188 1.0000000000
40689  -36.709  -44.679  -10.036 1.0000000000
40690  -36.803  -42.782  -10.472 1.0000000000
40691  -36.545  -40.899  -11.047 1.0000000000
40692  -35.816  -39.156  -11.803 1.0000000000
41757  -33.212  -38.400  -12.333 1.0000000000
41758  -32.629  -37.725  -13.211 1.0000000000
41759  -33.528  -37.928  -12.761 1.0000000000
46547  -25.005  -35.966  -16.306 1.0000000000
46549  -25.297  -35.676  -16.546 1.0000000000
48352  -22.659  -37.690  -14.018 1.0000000000
48355  -23.216  -37.372  -14.642 1.0000000000
48356  -24.132  -38.203  -13.705 1.0000000000
48357  -30.263  -41.790  -9.116 1.0000000000
48358  -29.912  -41.058  -10.096 1.0000000000
48359  -30.683  -41.402  -9.492 1.0000000000
48360  -31.089  -40.998  -9.887 1.0000000000
48361  -31.408  -41.752  -8.918 1.0000000000
53509  -35.834  -46.019  -7.765 1.0000000000
53510  -35.470  -45.457  -7.419 1.0000000000
53511  -35.865  -45.037  -8.063 1.0000000000
53512  -35.839  -44.073  -8.360 1.0000000000
53513  -36.226  -44.606  -8.753 1.0000000000
53532  -36.917  -42.807  -14.518 1.0000000000
53533  -36.933  -43.269  -13.777 1.0000000000
53534  -37.254  -42.409  -13.915 1.0000000000
53535  -37.428  -41.897  -13.331 1.0000000000
53536  -37.515  -41.390  -14.128 1.0000000000
53537  -37.652  -40.488  -14.170 1.0000000000
53538  -37.553  -41.012  -14.753 1.0000000000
56147  -29.568  -37.440  -14.236 1.0000000000
56148  -28.825  -36.697  -15.030 1.0000000000
57952  -25.540  -41.233  -10.148 1.0000000000
57953  -25.014  -40.378  -11.157 1.0000000000
57954  -25.910  -40.978  -10.485 1.0000000000
57955  -26.281  -40.715  -10.838 1.0000000000
57956  -26.745  -41.513  -9.863 1.0000000000
57957  -28.496  -43.290  -7.736 1.0000000000
57958  -28.240  -42.489  -8.649 1.0000000000
57959  -28.953  -42.929  -8.056 1.0000000000
57960  -29.394  -42.560  -8.394 1.0000000000
57961  -29.597  -43.358  -7.524 1.0000000000
63113  -35.623  -48.627  -7.916 1.0000000000
75946  -25.337  -37.236  -14.890 1.0000000000
75947  -27.004  -40.150  -11.536 1.0000000000
75948  -26.390  -39.342  -12.429 1.0000000000
75949  -27.355  -39.859  -11.860 1.0000000000
75950  -28.994  -39.621  -11.979 1.0000000000
75951  -28.013  -39.231  -12.535 1.0000000000
75952  -28.362  -38.920  -12.867 1.0000000000
75953  -27.632  -38.135  -13.763 1.0000000000
75954  -28.695  -38.550  -13.224 1.0000000000
75955  -28.975  -38.206  -13.554 1.0000000000
75956  -29.657  -38.898  -12.694 1.0000000000
75957  -31.902  -40.149  -10.722 1.0000000000
75958  -31.454  -39.475  -11.640 1.0000000000
75959  -32.242  -39.737  -11.123 1.0000000000
75960  -32.587  -39.316  -11.504 1.0000000000
75961  -33.057  -40.017  -10.596 1.0000000000
91399  -31.458  -45.835  -5.522 1.0000000000
91400  -30.774  -45.392  -5.767 1.0000000000
91401  -31.305  -44.906  -6.060 1.0000000000
91402  -31.100  -44.079  -6.689 1.0000000000
91403  -31.813  -44.457  -6.335 1.0000000000
91404  -33.907  -47.925  -5.561 1.0000000000
91406  -33.929  -46.849  -5.784 1.0000000000
91407  -34.381  -44.367  -7.015 1.0000000000
91408  -33.853  -44.834  -6.531 1.0000000000
91409  -33.707  -43.895  -7.042 1.0000000000
91410  -32.926  -43.531  -7.129 1.0000000000
91411  -33.455  -43.091  -7.561 1.0000000000
91412  -33.104  -42.275  -8.230 1.0000000000
91413  -33.934  -42.667  -8.029 1.0000000000
91414  -35.508  -42.218  -9.118 1.0000000000
91415  -34.850  -41.728  -9.108 1.0000000000
91416  -35.225  -41.320  -9.622 1.0000000000
91417  -34.851  -40.514  -10.161 1.0000000000
91418  -35.607  -40.890  -10.202 1.0000000000
91469  -35.816  -48.038  -10.021 1.0000000000
91470  -36.041  -47.641  -9.370 1.0000000000
91471  -36.133  -47.085  -10.163 1.0000000000
91473  -35.110  -46.643  -12.752 1.0000000000
91474  -35.617  -45.894  -13.006 1.0000000000
91475  -36.889  -44.256  -12.200 1.0000000000
91476  -36.577  -45.112  -12.040 1.0000000000
91477  -36.812  -44.704  -11.422 1.0000000000
91478  -36.685  -45.217  -10.583 1.0000000000
91479  -36.884  -44.254  -10.805 1.0000000000
91480  -36.781  -43.744  -10.201 1.0000000000
91481  -36.999  -43.264  -11.031 1.0000000000
91482  -37.201  -40.950  -12.156 1.0000000000
91483  -36.983  -41.364  -11.458 1.0000000000
91484  -36.814  -40.453  -11.718 1.0000000000
91485  -36.272  -39.983  -11.418 1.0000000000
91486  -36.519  -39.558  -12.013 1.0000000000
91487  -36.096  -38.705  -12.347 1.0000000000
93593  -31.448  -37.993  -13.282 1.0000000000
93595  -31.745  -37.527  -13.669 1.0000000000
94678  -27.085  -42.360  -8.860 1.0000000000
94679  -27.398  -43.161  -7.962 1.0000000000
94680  -28.024  -43.651  -7.426 1.0000000000
105472  -24.753  -37.735  -14.325 1.0000000000
105473  -28.707  -41.051  -10.331 1.0000000000
105474  -28.278  -40.304  -11.273 1.0000000000
105475  -29.108  -40.715  -10.690 1.0000000000
105476  -29.483  -40.361  -11.061 1.0000000000
105477  -29.849  -39.976  -11.454 1.0000000000
105478  -30.204  -39.605  -11.798 1.0000000000
105479  -30.729  -40.268  -10.885 1.0000000000
105480  -31.517  -40.572  -10.305 1.0000000000
105481  -32.279  -40.911  -9.728 1.0000000000
114746  -32.106  -46.317  -5.364 1.0000000000
114747  -34.968  -46.930  -6.573 1.0000000000
114748  -34.476  -46.371  -6.271 1.0000000000
114749  -35.011  -45.884  -6.812 1.0000000000
114750  -35.000  -44.919  -7.177 1.0000000000
114751  -34.847  -43.977  -7.519 1.0000000000
114752  -34.661  -43.081  -7.993 1.0000000000
114753  -35.295  -43.561  -8.092 1.0000000000
114754  -35.743  -43.110  -8.745 1.0000000000
114755  -36.091  -42.690  -9.363 1.0000000000
114787  -35.368  -47.756  -11.308 1.0000000000
114789  -36.088  -45.009  -13.333 1.0000000000
114790  -36.552  -44.194  -13.541 1.0000000000
114791  -36.928  -43.744  -13.005 1.0000000000
114792  -37.124  -43.349  -12.345 1.0000000000
114793  -37.184  -42.762  -11.846 1.0000000000
114794  -37.311  -42.366  -12.568 1.0000000000
114795  -37.412  -41.395  -12.739 1.0000000000
114796  -37.405  -40.470  -12.903 1.0000000000
114798  -37.559  -40.046  -13.566 1.0000000000
118541  -27.420  -36.756  -15.174 1.0000000000
121067  -24.346  -40.856  -10.494 1.0000000000
121071  -24.703  -39.303  -12.456 1.0000000000
121072  -25.009  -39.047  -12.778 1.0000000000
121073  -25.696  -39.884  -11.801 1.0000000000
121074  -26.650  -40.438  -11.190 1.0000000000
121075  -27.533  -40.924  -10.579 1.0000000000
121076  -27.509  -42.022  -9.252 1.0000000000
121077  -27.926  -41.699  -9.605 1.0000000000
121078  -28.329  -41.386  -9.951 1.0000000000
121079  -29.098  -41.800  -9.335 1.0000000000
121080  -29.833  -42.181  -8.741 1.0000000000
121081  -30.547  -42.533  -8.215 1.0000000000
128288  -34.313  -48.492  -5.803 1.0000000000
128291  -34.838  -47.983  -6.344 1.0000000000
128293  -35.726  -47.013  -7.572 1.0000000000
128294  -36.069  -46.561  -8.265 1.0000000000
128324  -35.920  -43.939  -14.883 1.0000000000
128327  -37.279  -41.402  -15.456 1.0000000000
144342  -24.709  -36.240  -16.058 1.0000000000
144343  -25.907  -36.673  -15.443 1.0000000000
144344  -25.315  -38.797  -13.087 1.0000000000
144345  -25.585  -38.525  -13.396 1.0000000000
144346  -25.925  -38.266  -13.695 1.0000000000
144347  -27.683  -39.537  -12.203 1.0000000000
144348  -27.027  -38.770  -13.096 1.0000000000
144349  -26.257  -37.984  -14.004 1.0000000000
144350  -26.569  -37.701  -14.311 1.0000000000
144351  -26.879  -37.407  -14.610 1.0000000000
144352  -27.161  -37.089  -14.899 1.0000000000
144353  -28.265  -37.467  -14.386 1.0000000000
144354  -29.277  -37.834  -13.895 1.0000000000
144355  -30.274  -38.143  -13.404 1.0000000000
144356  -30.550  -39.215  -12.158 1.0000000000
144357  -30.877  -38.819  -12.522 1.0000000000
144358  -31.167  -38.431  -12.895 1.0000000000
144359  -32.048  -38.635  -12.415 1.0000000000
144360  -32.907  -38.862  -11.916 1.0000000000
144361  -33.755  -39.120  -11.481 1.0000000000
162929  -30.059  -44.972  -6.085 1.0000000000
162930  -29.850  -44.121  -6.758 1.0000000000
162931  -30.353  -43.681  -7.099 1.0000000000
162932  -30.843  -43.279  -7.422 1.0000000000
162933  -31.304  -42.863  -7.766 1.0000000000
162936  -32.678  -45.840  -5.659 1.0000000000
162937  -33.906  -45.824  -6.093 1.0000000000
162938  -33.283  -45.332  -6.072 1.0000000000
162939  -32.578  -44.887  -6.159 1.0000000000
162940  -32.381  -43.982  -6.726 1.0000000000
162941  -32.140  -43.153  -7.392 1.0000000000
162942  -31.773  -42.439  -8.130 1.0000000000
162943  -32.285  -41.979  -8.550 1.0000000000
162944  -32.735  -41.554  -8.967 1.0000000000
162945  -33.165  -41.126  -9.396 1.0000000000
162946  -34.404  -42.206  -8.552 1.0000000000
162947  -34.028  -41.407  -9.142 1.0000000000
162948  -33.582  -40.691  -9.836 1.0000000000
162949  -33.983  -40.220  -10.304 1.0000000000
162950  -34.353  -39.752  -10.792 1.0000000000
162951  -34.695  -39.295  -11.281 1.0000000000
163011  -35.618  -49.110  -8.538 1.0000000000
163012  -35.869  -48.105  -8.665 1.0000000000
163013  -36.090  -47.158  -8.761 1.0000000000
163014  -36.298  -46.193  -8.950 1.0000000000
163016  -35.272  -47.249  -12.010 1.0000000000
163017  -35.793  -46.953  -11.494 1.0000000000
163018  -36.163  -45.614  -12.501 1.0000000000
163019  -36.201  -46.091  -11.757 1.0000000000
163020  -36.189  -46.581  -10.981 1.0000000000
163021  -36.472  -46.152  -10.398 1.0000000000
163022  -36.525  -45.709  -9.767 1.0000000000
163023  -36.456  -45.155  -9.234 1.0000000000
163024  -36.528  -44.170  -9.475 1.0000000000
163025  -36.507  -43.220  -9.714 1.0000000000
163026  -36.440  -42.235  -10.083 1.0000000000
163027  -37.025  -42.350  -11.212 1.0000000000
163028  -36.738  -41.789  -10.783 1.0000000000
163029  -36.260  -41.320  -10.397 1.0000000000
163030  -35.957  -40.460  -10.787 1.0000000000
163031  -35.523  -39.615  -11.251 1.0000000000
163032  -35.007  -38.818  -11.795 1.0000000000
