#!ascii label  , from subject 40tvs8ref_sym_20 vox2ras=TkReg
442
156  -36.909  -47.466  -20.012 1.0000000000
624  -36.629  -34.857  -26.096 1.0000000000
1416  -30.695  -45.235  -19.795 1.0000000000
1417  -31.354  -38.659  -22.772 1.0000000000
1418  -36.404  -41.193  -22.938 1.0000000000
2505  -40.944  -40.816  -23.279 1.0000000000
2506  -40.884  -34.516  -23.812 1.0000000000
2508  -38.428  -28.759  -26.552 1.0000000000
2534  -36.121  -32.927  -23.771 1.0000000000
3336  -34.006  -46.350  -19.591 1.0000000000
3337  -33.655  -43.271  -21.537 1.0000000000
3338  -36.636  -44.371  -21.334 1.0000000000
5619  -40.717  -37.535  -23.643 1.0000000000
5689  -33.879  -36.678  -25.079 1.0000000000
5690  -33.612  -35.772  -23.616 1.0000000000
5691  -34.999  -33.699  -25.821 1.0000000000
5692  -36.935  -30.891  -25.534 1.0000000000
5693  -37.247  -31.827  -26.887 1.0000000000
7158  -30.572  -41.787  -21.616 1.0000000000
7159  -33.495  -39.971  -23.493 1.0000000000
7160  -36.384  -37.971  -24.681 1.0000000000
10062  -39.261  -47.396  -21.316 1.0000000000
10070  -41.269  -44.128  -22.883 1.0000000000
10071  -39.193  -44.358  -22.290 1.0000000000
10072  -38.933  -41.105  -23.286 1.0000000000
10073  -38.839  -37.811  -24.379 1.0000000000
10074  -38.976  -34.636  -25.193 1.0000000000
10076  -40.807  -31.132  -24.079 1.0000000000
10077  -39.228  -31.459  -25.853 1.0000000000
11016  -35.515  -46.951  -19.726 1.0000000000
11017  -35.331  -45.450  -20.427 1.0000000000
11018  -36.797  -45.970  -20.627 1.0000000000
13369  -35.258  -35.849  -25.763 1.0000000000
13370  -34.301  -35.326  -25.500 1.0000000000
13371  -35.668  -34.216  -26.402 1.0000000000
13372  -36.147  -32.775  -26.507 1.0000000000
13373  -36.903  -33.211  -26.637 1.0000000000
15767  -29.502  -42.787  -20.364 1.0000000000
15768  -30.517  -43.544  -20.787 1.0000000000
15769  -35.046  -42.282  -22.255 1.0000000000
15770  -33.541  -41.642  -22.547 1.0000000000
15771  -34.971  -40.730  -23.202 1.0000000000
15772  -34.983  -39.032  -24.196 1.0000000000
15773  -36.381  -39.635  -23.761 1.0000000000
22590  -40.342  -47.197  -21.854 1.0000000000
22609  -41.730  -40.642  -22.881 1.0000000000
22610  -41.920  -42.222  -22.874 1.0000000000
22611  -41.154  -42.499  -23.104 1.0000000000
22612  -40.288  -44.340  -22.645 1.0000000000
22613  -40.190  -42.670  -23.047 1.0000000000
22614  -39.077  -42.744  -22.767 1.0000000000
22615  -39.985  -40.998  -23.439 1.0000000000
22616  -40.799  -36.019  -23.789 1.0000000000
22617  -39.825  -37.778  -24.055 1.0000000000
22618  -39.867  -36.196  -24.341 1.0000000000
22619  -38.871  -36.292  -24.776 1.0000000000
22620  -39.907  -34.680  -24.484 1.0000000000
22627  -40.070  -31.253  -25.040 1.0000000000
22629  -39.346  -29.961  -26.103 1.0000000000
22824  -30.909  -39.634  -21.574 1.0000000000
22825  -32.161  -39.660  -20.865 1.0000000000
22826  -32.162  -38.298  -22.046 1.0000000000
22827  -34.902  -34.361  -23.771 1.0000000000
22828  -34.717  -35.580  -22.674 1.0000000000
22834  -37.633  -29.950  -26.260 1.0000000000
24436  -32.379  -45.832  -19.706 1.0000000000
24437  -32.196  -44.230  -20.723 1.0000000000
24438  -33.819  -44.812  -20.553 1.0000000000
24439  -35.188  -43.813  -21.348 1.0000000000
24440  -36.498  -42.766  -22.139 1.0000000000
28545  -40.769  -39.168  -23.427 1.0000000000
28671  -32.424  -37.701  -24.012 1.0000000000
28672  -32.403  -37.100  -23.331 1.0000000000
28673  -33.184  -36.143  -24.505 1.0000000000
28674  -34.165  -34.627  -24.824 1.0000000000
28675  -35.204  -33.385  -24.823 1.0000000000
28676  -36.495  -31.882  -24.668 1.0000000000
28677  -35.832  -32.438  -25.801 1.0000000000
28678  -36.769  -31.463  -26.550 1.0000000000
28679  -37.771  -30.281  -26.820 1.0000000000
32059  -30.015  -41.101  -21.012 1.0000000000
32060  -30.755  -40.135  -22.281 1.0000000000
32061  -32.035  -42.639  -21.694 1.0000000000
32062  -31.944  -41.050  -22.560 1.0000000000
32063  -32.038  -39.314  -23.373 1.0000000000
32064  -33.523  -38.349  -24.336 1.0000000000
32065  -35.052  -37.437  -25.068 1.0000000000
32066  -36.465  -36.383  -25.467 1.0000000000
40422  -38.124  -47.511  -20.702 1.0000000000
40446  -41.307  -45.540  -22.616 1.0000000000
40447  -40.314  -45.809  -22.287 1.0000000000
40448  -39.247  -45.927  -21.808 1.0000000000
40449  -38.066  -45.943  -21.202 1.0000000000
40450  -37.974  -44.406  -21.798 1.0000000000
40451  -37.849  -42.805  -22.407 1.0000000000
40452  -37.724  -41.133  -23.051 1.0000000000
40453  -39.884  -39.371  -23.761 1.0000000000
40454  -38.860  -39.530  -23.814 1.0000000000
40455  -37.669  -39.578  -23.773 1.0000000000
40456  -37.659  -37.982  -24.489 1.0000000000
40457  -37.754  -36.373  -25.215 1.0000000000
40458  -37.862  -34.799  -25.816 1.0000000000
40464  -40.834  -32.866  -23.873 1.0000000000
40465  -40.037  -33.054  -24.712 1.0000000000
40466  -39.074  -33.129  -25.485 1.0000000000
40467  -38.040  -33.157  -26.199 1.0000000000
40468  -38.299  -31.662  -26.471 1.0000000000
40469  -38.600  -30.084  -26.704 1.0000000000
40470  -38.963  -28.487  -26.720 1.0000000000
40705  -33.479  -36.966  -22.434 1.0000000000
41734  -36.317  -47.975  -19.534 1.0000000000
41735  -35.607  -47.707  -19.412 1.0000000000
41736  -36.272  -47.222  -19.837 1.0000000000
41737  -36.188  -46.485  -20.144 1.0000000000
41738  -36.854  -46.676  -20.334 1.0000000000
44089  -35.982  -35.262  -26.023 1.0000000000
44090  -35.442  -35.042  -26.153 1.0000000000
44091  -36.075  -34.412  -26.314 1.0000000000
44092  -36.242  -33.727  -26.536 1.0000000000
44093  -36.766  -34.017  -26.380 1.0000000000
46486  -29.873  -44.864  -19.774 1.0000000000
46487  -29.842  -43.990  -20.209 1.0000000000
46488  -30.604  -44.363  -20.311 1.0000000000
46489  -35.729  -41.699  -22.639 1.0000000000
46490  -35.007  -41.501  -22.736 1.0000000000
46491  -35.687  -40.934  -23.091 1.0000000000
46492  -35.666  -40.150  -23.568 1.0000000000
46493  -36.385  -40.388  -23.345 1.0000000000
53310  -40.872  -47.012  -22.070 1.0000000000
53329  -41.327  -40.670  -23.122 1.0000000000
53330  -41.444  -41.508  -23.086 1.0000000000
53331  -41.066  -41.630  -23.191 1.0000000000
53332  -40.661  -42.562  -23.095 1.0000000000
53333  -40.574  -41.732  -23.253 1.0000000000
53334  -40.086  -41.801  -23.242 1.0000000000
53335  -40.495  -40.850  -23.410 1.0000000000
53336  -40.851  -35.303  -23.817 1.0000000000
53337  -40.307  -36.154  -24.025 1.0000000000
53338  -40.434  -35.350  -24.124 1.0000000000
53339  -39.896  -35.396  -24.434 1.0000000000
53340  -40.420  -34.597  -24.135 1.0000000000
53544  -31.059  -39.127  -22.179 1.0000000000
53545  -31.478  -38.972  -21.790 1.0000000000
53546  -31.581  -38.371  -22.462 1.0000000000
53547  -35.506  -33.724  -23.769 1.0000000000
53549  -35.969  -33.621  -23.152 1.0000000000
53554  -38.019  -29.449  -26.515 1.0000000000
56082  -34.115  -47.164  -19.188 1.0000000000
56084  -33.293  -46.909  -19.178 1.0000000000
56085  -32.483  -46.688  -19.168 1.0000000000
56086  -33.194  -46.078  -19.655 1.0000000000
56087  -33.104  -45.329  -20.129 1.0000000000
56088  -33.909  -45.596  -20.052 1.0000000000
56089  -35.963  -44.913  -20.894 1.0000000000
56090  -35.256  -44.619  -20.881 1.0000000000
56091  -35.905  -44.149  -21.313 1.0000000000
56092  -35.833  -43.366  -21.731 1.0000000000
56093  -36.543  -43.493  -21.755 1.0000000000
63144  -33.107  -37.323  -24.522 1.0000000000
63145  -32.747  -36.943  -24.239 1.0000000000
63146  -33.423  -36.431  -24.839 1.0000000000
63147  -34.670  -34.443  -25.753 1.0000000000
63148  -34.103  -34.927  -25.216 1.0000000000
63149  -34.560  -34.212  -25.359 1.0000000000
63150  -34.762  -33.919  -24.900 1.0000000000
63151  -35.044  -33.427  -25.410 1.0000000000
63152  -35.496  -32.812  -25.299 1.0000000000
63153  -35.372  -33.074  -25.775 1.0000000000
63154  -36.699  -32.369  -26.755 1.0000000000
63155  -36.388  -32.178  -26.545 1.0000000000
63156  -37.052  -31.599  -26.819 1.0000000000
63157  -37.366  -30.833  -26.732 1.0000000000
63158  -37.489  -31.071  -26.893 1.0000000000
70339  -29.910  -42.362  -20.974 1.0000000000
70340  -29.685  -41.968  -20.685 1.0000000000
70341  -30.080  -41.439  -21.344 1.0000000000
70342  -30.350  -40.621  -21.652 1.0000000000
70343  -30.593  -41.075  -21.898 1.0000000000
70344  -32.929  -43.772  -21.083 1.0000000000
70345  -32.068  -43.540  -21.161 1.0000000000
70346  -32.849  -42.968  -21.571 1.0000000000
70347  -33.514  -40.897  -22.991 1.0000000000
70348  -32.743  -41.414  -22.544 1.0000000000
70349  -32.714  -40.552  -23.020 1.0000000000
70350  -31.995  -40.078  -23.055 1.0000000000
70351  -32.723  -39.683  -23.438 1.0000000000
70352  -32.806  -38.804  -23.887 1.0000000000
70353  -33.505  -39.103  -23.970 1.0000000000
70354  -35.702  -38.558  -24.468 1.0000000000
70355  -35.043  -38.161  -24.703 1.0000000000
70356  -35.748  -37.778  -24.882 1.0000000000
70357  -35.819  -36.988  -25.289 1.0000000000
70358  -36.422  -37.186  -25.076 1.0000000000
90806  -39.247  -48.109  -21.087 1.0000000000
90808  -38.693  -48.180  -20.802 1.0000000000
90810  -38.680  -47.488  -21.040 1.0000000000
90867  -41.644  -43.207  -22.971 1.0000000000
90869  -41.714  -43.960  -22.942 1.0000000000
90871  -41.245  -44.866  -22.743 1.0000000000
90872  -40.837  -45.685  -22.458 1.0000000000
90873  -40.802  -44.977  -22.630 1.0000000000
90874  -39.744  -44.425  -22.468 1.0000000000
90875  -39.783  -45.182  -22.235 1.0000000000
90876  -39.221  -45.151  -22.073 1.0000000000
90877  -38.661  -46.003  -21.501 1.0000000000
90878  -38.634  -45.174  -21.786 1.0000000000
90879  -38.036  -45.169  -21.488 1.0000000000
90880  -38.590  -44.383  -22.065 1.0000000000
90881  -38.987  -41.918  -23.036 1.0000000000
90882  -38.500  -42.731  -22.610 1.0000000000
90883  -38.415  -41.965  -22.872 1.0000000000
90884  -37.778  -41.977  -22.726 1.0000000000
90885  -38.344  -41.169  -23.168 1.0000000000
90886  -40.732  -38.384  -23.537 1.0000000000
90887  -40.347  -39.292  -23.636 1.0000000000
90888  -40.294  -38.451  -23.734 1.0000000000
90889  -39.321  -37.795  -24.209 1.0000000000
90890  -39.351  -38.606  -24.031 1.0000000000
90891  -38.828  -38.637  -24.081 1.0000000000
90892  -38.284  -39.485  -23.845 1.0000000000
90893  -38.262  -38.641  -24.171 1.0000000000
90894  -37.646  -38.754  -24.137 1.0000000000
90895  -38.247  -37.864  -24.457 1.0000000000
90896  -38.933  -35.459  -24.991 1.0000000000
90897  -38.288  -36.338  -24.993 1.0000000000
90898  -38.367  -35.569  -25.224 1.0000000000
90899  -37.808  -35.617  -25.500 1.0000000000
90900  -38.416  -34.704  -25.440 1.0000000000
90912  -41.109  -30.057  -23.754 1.0000000000
90915  -41.168  -31.835  -23.432 1.0000000000
90916  -40.824  -31.923  -23.980 1.0000000000
90917  -40.451  -32.936  -24.344 1.0000000000
90918  -40.452  -32.132  -24.395 1.0000000000
90919  -39.639  -31.450  -25.442 1.0000000000
90920  -39.571  -32.285  -25.226 1.0000000000
90921  -39.142  -32.232  -25.684 1.0000000000
90922  -38.565  -33.192  -25.863 1.0000000000
90923  -38.642  -32.343  -26.032 1.0000000000
90924  -38.157  -32.404  -26.348 1.0000000000
90925  -38.776  -31.628  -26.203 1.0000000000
90926  -39.488  -29.073  -26.323 1.0000000000
90927  -38.962  -29.938  -26.484 1.0000000000
90929  -38.723  -29.227  -26.627 1.0000000000
91512  -32.875  -38.956  -21.163 1.0000000000
91513  -32.968  -39.609  -20.590 1.0000000000
91517  -32.930  -36.457  -23.431 1.0000000000
91518  -32.841  -37.011  -22.823 1.0000000000
91519  -33.545  -36.290  -23.043 1.0000000000
91520  -35.397  -35.492  -22.190 1.0000000000
91539  -36.586  -31.579  -25.058 1.0000000000
93556  -34.772  -46.640  -19.656 1.0000000000
93557  -34.672  -45.861  -20.035 1.0000000000
93558  -35.425  -46.220  -20.023 1.0000000000
93559  -36.076  -45.678  -20.510 1.0000000000
93560  -36.719  -45.184  -20.966 1.0000000000
97791  -34.543  -36.314  -25.494 1.0000000000
97792  -34.064  -35.939  -25.320 1.0000000000
97793  -34.719  -35.556  -25.766 1.0000000000
97794  -34.896  -34.810  -26.003 1.0000000000
97795  -35.117  -34.058  -26.191 1.0000000000
97796  -35.523  -33.279  -26.195 1.0000000000
97797  -35.875  -33.518  -26.503 1.0000000000
97798  -36.447  -33.076  -26.662 1.0000000000
97799  -37.063  -32.498  -26.814 1.0000000000
102109  -29.838  -43.156  -20.608 1.0000000000
102110  -30.540  -42.669  -21.212 1.0000000000
102111  -34.336  -42.763  -21.918 1.0000000000
102112  -33.610  -42.436  -22.068 1.0000000000
102113  -34.289  -42.033  -22.346 1.0000000000
102114  -34.284  -41.157  -22.894 1.0000000000
102115  -34.253  -40.380  -23.372 1.0000000000
102116  -34.225  -39.588  -23.843 1.0000000000
102117  -34.957  -39.845  -23.715 1.0000000000
102118  -35.685  -39.294  -24.080 1.0000000000
102119  -36.389  -38.832  -24.212 1.0000000000
114389  -39.799  -47.972  -21.412 1.0000000000
114390  -39.781  -47.270  -21.626 1.0000000000
114423  -42.064  -40.533  -22.665 1.0000000000
114424  -42.169  -41.325  -22.689 1.0000000000
114425  -41.846  -41.424  -22.884 1.0000000000
114426  -41.540  -42.383  -22.997 1.0000000000
114427  -41.235  -43.354  -23.014 1.0000000000
114428  -40.774  -44.237  -22.765 1.0000000000
114429  -40.750  -43.377  -22.963 1.0000000000
114430  -40.232  -43.483  -22.864 1.0000000000
114431  -39.696  -43.588  -22.694 1.0000000000
114432  -39.152  -43.586  -22.502 1.0000000000
114433  -39.651  -42.759  -22.918 1.0000000000
114434  -39.553  -41.871  -23.183 1.0000000000
114435  -39.494  -41.081  -23.391 1.0000000000
114436  -40.752  -36.777  -23.727 1.0000000000
114437  -40.289  -37.636  -23.885 1.0000000000
114438  -40.285  -36.845  -23.999 1.0000000000
114439  -39.823  -36.987  -24.184 1.0000000000
114440  -39.350  -37.062  -24.411 1.0000000000
114441  -38.852  -37.043  -24.596 1.0000000000
114442  -39.410  -36.269  -24.585 1.0000000000
114443  -39.453  -35.493  -24.760 1.0000000000
114444  -39.496  -34.764  -24.796 1.0000000000
114454  -40.872  -30.260  -24.332 1.0000000000
114455  -40.478  -31.184  -24.533 1.0000000000
114457  -40.187  -30.370  -25.258 1.0000000000
114459  -39.330  -30.703  -26.062 1.0000000000
114812  -31.471  -39.705  -21.149 1.0000000000
114813  -32.192  -38.848  -21.520 1.0000000000
114815  -34.301  -35.007  -23.727 1.0000000000
114816  -34.165  -35.631  -23.164 1.0000000000
114817  -34.852  -34.888  -23.309 1.0000000000
114818  -35.431  -34.833  -22.759 1.0000000000
114828  -37.251  -30.475  -25.908 1.0000000000
114829  -37.447  -30.055  -25.274 1.0000000000
114830  -37.649  -29.761  -25.710 1.0000000000
118455  -31.668  -46.372  -19.273 1.0000000000
118456  -31.578  -45.540  -19.758 1.0000000000
118457  -31.477  -44.675  -20.286 1.0000000000
118458  -32.294  -44.991  -20.235 1.0000000000
118459  -33.013  -44.541  -20.605 1.0000000000
118460  -33.726  -44.021  -21.063 1.0000000000
118461  -34.572  -45.113  -20.443 1.0000000000
118462  -34.473  -44.301  -20.954 1.0000000000
118463  -34.402  -43.526  -21.440 1.0000000000
118464  -35.104  -43.072  -21.795 1.0000000000
118465  -35.759  -42.481  -22.207 1.0000000000
118466  -36.449  -41.985  -22.541 1.0000000000
128041  -41.618  -39.825  -22.902 1.0000000000
128042  -41.244  -39.795  -23.217 1.0000000000
128043  -40.835  -39.998  -23.373 1.0000000000
128045  -41.161  -38.230  -23.299 1.0000000000
128049  -41.204  -36.699  -23.432 1.0000000000
128051  -41.268  -35.203  -23.383 1.0000000000
128337  -31.899  -38.112  -23.447 1.0000000000
128338  -31.814  -37.899  -23.011 1.0000000000
128339  -32.272  -37.328  -23.733 1.0000000000
128340  -32.729  -36.585  -23.894 1.0000000000
128341  -33.237  -35.914  -24.074 1.0000000000
128342  -33.691  -35.639  -25.043 1.0000000000
128343  -33.570  -35.412  -24.666 1.0000000000
128344  -33.812  -35.177  -24.222 1.0000000000
128345  -34.434  -34.557  -24.336 1.0000000000
128346  -35.087  -33.787  -24.371 1.0000000000
128347  -35.811  -32.937  -24.332 1.0000000000
128348  -36.262  -32.436  -24.216 1.0000000000
128349  -35.872  -32.537  -24.825 1.0000000000
128350  -36.088  -32.126  -25.212 1.0000000000
128351  -36.437  -31.644  -25.661 1.0000000000
128352  -35.960  -32.527  -26.275 1.0000000000
128353  -36.327  -31.891  -26.232 1.0000000000
128354  -36.757  -31.240  -26.051 1.0000000000
128355  -37.263  -30.682  -26.418 1.0000000000
128356  -37.689  -30.118  -26.616 1.0000000000
128357  -38.130  -29.473  -26.671 1.0000000000
137481  -29.475  -42.416  -20.069 1.0000000000
137483  -30.311  -40.960  -20.645 1.0000000000
137484  -30.404  -40.337  -21.307 1.0000000000
137485  -30.656  -39.886  -21.914 1.0000000000
137486  -31.001  -39.386  -22.558 1.0000000000
137487  -31.368  -43.885  -20.775 1.0000000000
137488  -31.276  -43.119  -21.229 1.0000000000
137489  -31.235  -42.308  -21.681 1.0000000000
137490  -32.784  -42.209  -22.061 1.0000000000
137491  -32.003  -41.839  -22.137 1.0000000000
137492  -31.237  -41.434  -22.109 1.0000000000
137493  -31.273  -40.521  -22.537 1.0000000000
137494  -31.339  -39.736  -22.834 1.0000000000
137495  -31.581  -38.895  -23.172 1.0000000000
137496  -32.199  -38.448  -23.758 1.0000000000
137497  -32.949  -37.948  -24.272 1.0000000000
137498  -33.613  -37.605  -24.685 1.0000000000
137499  -34.217  -38.796  -24.232 1.0000000000
137500  -34.284  -37.928  -24.702 1.0000000000
137501  -34.365  -37.124  -25.090 1.0000000000
137502  -35.127  -36.688  -25.398 1.0000000000
137503  -35.911  -36.120  -25.703 1.0000000000
137504  -36.523  -35.623  -25.823 1.0000000000
162221  -37.546  -48.223  -20.091 1.0000000000
162222  -37.504  -47.507  -20.362 1.0000000000
162289  -42.247  -42.093  -22.705 1.0000000000
162293  -41.777  -45.402  -22.642 1.0000000000
162294  -41.352  -46.205  -22.427 1.0000000000
162295  -40.852  -46.378  -22.264 1.0000000000
162296  -40.326  -46.506  -22.094 1.0000000000
162297  -39.789  -46.575  -21.850 1.0000000000
162298  -40.310  -45.097  -22.448 1.0000000000
162299  -39.781  -45.890  -22.042 1.0000000000
162300  -39.256  -46.696  -21.553 1.0000000000
162301  -38.676  -46.768  -21.267 1.0000000000
162302  -38.103  -46.732  -20.950 1.0000000000
162303  -37.488  -46.726  -20.657 1.0000000000
162304  -37.458  -46.012  -20.913 1.0000000000
162305  -37.403  -45.231  -21.216 1.0000000000
162306  -37.333  -44.470  -21.526 1.0000000000
162307  -38.558  -43.596  -22.342 1.0000000000
162308  -37.908  -43.608  -22.097 1.0000000000
162309  -37.257  -43.610  -21.904 1.0000000000
162310  -37.201  -42.817  -22.253 1.0000000000
162311  -37.141  -41.938  -22.629 1.0000000000
162312  -37.097  -41.144  -22.974 1.0000000000
162313  -40.404  -40.079  -23.521 1.0000000000
162314  -39.901  -40.170  -23.626 1.0000000000
162315  -39.419  -40.219  -23.629 1.0000000000
162316  -39.866  -38.581  -23.927 1.0000000000
162317  -39.379  -39.459  -23.827 1.0000000000
162318  -38.890  -40.327  -23.560 1.0000000000
162319  -38.323  -40.391  -23.467 1.0000000000
162320  -37.690  -40.331  -23.404 1.0000000000
162321  -37.071  -40.368  -23.346 1.0000000000
162322  -37.049  -39.596  -23.729 1.0000000000
162323  -37.020  -38.806  -24.121 1.0000000000
162324  -37.044  -37.944  -24.583 1.0000000000
162325  -38.247  -37.100  -24.726 1.0000000000
162326  -37.693  -37.093  -24.917 1.0000000000
162327  -37.081  -37.108  -25.012 1.0000000000
162328  -37.133  -36.408  -25.360 1.0000000000
162329  -37.180  -35.662  -25.703 1.0000000000
162330  -37.271  -34.848  -26.002 1.0000000000
162339  -41.231  -33.577  -23.381 1.0000000000
162347  -41.197  -32.679  -23.403 1.0000000000
162348  -40.846  -33.681  -23.825 1.0000000000
162349  -40.421  -33.832  -24.178 1.0000000000
162350  -40.010  -33.868  -24.566 1.0000000000
162351  -39.533  -33.924  -24.976 1.0000000000
162352  -40.032  -32.077  -24.841 1.0000000000
162353  -39.523  -33.061  -25.130 1.0000000000
162354  -39.024  -33.913  -25.316 1.0000000000
162355  -38.458  -33.888  -25.704 1.0000000000
162356  -37.925  -34.013  -25.979 1.0000000000
162357  -37.383  -33.944  -26.281 1.0000000000
162358  -37.465  -33.148  -26.445 1.0000000000
162359  -37.637  -32.478  -26.539 1.0000000000
162360  -37.845  -31.740  -26.588 1.0000000000
162361  -38.815  -30.725  -26.382 1.0000000000
162362  -38.464  -30.890  -26.576 1.0000000000
162363  -38.058  -30.992  -26.680 1.0000000000
162364  -38.288  -30.115  -26.740 1.0000000000
162365  -38.466  -29.421  -26.735 1.0000000000
162366  -38.735  -28.505  -26.644 1.0000000000
162374  -39.017  -27.899  -26.715 1.0000000000
162375  -38.886  -27.794  -26.600 1.0000000000
163069  -32.167  -37.623  -22.640 1.0000000000
163070  -32.777  -37.588  -22.276 1.0000000000
163071  -33.449  -37.639  -21.896 1.0000000000
163072  -34.157  -36.253  -22.619 1.0000000000
