#!ascii label  , from subject 40tvs8ref_sym_20 vox2ras=TkReg
222
614  -38.348  -10.190  -39.165 1.0000000000
2477  -41.775  -11.196  -42.262 1.0000000000
2478  -43.920  -13.825  -35.781 1.0000000000
5546  -36.893  -8.960  -42.216 1.0000000000
5547  -38.594  -9.030  -43.704 1.0000000000
5548  -39.724  -10.768  -40.895 1.0000000000
5549  -42.612  -12.753  -39.391 1.0000000000
5550  -40.965  -11.739  -37.675 1.0000000000
5551  -42.415  -12.715  -34.087 1.0000000000
5552  -39.655  -11.272  -36.074 1.0000000000
7074  -35.865  -8.959  -40.370 1.0000000000
7075  -37.275  -10.355  -37.880 1.0000000000
9988  -44.650  -13.429  -40.706 1.0000000000
9989  -45.645  -15.139  -37.534 1.0000000000
9990  -46.603  -16.792  -34.161 1.0000000000
9994  -38.570  -11.800  -35.081 1.0000000000
13226  -37.641  -9.655  -40.707 1.0000000000
13227  -38.301  -9.898  -41.513 1.0000000000
13228  -38.966  -10.377  -39.995 1.0000000000
13229  -40.307  -11.345  -39.331 1.0000000000
13230  -39.647  -10.878  -38.489 1.0000000000
13231  -40.282  -11.407  -36.825 1.0000000000
13232  -39.022  -10.758  -37.712 1.0000000000
22399  -40.270  -10.145  -43.051 1.0000000000
22401  -41.483  -9.865  -43.476 1.0000000000
22403  -42.960  -11.031  -42.707 1.0000000000
22404  -44.404  -12.127  -41.856 1.0000000000
22405  -43.180  -12.244  -41.566 1.0000000000
22406  -43.288  -13.233  -37.650 1.0000000000
22407  -44.122  -13.907  -38.486 1.0000000000
22408  -44.700  -14.532  -36.692 1.0000000000
22409  -46.163  -15.917  -35.895 1.0000000000
22410  -45.298  -15.225  -34.966 1.0000000000
22412  -44.528  -14.577  -34.089 1.0000000000
22418  -36.889  -10.596  -37.200 1.0000000000
22419  -37.938  -11.121  -36.570 1.0000000000
22420  -37.579  -11.450  -36.000 1.0000000000
28416  -37.662  -9.028  -42.934 1.0000000000
28417  -39.138  -10.207  -42.360 1.0000000000
28418  -40.722  -11.081  -41.696 1.0000000000
28419  -42.077  -12.156  -40.961 1.0000000000
28420  -41.119  -11.781  -40.172 1.0000000000
28421  -41.715  -12.204  -38.559 1.0000000000
28422  -42.493  -12.589  -36.785 1.0000000000
28423  -43.192  -13.182  -34.926 1.0000000000
28424  -41.738  -12.134  -35.958 1.0000000000
28425  -40.982  -11.903  -35.123 1.0000000000
28426  -40.323  -11.941  -34.527 1.0000000000
31865  -36.237  -8.910  -41.293 1.0000000000
31866  -37.101  -9.611  -39.897 1.0000000000
31867  -37.793  -10.191  -38.492 1.0000000000
31868  -36.544  -9.664  -39.195 1.0000000000
40201  -43.594  -13.227  -40.159 1.0000000000
40202  -45.156  -14.377  -39.225 1.0000000000
40216  -38.466  -10.842  -36.984 1.0000000000
40217  -39.085  -11.462  -35.534 1.0000000000
43946  -38.001  -9.937  -39.926 1.0000000000
43947  -38.272  -10.017  -40.356 1.0000000000
43948  -38.631  -10.277  -39.567 1.0000000000
43949  -39.317  -10.677  -39.243 1.0000000000
43950  -38.998  -10.499  -38.851 1.0000000000
43951  -39.316  -10.767  -38.073 1.0000000000
43952  -38.722  -10.389  -38.477 1.0000000000
53119  -41.053  -10.642  -42.730 1.0000000000
53120  -40.834  -10.074  -43.350 1.0000000000
53121  -41.626  -10.650  -42.983 1.0000000000
53122  -42.212  -10.497  -43.063 1.0000000000
53123  -42.362  -11.151  -42.527 1.0000000000
53124  -43.039  -11.718  -42.186 1.0000000000
53125  -42.472  -11.753  -41.929 1.0000000000
53126  -43.632  -13.511  -36.735 1.0000000000
53127  -44.025  -13.866  -37.171 1.0000000000
53128  -44.295  -14.182  -36.209 1.0000000000
53129  -45.001  -14.832  -35.829 1.0000000000
53130  -44.568  -14.499  -35.402 1.0000000000
53131  -44.884  -14.891  -34.507 1.0000000000
53132  -44.190  -14.137  -34.944 1.0000000000
53138  -36.779  -10.800  -36.768 1.0000000000
53139  -37.223  -11.032  -36.520 1.0000000000
62717  -36.868  -8.526  -43.253 1.0000000000
62718  -37.269  -8.979  -42.560 1.0000000000
62719  -39.014  -10.361  -41.243 1.0000000000
62720  -38.744  -10.064  -41.943 1.0000000000
62721  -39.490  -10.516  -41.668 1.0000000000
62722  -39.939  -10.648  -42.063 1.0000000000
62723  -40.197  -10.959  -41.288 1.0000000000
62724  -40.924  -11.443  -40.922 1.0000000000
62725  -40.442  -11.252  -40.516 1.0000000000
62726  -40.631  -11.462  -38.529 1.0000000000
62727  -40.995  -11.769  -39.020 1.0000000000
62728  -41.342  -11.945  -38.135 1.0000000000
62729  -42.098  -12.367  -37.675 1.0000000000
62730  -41.704  -12.101  -37.180 1.0000000000
62731  -42.087  -12.349  -36.345 1.0000000000
62732  -41.344  -11.885  -36.746 1.0000000000
62733  -39.963  -11.351  -36.462 1.0000000000
62734  -40.640  -11.626  -35.930 1.0000000000
62735  -40.284  -11.603  -35.648 1.0000000000
62736  -40.664  -11.906  -34.819 1.0000000000
62737  -39.976  -11.609  -35.338 1.0000000000
69926  -35.419  -8.552  -41.009 1.0000000000
69928  -36.070  -8.962  -40.788 1.0000000000
69929  -36.695  -9.268  -40.598 1.0000000000
69930  -36.419  -9.305  -40.251 1.0000000000
69931  -36.801  -9.643  -39.591 1.0000000000
69932  -36.227  -9.345  -39.748 1.0000000000
90234  -37.827  -8.394  -43.947 1.0000000000
90251  -44.497  -12.777  -41.314 1.0000000000
90252  -45.095  -12.716  -41.488 1.0000000000
90253  -45.285  -13.390  -40.906 1.0000000000
90255  -45.457  -13.993  -40.253 1.0000000000
90256  -42.370  -12.472  -40.268 1.0000000000
90257  -42.820  -12.625  -40.524 1.0000000000
90258  -43.078  -12.960  -39.786 1.0000000000
90259  -44.908  -14.530  -38.047 1.0000000000
90260  -44.614  -14.153  -38.845 1.0000000000
90261  -45.395  -14.765  -38.371 1.0000000000
90263  -46.128  -15.368  -37.944 1.0000000000
90265  -46.351  -15.811  -37.168 1.0000000000
90266  -46.385  -16.357  -35.099 1.0000000000
90270  -47.223  -17.566  -33.802 1.0000000000
90272  -46.824  -17.252  -33.327 1.0000000000
90278  -42.821  -12.924  -34.541 1.0000000000
90293  -37.549  -10.283  -38.226 1.0000000000
90294  -38.128  -10.506  -37.801 1.0000000000
90295  -37.876  -10.591  -37.476 1.0000000000
90296  -38.261  -11.437  -35.779 1.0000000000
90297  -38.535  -11.276  -36.112 1.0000000000
90298  -38.854  -11.648  -35.319 1.0000000000
97534  -37.290  -9.327  -41.425 1.0000000000
97535  -37.587  -9.444  -41.919 1.0000000000
97536  -37.995  -9.753  -41.099 1.0000000000
97537  -38.640  -10.180  -40.752 1.0000000000
97538  -39.347  -10.570  -40.431 1.0000000000
97539  -40.039  -11.044  -40.131 1.0000000000
97540  -39.644  -10.822  -39.723 1.0000000000
97541  -39.974  -11.045  -38.889 1.0000000000
97542  -40.287  -11.331  -38.084 1.0000000000
97543  -40.648  -11.507  -37.214 1.0000000000
97544  -39.937  -11.120  -37.669 1.0000000000
97545  -39.647  -11.049  -37.260 1.0000000000
97546  -39.337  -11.011  -36.915 1.0000000000
114045  -39.422  -9.614  -43.364 1.0000000000
114046  -39.176  -8.892  -43.951 1.0000000000
114049  -41.293  -9.116  -43.873 1.0000000000
114051  -42.097  -9.748  -43.493 1.0000000000
114052  -42.841  -10.290  -43.113 1.0000000000
114055  -43.623  -11.639  -42.355 1.0000000000
114056  -43.796  -12.219  -41.732 1.0000000000
114057  -43.922  -12.798  -41.085 1.0000000000
114058  -42.969  -13.028  -38.581 1.0000000000
114059  -43.415  -13.336  -38.981 1.0000000000
114060  -43.669  -13.581  -38.081 1.0000000000
114061  -44.451  -14.229  -37.617 1.0000000000
114062  -45.166  -14.862  -37.176 1.0000000000
114063  -45.863  -15.499  -36.688 1.0000000000
114064  -45.415  -15.174  -36.261 1.0000000000
114065  -45.739  -15.591  -35.412 1.0000000000
114066  -46.003  -15.995  -34.606 1.0000000000
114068  -45.627  -15.645  -34.118 1.0000000000
114069  -45.196  -15.322  -33.618 1.0000000000
114070  -44.800  -15.009  -33.154 1.0000000000
114072  -42.718  -13.128  -33.153 1.0000000000
114080  -37.049  -10.509  -37.493 1.0000000000
114081  -37.622  -10.754  -37.239 1.0000000000
114082  -37.399  -10.838  -36.967 1.0000000000
114083  -37.716  -11.327  -36.241 1.0000000000
114084  -38.080  -11.714  -35.605 1.0000000000
127742  -38.135  -9.053  -43.345 1.0000000000
127743  -38.023  -9.514  -42.271 1.0000000000
127744  -38.403  -9.672  -42.616 1.0000000000
127745  -38.934  -9.638  -43.082 1.0000000000
127746  -39.684  -10.216  -42.670 1.0000000000
127747  -40.461  -10.668  -42.421 1.0000000000
127748  -41.228  -11.150  -41.996 1.0000000000
127749  -41.900  -11.721  -41.548 1.0000000000
127750  -41.382  -11.630  -41.232 1.0000000000
127751  -41.592  -11.987  -40.525 1.0000000000
127752  -41.841  -12.274  -39.830 1.0000000000
127753  -40.711  -11.544  -39.815 1.0000000000
127754  -41.410  -12.012  -39.441 1.0000000000
127755  -42.181  -12.476  -38.987 1.0000000000
127756  -42.518  -12.662  -38.109 1.0000000000
127757  -42.893  -12.902  -37.225 1.0000000000
127758  -43.226  -13.183  -36.251 1.0000000000
127759  -43.532  -13.473  -35.311 1.0000000000
127760  -42.824  -12.901  -35.868 1.0000000000
127761  -42.468  -12.650  -35.471 1.0000000000
127762  -42.068  -12.455  -35.052 1.0000000000
127763  -40.974  -11.729  -36.333 1.0000000000
127764  -41.331  -11.977  -35.506 1.0000000000
127765  -41.686  -12.277  -34.630 1.0000000000
127766  -41.311  -12.207  -34.223 1.0000000000
127767  -40.976  -12.208  -33.975 1.0000000000
136958  -35.810  -8.514  -41.984 1.0000000000
136959  -36.546  -8.912  -41.781 1.0000000000
136960  -36.973  -9.282  -41.021 1.0000000000
136961  -37.347  -9.619  -40.244 1.0000000000
136962  -37.733  -9.878  -39.553 1.0000000000
136963  -38.071  -10.125  -38.848 1.0000000000
136964  -37.428  -9.896  -39.205 1.0000000000
136965  -37.167  -9.945  -38.882 1.0000000000
136966  -36.904  -10.005  -38.571 1.0000000000
136967  -36.027  -9.406  -39.325 1.0000000000
136968  -36.349  -9.774  -38.727 1.0000000000
136969  -36.691  -10.124  -38.159 1.0000000000
161557  -42.610  -12.229  -41.309 1.0000000000
161558  -43.391  -12.747  -40.813 1.0000000000
161559  -44.123  -13.341  -40.466 1.0000000000
161560  -43.837  -13.614  -39.386 1.0000000000
161561  -44.337  -13.781  -39.615 1.0000000000
161562  -44.901  -13.911  -39.954 1.0000000000
161569  -46.586  -16.229  -36.342 1.0000000000
161584  -43.830  -13.838  -34.476 1.0000000000
161585  -44.147  -14.249  -33.607 1.0000000000
161602  -38.406  -10.459  -38.039 1.0000000000
161603  -38.739  -10.740  -37.389 1.0000000000
161604  -39.047  -11.054  -36.596 1.0000000000
161605  -38.179  -10.913  -36.776 1.0000000000
161606  -38.779  -11.153  -36.319 1.0000000000
161607  -39.368  -11.378  -35.807 1.0000000000
161608  -39.681  -11.592  -35.034 1.0000000000
