#!ascii label  , from subject 40tvs8ref_sym_20 vox2ras=TkReg
281
9  -30.777  25.069  -9.535 1.0000000000
530  -29.997  28.934  -1.683 1.0000000000
680  -29.213  20.724  -4.421 1.0000000000
2233  -37.909  27.807  -7.615 1.0000000000
2234  -30.436  27.410  -5.939 1.0000000000
2262  -30.069  22.226  -1.521 1.0000000000
2600  -28.485  23.491  -6.805 1.0000000000
5014  -28.639  25.774  -1.469 1.0000000000
5015  -28.518  25.126  -3.330 1.0000000000
5016  -30.189  28.389  -3.918 1.0000000000
5832  -32.553  18.626  -3.770 1.0000000000
9104  -34.433  25.604  -10.704 1.0000000000
9263  -33.599  29.368  -4.864 1.0000000000
9264  -34.050  28.192  -6.938 1.0000000000
9265  -34.338  26.939  -8.869 1.0000000000
9266  -30.694  26.250  -7.773 1.0000000000
9346  -33.099  19.450  -2.453 1.0000000000
9347  -29.633  21.543  -2.966 1.0000000000
9348  -28.460  24.407  -5.098 1.0000000000
10280  -29.339  24.515  -8.206 1.0000000000
12694  -29.030  27.519  -1.621 1.0000000000
12695  -29.051  27.268  -2.658 1.0000000000
12696  -30.057  28.688  -2.820 1.0000000000
13560  -30.737  19.558  -3.905 1.0000000000
20598  -39.692  27.490  -7.943 1.0000000000
20600  -37.665  28.488  -6.566 1.0000000000
20601  -35.531  29.352  -5.210 1.0000000000
20602  -35.764  28.719  -6.281 1.0000000000
20603  -33.859  28.805  -5.924 1.0000000000
20604  -35.984  28.085  -7.294 1.0000000000
20606  -36.304  26.778  -9.268 1.0000000000
20607  -36.353  26.093  -10.203 1.0000000000
20608  -34.462  26.248  -9.798 1.0000000000
20804  -31.555  20.765  -1.850 1.0000000000
20805  -31.337  20.361  -2.524 1.0000000000
20806  -29.878  21.892  -2.247 1.0000000000
20807  -29.086  26.496  -4.616 1.0000000000
20808  -28.460  24.788  -4.245 1.0000000000
20809  -29.140  26.082  -5.600 1.0000000000
20810  -29.190  25.618  -6.480 1.0000000000
20811  -30.563  26.865  -6.883 1.0000000000
23112  -28.377  22.116  -5.459 1.0000000000
27338  -38.051  27.148  -8.621 1.0000000000
27458  -29.037  23.916  -1.417 1.0000000000
27459  -28.864  23.599  -2.244 1.0000000000
27460  -28.560  25.500  -2.425 1.0000000000
27461  -29.071  26.939  -3.661 1.0000000000
27462  -30.293  27.925  -4.962 1.0000000000
37556  -32.564  25.520  -10.188 1.0000000000
37557  -31.823  24.887  -10.841 1.0000000000
37558  -33.658  25.037  -11.479 1.0000000000
38024  -31.445  29.830  -2.137 1.0000000000
38032  -33.455  29.872  -3.736 1.0000000000
38033  -31.613  29.522  -3.315 1.0000000000
38034  -31.756  29.140  -4.440 1.0000000000
38035  -31.920  28.602  -5.467 1.0000000000
38036  -32.153  27.994  -6.489 1.0000000000
38037  -36.163  27.465  -8.306 1.0000000000
38038  -34.221  27.566  -7.915 1.0000000000
38039  -32.320  27.394  -7.458 1.0000000000
38040  -32.444  26.777  -8.368 1.0000000000
38041  -32.558  26.132  -9.278 1.0000000000
38042  -30.780  25.653  -8.651 1.0000000000
38279  -32.894  19.024  -3.157 1.0000000000
38280  -31.033  19.981  -3.207 1.0000000000
38281  -29.419  21.141  -3.709 1.0000000000
38282  -28.674  23.274  -3.023 1.0000000000
38283  -28.573  22.868  -3.833 1.0000000000
38284  -28.468  22.503  -4.648 1.0000000000
38285  -28.472  23.948  -5.949 1.0000000000
38286  -29.266  25.061  -7.334 1.0000000000
41000  -29.999  24.850  -8.894 1.0000000000
43412  -29.434  28.365  -1.092 1.0000000000
43413  -29.036  27.600  -1.063 1.0000000000
43414  -29.438  28.289  -1.657 1.0000000000
43415  -29.463  28.156  -2.225 1.0000000000
43416  -30.025  28.833  -2.267 1.0000000000
44280  -29.921  20.103  -4.101 1.0000000000
44282  -29.518  20.104  -4.538 1.0000000000
51318  -38.838  27.625  -7.763 1.0000000000
51319  -38.706  27.990  -7.257 1.0000000000
51320  -37.825  28.150  -7.101 1.0000000000
51321  -36.764  28.624  -6.422 1.0000000000
51322  -36.860  28.287  -6.955 1.0000000000
51323  -35.886  28.407  -6.808 1.0000000000
51324  -36.981  27.960  -7.473 1.0000000000
51326  -37.281  25.927  -10.368 1.0000000000
51327  -37.289  25.587  -10.846 1.0000000000
51328  -36.381  25.734  -10.672 1.0000000000
51522  -30.915  21.612  -1.282 1.0000000000
51524  -30.806  21.475  -1.668 1.0000000000
51525  -30.714  21.301  -2.006 1.0000000000
51526  -29.986  22.063  -1.898 1.0000000000
51527  -29.648  27.044  -5.286 1.0000000000
51528  -29.101  26.287  -5.106 1.0000000000
51529  -29.727  26.797  -5.777 1.0000000000
51530  -29.782  26.581  -6.260 1.0000000000
51531  -30.506  27.152  -6.426 1.0000000000
53880  -28.332  22.817  -6.111 1.0000000000
53881  -28.318  22.171  -6.084 1.0000000000
61120  -28.701  25.848  -0.976 1.0000000000
61124  -28.737  24.845  -1.431 1.0000000000
61125  -28.681  24.715  -1.889 1.0000000000
61126  -28.623  25.657  -1.968 1.0000000000
61127  -29.543  27.892  -3.303 1.0000000000
61128  -29.033  27.163  -3.170 1.0000000000
61129  -29.579  27.720  -3.806 1.0000000000
61130  -29.597  27.508  -4.305 1.0000000000
61131  -30.251  28.142  -4.425 1.0000000000
63720  -33.431  18.170  -3.799 1.0000000000
83655  -33.470  25.575  -10.473 1.0000000000
83656  -33.113  25.286  -10.832 1.0000000000
83657  -34.068  25.294  -11.098 1.0000000000
84843  -34.540  29.378  -5.047 1.0000000000
84844  -34.458  29.651  -4.494 1.0000000000
84845  -33.508  29.630  -4.313 1.0000000000
84846  -32.498  29.751  -3.535 1.0000000000
84847  -32.567  29.558  -4.097 1.0000000000
84848  -31.693  29.322  -3.872 1.0000000000
84849  -32.668  29.289  -4.647 1.0000000000
84850  -33.963  28.507  -6.439 1.0000000000
84851  -32.888  28.750  -5.705 1.0000000000
84852  -32.985  28.451  -6.231 1.0000000000
84853  -32.028  28.292  -5.979 1.0000000000
84854  -33.095  28.139  -6.732 1.0000000000
84855  -38.121  26.794  -9.101 1.0000000000
84856  -37.118  27.316  -8.467 1.0000000000
84858  -35.313  26.902  -9.080 1.0000000000
84859  -35.246  27.214  -8.595 1.0000000000
84860  -34.257  27.260  -8.387 1.0000000000
84861  -33.275  27.522  -7.691 1.0000000000
84862  -33.322  27.205  -8.164 1.0000000000
84863  -32.357  27.104  -7.892 1.0000000000
84864  -33.390  26.914  -8.657 1.0000000000
84865  -34.449  25.944  -10.227 1.0000000000
84866  -33.491  26.220  -9.543 1.0000000000
84867  -33.483  25.894  -9.996 1.0000000000
84868  -32.564  25.819  -9.745 1.0000000000
85450  -33.210  19.613  -2.088 1.0000000000
85452  -33.940  18.984  -2.454 1.0000000000
85456  -33.007  19.251  -2.800 1.0000000000
85457  -30.430  20.930  -2.712 1.0000000000
85458  -31.199  20.188  -2.881 1.0000000000
85459  -30.295  20.739  -3.058 1.0000000000
85460  -30.183  20.518  -3.415 1.0000000000
85461  -29.509  21.328  -3.319 1.0000000000
85462  -28.530  24.407  -2.764 1.0000000000
85463  -28.765  23.428  -2.609 1.0000000000
85464  -28.507  24.223  -3.178 1.0000000000
85465  -28.438  24.625  -4.694 1.0000000000
85466  -28.422  23.857  -4.048 1.0000000000
85467  -28.390  23.665  -4.429 1.0000000000
85468  -28.545  22.686  -4.222 1.0000000000
85469  -28.375  23.427  -4.814 1.0000000000
85470  -28.362  23.230  -5.258 1.0000000000
85471  -28.423  24.180  -5.525 1.0000000000
85472  -29.897  26.024  -7.151 1.0000000000
85473  -29.275  25.328  -6.913 1.0000000000
85474  -29.955  25.726  -7.587 1.0000000000
85475  -29.983  25.429  -8.006 1.0000000000
85476  -30.746  25.980  -8.212 1.0000000000
89123  -31.240  24.612  -10.918 1.0000000000
92232  -28.826  24.063  -7.497 1.0000000000
96577  -28.759  26.781  -0.992 1.0000000000
96578  -28.772  26.657  -1.528 1.0000000000
96579  -28.737  26.562  -2.042 1.0000000000
96580  -29.025  27.397  -2.130 1.0000000000
96581  -29.478  28.037  -2.759 1.0000000000
96582  -30.125  28.535  -3.363 1.0000000000
98136  -31.663  19.066  -3.791 1.0000000000
98138  -31.137  19.009  -4.147 1.0000000000
110804  -40.511  27.374  -8.123 1.0000000000
110807  -38.580  28.340  -6.714 1.0000000000
110808  -37.505  28.829  -6.052 1.0000000000
110809  -36.495  29.275  -5.368 1.0000000000
110810  -36.590  28.951  -5.893 1.0000000000
110811  -35.630  29.055  -5.739 1.0000000000
110812  -34.673  29.084  -5.593 1.0000000000
110813  -33.725  29.091  -5.397 1.0000000000
110814  -34.808  28.780  -6.126 1.0000000000
110815  -34.918  28.481  -6.628 1.0000000000
110816  -35.012  28.175  -7.128 1.0000000000
110818  -37.236  26.612  -9.426 1.0000000000
110820  -36.336  26.436  -9.734 1.0000000000
110821  -35.367  26.560  -9.552 1.0000000000
110822  -34.433  26.598  -9.352 1.0000000000
110823  -35.414  26.199  -10.030 1.0000000000
110824  -35.412  25.867  -10.478 1.0000000000
111176  -32.314  20.091  -2.095 1.0000000000
111177  -32.221  19.904  -2.461 1.0000000000
111178  -31.437  20.560  -2.187 1.0000000000
111179  -30.575  21.107  -2.363 1.0000000000
111180  -29.744  21.721  -2.606 1.0000000000
111181  -28.714  25.846  -3.965 1.0000000000
111182  -28.490  24.960  -3.793 1.0000000000
111183  -28.678  25.670  -4.438 1.0000000000
111184  -28.704  25.473  -4.922 1.0000000000
111185  -28.707  25.291  -5.361 1.0000000000
111186  -28.732  25.063  -5.784 1.0000000000
111187  -29.193  25.859  -6.046 1.0000000000
111188  -29.836  26.296  -6.699 1.0000000000
111189  -30.615  26.575  -7.332 1.0000000000
115368  -28.659  21.395  -4.864 1.0000000000
115369  -28.872  20.760  -4.947 1.0000000000
125226  -39.791  27.130  -8.420 1.0000000000
125227  -38.881  27.312  -8.250 1.0000000000
125228  -37.974  27.483  -8.111 1.0000000000
125229  -38.950  26.984  -8.742 1.0000000000
125510  -29.478  23.034  -1.413 1.0000000000
125511  -29.397  22.865  -1.830 1.0000000000
125512  -28.915  23.756  -1.822 1.0000000000
125513  -28.625  24.562  -2.337 1.0000000000
125514  -28.561  25.329  -2.903 1.0000000000
125515  -28.725  26.434  -2.558 1.0000000000
125516  -28.725  26.269  -3.049 1.0000000000
125517  -28.694  26.065  -3.514 1.0000000000
125518  -29.026  26.723  -4.120 1.0000000000
125519  -29.621  27.255  -4.791 1.0000000000
125520  -30.363  27.644  -5.442 1.0000000000
134937  -29.931  29.056  -1.107 1.0000000000
153632  -31.660  25.370  -9.877 1.0000000000
153633  -31.281  24.990  -10.188 1.0000000000
153634  -32.198  25.189  -10.520 1.0000000000
153635  -32.730  24.995  -11.161 1.0000000000
155036  -30.651  29.456  -1.914 1.0000000000
155059  -34.396  29.885  -3.915 1.0000000000
155061  -32.394  29.923  -2.937 1.0000000000
155062  -31.527  29.688  -2.738 1.0000000000
155063  -30.726  29.316  -2.509 1.0000000000
155064  -30.812  29.167  -3.085 1.0000000000
155065  -30.842  29.020  -3.615 1.0000000000
155066  -30.929  28.804  -4.169 1.0000000000
155067  -32.779  29.042  -5.182 1.0000000000
155068  -31.853  28.865  -4.954 1.0000000000
155069  -30.970  28.604  -4.695 1.0000000000
155070  -31.069  28.307  -5.212 1.0000000000
155071  -31.157  28.035  -5.734 1.0000000000
155072  -31.262  27.766  -6.234 1.0000000000
155073  -37.039  27.638  -7.955 1.0000000000
155074  -36.081  27.787  -7.782 1.0000000000
155075  -35.106  27.871  -7.625 1.0000000000
155076  -36.235  27.123  -8.784 1.0000000000
155077  -35.181  27.556  -8.120 1.0000000000
155078  -34.149  27.889  -7.424 1.0000000000
155079  -33.202  27.836  -7.214 1.0000000000
155080  -32.259  27.709  -7.002 1.0000000000
155081  -31.351  27.489  -6.736 1.0000000000
155082  -31.395  27.217  -7.194 1.0000000000
155083  -31.452  26.879  -7.628 1.0000000000
155084  -31.498  26.560  -8.092 1.0000000000
155085  -33.463  26.564  -9.101 1.0000000000
155086  -32.524  26.481  -8.806 1.0000000000
155087  -31.608  26.252  -8.535 1.0000000000
155088  -31.674  25.976  -9.018 1.0000000000
155089  -31.649  25.639  -9.440 1.0000000000
155090  -30.760  25.361  -9.100 1.0000000000
155796  -33.606  18.374  -3.475 1.0000000000
155797  -32.717  18.830  -3.455 1.0000000000
155798  -32.126  19.692  -2.807 1.0000000000
155799  -31.976  19.473  -3.157 1.0000000000
155800  -31.819  19.276  -3.475 1.0000000000
155801  -30.904  19.768  -3.560 1.0000000000
155802  -30.045  20.294  -3.763 1.0000000000
155803  -29.298  20.939  -4.055 1.0000000000
155804  -29.292  22.659  -2.190 1.0000000000
155805  -29.181  22.547  -2.580 1.0000000000
155806  -29.038  22.382  -2.947 1.0000000000
155807  -28.426  24.045  -3.613 1.0000000000
155808  -28.623  23.088  -3.450 1.0000000000
155809  -29.003  22.179  -3.329 1.0000000000
155810  -28.916  21.984  -3.725 1.0000000000
155811  -28.813  21.809  -4.111 1.0000000000
155812  -28.764  21.600  -4.497 1.0000000000
155813  -28.449  22.305  -5.050 1.0000000000
155814  -28.333  23.029  -5.672 1.0000000000
155815  -28.446  23.766  -6.405 1.0000000000
155816  -28.754  24.810  -6.215 1.0000000000
155817  -28.780  24.560  -6.644 1.0000000000
155818  -28.822  24.303  -7.084 1.0000000000
155819  -29.348  24.766  -7.770 1.0000000000
155820  -30.006  25.136  -8.448 1.0000000000
