#!ascii label  , from subject 40tvs8ref_sym_20 vox2ras=TkReg
498
537  -35.960  -17.778  4.968 1.0000000000
538  -36.992  -14.627  -2.878 1.0000000000
1181  -37.149  -13.832  9.959 1.0000000000
1182  -38.377  -11.846  6.178 1.0000000000
1183  -36.775  -16.299  1.075 1.0000000000
1184  -38.193  -9.432  2.775 1.0000000000
1185  -38.189  -8.335  -0.681 1.0000000000
2252  -36.792  -23.505  -1.160 1.0000000000
3103  -38.328  -10.694  4.488 1.0000000000
3105  -37.596  -5.713  3.518 1.0000000000
4983  -38.835  -15.857  8.151 1.0000000000
4984  -38.388  -16.747  10.069 1.0000000000
4985  -35.485  -18.444  7.340 1.0000000000
4986  -33.812  -21.769  5.815 1.0000000000
4987  -34.639  -21.180  3.656 1.0000000000
4989  -35.463  -20.717  1.675 1.0000000000
4990  -36.968  -15.511  -0.893 1.0000000000
4991  -36.490  -19.104  -2.298 1.0000000000
4992  -36.868  -18.079  -4.277 1.0000000000
6735  -37.965  -12.928  8.112 1.0000000000
6736  -38.777  -14.904  5.966 1.0000000000
6737  -36.408  -17.040  3.055 1.0000000000
6738  -38.576  -13.923  4.009 1.0000000000
6739  -38.287  -12.977  2.014 1.0000000000
6740  -38.169  -12.003  0.119 1.0000000000
6741  -37.816  -11.552  -1.747 1.0000000000
6742  -38.288  -8.762  1.098 1.0000000000
9317  -36.046  -19.976  -0.261 1.0000000000
9318  -37.745  -22.500  -3.212 1.0000000000
12663  -37.150  -16.698  6.805 1.0000000000
12664  -37.000  -17.119  7.856 1.0000000000
12665  -35.720  -18.062  6.167 1.0000000000
12666  -34.749  -19.679  5.379 1.0000000000
12667  -35.103  -19.391  4.255 1.0000000000
12668  -35.069  -20.914  2.652 1.0000000000
12669  -35.444  -19.123  3.288 1.0000000000
12670  -37.008  -15.068  -1.877 1.0000000000
12671  -36.663  -16.782  -2.514 1.0000000000
12672  -36.741  -16.327  -3.557 1.0000000000
12673  -37.144  -17.615  -5.333 1.0000000000
12674  -36.834  -15.828  -4.573 1.0000000000
12676  -36.957  -14.384  -3.933 1.0000000000
15063  -36.688  -10.690  7.169 1.0000000000
15064  -36.495  -11.256  8.080 1.0000000000
15065  -38.248  -12.415  7.114 1.0000000000
15066  -39.347  -13.948  7.217 1.0000000000
15067  -39.411  -13.407  6.157 1.0000000000
15068  -38.717  -14.412  5.008 1.0000000000
15069  -39.276  -12.850  5.236 1.0000000000
15070  -38.303  -10.027  3.630 1.0000000000
15071  -38.914  -11.799  3.354 1.0000000000
15072  -38.706  -11.239  2.381 1.0000000000
15073  -38.281  -12.454  1.068 1.0000000000
15074  -38.560  -10.683  1.494 1.0000000000
15075  -38.458  -10.438  0.578 1.0000000000
15076  -38.196  -9.072  1.932 1.0000000000
15078  -37.873  -5.372  2.781 1.0000000000
20711  -36.708  -18.083  9.731 1.0000000000
20725  -36.331  -23.883  -0.157 1.0000000000
20727  -37.667  -24.666  -1.241 1.0000000000
20729  -38.215  -24.195  -2.229 1.0000000000
20730  -36.599  -16.708  2.066 1.0000000000
20731  -36.044  -18.433  1.375 1.0000000000
20732  -36.260  -18.076  0.409 1.0000000000
20733  -37.256  -20.475  -3.928 1.0000000000
20734  -36.922  -20.961  -2.941 1.0000000000
20735  -38.151  -21.906  -4.226 1.0000000000
20752  -38.134  -9.985  -1.227 1.0000000000
20753  -37.700  -11.381  -2.758 1.0000000000
20754  -38.005  -9.818  -2.182 1.0000000000
24016  -36.941  -10.063  6.288 1.0000000000
24017  -38.358  -11.277  5.349 1.0000000000
24018  -37.077  -9.454  5.534 1.0000000000
24019  -37.265  -8.674  4.751 1.0000000000
24020  -37.431  -8.016  3.954 1.0000000000
24021  -37.626  -7.681  3.119 1.0000000000
24022  -37.479  -6.127  4.383 1.0000000000
27401  -39.024  -14.903  9.276 1.0000000000
27402  -38.629  -15.303  10.229 1.0000000000
27403  -38.654  -16.304  9.087 1.0000000000
27404  -36.843  -17.604  8.783 1.0000000000
27405  -35.287  -18.896  8.393 1.0000000000
27407  -34.437  -19.997  6.522 1.0000000000
27408  -34.222  -21.445  4.713 1.0000000000
27409  -34.589  -23.154  3.142 1.0000000000
27411  -35.049  -22.975  2.176 1.0000000000
27412  -35.473  -22.735  1.203 1.0000000000
27413  -35.889  -22.360  0.186 1.0000000000
27414  -36.887  -15.933  0.115 1.0000000000
27415  -36.448  -17.741  -0.550 1.0000000000
27416  -36.584  -17.252  -1.500 1.0000000000
27417  -36.677  -18.618  -3.291 1.0000000000
27418  -37.582  -19.942  -4.926 1.0000000000
27420  -37.944  -19.275  -5.900 1.0000000000
31074  -36.220  -11.758  8.928 1.0000000000
31075  -37.586  -13.404  9.058 1.0000000000
31076  -39.206  -14.422  8.244 1.0000000000
31077  -38.796  -15.414  7.095 1.0000000000
31078  -37.263  -16.281  5.696 1.0000000000
31079  -36.241  -17.420  4.048 1.0000000000
31080  -37.362  -15.848  4.591 1.0000000000
31081  -37.472  -15.459  3.636 1.0000000000
31082  -37.481  -15.043  2.645 1.0000000000
31083  -39.126  -12.330  4.323 1.0000000000
31084  -38.429  -13.468  2.958 1.0000000000
31085  -37.507  -14.629  1.644 1.0000000000
31086  -37.534  -14.177  0.682 1.0000000000
31087  -37.548  -13.772  -0.330 1.0000000000
31088  -37.499  -13.312  -1.279 1.0000000000
31089  -37.379  -13.117  -2.301 1.0000000000
31090  -38.011  -11.802  -0.830 1.0000000000
31091  -38.314  -10.225  -0.296 1.0000000000
31092  -38.240  -8.540  0.231 1.0000000000
31093  -37.717  -7.340  2.319 1.0000000000
31094  -37.817  -7.035  1.533 1.0000000000
31095  -37.947  -6.783  0.737 1.0000000000
38189  -35.751  -18.781  2.394 1.0000000000
38190  -35.768  -20.365  0.746 1.0000000000
38191  -36.262  -21.935  -0.840 1.0000000000
38192  -36.286  -19.540  -1.278 1.0000000000
38193  -36.589  -21.467  -1.907 1.0000000000
38194  -37.282  -23.091  -2.197 1.0000000000
38195  -38.782  -23.615  -3.212 1.0000000000
38216  -37.317  -12.852  -3.317 1.0000000000
43383  -36.505  -17.184  5.962 1.0000000000
43384  -36.404  -17.349  6.555 1.0000000000
43385  -35.851  -17.918  5.583 1.0000000000
43386  -35.313  -18.693  5.178 1.0000000000
43387  -35.489  -18.563  4.616 1.0000000000
43388  -35.272  -19.224  3.768 1.0000000000
43389  -35.632  -18.432  4.099 1.0000000000
43390  -37.002  -14.856  -2.376 1.0000000000
43391  -36.828  -15.698  -2.704 1.0000000000
43392  -36.837  -15.477  -3.214 1.0000000000
43393  -36.776  -16.080  -4.076 1.0000000000
43394  -36.843  -15.230  -3.716 1.0000000000
43395  -36.861  -15.110  -4.255 1.0000000000
43396  -36.965  -14.507  -3.405 1.0000000000
45783  -37.515  -11.321  6.644 1.0000000000
45784  -37.439  -11.635  7.091 1.0000000000
45785  -38.321  -12.149  6.635 1.0000000000
45786  -39.020  -12.905  6.672 1.0000000000
45787  -39.047  -12.593  6.188 1.0000000000
45788  -39.389  -13.128  5.694 1.0000000000
45789  -38.985  -12.334  5.743 1.0000000000
45790  -38.260  -9.730  3.223 1.0000000000
45791  -38.630  -10.628  3.058 1.0000000000
45792  -38.559  -10.387  2.596 1.0000000000
45793  -38.601  -10.992  1.919 1.0000000000
45794  -38.442  -10.075  2.132 1.0000000000
45795  -38.437  -9.905  1.705 1.0000000000
45796  -38.172  -9.234  2.331 1.0000000000
51428  -36.175  -13.264  10.287 1.0000000000
51430  -36.904  -14.004  10.414 1.0000000000
51431  -35.857  -18.706  9.546 1.0000000000
51432  -36.620  -18.312  10.205 1.0000000000
51445  -36.567  -23.720  -0.674 1.0000000000
51446  -36.935  -24.315  -0.733 1.0000000000
51447  -37.200  -24.115  -1.236 1.0000000000
51448  -37.942  -24.429  -1.738 1.0000000000
51449  -37.443  -23.900  -1.724 1.0000000000
51450  -36.700  -16.520  1.569 1.0000000000
51451  -36.390  -17.411  1.243 1.0000000000
51452  -36.496  -17.210  0.753 1.0000000000
51454  -37.661  -21.237  -4.129 1.0000000000
51472  -38.214  -9.174  -0.930 1.0000000000
51473  -38.063  -9.899  -1.692 1.0000000000
51474  -38.145  -9.092  -1.414 1.0000000000
55388  -37.025  -9.759  5.901 1.0000000000
55389  -36.680  -8.741  6.068 1.0000000000
55392  -37.135  -7.617  4.955 1.0000000000
55393  -37.353  -8.325  4.344 1.0000000000
55394  -37.241  -7.286  4.549 1.0000000000
55395  -37.357  -7.073  4.170 1.0000000000
61028  -39.181  -15.394  8.744 1.0000000000
61029  -39.146  -15.619  9.249 1.0000000000
61030  -38.692  -16.078  8.618 1.0000000000
61031  -36.171  -17.761  7.648 1.0000000000
61032  -36.912  -17.365  8.320 1.0000000000
61033  -36.064  -18.002  8.139 1.0000000000
61034  -36.010  -18.237  8.622 1.0000000000
61035  -35.384  -18.652  7.900 1.0000000000
61036  -34.786  -19.392  7.518 1.0000000000
61037  -34.917  -19.188  6.945 1.0000000000
61038  -34.619  -20.419  4.478 1.0000000000
61039  -34.430  -20.571  5.008 1.0000000000
61040  -34.428  -21.309  4.185 1.0000000000
61041  -34.346  -22.256  3.921 1.0000000000
61042  -34.549  -22.107  3.410 1.0000000000
61043  -34.823  -23.035  2.677 1.0000000000
61044  -34.787  -22.069  2.902 1.0000000000
61045  -35.260  -20.829  2.141 1.0000000000
61046  -35.221  -21.849  1.902 1.0000000000
61047  -35.433  -21.757  1.404 1.0000000000
61048  -35.685  -22.597  0.691 1.0000000000
61049  -35.613  -21.557  0.895 1.0000000000
61050  -36.944  -15.718  -0.379 1.0000000000
61051  -36.714  -16.604  -0.691 1.0000000000
61052  -36.758  -16.380  -1.179 1.0000000000
61053  -36.679  -17.419  -3.391 1.0000000000
61054  -36.604  -17.672  -2.878 1.0000000000
61055  -36.791  -18.351  -3.779 1.0000000000
61056  -37.046  -19.290  -4.133 1.0000000000
61057  -37.162  -19.019  -4.647 1.0000000000
61058  -37.759  -19.604  -5.417 1.0000000000
61059  -37.325  -18.741  -5.137 1.0000000000
68231  -37.209  -12.163  8.047 1.0000000000
68232  -36.371  -11.492  8.524 1.0000000000
68233  -37.036  -12.408  8.487 1.0000000000
68234  -36.844  -12.624  8.940 1.0000000000
68235  -37.768  -13.162  8.571 1.0000000000
68236  -38.569  -13.908  8.710 1.0000000000
68237  -38.693  -13.665  8.198 1.0000000000
68238  -39.341  -14.430  6.625 1.0000000000
68239  -39.300  -14.699  7.187 1.0000000000
68240  -38.788  -15.161  6.555 1.0000000000
68241  -38.070  -15.821  6.442 1.0000000000
68242  -38.067  -15.615  5.873 1.0000000000
68243  -37.329  -16.058  5.117 1.0000000000
68244  -38.008  -15.361  5.294 1.0000000000
68245  -38.641  -14.157  4.506 1.0000000000
68246  -38.059  -14.886  4.337 1.0000000000
68247  -38.017  -14.699  3.850 1.0000000000
68248  -37.473  -15.252  3.157 1.0000000000
68249  -37.981  -14.486  3.342 1.0000000000
68250  -38.363  -11.005  4.936 1.0000000000
68251  -38.948  -11.807  4.882 1.0000000000
68252  -38.875  -11.530  4.391 1.0000000000
68253  -38.712  -12.378  2.694 1.0000000000
68254  -38.812  -12.652  3.161 1.0000000000
68255  -38.334  -13.214  2.481 1.0000000000
68256  -37.930  -14.031  2.303 1.0000000000
68257  -37.891  -13.809  1.832 1.0000000000
68258  -37.493  -14.415  1.158 1.0000000000
68259  -37.889  -13.575  1.367 1.0000000000
68260  -38.232  -12.221  0.593 1.0000000000
68261  -37.910  -13.106  0.381 1.0000000000
68262  -37.873  -12.879  -0.102 1.0000000000
68263  -37.537  -13.531  -0.799 1.0000000000
68264  -37.820  -12.676  -0.576 1.0000000000
68265  -37.749  -12.563  -1.049 1.0000000000
68266  -38.081  -11.907  -0.368 1.0000000000
68267  -38.423  -9.604  0.836 1.0000000000
68268  -38.409  -10.336  0.140 1.0000000000
68269  -38.417  -9.516  0.422 1.0000000000
68270  -38.339  -9.399  -0.019 1.0000000000
68271  -38.264  -8.665  0.669 1.0000000000
68272  -37.508  -6.700  3.301 1.0000000000
68273  -37.664  -7.508  2.727 1.0000000000
68274  -37.627  -6.517  2.951 1.0000000000
68275  -37.879  -5.242  2.402 1.0000000000
68276  -37.739  -6.234  2.154 1.0000000000
68278  -37.893  -6.908  1.116 1.0000000000
68279  -37.846  -5.973  1.405 1.0000000000
68280  -37.882  -5.843  1.029 1.0000000000
85171  -38.868  -16.027  10.213 1.0000000000
85172  -38.377  -15.480  10.689 1.0000000000
85173  -38.575  -16.211  10.694 1.0000000000
85230  -36.328  -17.251  3.540 1.0000000000
85231  -35.922  -18.114  3.179 1.0000000000
85232  -36.046  -17.953  2.698 1.0000000000
85233  -36.006  -19.225  0.539 1.0000000000
85234  -35.860  -19.390  1.048 1.0000000000
85235  -35.915  -20.202  0.244 1.0000000000
85236  -35.917  -21.117  -0.036 1.0000000000
85237  -36.096  -20.940  -0.568 1.0000000000
85238  -36.409  -18.401  -1.418 1.0000000000
85239  -36.304  -18.657  -0.955 1.0000000000
85240  -36.404  -19.326  -1.782 1.0000000000
85241  -37.290  -21.778  -3.115 1.0000000000
85242  -36.757  -21.230  -2.425 1.0000000000
85243  -37.078  -22.042  -2.592 1.0000000000
85244  -36.897  -22.346  -2.099 1.0000000000
85245  -37.531  -22.818  -2.725 1.0000000000
85246  -37.998  -23.413  -2.763 1.0000000000
85247  -38.251  -23.100  -3.254 1.0000000000
85297  -37.612  -12.311  -2.032 1.0000000000
85298  -37.353  -12.971  -2.812 1.0000000000
85299  -37.567  -12.198  -2.538 1.0000000000
85300  -37.635  -11.260  -3.232 1.0000000000
85301  -37.441  -11.991  -3.499 1.0000000000
96521  -37.983  -16.271  7.508 1.0000000000
96522  -37.917  -16.514  7.964 1.0000000000
96523  -37.083  -16.894  7.358 1.0000000000
96524  -36.305  -17.522  7.145 1.0000000000
96525  -35.592  -18.197  6.791 1.0000000000
96526  -34.997  -19.029  6.335 1.0000000000
96527  -35.171  -18.836  5.763 1.0000000000
96528  -34.904  -19.513  4.806 1.0000000000
96529  -34.814  -20.267  3.923 1.0000000000
96530  -34.846  -21.016  3.145 1.0000000000
96531  -34.999  -20.048  3.436 1.0000000000
96532  -35.214  -19.978  2.952 1.0000000000
96533  -35.382  -19.874  2.483 1.0000000000
96534  -36.989  -15.292  -1.408 1.0000000000
96535  -36.772  -16.176  -1.699 1.0000000000
96536  -36.812  -15.922  -2.204 1.0000000000
96537  -36.712  -16.547  -3.039 1.0000000000
96538  -36.748  -17.195  -3.932 1.0000000000
96539  -37.005  -17.837  -4.791 1.0000000000
96540  -36.826  -16.968  -4.452 1.0000000000
96541  -36.922  -16.721  -4.966 1.0000000000
96544  -36.868  -15.698  -5.110 1.0000000000
100842  -36.010  -10.229  8.170 1.0000000000
100843  -36.643  -10.979  7.632 1.0000000000
100844  -37.323  -11.898  7.567 1.0000000000
100845  -38.112  -12.659  7.599 1.0000000000
100846  -38.837  -13.418  7.746 1.0000000000
100847  -38.939  -13.183  7.181 1.0000000000
100848  -39.460  -13.707  6.669 1.0000000000
100849  -39.292  -14.188  6.066 1.0000000000
100850  -38.763  -14.690  5.511 1.0000000000
100851  -39.344  -13.942  5.640 1.0000000000
100852  -39.172  -13.648  5.138 1.0000000000
100853  -39.134  -13.367  4.662 1.0000000000
100854  -38.290  -10.337  4.042 1.0000000000
100855  -38.752  -11.229  3.933 1.0000000000
100856  -38.736  -10.908  3.484 1.0000000000
100857  -38.815  -11.510  2.874 1.0000000000
100858  -38.606  -12.132  2.199 1.0000000000
100859  -38.264  -12.735  1.535 1.0000000000
100860  -38.526  -11.854  1.715 1.0000000000
100861  -38.522  -11.579  1.283 1.0000000000
100862  -38.441  -11.338  0.828 1.0000000000
100863  -38.402  -11.237  0.370 1.0000000000
100864  -38.494  -10.564  1.045 1.0000000000
100865  -38.425  -9.753  1.269 1.0000000000
100866  -38.230  -8.894  1.531 1.0000000000
100868  -37.782  -5.503  3.180 1.0000000000
100869  -38.135  -4.547  3.408 1.0000000000
111007  -37.603  -17.435  9.907 1.0000000000
111008  -38.244  -16.949  10.579 1.0000000000
111009  -37.524  -17.662  10.411 1.0000000000
111021  -33.619  -22.705  5.596 1.0000000000
111035  -36.662  -24.470  -0.221 1.0000000000
111036  -37.378  -24.883  -0.728 1.0000000000
111037  -38.205  -25.201  -1.147 1.0000000000
111039  -38.517  -24.942  -1.641 1.0000000000
111040  -38.800  -24.673  -2.150 1.0000000000
111042  -36.531  -16.856  2.553 1.0000000000
111043  -36.184  -17.723  2.212 1.0000000000
111044  -36.282  -17.528  1.735 1.0000000000
111045  -36.156  -18.299  0.885 1.0000000000
111046  -36.127  -19.012  0.047 1.0000000000
111047  -36.786  -19.823  -3.153 1.0000000000
111048  -36.655  -20.046  -2.641 1.0000000000
111049  -37.080  -20.694  -3.422 1.0000000000
111050  -37.465  -21.484  -3.624 1.0000000000
111051  -37.963  -22.236  -3.737 1.0000000000
111052  -38.462  -22.814  -3.746 1.0000000000
111082  -37.994  -10.779  -1.484 1.0000000000
111083  -37.765  -11.471  -2.254 1.0000000000
111084  -37.929  -10.697  -1.985 1.0000000000
111085  -37.867  -10.623  -2.460 1.0000000000
111086  -37.796  -10.483  -2.948 1.0000000000
117476  -36.324  -9.649  7.332 1.0000000000
117477  -36.853  -10.377  6.756 1.0000000000
117478  -37.600  -11.054  6.200 1.0000000000
117479  -38.339  -11.547  5.762 1.0000000000
117480  -37.626  -10.699  5.801 1.0000000000
117481  -37.639  -10.424  5.390 1.0000000000
117482  -37.673  -10.080  5.035 1.0000000000
117484  -37.145  -9.073  5.187 1.0000000000
117485  -37.684  -9.727  4.586 1.0000000000
117486  -37.752  -9.368  4.173 1.0000000000
117487  -37.763  -9.067  3.761 1.0000000000
117488  -37.841  -8.774  3.372 1.0000000000
117489  -37.871  -8.591  2.943 1.0000000000
117490  -37.531  -7.885  3.538 1.0000000000
117491  -37.450  -6.888  3.723 1.0000000000
117492  -37.564  -5.913  3.929 1.0000000000
117494  -37.811  -5.181  4.590 1.0000000000
117495  -37.897  -4.990  4.174 1.0000000000
125375  -38.266  -14.364  9.683 1.0000000000
125376  -37.947  -14.555  10.113 1.0000000000
125377  -38.857  -15.107  9.756 1.0000000000
125378  -38.967  -15.837  9.701 1.0000000000
125379  -38.545  -16.541  9.573 1.0000000000
125380  -37.848  -16.733  8.453 1.0000000000
125381  -37.774  -16.965  8.933 1.0000000000
125382  -37.701  -17.217  9.411 1.0000000000
125383  -36.769  -17.873  9.260 1.0000000000
125384  -35.904  -18.444  9.052 1.0000000000
125385  -35.191  -19.106  8.878 1.0000000000
125388  -34.309  -20.187  7.149 1.0000000000
125389  -34.091  -20.823  6.183 1.0000000000
125390  -34.567  -19.863  5.878 1.0000000000
125391  -34.257  -20.693  5.552 1.0000000000
125392  -34.018  -21.602  5.284 1.0000000000
125393  -34.098  -22.388  4.468 1.0000000000
125395  -34.663  -23.988  3.053 1.0000000000
125400  -35.014  -21.946  2.395 1.0000000000
125401  -35.274  -22.861  1.681 1.0000000000
125402  -35.627  -23.522  0.986 1.0000000000
125403  -35.857  -23.377  0.484 1.0000000000
125404  -36.076  -23.227  -0.014 1.0000000000
125405  -36.265  -23.086  -0.525 1.0000000000
125406  -36.844  -16.106  0.592 1.0000000000
125407  -36.581  -17.014  0.264 1.0000000000
125408  -36.645  -16.846  -0.239 1.0000000000
125409  -36.524  -17.502  -1.038 1.0000000000
125410  -36.479  -18.150  -1.898 1.0000000000
125411  -36.616  -17.034  -2.004 1.0000000000
125412  -36.550  -17.903  -2.378 1.0000000000
125413  -36.599  -18.855  -2.788 1.0000000000
125414  -36.888  -19.528  -3.655 1.0000000000
125415  -37.426  -20.173  -4.423 1.0000000000
125416  -38.080  -20.661  -5.135 1.0000000000
125418  -38.274  -20.342  -5.581 1.0000000000
125419  -38.456  -19.989  -6.018 1.0000000000
125420  -38.650  -19.614  -6.449 1.0000000000
125421  -37.463  -18.428  -5.624 1.0000000000
125437  -38.066  -7.462  -0.396 1.0000000000
125438  -38.153  -8.242  -1.138 1.0000000000
134812  -35.573  -11.019  9.456 1.0000000000
134814  -36.589  -12.864  9.384 1.0000000000
134815  -37.312  -13.624  9.477 1.0000000000
134816  -38.393  -14.161  9.196 1.0000000000
134817  -39.139  -14.676  8.768 1.0000000000
134818  -39.293  -15.176  8.225 1.0000000000
134819  -39.395  -14.211  7.755 1.0000000000
134820  -39.301  -14.988  7.680 1.0000000000
134821  -38.799  -15.650  7.609 1.0000000000
134822  -38.097  -16.039  6.998 1.0000000000
134823  -37.273  -16.485  6.253 1.0000000000
134824  -36.614  -16.982  5.434 1.0000000000
134825  -36.130  -17.595  4.536 1.0000000000
134826  -36.704  -16.801  4.887 1.0000000000
134827  -36.750  -16.619  4.372 1.0000000000
134828  -36.825  -16.429  3.864 1.0000000000
134829  -38.061  -15.138  4.825 1.0000000000
134830  -37.439  -15.635  4.118 1.0000000000
134831  -36.897  -16.237  3.357 1.0000000000
134832  -36.959  -16.062  2.868 1.0000000000
134833  -37.010  -15.851  2.400 1.0000000000
134834  -37.062  -15.652  1.880 1.0000000000
134835  -38.964  -12.055  5.312 1.0000000000
134836  -39.233  -12.577  4.789 1.0000000000
134837  -39.013  -13.130  4.164 1.0000000000
134838  -38.992  -12.083  3.817 1.0000000000
134839  -38.925  -12.906  3.661 1.0000000000
134840  -38.515  -13.707  3.456 1.0000000000
134841  -37.951  -14.265  2.798 1.0000000000
134842  -37.514  -14.826  2.176 1.0000000000
134843  -37.136  -15.449  1.395 1.0000000000
134844  -37.162  -15.256  0.912 1.0000000000
134845  -37.187  -15.058  0.404 1.0000000000
134846  -37.203  -14.862  -0.108 1.0000000000
134847  -37.915  -13.304  0.910 1.0000000000
134848  -37.540  -13.993  0.180 1.0000000000
134849  -37.233  -14.648  -0.602 1.0000000000
134850  -37.245  -14.394  -1.063 1.0000000000
134851  -37.236  -14.191  -1.560 1.0000000000
134852  -37.205  -13.973  -2.044 1.0000000000
134853  -37.164  -13.886  -2.577 1.0000000000
134854  -37.439  -13.214  -1.783 1.0000000000
134855  -37.683  -12.455  -1.536 1.0000000000
134856  -37.909  -11.698  -1.291 1.0000000000
134857  -38.291  -11.124  -0.130 1.0000000000
134858  -38.193  -11.031  -0.580 1.0000000000
134859  -38.100  -10.915  -1.025 1.0000000000
134860  -38.234  -10.118  -0.737 1.0000000000
134861  -38.268  -9.269  -0.475 1.0000000000
134862  -38.231  -8.428  -0.222 1.0000000000
134863  -37.881  -8.406  2.524 1.0000000000
134864  -37.931  -8.209  2.142 1.0000000000
134865  -37.986  -8.060  1.725 1.0000000000
134866  -37.680  -6.370  2.548 1.0000000000
134867  -37.796  -7.171  1.929 1.0000000000
134868  -38.056  -7.918  1.337 1.0000000000
134869  -38.065  -7.794  0.893 1.0000000000
134870  -38.085  -7.679  0.458 1.0000000000
134871  -38.114  -7.571  0.049 1.0000000000
134872  -37.894  -6.667  0.327 1.0000000000
155453  -37.739  -14.757  10.571 1.0000000000
155525  -35.776  -18.290  3.648 1.0000000000
155526  -35.584  -18.987  2.839 1.0000000000
155527  -35.550  -19.711  2.053 1.0000000000
155528  -35.910  -18.635  1.876 1.0000000000
155529  -35.709  -19.554  1.559 1.0000000000
155530  -35.610  -20.555  1.227 1.0000000000
155531  -35.781  -21.373  0.444 1.0000000000
155532  -36.065  -22.199  -0.346 1.0000000000
155533  -36.487  -22.802  -1.032 1.0000000000
155534  -36.374  -17.902  -0.083 1.0000000000
155535  -36.239  -18.812  -0.444 1.0000000000
155536  -36.188  -19.760  -0.769 1.0000000000
155537  -36.526  -20.282  -2.132 1.0000000000
155538  -36.373  -20.517  -1.603 1.0000000000
155539  -36.234  -20.720  -1.077 1.0000000000
155540  -36.429  -21.699  -1.386 1.0000000000
155541  -36.699  -22.613  -1.562 1.0000000000
155542  -37.016  -23.287  -1.677 1.0000000000
155543  -37.719  -23.684  -2.238 1.0000000000
155544  -38.497  -23.921  -2.724 1.0000000000
155606  -37.143  -13.754  -3.099 1.0000000000
155607  -37.106  -13.644  -3.611 1.0000000000
155609  -37.513  -12.115  -3.044 1.0000000000
