#!ascii label  , from subject 40tvs8ref_sym_20 vox2ras=TkReg
209
83  -56.871  -38.785  -6.391 1.0000000000
970  -62.728  -37.917  -7.299 1.0000000000
1518  -57.571  -33.985  -8.989 1.0000000000
2890  -59.847  -38.361  -6.880 1.0000000000
3489  -51.993  -33.154  -8.625 1.0000000000
4351  -58.228  -31.494  -10.040 1.0000000000
4352  -60.731  -33.187  -9.319 1.0000000000
7379  -54.222  -37.130  -7.061 1.0000000000
7380  -57.198  -36.531  -7.695 1.0000000000
7381  -54.553  -34.749  -8.336 1.0000000000
7382  -55.094  -32.437  -9.486 1.0000000000
8536  -60.211  -35.995  -8.167 1.0000000000
8537  -63.139  -35.282  -8.577 1.0000000000
10568  -58.162  -39.555  -6.082 1.0000000000
10569  -59.650  -39.323  -6.319 1.0000000000
10570  -58.388  -38.563  -6.687 1.0000000000
12031  -58.555  -30.189  -10.310 1.0000000000
12032  -59.858  -31.087  -10.189 1.0000000000
14426  -62.494  -38.930  -6.603 1.0000000000
16224  -54.376  -35.976  -7.721 1.0000000000
16225  -53.077  -35.115  -7.896 1.0000000000
16227  -53.519  -32.816  -9.091 1.0000000000
18811  -57.359  -35.269  -8.340 1.0000000000
18812  -58.684  -36.280  -7.910 1.0000000000
18813  -58.909  -34.951  -8.557 1.0000000000
18814  -62.285  -32.812  -9.434 1.0000000000
18815  -61.943  -34.190  -8.941 1.0000000000
18816  -63.455  -33.883  -9.070 1.0000000000
23633  -61.105  -39.100  -6.481 1.0000000000
23634  -61.283  -38.139  -7.097 1.0000000000
26263  -57.871  -32.786  -9.624 1.0000000000
26264  -59.164  -33.600  -9.162 1.0000000000
26265  -59.508  -32.357  -9.774 1.0000000000
26266  -61.079  -31.956  -9.857 1.0000000000
32645  -55.574  -38.007  -6.706 1.0000000000
32646  -57.021  -37.717  -7.008 1.0000000000
32647  -55.735  -36.856  -7.413 1.0000000000
32648  -55.857  -35.665  -8.019 1.0000000000
32649  -56.078  -34.400  -8.701 1.0000000000
32650  -53.297  -33.957  -8.513 1.0000000000
32651  -54.797  -33.601  -8.942 1.0000000000
32652  -56.332  -33.207  -9.345 1.0000000000
32653  -56.656  -31.976  -9.830 1.0000000000
32654  -56.988  -30.699  -10.089 1.0000000000
35872  -58.499  -37.470  -7.271 1.0000000000
35873  -60.007  -37.272  -7.467 1.0000000000
35874  -61.495  -36.976  -7.730 1.0000000000
35875  -60.451  -34.598  -8.753 1.0000000000
35876  -61.699  -35.670  -8.371 1.0000000000
35877  -62.918  -36.654  -8.000 1.0000000000
38720  -56.359  -39.644  -5.813 1.0000000000
38747  -55.014  -38.804  -6.056 1.0000000000
41288  -57.511  -39.178  -6.239 1.0000000000
41289  -58.262  -39.054  -6.408 1.0000000000
41290  -57.608  -38.649  -6.543 1.0000000000
45146  -62.595  -38.447  -6.975 1.0000000000
45147  -63.196  -38.846  -6.692 1.0000000000
45148  -63.305  -38.350  -7.076 1.0000000000
45150  -63.441  -37.788  -7.442 1.0000000000
49531  -57.444  -34.635  -8.662 1.0000000000
49532  -58.143  -35.108  -8.451 1.0000000000
49533  -58.242  -34.452  -8.756 1.0000000000
49535  -62.891  -33.319  -9.229 1.0000000000
49536  -63.629  -33.171  -9.267 1.0000000000
54746  -59.738  -38.846  -6.615 1.0000000000
54747  -60.390  -39.203  -6.410 1.0000000000
54748  -60.480  -38.732  -6.702 1.0000000000
54749  -61.169  -38.640  -6.782 1.0000000000
54750  -60.576  -38.269  -6.987 1.0000000000
59131  -58.066  -32.170  -9.866 1.0000000000
59132  -58.697  -32.571  -9.710 1.0000000000
59133  -58.867  -31.939  -9.941 1.0000000000
59134  -60.655  -30.862  -10.247 1.0000000000
59135  -60.477  -31.522  -10.052 1.0000000000
59136  -61.252  -31.317  -10.075 1.0000000000
71708  -54.905  -37.565  -6.892 1.0000000000
71709  -55.648  -37.427  -7.067 1.0000000000
71710  -54.967  -36.989  -7.254 1.0000000000
71711  -54.459  -35.375  -8.005 1.0000000000
71712  -55.116  -35.822  -7.875 1.0000000000
71713  -55.200  -35.216  -8.173 1.0000000000
71714  -55.969  -35.019  -8.345 1.0000000000
71715  -55.326  -34.579  -8.531 1.0000000000
71716  -51.870  -33.703  -8.352 1.0000000000
71718  -52.656  -33.565  -8.591 1.0000000000
71719  -54.307  -32.631  -9.296 1.0000000000
71720  -54.181  -33.197  -9.031 1.0000000000
71721  -54.957  -33.014  -9.251 1.0000000000
71722  -55.578  -33.413  -9.172 1.0000000000
71723  -55.730  -32.814  -9.452 1.0000000000
71724  -56.489  -32.595  -9.627 1.0000000000
71725  -55.892  -32.206  -9.662 1.0000000000
71728  -56.383  -30.289  -10.075 1.0000000000
71729  -57.180  -30.027  -10.198 1.0000000000
79471  -57.125  -37.135  -7.371 1.0000000000
79472  -57.780  -37.589  -7.166 1.0000000000
79473  -57.835  -37.023  -7.500 1.0000000000
79474  -59.463  -36.146  -8.033 1.0000000000
79475  -59.325  -36.802  -7.681 1.0000000000
79476  -60.111  -36.663  -7.814 1.0000000000
79477  -60.740  -37.121  -7.603 1.0000000000
79478  -60.867  -36.503  -7.935 1.0000000000
79479  -59.959  -33.394  -9.243 1.0000000000
79480  -59.799  -34.065  -8.943 1.0000000000
79481  -60.570  -33.892  -9.028 1.0000000000
79482  -62.542  -34.733  -8.772 1.0000000000
79483  -61.822  -34.943  -8.665 1.0000000000
79484  -62.425  -35.467  -8.483 1.0000000000
79485  -62.329  -36.145  -8.181 1.0000000000
79486  -63.030  -35.977  -8.291 1.0000000000
79488  -63.754  -35.818  -8.370 1.0000000000
86555  -57.024  -39.990  -5.678 1.0000000000
92750  -58.810  -39.915  -5.874 1.0000000000
92751  -59.543  -39.772  -5.975 1.0000000000
92752  -58.886  -39.417  -6.245 1.0000000000
92753  -58.980  -38.955  -6.530 1.0000000000
92754  -59.124  -38.468  -6.798 1.0000000000
95383  -58.392  -30.861  -10.178 1.0000000000
95384  -59.035  -31.301  -10.117 1.0000000000
95385  -59.199  -30.654  -10.272 1.0000000000
95386  -60.018  -30.419  -10.372 1.0000000000
99696  -63.090  -39.301  -6.313 1.0000000000
102930  -54.295  -36.564  -7.417 1.0000000000
102931  -53.633  -36.140  -7.516 1.0000000000
102932  -53.724  -35.540  -7.814 1.0000000000
102933  -53.813  -34.938  -8.116 1.0000000000
102934  -52.143  -32.603  -8.869 1.0000000000
102935  -52.774  -33.017  -8.874 1.0000000000
102936  -52.917  -32.426  -9.106 1.0000000000
102937  -53.693  -32.233  -9.312 1.0000000000
107587  -57.270  -35.903  -8.030 1.0000000000
107588  -57.934  -36.401  -7.821 1.0000000000
107589  -58.052  -35.741  -8.136 1.0000000000
107590  -58.822  -35.611  -8.235 1.0000000000
107591  -59.586  -35.477  -8.351 1.0000000000
107592  -61.509  -32.996  -9.388 1.0000000000
107593  -61.327  -33.663  -9.135 1.0000000000
107594  -62.123  -33.474  -9.187 1.0000000000
107595  -62.698  -34.048  -9.015 1.0000000000
107596  -63.285  -34.584  -8.845 1.0000000000
107597  -63.876  -35.114  -8.634 1.0000000000
107598  -64.028  -34.407  -8.875 1.0000000000
116581  -60.277  -39.661  -6.043 1.0000000000
116583  -61.707  -39.474  -6.197 1.0000000000
116584  -61.789  -39.008  -6.523 1.0000000000
116585  -61.883  -38.545  -6.870 1.0000000000
116586  -62.003  -38.013  -7.193 1.0000000000
119100  -51.243  -33.283  -8.363 1.0000000000
122719  -57.717  -33.373  -9.310 1.0000000000
122720  -58.370  -33.793  -9.079 1.0000000000
122721  -58.527  -33.182  -9.392 1.0000000000
122722  -59.326  -32.982  -9.468 1.0000000000
122723  -60.121  -32.780  -9.546 1.0000000000
122724  -59.680  -31.721  -10.005 1.0000000000
122725  -60.297  -32.144  -9.831 1.0000000000
122726  -60.909  -32.574  -9.608 1.0000000000
122727  -61.673  -32.367  -9.647 1.0000000000
139163  -56.206  -38.433  -6.502 1.0000000000
139164  -56.933  -38.271  -6.662 1.0000000000
139165  -56.293  -37.863  -6.854 1.0000000000
139166  -56.378  -37.282  -7.221 1.0000000000
139167  -56.487  -36.700  -7.542 1.0000000000
139168  -55.045  -36.412  -7.610 1.0000000000
139169  -55.793  -36.268  -7.720 1.0000000000
139170  -56.534  -36.098  -7.865 1.0000000000
139171  -56.611  -35.457  -8.202 1.0000000000
139172  -56.707  -34.828  -8.516 1.0000000000
139173  -56.822  -34.209  -8.859 1.0000000000
139175  -53.172  -34.512  -8.218 1.0000000000
139176  -53.931  -34.333  -8.435 1.0000000000
139177  -53.434  -33.397  -8.813 1.0000000000
139178  -54.055  -33.780  -8.728 1.0000000000
139179  -54.666  -34.171  -8.637 1.0000000000
139180  -55.421  -34.005  -8.837 1.0000000000
139181  -56.200  -33.812  -9.038 1.0000000000
139182  -56.951  -33.589  -9.187 1.0000000000
139183  -57.085  -32.998  -9.489 1.0000000000
139184  -57.278  -32.406  -9.765 1.0000000000
139185  -57.435  -31.741  -9.956 1.0000000000
139187  -56.820  -31.343  -9.989 1.0000000000
139188  -57.611  -31.071  -10.086 1.0000000000
139189  -57.776  -30.439  -10.201 1.0000000000
148600  -57.700  -38.143  -6.833 1.0000000000
148601  -58.472  -38.037  -6.979 1.0000000000
148602  -59.197  -37.939  -7.071 1.0000000000
148603  -58.579  -36.913  -7.596 1.0000000000
148604  -59.259  -37.373  -7.363 1.0000000000
148605  -59.950  -37.860  -7.159 1.0000000000
148606  -60.668  -37.723  -7.274 1.0000000000
148607  -61.370  -37.549  -7.405 1.0000000000
148608  -62.112  -37.446  -7.521 1.0000000000
148609  -59.020  -34.258  -8.852 1.0000000000
148610  -59.675  -34.763  -8.658 1.0000000000
148611  -60.318  -35.327  -8.495 1.0000000000
148612  -61.212  -34.406  -8.846 1.0000000000
148613  -61.090  -35.146  -8.571 1.0000000000
148614  -60.943  -35.838  -8.286 1.0000000000
148615  -61.610  -36.323  -8.051 1.0000000000
148616  -62.219  -36.831  -7.861 1.0000000000
148617  -62.830  -37.304  -7.649 1.0000000000
157116  -57.940  -39.968  -5.790 1.0000000000
157117  -57.264  -39.600  -5.953 1.0000000000
157118  -56.629  -39.212  -6.098 1.0000000000
157197  -55.450  -39.636  -5.633 1.0000000000
157198  -55.721  -39.221  -5.926 1.0000000000
157199  -55.941  -38.804  -6.229 1.0000000000
157200  -55.273  -38.411  -6.367 1.0000000000
157202  -53.960  -37.567  -6.730 1.0000000000
157205  -53.282  -37.150  -6.892 1.0000000000
