#!ascii label  , from subject 40tvs8ref_sym_20 vox2ras=TkReg
211
582  -14.593  -51.761  41.205 1.0000000000
1291  -12.316  -51.851  45.499 1.0000000000
2383  -11.538  -46.556  43.801 1.0000000000
2384  -14.608  -45.410  39.646 1.0000000000
5313  -13.505  -51.885  43.402 1.0000000000
5314  -12.403  -48.953  44.757 1.0000000000
5315  -14.052  -48.777  42.783 1.0000000000
5316  -13.287  -45.960  41.897 1.0000000000
5317  -15.391  -48.481  40.475 1.0000000000
9716  -15.225  -51.444  38.687 1.0000000000
9717  -16.015  -48.061  37.761 1.0000000000
12993  -14.071  -51.833  42.355 1.0000000000
12994  -13.973  -50.348  43.130 1.0000000000
12995  -14.627  -50.226  42.022 1.0000000000
12996  -14.778  -48.636  41.667 1.0000000000
12997  -15.174  -50.119  40.860 1.0000000000
21698  -11.782  -51.813  46.526 1.0000000000
21700  -11.798  -50.376  46.223 1.0000000000
21701  -12.056  -47.673  44.322 1.0000000000
21702  -11.190  -47.849  45.244 1.0000000000
21703  -10.646  -46.778  44.737 1.0000000000
21707  -10.829  -45.499  43.247 1.0000000000
21708  -14.051  -45.723  40.828 1.0000000000
21709  -12.525  -44.847  41.431 1.0000000000
21710  -13.204  -44.489  40.429 1.0000000000
21712  -13.778  -44.116  39.336 1.0000000000
21729  -15.827  -49.812  38.241 1.0000000000
27995  -12.903  -51.920  44.509 1.0000000000
27996  -12.531  -50.378  45.204 1.0000000000
27997  -13.250  -50.397  44.158 1.0000000000
27998  -13.227  -48.891  43.797 1.0000000000
27999  -12.981  -47.519  43.337 1.0000000000
28000  -12.468  -46.279  42.878 1.0000000000
28001  -13.830  -47.300  42.360 1.0000000000
28002  -14.595  -47.077  41.254 1.0000000000
28003  -15.178  -46.827  40.082 1.0000000000
31534  -11.854  -53.236  45.691 1.0000000000
31537  -12.258  -53.317  44.681 1.0000000000
31538  -12.725  -53.347  43.637 1.0000000000
31539  -13.171  -53.306  42.551 1.0000000000
31540  -13.610  -53.253  41.450 1.0000000000
39354  -11.502  -49.024  45.717 1.0000000000
39355  -10.259  -48.056  46.155 1.0000000000
39363  -11.726  -45.175  42.368 1.0000000000
39377  -13.926  -53.157  40.263 1.0000000000
39385  -14.194  -52.961  39.107 1.0000000000
39386  -14.948  -51.618  39.938 1.0000000000
39387  -15.592  -49.970  39.578 1.0000000000
39388  -15.837  -48.327  39.128 1.0000000000
39389  -15.585  -46.635  38.707 1.0000000000
39391  -15.716  -46.416  37.356 1.0000000000
39392  -15.004  -45.099  38.327 1.0000000000
43713  -14.335  -51.815  41.773 1.0000000000
43714  -14.410  -51.042  42.202 1.0000000000
43715  -14.685  -50.998  41.618 1.0000000000
43716  -14.916  -50.166  41.439 1.0000000000
43717  -14.935  -50.955  41.030 1.0000000000
52418  -12.031  -51.810  46.005 1.0000000000
52419  -11.784  -51.087  46.388 1.0000000000
52420  -12.125  -51.104  45.876 1.0000000000
52421  -11.822  -47.100  44.074 1.0000000000
52422  -11.385  -47.187  44.549 1.0000000000
52423  -11.094  -46.671  44.279 1.0000000000
52424  -10.290  -46.281  44.456 1.0000000000
52425  -10.744  -46.164  43.985 1.0000000000
52426  -10.371  -45.657  43.686 1.0000000000
52427  -11.195  -46.027  43.523 1.0000000000
52428  -14.347  -45.579  40.233 1.0000000000
52429  -13.648  -45.099  40.600 1.0000000000
52430  -13.948  -44.929  40.047 1.0000000000
52431  -13.490  -44.287  39.908 1.0000000000
52432  -14.214  -44.751  39.487 1.0000000000
62018  -13.191  -51.929  43.955 1.0000000000
62019  -13.134  -51.197  44.333 1.0000000000
62020  -13.431  -51.167  43.803 1.0000000000
62021  -14.061  -49.553  42.955 1.0000000000
62022  -13.677  -49.607  43.470 1.0000000000
62023  -13.634  -48.831  43.291 1.0000000000
62024  -13.123  -48.181  43.563 1.0000000000
62025  -13.571  -48.109  43.063 1.0000000000
62026  -13.424  -47.415  42.866 1.0000000000
62027  -13.975  -48.030  42.579 1.0000000000
62028  -15.119  -48.564  41.096 1.0000000000
62029  -14.739  -47.841  41.469 1.0000000000
62030  -15.082  -47.755  40.876 1.0000000000
62031  -14.910  -46.970  40.687 1.0000000000
62032  -15.362  -47.671  40.255 1.0000000000
69217  -11.502  -53.949  45.772 1.0000000000
69224  -11.869  -53.982  44.785 1.0000000000
69225  -12.034  -54.011  44.281 1.0000000000
69226  -12.481  -53.337  44.164 1.0000000000
69227  -12.220  -54.015  43.751 1.0000000000
69229  -12.600  -53.969  42.646 1.0000000000
69230  -12.803  -53.966  42.119 1.0000000000
69231  -13.385  -53.301  42.002 1.0000000000
69232  -13.023  -53.913  41.554 1.0000000000
88141  -12.519  -49.676  44.966 1.0000000000
88142  -12.093  -49.689  45.479 1.0000000000
88143  -11.976  -49.009  45.232 1.0000000000
88144  -10.487  -47.415  45.464 1.0000000000
88145  -10.717  -47.959  45.697 1.0000000000
88146  -10.032  -47.521  45.925 1.0000000000
88163  -12.885  -46.129  42.403 1.0000000000
88164  -12.104  -45.720  42.641 1.0000000000
88165  -12.530  -45.562  42.152 1.0000000000
88167  -11.724  -44.497  41.707 1.0000000000
88200  -13.440  -53.748  39.879 1.0000000000
88220  -14.317  -52.868  38.521 1.0000000000
88221  -14.760  -52.231  38.880 1.0000000000
88222  -14.626  -52.327  39.508 1.0000000000
88223  -15.104  -51.549  39.316 1.0000000000
88224  -15.326  -50.803  39.772 1.0000000000
88225  -15.482  -50.736  39.156 1.0000000000
88226  -15.980  -48.940  37.994 1.0000000000
88227  -15.905  -49.048  38.691 1.0000000000
88228  -15.948  -48.185  38.460 1.0000000000
88229  -15.776  -47.461  38.927 1.0000000000
88230  -15.863  -47.330  38.240 1.0000000000
88236  -15.449  -45.626  37.108 1.0000000000
88237  -15.428  -45.716  37.828 1.0000000000
97115  -13.780  -51.861  42.903 1.0000000000
97116  -13.756  -51.136  43.278 1.0000000000
97117  -14.097  -51.066  42.770 1.0000000000
97118  -14.329  -50.288  42.600 1.0000000000
97119  -14.432  -49.489  42.414 1.0000000000
97120  -14.456  -48.720  42.240 1.0000000000
97121  -14.739  -49.429  41.847 1.0000000000
97122  -15.047  -49.358  41.263 1.0000000000
97123  -15.324  -49.295  40.682 1.0000000000
112787  -11.361  -50.380  46.671 1.0000000000
112789  -12.259  -48.289  44.538 1.0000000000
112790  -11.827  -48.357  45.001 1.0000000000
112791  -11.628  -47.752  44.778 1.0000000000
112792  -10.949  -47.299  45.006 1.0000000000
112800  -9.982  -45.178  43.451 1.0000000000
112801  -10.417  -45.009  43.027 1.0000000000
112802  -13.675  -45.845  41.391 1.0000000000
112803  -12.968  -45.419  41.662 1.0000000000
112804  -13.323  -45.253  41.164 1.0000000000
112805  -12.889  -44.674  40.939 1.0000000000
112809  -13.071  -43.714  39.743 1.0000000000
112839  -15.574  -50.638  38.485 1.0000000000
112840  -15.657  -50.540  37.815 1.0000000000
112841  -15.882  -49.680  37.566 1.0000000000
126761  -12.617  -51.894  45.009 1.0000000000
126762  -12.468  -51.130  45.377 1.0000000000
126763  -12.800  -51.127  44.865 1.0000000000
126764  -12.898  -50.367  44.668 1.0000000000
126765  -12.910  -49.630  44.469 1.0000000000
126766  -13.594  -50.382  43.642 1.0000000000
126767  -13.297  -49.641  43.974 1.0000000000
126768  -12.836  -48.903  44.286 1.0000000000
126769  -12.693  -48.231  44.097 1.0000000000
126770  -12.499  -47.603  43.856 1.0000000000
126771  -12.291  -46.980  43.575 1.0000000000
126772  -11.998  -46.420  43.333 1.0000000000
126773  -12.765  -46.878  43.119 1.0000000000
126774  -13.197  -46.746  42.644 1.0000000000
126775  -13.609  -46.607  42.149 1.0000000000
126776  -14.378  -47.924  42.033 1.0000000000
126777  -14.230  -47.182  41.813 1.0000000000
126778  -13.968  -46.480  41.606 1.0000000000
126779  -14.333  -46.358  41.064 1.0000000000
126780  -14.661  -46.249  40.468 1.0000000000
126781  -14.935  -46.100  39.824 1.0000000000
136058  -11.640  -52.534  46.640 1.0000000000
136059  -11.903  -52.516  46.108 1.0000000000
136060  -12.120  -52.535  45.595 1.0000000000
136067  -11.728  -53.928  45.309 1.0000000000
136068  -12.059  -53.266  45.177 1.0000000000
136069  -12.367  -52.615  45.082 1.0000000000
136070  -12.608  -52.627  44.580 1.0000000000
136071  -12.871  -52.635  44.081 1.0000000000
136072  -13.153  -52.619  43.528 1.0000000000
136074  -12.957  -53.305  43.079 1.0000000000
136075  -13.408  -52.610  42.994 1.0000000000
136076  -13.657  -52.615  42.460 1.0000000000
136077  -13.898  -52.582  41.895 1.0000000000
136078  -14.148  -52.520  41.329 1.0000000000
159018  -12.154  -50.394  45.701 1.0000000000
159019  -11.723  -49.700  45.967 1.0000000000
159020  -11.118  -49.115  46.186 1.0000000000
159021  -11.390  -48.420  45.461 1.0000000000
159022  -10.911  -48.514  45.929 1.0000000000
159023  -10.505  -48.605  46.391 1.0000000000
159045  -11.663  -45.879  43.084 1.0000000000
159046  -11.275  -45.342  42.838 1.0000000000
159048  -12.139  -45.023  41.910 1.0000000000
159049  -11.311  -44.686  42.156 1.0000000000
159087  -13.153  -53.869  40.993 1.0000000000
159088  -13.766  -53.198  40.855 1.0000000000
159089  -14.308  -52.475  40.721 1.0000000000
159112  -13.685  -53.549  38.774 1.0000000000
159113  -13.576  -53.658  39.306 1.0000000000
159114  -14.075  -53.070  39.678 1.0000000000
159115  -14.473  -52.404  40.122 1.0000000000
159116  -14.776  -51.697  40.574 1.0000000000
159117  -15.152  -50.886  40.391 1.0000000000
159118  -15.424  -50.040  40.238 1.0000000000
159119  -15.561  -49.206  40.026 1.0000000000
159120  -15.747  -49.897  38.907 1.0000000000
159121  -15.756  -49.132  39.346 1.0000000000
159122  -15.634  -48.411  39.797 1.0000000000
159123  -15.579  -47.581  39.598 1.0000000000
159124  -15.413  -46.758  39.390 1.0000000000
159125  -15.169  -45.990  39.173 1.0000000000
159131  -15.908  -47.239  37.584 1.0000000000
159132  -15.677  -46.505  38.037 1.0000000000
159133  -15.327  -45.838  38.510 1.0000000000
159134  -14.844  -45.241  38.997 1.0000000000
159135  -14.473  -44.567  38.813 1.0000000000
