#!ascii label  , from subject 40tvs8ref_sym_20 vox2ras=TkReg
328
384  -7.243  60.900  24.044 1.0000000000
385  -6.701  53.952  38.079 1.0000000000
881  -10.158  57.010  35.000 1.0000000000
1856  -7.795  54.535  25.130 1.0000000000
1857  -10.140  61.368  28.256 1.0000000000
1858  -6.778  57.799  30.959 1.0000000000
1859  -7.441  51.342  32.014 1.0000000000
4077  -7.739  58.796  21.298 1.0000000000
4078  -8.150  55.756  22.055 1.0000000000
4079  -7.692  57.719  24.652 1.0000000000
4083  -8.023  56.477  37.354 1.0000000000
4084  -7.971  58.574  33.920 1.0000000000
4085  -6.755  55.968  34.592 1.0000000000
4086  -6.952  54.472  31.427 1.0000000000
4087  -6.918  52.703  34.903 1.0000000000
8195  -7.887  62.405  26.717 1.0000000000
8196  -10.081  59.133  31.691 1.0000000000
8197  -7.904  60.606  30.274 1.0000000000
8198  -7.097  59.530  27.527 1.0000000000
8199  -7.242  56.227  27.908 1.0000000000
8200  -7.669  53.010  28.446 1.0000000000
11757  -7.423  59.861  22.652 1.0000000000
11758  -7.699  58.284  22.990 1.0000000000
11759  -7.421  59.321  24.379 1.0000000000
11763  -7.203  55.398  37.865 1.0000000000
11764  -7.117  56.506  36.173 1.0000000000
11765  -6.745  55.025  36.361 1.0000000000
11766  -6.739  54.307  34.727 1.0000000000
11767  -6.681  53.338  36.482 1.0000000000
17995  -8.033  55.196  23.644 1.0000000000
17996  -8.127  54.228  22.426 1.0000000000
17997  -7.942  53.636  23.911 1.0000000000
17999  -7.846  52.977  25.383 1.0000000000
18005  -10.045  62.454  26.579 1.0000000000
18006  -8.834  63.080  25.890 1.0000000000
18007  -8.914  62.253  27.643 1.0000000000
18008  -11.066  56.788  33.486 1.0000000000
18010  -10.112  58.073  33.322 1.0000000000
18011  -7.140  58.448  32.606 1.0000000000
18012  -7.922  59.583  32.101 1.0000000000
18013  -7.144  59.368  30.767 1.0000000000
18014  -7.230  60.298  28.991 1.0000000000
18015  -6.927  58.652  29.190 1.0000000000
18016  -7.133  57.834  27.696 1.0000000000
18017  -6.915  57.012  29.334 1.0000000000
18018  -7.170  52.866  31.714 1.0000000000
18019  -7.285  53.750  29.917 1.0000000000
18020  -7.604  52.163  30.222 1.0000000000
18021  -7.942  51.481  28.785 1.0000000000
18022  -7.852  50.654  30.602 1.0000000000
25771  -8.029  57.769  20.027 1.0000000000
25772  -8.203  56.255  20.432 1.0000000000
25773  -7.971  57.273  21.670 1.0000000000
25774  -7.955  56.729  23.350 1.0000000000
25775  -7.800  56.136  24.926 1.0000000000
25781  -9.129  56.931  36.313 1.0000000000
25782  -9.036  58.036  34.702 1.0000000000
25783  -7.977  57.590  35.706 1.0000000000
25784  -7.106  57.518  34.481 1.0000000000
25785  -6.790  56.846  32.822 1.0000000000
25786  -6.810  56.125  31.154 1.0000000000
25787  -6.750  55.193  32.959 1.0000000000
25788  -6.898  53.567  33.176 1.0000000000
25789  -7.135  52.005  33.456 1.0000000000
29817  -8.136  55.260  38.940 1.0000000000
29818  -7.252  54.217  39.538 1.0000000000
34875  -8.268  54.780  20.862 1.0000000000
34889  -7.290  61.920  25.493 1.0000000000
34892  -10.090  60.240  29.980 1.0000000000
34893  -9.020  59.077  33.000 1.0000000000
34894  -8.998  60.198  31.242 1.0000000000
34895  -8.994  61.212  29.380 1.0000000000
34896  -7.889  61.573  28.506 1.0000000000
34897  -7.226  61.209  27.291 1.0000000000
34898  -7.184  60.320  25.805 1.0000000000
34899  -7.335  58.693  26.079 1.0000000000
34900  -7.458  57.025  26.318 1.0000000000
34901  -7.582  55.409  26.510 1.0000000000
34902  -7.060  55.369  29.586 1.0000000000
34903  -7.389  54.601  28.157 1.0000000000
34904  -7.719  53.785  26.759 1.0000000000
34905  -7.906  52.238  27.046 1.0000000000
42475  -7.275  61.164  23.173 1.0000000000
42476  -7.320  60.662  22.485 1.0000000000
42477  -7.324  60.386  23.354 1.0000000000
42478  -7.424  59.605  23.526 1.0000000000
42479  -7.315  60.117  24.213 1.0000000000
42483  -6.917  54.707  38.008 1.0000000000
42484  -6.899  55.293  37.175 1.0000000000
42485  -6.748  54.475  37.200 1.0000000000
42486  -6.680  54.172  36.369 1.0000000000
42487  -6.653  53.648  37.272 1.0000000000
42488  -6.620  52.853  37.318 1.0000000000
42489  -6.590  53.148  38.121 1.0000000000
48715  -7.907  54.873  24.390 1.0000000000
48716  -7.966  54.410  23.780 1.0000000000
48717  -7.871  54.088  24.508 1.0000000000
48718  -7.872  53.309  24.640 1.0000000000
48719  -7.806  53.752  25.263 1.0000000000
48723  -10.621  61.339  27.629 1.0000000000
48724  -10.592  61.889  26.795 1.0000000000
48725  -10.075  61.919  27.418 1.0000000000
48726  -9.455  62.427  27.151 1.0000000000
48727  -9.548  61.883  27.985 1.0000000000
48728  -10.645  56.918  34.251 1.0000000000
48729  -10.604  57.438  33.401 1.0000000000
48730  -10.130  57.513  34.158 1.0000000000
48731  -6.909  58.150  31.798 1.0000000000
48732  -7.132  58.906  31.672 1.0000000000
48733  -6.934  58.619  30.891 1.0000000000
48734  -6.981  59.056  29.993 1.0000000000
48735  -6.868  58.232  30.048 1.0000000000
48736  -6.892  57.830  29.220 1.0000000000
48737  -6.816  57.410  30.121 1.0000000000
48738  -7.301  52.093  31.857 1.0000000000
48739  -7.408  52.519  30.976 1.0000000000
48740  -7.533  51.750  31.145 1.0000000000
48741  -7.740  51.400  30.431 1.0000000000
48742  -7.659  50.997  31.321 1.0000000000
58312  -7.906  58.297  20.654 1.0000000000
58313  -8.007  57.522  20.857 1.0000000000
58314  -7.869  58.039  21.477 1.0000000000
58315  -7.709  58.014  23.836 1.0000000000
58316  -7.847  57.499  23.155 1.0000000000
58317  -7.829  57.228  23.999 1.0000000000
58318  -7.903  56.442  24.173 1.0000000000
58319  -7.757  56.911  24.810 1.0000000000
58328  -8.590  56.776  36.905 1.0000000000
58329  -8.564  57.329  36.074 1.0000000000
58330  -8.036  57.026  36.527 1.0000000000
58331  -6.842  56.315  35.428 1.0000000000
58332  -7.115  57.022  35.316 1.0000000000
58333  -6.868  56.777  34.556 1.0000000000
58334  -6.906  57.215  33.655 1.0000000000
58335  -6.753  56.408  33.725 1.0000000000
58336  -6.742  56.017  32.887 1.0000000000
58337  -6.727  55.581  33.758 1.0000000000
58338  -6.821  53.490  34.784 1.0000000000
58339  -6.818  53.925  33.941 1.0000000000
58340  -6.906  53.128  34.013 1.0000000000
58341  -7.002  52.777  33.319 1.0000000000
58342  -7.023  52.347  34.168 1.0000000000
65540  -8.159  54.615  39.787 1.0000000000
65541  -7.675  54.795  39.280 1.0000000000
65542  -7.654  54.158  40.191 1.0000000000
77025  -8.191  56.004  21.242 1.0000000000
77026  -8.255  55.513  20.642 1.0000000000
77027  -8.215  55.265  21.440 1.0000000000
77058  -8.335  62.801  26.332 1.0000000000
77061  -7.516  62.533  25.234 1.0000000000
77062  -7.487  62.260  26.137 1.0000000000
77070  -10.084  59.680  30.841 1.0000000000
77071  -8.481  58.417  34.386 1.0000000000
77072  -9.040  58.543  33.876 1.0000000000
77073  -8.477  58.889  33.488 1.0000000000
77074  -7.900  60.093  31.200 1.0000000000
77075  -8.419  59.971  31.735 1.0000000000
77076  -8.436  60.465  30.792 1.0000000000
77077  -9.002  60.690  30.305 1.0000000000
77078  -8.444  60.996  29.896 1.0000000000
77079  -8.419  61.491  28.979 1.0000000000
77080  -7.929  61.081  29.351 1.0000000000
77081  -7.083  59.943  28.291 1.0000000000
77082  -7.236  60.759  28.125 1.0000000000
77083  -7.115  60.388  27.438 1.0000000000
77084  -7.153  60.809  26.535 1.0000000000
77085  -7.128  59.948  26.687 1.0000000000
77086  -7.246  59.495  25.946 1.0000000000
77087  -7.201  59.109  26.787 1.0000000000
77088  -7.179  57.037  27.792 1.0000000000
77089  -7.298  57.439  26.997 1.0000000000
77090  -7.357  56.638  27.108 1.0000000000
77091  -7.519  56.210  26.423 1.0000000000
77092  -7.438  55.809  27.187 1.0000000000
77093  -6.871  55.290  31.286 1.0000000000
77094  -6.919  55.763  30.373 1.0000000000
77095  -6.992  54.940  30.508 1.0000000000
77096  -7.485  53.388  29.199 1.0000000000
77097  -7.339  54.195  29.010 1.0000000000
77098  -7.537  53.792  28.308 1.0000000000
77099  -7.586  54.204  27.467 1.0000000000
77100  -7.704  53.382  27.596 1.0000000000
77101  -7.810  52.999  26.900 1.0000000000
77102  -7.817  52.621  27.736 1.0000000000
77103  -8.055  50.723  28.965 1.0000000000
77104  -8.044  51.108  28.087 1.0000000000
94890  -7.461  60.099  21.775 1.0000000000
94891  -7.577  59.301  21.972 1.0000000000
94892  -7.714  58.550  22.143 1.0000000000
94893  -7.553  59.073  22.825 1.0000000000
94894  -7.562  58.807  23.693 1.0000000000
94895  -7.551  58.519  24.525 1.0000000000
94901  -7.565  56.000  37.648 1.0000000000
94902  -7.538  56.581  36.842 1.0000000000
94903  -7.115  55.987  37.033 1.0000000000
94904  -6.873  55.799  36.294 1.0000000000
94905  -6.719  55.515  35.493 1.0000000000
94906  -6.725  55.138  34.652 1.0000000000
94907  -6.687  54.693  35.521 1.0000000000
94908  -6.734  53.859  35.575 1.0000000000
94909  -6.812  53.041  35.666 1.0000000000
94911  -6.746  52.558  36.502 1.0000000000
106119  -8.105  55.520  22.865 1.0000000000
106120  -8.158  55.011  22.231 1.0000000000
106121  -8.085  54.733  23.050 1.0000000000
106122  -8.043  53.945  23.195 1.0000000000
106125  -7.960  52.903  24.022 1.0000000000
106127  -7.905  52.208  25.503 1.0000000000
106136  -10.569  62.377  25.962 1.0000000000
106138  -9.405  63.191  25.411 1.0000000000
106139  -9.444  62.851  26.262 1.0000000000
106140  -8.886  62.711  26.779 1.0000000000
106141  -8.364  62.449  27.237 1.0000000000
106142  -11.484  56.643  32.745 1.0000000000
106144  -11.055  57.311  32.664 1.0000000000
106145  -10.599  57.962  32.611 1.0000000000
106146  -10.114  58.581  32.552 1.0000000000
106147  -7.519  58.617  33.347 1.0000000000
106148  -7.919  59.123  33.007 1.0000000000
106149  -7.486  59.071  32.384 1.0000000000
106150  -7.452  59.575  31.504 1.0000000000
106151  -7.463  60.041  30.566 1.0000000000
106152  -7.501  60.543  29.643 1.0000000000
106153  -7.154  59.877  29.898 1.0000000000
106154  -7.040  59.503  29.127 1.0000000000
106155  -6.998  59.072  28.348 1.0000000000
106156  -7.112  58.675  27.604 1.0000000000
106157  -6.989  58.244  28.417 1.0000000000
106158  -7.015  57.436  28.500 1.0000000000
106159  -7.058  56.620  28.603 1.0000000000
106160  -7.047  53.654  31.576 1.0000000000
106161  -7.091  54.082  30.660 1.0000000000
106162  -7.231  53.256  30.811 1.0000000000
106163  -7.442  52.941  30.064 1.0000000000
106164  -7.631  52.582  29.288 1.0000000000
106165  -7.798  52.241  28.586 1.0000000000
106166  -7.788  51.826  29.503 1.0000000000
106167  -7.916  51.064  29.702 1.0000000000
106168  -8.015  50.312  29.877 1.0000000000
106170  -7.991  49.918  30.756 1.0000000000
121574  -8.217  56.529  19.642 1.0000000000
121575  -8.126  57.012  20.253 1.0000000000
121576  -8.101  56.755  21.051 1.0000000000
121577  -8.091  56.503  21.868 1.0000000000
121578  -7.844  57.771  22.325 1.0000000000
121579  -7.970  56.998  22.514 1.0000000000
121580  -8.078  56.249  22.707 1.0000000000
121581  -8.017  55.967  23.514 1.0000000000
121582  -7.947  55.654  24.285 1.0000000000
121583  -7.815  55.372  25.034 1.0000000000
121595  -9.659  57.010  35.670 1.0000000000
121596  -9.620  57.544  34.882 1.0000000000
121597  -9.084  57.509  35.505 1.0000000000
121598  -8.489  57.892  35.246 1.0000000000
121599  -7.965  58.082  34.833 1.0000000000
121600  -7.493  57.132  36.001 1.0000000000
121601  -7.501  57.616  35.136 1.0000000000
121602  -7.506  58.113  34.288 1.0000000000
121603  -7.167  57.955  33.541 1.0000000000
121604  -6.902  57.682  32.738 1.0000000000
121605  -6.790  57.326  31.889 1.0000000000
121606  -6.771  56.960  31.031 1.0000000000
121607  -6.759  56.476  31.965 1.0000000000
121608  -6.772  55.610  32.066 1.0000000000
121609  -6.842  54.815  32.197 1.0000000000
121610  -6.756  54.753  33.857 1.0000000000
121611  -6.801  54.365  33.078 1.0000000000
121612  -6.921  54.022  32.328 1.0000000000
121613  -7.012  53.220  32.447 1.0000000000
121614  -7.126  52.428  32.595 1.0000000000
121615  -7.280  51.673  32.726 1.0000000000
121617  -7.299  51.264  33.547 1.0000000000
131395  -10.200  56.515  35.807 1.0000000000
131396  -9.680  56.471  36.496 1.0000000000
131398  -8.589  56.186  37.690 1.0000000000
131401  -8.075  55.871  38.130 1.0000000000
131402  -7.628  55.421  38.465 1.0000000000
131403  -7.244  54.838  38.697 1.0000000000
131404  -6.920  54.133  38.825 1.0000000000
145647  -8.276  55.770  19.824 1.0000000000
145648  -8.330  55.038  20.054 1.0000000000
145649  -8.339  54.297  20.297 1.0000000000
145650  -8.199  54.511  21.643 1.0000000000
145651  -8.242  54.016  21.103 1.0000000000
145686  -8.805  63.365  25.010 1.0000000000
145691  -7.234  61.426  24.784 1.0000000000
145699  -10.599  60.202  29.302 1.0000000000
145700  -10.093  60.817  29.134 1.0000000000
145701  -9.592  58.062  34.067 1.0000000000
145702  -9.580  58.607  33.233 1.0000000000
145703  -9.558  59.185  32.383 1.0000000000
145704  -8.455  59.418  32.612 1.0000000000
145705  -8.992  59.624  32.103 1.0000000000
145706  -9.543  59.708  31.504 1.0000000000
145707  -9.559  60.224  30.646 1.0000000000
145708  -9.563  60.783  29.740 1.0000000000
145709  -9.566  61.334  28.834 1.0000000000
145710  -8.967  61.779  28.475 1.0000000000
145711  -8.389  61.969  28.088 1.0000000000
145712  -7.891  62.003  27.609 1.0000000000
145713  -7.492  61.015  28.777 1.0000000000
145714  -7.508  61.440  27.910 1.0000000000
145715  -7.496  61.873  27.040 1.0000000000
145716  -7.270  61.586  26.363 1.0000000000
145717  -7.175  61.158  25.658 1.0000000000
145718  -7.223  60.629  24.942 1.0000000000
145719  -7.281  59.821  25.086 1.0000000000
145720  -7.396  59.011  25.240 1.0000000000
145721  -7.512  58.210  25.366 1.0000000000
145722  -7.253  58.268  26.888 1.0000000000
145723  -7.411  57.879  26.188 1.0000000000
145724  -7.593  57.389  25.493 1.0000000000
145725  -7.633  56.565  25.628 1.0000000000
145726  -7.683  55.796  25.721 1.0000000000
145727  -7.698  54.986  25.819 1.0000000000
145728  -6.838  56.579  30.218 1.0000000000
145729  -6.976  56.180  29.451 1.0000000000
145730  -7.140  55.805  28.745 1.0000000000
145731  -7.148  54.577  29.707 1.0000000000
145732  -7.223  55.000  28.859 1.0000000000
145733  -7.317  55.417  28.031 1.0000000000
145734  -7.502  55.009  27.329 1.0000000000
145735  -7.622  54.603  26.625 1.0000000000
145736  -7.734  54.176  25.930 1.0000000000
145737  -7.806  53.390  26.072 1.0000000000
145738  -7.845  52.626  26.186 1.0000000000
145739  -7.956  51.839  26.361 1.0000000000
145740  -7.922  51.862  27.901 1.0000000000
