#!ascii label  , from subject 40tvs8ref_sym_20 vox2ras=TkReg
155
320  -3.155  -44.784  17.587 1.0000000000
1322  -4.768  -46.235  16.320 1.0000000000
1730  -4.015  -44.733  19.809 1.0000000000
3845  -5.018  -45.934  19.130 1.0000000000
6988  -3.768  -45.463  16.774 1.0000000000
6989  -3.465  -45.300  15.443 1.0000000000
6990  -4.158  -45.898  14.768 1.0000000000
7878  -3.533  -44.773  18.792 1.0000000000
7879  -4.266  -45.611  18.018 1.0000000000
13087  -2.837  -44.378  18.054 1.0000000000
13089  -3.020  -44.791  16.632 1.0000000000
15487  -4.164  -45.804  16.413 1.0000000000
15488  -3.924  -45.696  15.679 1.0000000000
15489  -4.312  -45.975  15.551 1.0000000000
17292  -3.650  -44.276  20.180 1.0000000000
17293  -3.424  -44.280  19.832 1.0000000000
17294  -3.781  -44.788  19.291 1.0000000000
17295  -3.882  -45.178  18.417 1.0000000000
17296  -4.106  -45.218  18.873 1.0000000000
21990  -3.665  -45.495  14.484 1.0000000000
21991  -3.360  -45.231  14.597 1.0000000000
25352  -4.260  -44.794  20.178 1.0000000000
25353  -4.378  -45.296  19.331 1.0000000000
31666  -3.471  -45.193  17.096 1.0000000000
31667  -3.291  -45.082  16.456 1.0000000000
31668  -3.594  -45.412  16.075 1.0000000000
31669  -3.785  -45.600  15.081 1.0000000000
33993  -3.053  -44.354  18.865 1.0000000000
34001  -3.241  -44.305  19.393 1.0000000000
34002  -3.348  -44.788  18.270 1.0000000000
34003  -3.636  -45.158  17.804 1.0000000000
34004  -4.019  -45.532  17.405 1.0000000000
34005  -4.411  -45.913  17.080 1.0000000000
34006  -4.506  -45.672  18.576 1.0000000000
34007  -4.898  -46.127  17.787 1.0000000000
34008  -5.225  -46.553  16.996 1.0000000000
39703  -3.158  -45.064  15.719 1.0000000000
43807  -3.014  -44.584  17.881 1.0000000000
43808  -2.912  -44.577  17.334 1.0000000000
43809  -3.075  -44.777  17.146 1.0000000000
46207  -4.389  -45.953  16.375 1.0000000000
46208  -4.240  -45.885  16.003 1.0000000000
46209  -4.529  -46.083  15.945 1.0000000000
48010  -3.980  -44.532  20.194 1.0000000000
48012  -3.846  -44.528  20.006 1.0000000000
48013  -3.704  -44.516  19.791 1.0000000000
48014  -3.880  -44.750  19.567 1.0000000000
48015  -3.929  -44.988  19.078 1.0000000000
48016  -4.037  -44.977  19.315 1.0000000000
52710  -3.797  -45.574  13.918 1.0000000000
52711  -3.611  -45.424  14.110 1.0000000000
57614  -4.372  -44.807  20.366 1.0000000000
69502  -3.610  -45.348  16.948 1.0000000000
69503  -3.526  -45.308  16.594 1.0000000000
69504  -3.673  -45.449  16.415 1.0000000000
69505  -4.037  -45.805  15.190 1.0000000000
69506  -3.836  -45.648  15.397 1.0000000000
69507  -3.980  -45.763  14.886 1.0000000000
69508  -3.943  -45.713  14.550 1.0000000000
69509  -4.140  -45.880  14.386 1.0000000000
74900  -2.883  -44.131  19.126 1.0000000000
74901  -2.986  -44.068  19.446 1.0000000000
74920  -3.467  -44.541  19.298 1.0000000000
74921  -3.338  -44.303  19.620 1.0000000000
74922  -3.386  -44.550  19.082 1.0000000000
74923  -3.296  -44.560  18.834 1.0000000000
74924  -3.445  -44.781  18.574 1.0000000000
74925  -3.502  -44.996  18.004 1.0000000000
74926  -3.583  -44.962  18.323 1.0000000000
74927  -4.068  -45.394  18.220 1.0000000000
74928  -3.954  -45.361  17.930 1.0000000000
74929  -4.138  -45.572  17.719 1.0000000000
74930  -4.209  -45.726  17.222 1.0000000000
74931  -4.345  -45.772  17.548 1.0000000000
74932  -4.619  -45.550  19.187 1.0000000000
74933  -4.439  -45.494  18.955 1.0000000000
74934  -4.752  -45.788  18.857 1.0000000000
74937  -5.318  -46.512  17.740 1.0000000000
74938  -5.073  -46.339  17.382 1.0000000000
74939  -5.462  -46.729  17.356 1.0000000000
74940  -5.640  -46.973  16.942 1.0000000000
89010  -3.359  -45.175  16.009 1.0000000000
89011  -3.223  -45.059  16.102 1.0000000000
89012  -3.316  -45.174  15.574 1.0000000000
89013  -3.315  -45.205  14.215 1.0000000000
97287  -2.718  -44.345  17.615 1.0000000000
97288  -2.815  -44.548  16.897 1.0000000000
101605  -3.965  -45.636  16.569 1.0000000000
101606  -3.839  -45.585  16.233 1.0000000000
101607  -4.061  -45.770  16.041 1.0000000000
101608  -4.109  -45.837  15.568 1.0000000000
101609  -4.207  -45.925  15.140 1.0000000000
104853  -3.622  -44.043  20.524 1.0000000000
104854  -3.491  -43.995  20.402 1.0000000000
104855  -3.390  -44.007  20.247 1.0000000000
104856  -3.513  -44.260  20.011 1.0000000000
104857  -3.572  -44.527  19.568 1.0000000000
104858  -3.645  -44.772  19.051 1.0000000000
104859  -3.694  -44.974  18.575 1.0000000000
104860  -3.823  -44.991  18.836 1.0000000000
104861  -3.990  -45.197  18.645 1.0000000000
104862  -4.182  -45.428  18.448 1.0000000000
104863  -5.437  -46.369  19.086 1.0000000000
113310  -3.560  -45.399  14.979 1.0000000000
113311  -3.418  -45.257  15.012 1.0000000000
113312  -3.511  -45.346  14.547 1.0000000000
113313  -3.456  -45.275  14.092 1.0000000000
118066  -5.177  -46.598  16.279 1.0000000000
120596  -4.150  -44.743  20.035 1.0000000000
120597  -4.190  -44.998  19.577 1.0000000000
120598  -4.312  -45.036  19.768 1.0000000000
120603  -5.325  -46.091  19.443 1.0000000000
136420  -3.316  -44.996  17.315 1.0000000000
136421  -3.225  -44.962  16.964 1.0000000000
136422  -3.377  -45.135  16.760 1.0000000000
136423  -3.439  -45.242  16.273 1.0000000000
136424  -3.521  -45.349  15.756 1.0000000000
136425  -3.741  -45.544  15.887 1.0000000000
136426  -3.673  -45.502  15.571 1.0000000000
136427  -3.620  -45.452  15.284 1.0000000000
136428  -3.743  -45.552  14.772 1.0000000000
136431  -4.715  -46.256  15.524 1.0000000000
136432  -4.515  -46.139  15.148 1.0000000000
136433  -4.363  -46.039  14.728 1.0000000000
143065  -2.767  -44.163  18.690 1.0000000000
143066  -2.949  -44.375  18.519 1.0000000000
143067  -3.099  -44.575  18.252 1.0000000000
143089  -3.288  -44.019  20.089 1.0000000000
143092  -3.143  -44.308  19.172 1.0000000000
143093  -3.181  -44.551  18.587 1.0000000000
143094  -3.242  -44.779  17.951 1.0000000000
143095  -3.420  -45.017  17.648 1.0000000000
143096  -3.553  -45.186  17.466 1.0000000000
143097  -3.715  -45.334  17.299 1.0000000000
143098  -3.758  -45.157  18.112 1.0000000000
143099  -3.836  -45.336  17.620 1.0000000000
143100  -3.902  -45.491  17.108 1.0000000000
143101  -4.066  -45.685  16.838 1.0000000000
143102  -4.293  -45.853  16.766 1.0000000000
143103  -4.605  -46.082  16.711 1.0000000000
143104  -4.223  -45.248  19.103 1.0000000000
143105  -4.300  -45.457  18.694 1.0000000000
143106  -4.382  -45.631  18.298 1.0000000000
143107  -4.933  -46.016  18.519 1.0000000000
143108  -4.697  -45.896  18.200 1.0000000000
143109  -4.479  -45.814  17.848 1.0000000000
143110  -4.663  -46.025  17.432 1.0000000000
143111  -4.830  -46.200  17.041 1.0000000000
143112  -5.004  -46.386  16.660 1.0000000000
143113  -5.388  -46.763  16.613 1.0000000000
160063  -3.151  -44.939  16.583 1.0000000000
160064  -3.089  -44.938  16.134 1.0000000000
160065  -3.012  -44.939  15.680 1.0000000000
160066  -3.255  -45.168  15.157 1.0000000000
160067  -3.103  -45.045  15.235 1.0000000000
