#!ascii label  , from subject 40tvs8ref_sym_20 vox2ras=TkReg
311
103  -34.860  -48.232  66.323 1.0000000000
2082  -32.091  -44.754  62.469 1.0000000000
2084  -33.502  -44.139  58.812 1.0000000000
2085  -37.211  -47.682  62.581 1.0000000000
2960  -33.249  -48.260  67.594 1.0000000000
2962  -34.004  -50.540  65.488 1.0000000000
2963  -32.848  -51.532  62.333 1.0000000000
2964  -35.063  -50.233  63.805 1.0000000000
4577  -29.973  -43.280  59.442 1.0000000000
4584  -35.713  -45.663  61.185 1.0000000000
4585  -37.557  -46.913  60.361 1.0000000000
4586  -36.539  -49.163  59.801 1.0000000000
7485  -32.545  -46.356  66.633 1.0000000000
8813  -31.181  -44.759  64.201 1.0000000000
8814  -33.927  -46.169  65.061 1.0000000000
8821  -32.889  -44.626  60.628 1.0000000000
8822  -35.002  -46.080  63.282 1.0000000000
8823  -36.257  -48.020  64.570 1.0000000000
8824  -35.992  -49.837  61.811 1.0000000000
10640  -34.058  -48.224  67.020 1.0000000000
10641  -33.931  -49.477  66.798 1.0000000000
10642  -34.618  -49.434  66.071 1.0000000000
10643  -34.539  -50.362  64.664 1.0000000000
10644  -35.247  -49.363  65.258 1.0000000000
16448  -31.796  -46.438  67.151 1.0000000000
16449  -31.257  -45.692  66.211 1.0000000000
19483  -30.657  -44.049  61.801 1.0000000000
19484  -30.261  -44.125  62.661 1.0000000000
19485  -31.649  -44.723  63.338 1.0000000000
19486  -32.586  -45.432  64.754 1.0000000000
19487  -33.071  -45.414  63.873 1.0000000000
19504  -31.846  -43.880  59.318 1.0000000000
19505  -33.283  -44.439  59.757 1.0000000000
19506  -36.695  -46.553  62.179 1.0000000000
19507  -35.367  -45.910  62.292 1.0000000000
19508  -36.335  -46.746  63.283 1.0000000000
19509  -35.908  -46.886  64.295 1.0000000000
19510  -36.769  -47.875  63.613 1.0000000000
19511  -36.457  -49.118  63.352 1.0000000000
19512  -36.877  -48.874  62.357 1.0000000000
23758  -32.378  -48.361  67.998 1.0000000000
23760  -33.194  -49.519  67.474 1.0000000000
23761  -33.463  -50.703  66.280 1.0000000000
23762  -33.204  -51.481  64.709 1.0000000000
23763  -32.589  -51.865  63.180 1.0000000000
23764  -33.656  -51.251  63.951 1.0000000000
23765  -34.026  -50.984  63.127 1.0000000000
23766  -34.357  -50.708  62.256 1.0000000000
26669  -31.051  -44.054  60.976 1.0000000000
26679  -34.755  -44.577  58.987 1.0000000000
26680  -34.593  -44.928  60.023 1.0000000000
26681  -35.885  -45.321  60.128 1.0000000000
26682  -36.855  -46.227  61.022 1.0000000000
26683  -37.478  -47.344  61.502 1.0000000000
26684  -37.238  -48.569  61.346 1.0000000000
26685  -37.419  -48.153  60.283 1.0000000000
32929  -32.206  -47.272  67.802 1.0000000000
32930  -33.053  -47.196  67.324 1.0000000000
32931  -33.849  -47.177  66.721 1.0000000000
36686  -29.696  -44.302  63.344 1.0000000000
36687  -30.558  -44.929  64.893 1.0000000000
36688  -31.939  -45.491  65.574 1.0000000000
36689  -33.282  -46.242  65.903 1.0000000000
36690  -34.587  -47.082  65.951 1.0000000000
36710  -31.430  -43.999  60.115 1.0000000000
36711  -32.514  -44.722  61.560 1.0000000000
36712  -34.295  -45.204  61.019 1.0000000000
36713  -33.982  -45.361  62.055 1.0000000000
36714  -33.529  -45.392  62.938 1.0000000000
36715  -34.492  -46.141  64.196 1.0000000000
36716  -35.283  -47.011  65.136 1.0000000000
36717  -35.598  -48.139  65.478 1.0000000000
36718  -35.942  -49.233  64.396 1.0000000000
36719  -35.554  -50.050  62.832 1.0000000000
36720  -34.767  -50.390  61.253 1.0000000000
36721  -36.347  -49.532  60.846 1.0000000000
36722  -35.122  -50.139  60.188 1.0000000000
41360  -34.449  -48.220  66.676 1.0000000000
41361  -34.420  -48.834  66.628 1.0000000000
41362  -34.789  -48.853  66.218 1.0000000000
41363  -34.948  -49.358  65.691 1.0000000000
41364  -35.146  -48.779  65.890 1.0000000000
50203  -31.371  -44.394  62.163 1.0000000000
50204  -31.185  -44.401  62.588 1.0000000000
50205  -31.919  -44.743  62.949 1.0000000000
50206  -32.358  -45.064  63.642 1.0000000000
50207  -32.601  -45.083  63.185 1.0000000000
50219  -33.583  -43.977  58.311 1.0000000000
50223  -32.849  -43.883  58.631 1.0000000000
50225  -33.397  -44.258  59.271 1.0000000000
50226  -37.023  -47.081  62.462 1.0000000000
50227  -36.537  -46.650  62.742 1.0000000000
50228  -36.862  -47.208  63.004 1.0000000000
50229  -36.629  -47.264  63.542 1.0000000000
50230  -36.995  -47.786  63.117 1.0000000000
50231  -36.949  -48.409  63.093 1.0000000000
50232  -37.169  -48.308  62.549 1.0000000000
54955  -32.795  -48.252  67.814 1.0000000000
54956  -32.820  -48.871  67.799 1.0000000000
54957  -33.260  -48.886  67.606 1.0000000000
54958  -34.047  -50.066  66.196 1.0000000000
54959  -33.732  -50.094  66.572 1.0000000000
54960  -33.747  -50.629  65.903 1.0000000000
54961  -33.381  -51.142  65.531 1.0000000000
54962  -33.612  -51.039  65.093 1.0000000000
54963  -33.436  -51.347  64.333 1.0000000000
54964  -33.866  -50.914  64.734 1.0000000000
54965  -34.775  -50.316  64.206 1.0000000000
54966  -34.320  -50.741  63.850 1.0000000000
54967  -34.587  -50.626  63.477 1.0000000000
54968  -34.201  -50.853  62.705 1.0000000000
54969  -34.771  -50.544  63.006 1.0000000000
59805  -29.813  -43.324  59.894 1.0000000000
59807  -30.544  -43.684  60.225 1.0000000000
59823  -35.356  -44.767  59.023 1.0000000000
59824  -35.329  -44.952  59.557 1.0000000000
59826  -37.284  -46.329  60.184 1.0000000000
59827  -36.912  -46.033  60.460 1.0000000000
59828  -37.265  -46.559  60.745 1.0000000000
59829  -37.220  -46.766  61.319 1.0000000000
59830  -37.540  -47.156  60.933 1.0000000000
59831  -37.572  -47.761  60.956 1.0000000000
59832  -37.579  -47.547  60.384 1.0000000000
66970  -32.714  -51.715  62.740 1.0000000000
66971  -32.115  -51.963  62.353 1.0000000000
72379  -31.638  -46.890  67.723 1.0000000000
72380  -32.165  -46.377  66.913 1.0000000000
72381  -32.411  -46.793  67.270 1.0000000000
72382  -32.818  -46.775  67.003 1.0000000000
72383  -33.454  -47.181  67.033 1.0000000000
72384  -33.220  -46.756  66.726 1.0000000000
81486  -30.725  -44.440  63.440 1.0000000000
81487  -29.984  -44.193  63.031 1.0000000000
81488  -30.432  -44.475  63.802 1.0000000000
81489  -30.149  -44.616  64.153 1.0000000000
81490  -30.873  -44.816  64.563 1.0000000000
81491  -31.265  -45.193  65.259 1.0000000000
81492  -31.576  -45.094  64.904 1.0000000000
81493  -33.259  -45.788  64.932 1.0000000000
81494  -32.935  -45.813  65.340 1.0000000000
81495  -33.605  -46.181  65.457 1.0000000000
81496  -33.969  -46.643  65.986 1.0000000000
81497  -34.300  -46.601  65.550 1.0000000000
81546  -32.339  -44.256  59.946 1.0000000000
81547  -31.657  -43.969  59.664 1.0000000000
81548  -32.127  -44.319  60.352 1.0000000000
81549  -31.970  -44.382  60.834 1.0000000000
81550  -32.699  -44.695  61.088 1.0000000000
81551  -35.156  -45.291  60.602 1.0000000000
81552  -34.461  -45.080  60.513 1.0000000000
81553  -35.020  -45.466  61.140 1.0000000000
81554  -35.209  -46.004  62.823 1.0000000000
81555  -34.683  -45.650  62.203 1.0000000000
81556  -34.505  -45.722  62.700 1.0000000000
81557  -33.777  -45.408  62.517 1.0000000000
81558  -34.226  -45.738  63.121 1.0000000000
81559  -34.012  -45.777  63.605 1.0000000000
81560  -34.730  -46.109  63.752 1.0000000000
81561  -36.148  -47.436  64.508 1.0000000000
81562  -35.573  -46.945  64.714 1.0000000000
81563  -35.856  -47.492  64.959 1.0000000000
81564  -35.499  -47.507  65.416 1.0000000000
81565  -35.946  -48.073  65.022 1.0000000000
81566  -35.842  -48.667  64.977 1.0000000000
81567  -36.187  -48.618  64.516 1.0000000000
81568  -36.278  -49.517  62.586 1.0000000000
81569  -36.032  -49.627  63.109 1.0000000000
81570  -35.769  -49.949  62.313 1.0000000000
81571  -35.207  -50.277  62.006 1.0000000000
81572  -35.374  -50.185  61.514 1.0000000000
81573  -36.977  -48.915  60.610 1.0000000000
81574  -36.838  -49.123  61.127 1.0000000000
81575  -36.415  -49.400  60.298 1.0000000000
81578  -34.645  -50.153  59.402 1.0000000000
81579  -34.464  -50.325  59.916 1.0000000000
92878  -33.690  -48.252  67.323 1.0000000000
92879  -33.693  -48.871  67.293 1.0000000000
92880  -34.063  -48.791  66.993 1.0000000000
92881  -34.279  -49.440  66.453 1.0000000000
92882  -34.368  -50.009  65.832 1.0000000000
92883  -34.277  -50.450  65.122 1.0000000000
92884  -34.669  -49.934  65.449 1.0000000000
92885  -34.926  -49.874  65.008 1.0000000000
92886  -35.194  -49.858  64.557 1.0000000000
95789  -29.481  -42.829  58.770 1.0000000000
100087  -33.011  -51.344  61.971 1.0000000000
100088  -32.387  -51.550  61.611 1.0000000000
103332  -31.452  -46.444  67.364 1.0000000000
103333  -31.174  -46.093  66.882 1.0000000000
103334  -31.511  -46.024  66.704 1.0000000000
103335  -31.892  -45.992  66.489 1.0000000000
108795  -29.978  -43.765  61.471 1.0000000000
108796  -29.739  -43.789  61.813 1.0000000000
108797  -30.482  -44.097  62.234 1.0000000000
108798  -30.963  -44.401  63.027 1.0000000000
108799  -31.448  -44.715  63.804 1.0000000000
108800  -31.922  -45.075  64.540 1.0000000000
108801  -32.148  -45.084  64.102 1.0000000000
108802  -32.824  -45.420  64.308 1.0000000000
108803  -33.498  -45.760  64.478 1.0000000000
108832  -31.261  -43.433  58.555 1.0000000000
108833  -31.971  -43.753  58.814 1.0000000000
108834  -32.525  -44.151  59.521 1.0000000000
108835  -33.063  -44.536  60.197 1.0000000000
108836  -36.267  -46.074  61.768 1.0000000000
108837  -35.572  -45.823  61.774 1.0000000000
108838  -36.100  -46.198  62.323 1.0000000000
108839  -35.878  -46.260  62.847 1.0000000000
108840  -35.716  -46.397  63.357 1.0000000000
108841  -35.474  -46.461  63.842 1.0000000000
108842  -36.174  -46.847  63.826 1.0000000000
108843  -36.431  -47.367  64.050 1.0000000000
108844  -36.520  -47.982  64.083 1.0000000000
108845  -36.453  -48.586  64.039 1.0000000000
108846  -36.719  -48.492  63.518 1.0000000000
108847  -36.663  -49.012  62.833 1.0000000000
108848  -36.470  -49.405  62.084 1.0000000000
108849  -36.118  -49.359  59.020 1.0000000000
108850  -35.984  -49.531  59.516 1.0000000000
116872  -31.928  -48.453  68.183 1.0000000000
116876  -33.022  -50.157  67.249 1.0000000000
116877  -33.579  -49.501  67.155 1.0000000000
116878  -33.391  -50.127  66.925 1.0000000000
116880  -33.157  -51.224  65.933 1.0000000000
116882  -32.760  -51.885  64.319 1.0000000000
116884  -32.967  -51.723  63.928 1.0000000000
116885  -33.147  -51.584  63.559 1.0000000000
116886  -33.294  -51.440  63.128 1.0000000000
116887  -34.121  -50.825  64.327 1.0000000000
116888  -33.839  -51.138  63.526 1.0000000000
116889  -33.452  -51.273  62.723 1.0000000000
116891  -33.771  -50.941  61.907 1.0000000000
116892  -33.922  -50.766  61.478 1.0000000000
123664  -30.865  -44.066  61.411 1.0000000000
123665  -31.578  -44.419  61.744 1.0000000000
123687  -34.137  -44.381  58.909 1.0000000000
123688  -34.050  -44.542  59.421 1.0000000000
123689  -34.700  -44.757  59.507 1.0000000000
123690  -35.255  -45.124  60.089 1.0000000000
123691  -35.839  -45.503  60.640 1.0000000000
123693  -36.439  -45.769  60.634 1.0000000000
123694  -36.363  -45.919  61.175 1.0000000000
123695  -36.824  -46.393  61.588 1.0000000000
123696  -37.153  -46.926  61.894 1.0000000000
123697  -37.349  -47.525  62.057 1.0000000000
123698  -37.349  -48.149  62.020 1.0000000000
123699  -37.466  -47.956  61.479 1.0000000000
123700  -37.353  -48.354  60.821 1.0000000000
123701  -37.064  -48.731  60.058 1.0000000000
123702  -37.492  -47.901  59.765 1.0000000000
123703  -37.152  -48.508  59.555 1.0000000000
133213  -31.999  -52.112  62.778 1.0000000000
139981  -31.923  -47.878  68.137 1.0000000000
139982  -32.351  -47.787  67.946 1.0000000000
139983  -32.747  -47.713  67.744 1.0000000000
139984  -32.026  -46.829  67.520 1.0000000000
139985  -32.613  -47.218  67.573 1.0000000000
139986  -33.192  -47.702  67.496 1.0000000000
139987  -33.609  -47.702  67.230 1.0000000000
139988  -33.986  -47.694  66.908 1.0000000000
139989  -34.373  -47.698  66.582 1.0000000000
151025  -29.236  -44.001  62.543 1.0000000000
151027  -29.371  -44.452  63.659 1.0000000000
151028  -29.804  -44.770  64.423 1.0000000000
151029  -30.235  -45.087  65.192 1.0000000000
151030  -30.941  -45.295  65.579 1.0000000000
151031  -31.593  -45.579  65.884 1.0000000000
151032  -32.243  -45.882  66.128 1.0000000000
151033  -32.296  -45.444  65.189 1.0000000000
151034  -32.615  -45.851  65.774 1.0000000000
151035  -32.934  -46.284  66.283 1.0000000000
151036  -33.630  -46.722  66.398 1.0000000000
151037  -34.212  -47.158  66.365 1.0000000000
151038  -34.773  -47.628  66.229 1.0000000000
151098  -30.679  -43.646  59.788 1.0000000000
151099  -31.247  -44.030  60.566 1.0000000000
151100  -31.776  -44.408  61.281 1.0000000000
151101  -32.293  -44.744  61.998 1.0000000000
151102  -33.945  -44.717  59.919 1.0000000000
151103  -33.787  -44.808  60.366 1.0000000000
151104  -33.635  -44.919  60.880 1.0000000000
151105  -34.823  -45.548  61.682 1.0000000000
151106  -34.141  -45.283  61.522 1.0000000000
151107  -33.454  -44.995  61.344 1.0000000000
151108  -33.284  -45.078  61.834 1.0000000000
151109  -33.035  -45.050  62.262 1.0000000000
151110  -32.809  -45.081  62.702 1.0000000000
151111  -33.305  -45.436  63.383 1.0000000000
151112  -33.775  -45.768  64.057 1.0000000000
151113  -34.251  -46.163  64.663 1.0000000000
151114  -35.194  -46.505  64.299 1.0000000000
151115  -34.929  -46.554  64.715 1.0000000000
151116  -34.640  -46.579  65.158 1.0000000000
151117  -34.962  -47.052  65.556 1.0000000000
151118  -35.198  -47.612  65.841 1.0000000000
151119  -35.258  -48.202  65.930 1.0000000000
151120  -35.499  -48.779  65.402 1.0000000000
151121  -35.605  -49.281  64.805 1.0000000000
151122  -35.507  -49.753  64.116 1.0000000000
151123  -36.234  -49.191  63.867 1.0000000000
151124  -35.817  -49.694  63.636 1.0000000000
151125  -35.295  -50.137  63.333 1.0000000000
151126  -34.967  -50.425  62.541 1.0000000000
151127  -34.554  -50.531  61.738 1.0000000000
151129  -37.078  -48.744  61.867 1.0000000000
151130  -36.675  -49.252  61.615 1.0000000000
151131  -36.153  -49.739  61.280 1.0000000000
151132  -35.864  -49.736  59.991 1.0000000000
151133  -35.737  -49.879  60.485 1.0000000000
151134  -35.564  -50.047  60.982 1.0000000000
151135  -34.914  -50.285  60.701 1.0000000000
