#!ascii label  , from subject 40tvs8ref_sym_20 vox2ras=TkReg
268
237  -14.445  -34.114  73.458 1.0000000000
238  -6.936  -38.183  77.981 1.0000000000
1577  -10.612  -34.447  68.633 1.0000000000
1578  -7.222  -35.103  72.576 1.0000000000
1579  -10.636  -35.507  76.709 1.0000000000
3587  -12.595  -34.983  70.625 1.0000000000
3588  -10.799  -35.630  72.345 1.0000000000
3589  -12.635  -34.943  74.998 1.0000000000
4645  -6.750  -36.535  76.060 1.0000000000
4646  -5.047  -35.134  74.584 1.0000000000
4647  -4.981  -37.923  75.807 1.0000000000
5897  -16.238  -32.673  76.525 1.0000000000
5898  -14.351  -33.385  78.026 1.0000000000
7519  -8.954  -34.873  70.466 1.0000000000
7520  -8.980  -36.082  74.133 1.0000000000
7521  -8.339  -36.236  78.262 1.0000000000
7522  -12.377  -34.526  79.178 1.0000000000
7523  -10.484  -36.038  79.755 1.0000000000
11267  -13.553  -34.695  72.005 1.0000000000
11268  -12.659  -35.074  72.771 1.0000000000
11269  -13.541  -34.552  74.174 1.0000000000
12325  -6.510  -37.215  77.508 1.0000000000
12326  -5.608  -37.100  76.420 1.0000000000
12327  -5.888  -38.207  77.016 1.0000000000
13668  -16.328  -32.947  78.206 1.0000000000
16519  -9.781  -34.666  69.511 1.0000000000
16520  -10.821  -35.709  74.438 1.0000000000
16521  -9.910  -35.888  73.129 1.0000000000
16522  -9.796  -35.912  75.403 1.0000000000
16523  -8.718  -36.123  76.298 1.0000000000
16524  -9.488  -35.780  77.559 1.0000000000
16525  -14.443  -33.972  79.160 1.0000000000
16526  -13.377  -33.923  78.640 1.0000000000
16527  -13.553  -34.616  79.538 1.0000000000
16529  -11.874  -36.324  79.889 1.0000000000
16530  -11.204  -37.299  79.865 1.0000000000
16531  -9.702  -36.956  79.758 1.0000000000
24887  -11.593  -34.933  69.463 1.0000000000
24888  -10.739  -35.217  70.282 1.0000000000
24889  -11.678  -35.310  71.452 1.0000000000
24890  -11.752  -35.418  73.605 1.0000000000
24891  -11.670  -35.259  75.876 1.0000000000
26791  -7.087  -35.995  74.228 1.0000000000
26792  -6.198  -35.091  73.745 1.0000000000
26793  -5.862  -36.134  75.123 1.0000000000
26794  -4.761  -36.539  75.360 1.0000000000
29117  -15.310  -33.377  74.982 1.0000000000
29118  -14.383  -33.741  75.802 1.0000000000
29119  -15.281  -32.988  77.294 1.0000000000
29120  -15.361  -33.402  78.676 1.0000000000
33021  -8.122  -35.026  71.464 1.0000000000
33022  -9.870  -35.481  71.161 1.0000000000
33023  -9.002  -35.696  72.105 1.0000000000
33024  -8.096  -35.872  73.139 1.0000000000
33025  -7.919  -36.273  75.163 1.0000000000
33026  -7.522  -36.467  77.146 1.0000000000
33027  -7.421  -37.061  78.433 1.0000000000
33028  -13.470  -34.173  76.569 1.0000000000
33029  -12.504  -34.584  77.338 1.0000000000
33030  -11.439  -34.960  78.040 1.0000000000
33031  -12.639  -35.412  79.746 1.0000000000
33032  -11.426  -35.209  79.524 1.0000000000
33033  -10.341  -35.407  78.748 1.0000000000
33034  -9.299  -36.016  79.152 1.0000000000
33035  -8.464  -36.940  79.208 1.0000000000
33036  -7.974  -38.018  78.758 1.0000000000
34750  -11.481  -34.331  68.002 1.0000000000
41987  -13.997  -34.456  72.712 1.0000000000
41988  -13.570  -34.652  73.092 1.0000000000
41989  -13.983  -34.349  73.777 1.0000000000
43045  -6.633  -37.695  77.883 1.0000000000
43046  -6.138  -37.715  77.363 1.0000000000
43047  -6.417  -38.256  77.528 1.0000000000
47237  -10.180  -34.039  68.391 1.0000000000
47238  -9.768  -34.130  68.836 1.0000000000
47239  -10.201  -34.580  69.074 1.0000000000
47240  -10.754  -35.635  75.579 1.0000000000
47241  -10.323  -35.805  74.860 1.0000000000
47242  -10.214  -35.735  76.010 1.0000000000
47243  -9.683  -35.825  76.496 1.0000000000
47244  -10.067  -35.625  77.134 1.0000000000
47245  -14.520  -34.574  79.182 1.0000000000
47246  -14.001  -34.277  79.392 1.0000000000
47249  -11.965  -37.526  79.746 1.0000000000
47250  -11.705  -37.959  79.695 1.0000000000
50410  -7.308  -34.567  71.941 1.0000000000
50412  -6.852  -34.520  72.501 1.0000000000
56837  -12.104  -35.002  70.058 1.0000000000
56838  -11.647  -35.154  70.429 1.0000000000
56839  -12.143  -35.144  71.065 1.0000000000
56840  -12.675  -35.033  73.868 1.0000000000
56841  -12.203  -35.257  73.188 1.0000000000
56842  -12.215  -35.217  74.298 1.0000000000
56843  -11.739  -35.373  74.729 1.0000000000
56844  -12.161  -35.103  75.405 1.0000000000
60010  -6.927  -36.282  75.149 1.0000000000
60011  -6.457  -36.052  74.747 1.0000000000
60012  -6.298  -36.402  75.513 1.0000000000
60013  -5.223  -37.509  76.252 1.0000000000
60014  -5.163  -36.897  75.894 1.0000000000
60015  -4.799  -37.245  75.630 1.0000000000
60016  -4.421  -36.818  75.088 1.0000000000
60017  -4.542  -37.573  75.197 1.0000000000
64037  -15.755  -32.988  75.798 1.0000000000
64038  -15.279  -33.156  76.145 1.0000000000
64039  -15.766  -32.864  76.900 1.0000000000
64041  -15.812  -33.145  78.509 1.0000000000
72593  -8.147  -34.427  70.817 1.0000000000
72594  -8.545  -34.957  70.957 1.0000000000
72595  -10.778  -35.467  71.318 1.0000000000
72596  -10.293  -35.355  70.724 1.0000000000
72597  -10.335  -35.617  71.715 1.0000000000
72598  -9.440  -36.000  73.618 1.0000000000
72599  -9.454  -35.840  72.603 1.0000000000
72600  -9.006  -35.931  73.071 1.0000000000
72601  -8.568  -35.797  72.578 1.0000000000
72602  -8.554  -36.030  73.591 1.0000000000
72603  -8.040  -36.117  74.128 1.0000000000
72604  -8.476  -36.165  74.650 1.0000000000
72605  -8.512  -36.141  77.368 1.0000000000
72606  -8.112  -36.276  76.778 1.0000000000
72607  -7.918  -36.343  77.719 1.0000000000
72608  -7.418  -36.687  77.887 1.0000000000
72609  -7.839  -36.607  78.407 1.0000000000
72610  -14.350  -33.528  76.957 1.0000000000
72611  -13.921  -33.946  76.192 1.0000000000
72612  -13.875  -33.741  77.297 1.0000000000
72613  -12.882  -34.224  78.916 1.0000000000
72614  -12.919  -34.197  78.046 1.0000000000
72615  -12.418  -34.466  78.372 1.0000000000
72616  -11.985  -34.778  77.694 1.0000000000
72617  -11.915  -34.683  78.703 1.0000000000
72621  -11.156  -36.170  79.876 1.0000000000
72622  -11.591  -35.674  79.815 1.0000000000
72623  -10.925  -35.590  79.677 1.0000000000
72624  -10.853  -35.305  79.166 1.0000000000
72625  -10.311  -35.600  79.438 1.0000000000
72626  -9.823  -35.685  78.958 1.0000000000
72627  -9.872  -35.969  79.508 1.0000000000
72628  -9.475  -37.474  79.566 1.0000000000
72629  -9.079  -36.926  79.541 1.0000000000
72631  -8.178  -37.466  79.060 1.0000000000
72632  -8.578  -37.955  79.076 1.0000000000
76718  -11.413  -33.928  67.390 1.0000000000
82113  -5.629  -35.091  74.233 1.0000000000
82115  -5.270  -34.465  74.209 1.0000000000
94007  -13.078  -34.862  71.361 1.0000000000
94008  -12.613  -35.061  71.698 1.0000000000
94009  -13.098  -34.892  72.380 1.0000000000
94010  -13.110  -34.840  73.493 1.0000000000
94011  -13.093  -34.729  74.605 1.0000000000
95911  -6.577  -36.836  76.882 1.0000000000
95912  -6.149  -36.774  76.310 1.0000000000
95913  -6.025  -37.198  76.964 1.0000000000
95914  -5.663  -37.648  76.808 1.0000000000
95915  -5.424  -38.131  76.449 1.0000000000
98328  -16.289  -32.694  77.527 1.0000000000
98329  -16.816  -32.703  77.931 1.0000000000
98330  -16.835  -33.203  78.210 1.0000000000
103460  -9.352  -34.222  69.342 1.0000000000
103461  -9.364  -34.762  69.983 1.0000000000
103462  -10.820  -35.695  73.360 1.0000000000
103463  -10.368  -35.765  72.787 1.0000000000
103464  -10.385  -35.811  73.796 1.0000000000
103465  -9.889  -35.926  74.242 1.0000000000
103466  -9.394  -36.036  74.704 1.0000000000
103467  -8.872  -36.123  75.213 1.0000000000
103468  -9.312  -35.993  75.817 1.0000000000
103469  -9.109  -35.958  76.955 1.0000000000
103470  -8.920  -35.979  77.927 1.0000000000
103471  -14.388  -33.570  78.777 1.0000000000
103472  -13.873  -33.677  78.308 1.0000000000
103473  -13.917  -33.849  79.030 1.0000000000
103474  -13.423  -34.117  79.290 1.0000000000
103475  -12.935  -34.505  79.461 1.0000000000
103479  -11.503  -36.835  79.897 1.0000000000
103480  -10.792  -36.634  79.875 1.0000000000
103481  -10.068  -36.447  79.776 1.0000000000
103482  -10.427  -37.066  79.830 1.0000000000
119507  -11.119  -34.738  68.966 1.0000000000
119508  -10.667  -34.893  69.435 1.0000000000
119509  -11.175  -35.076  69.909 1.0000000000
119510  -11.221  -35.315  70.867 1.0000000000
119511  -11.225  -35.476  71.912 1.0000000000
119512  -12.163  -35.230  72.094 1.0000000000
119513  -11.719  -35.403  72.513 1.0000000000
119514  -11.259  -35.547  72.946 1.0000000000
119515  -11.267  -35.571  74.007 1.0000000000
119516  -11.259  -35.515  75.139 1.0000000000
119517  -11.176  -35.394  76.241 1.0000000000
123949  -7.165  -35.599  73.347 1.0000000000
123950  -6.722  -35.107  73.155 1.0000000000
123951  -6.620  -35.621  73.910 1.0000000000
123952  -6.041  -35.627  74.417 1.0000000000
123953  -5.439  -35.707  74.792 1.0000000000
123954  -5.710  -36.612  75.794 1.0000000000
123955  -5.277  -36.289  75.354 1.0000000000
123956  -4.875  -35.813  74.993 1.0000000000
123957  -4.406  -36.023  74.917 1.0000000000
129497  -14.872  -33.774  74.239 1.0000000000
129498  -14.414  -33.955  74.619 1.0000000000
129499  -14.840  -33.519  75.448 1.0000000000
129500  -14.820  -33.322  76.560 1.0000000000
129501  -14.803  -33.217  77.608 1.0000000000
129502  -15.777  -32.882  77.829 1.0000000000
129503  -15.333  -33.072  78.148 1.0000000000
129504  -14.828  -33.303  78.453 1.0000000000
129505  -14.886  -33.659  78.951 1.0000000000
129506  -14.942  -34.278  79.045 1.0000000000
133516  -7.362  -38.588  77.929 1.0000000000
140247  -7.676  -35.056  71.980 1.0000000000
140248  -10.253  -35.029  69.870 1.0000000000
140249  -9.798  -35.130  70.306 1.0000000000
140250  -9.407  -35.245  70.738 1.0000000000
140251  -9.910  -35.749  72.115 1.0000000000
140252  -9.434  -35.592  71.656 1.0000000000
140253  -8.982  -35.336  71.240 1.0000000000
140254  -8.540  -35.440  71.732 1.0000000000
140255  -8.097  -35.513  72.240 1.0000000000
140256  -7.654  -35.559  72.784 1.0000000000
140257  -7.611  -35.935  73.686 1.0000000000
140258  -7.503  -36.209  74.685 1.0000000000
140259  -7.340  -36.388  75.656 1.0000000000
140260  -8.317  -36.226  75.720 1.0000000000
140261  -7.756  -36.350  76.150 1.0000000000
140262  -7.132  -36.581  76.612 1.0000000000
140263  -6.981  -36.809  77.376 1.0000000000
140264  -6.959  -37.135  77.962 1.0000000000
140265  -7.085  -37.562  78.348 1.0000000000
140266  -13.969  -34.181  74.956 1.0000000000
140267  -13.521  -34.390  75.398 1.0000000000
140268  -13.046  -34.566  75.808 1.0000000000
140269  -13.403  -33.991  77.674 1.0000000000
140270  -12.998  -34.374  76.955 1.0000000000
140271  -12.567  -34.790  76.152 1.0000000000
140272  -12.077  -34.947  76.591 1.0000000000
140273  -11.562  -35.105  76.984 1.0000000000
140274  -11.018  -35.247  77.394 1.0000000000
140276  -13.080  -35.010  79.684 1.0000000000
140277  -12.462  -34.851  79.652 1.0000000000
140278  -12.248  -35.888  79.832 1.0000000000
140279  -12.025  -35.249  79.746 1.0000000000
140280  -11.928  -34.834  79.424 1.0000000000
140281  -11.385  -34.987  78.913 1.0000000000
140282  -10.894  -35.196  78.400 1.0000000000
140283  -10.476  -35.408  77.759 1.0000000000
140284  -9.896  -35.562  78.152 1.0000000000
140285  -9.337  -35.815  78.457 1.0000000000
140286  -8.796  -36.132  78.700 1.0000000000
140287  -9.411  -36.405  79.584 1.0000000000
140288  -8.812  -36.403  79.256 1.0000000000
140289  -8.285  -36.530  78.870 1.0000000000
140290  -7.929  -36.980  78.853 1.0000000000
140291  -7.613  -37.532  78.758 1.0000000000
140292  -7.444  -38.067  78.409 1.0000000000
140293  -7.911  -38.455  78.292 1.0000000000
145275  -10.999  -33.970  67.716 1.0000000000
145276  -11.051  -34.394  68.305 1.0000000000
145277  -11.536  -34.681  68.710 1.0000000000
145282  -13.025  -34.806  70.422 1.0000000000
145283  -13.525  -34.694  71.083 1.0000000000
145285  -14.443  -34.231  72.515 1.0000000000
145313  -15.321  -33.563  74.010 1.0000000000
145315  -16.239  -32.819  75.560 1.0000000000
145318  -16.741  -32.508  76.308 1.0000000000
151797  -5.751  -38.719  76.489 1.0000000000
151798  -5.306  -38.589  75.900 1.0000000000
151801  -4.822  -38.300  75.234 1.0000000000
