#!ascii label  , from subject 40tvs8ref_sym_20 vox2ras=TkReg
254
1232  -56.222  -38.852  6.343 1.0000000000
1233  -49.208  -38.205  4.320 1.0000000000
1234  -54.711  -35.663  4.047 1.0000000000
3152  -59.106  -37.837  6.053 1.0000000000
3153  -55.513  -37.108  5.136 1.0000000000
3154  -58.394  -36.102  5.023 1.0000000000
3155  -57.676  -34.550  4.074 1.0000000000
5140  -48.290  -37.006  2.874 1.0000000000
5141  -46.949  -39.394  1.854 1.0000000000
6826  -53.429  -39.787  6.706 1.0000000000
6827  -50.100  -39.433  5.670 1.0000000000
6828  -52.752  -38.270  5.457 1.0000000000
6829  -51.875  -36.834  4.229 1.0000000000
6830  -50.944  -35.465  3.026 1.0000000000
6832  -53.850  -34.296  2.966 1.0000000000
9498  -47.414  -40.282  3.566 1.0000000000
10833  -58.785  -36.966  5.537 1.0000000000
12820  -47.814  -36.394  2.047 1.0000000000
12821  -47.010  -37.556  1.520 1.0000000000
15217  -54.773  -39.317  6.515 1.0000000000
15218  -53.069  -39.047  6.097 1.0000000000
15219  -54.451  -38.497  5.910 1.0000000000
15220  -55.128  -36.345  4.604 1.0000000000
15221  -53.738  -36.945  4.703 1.0000000000
15222  -53.279  -36.251  4.120 1.0000000000
15223  -51.430  -36.170  3.651 1.0000000000
15224  -52.858  -35.543  3.587 1.0000000000
15225  -52.344  -34.904  3.030 1.0000000000
15226  -54.288  -34.983  3.548 1.0000000000
15228  -57.298  -33.814  3.520 1.0000000000
21180  -49.687  -38.801  5.006 1.0000000000
21181  -48.499  -39.659  4.768 1.0000000000
21182  -48.091  -39.142  4.050 1.0000000000
24106  -57.632  -38.335  6.124 1.0000000000
24107  -55.917  -37.953  5.729 1.0000000000
24108  -57.323  -37.436  5.616 1.0000000000
24109  -56.968  -36.582  5.066 1.0000000000
24110  -56.547  -35.825  4.542 1.0000000000
24111  -56.193  -35.117  4.062 1.0000000000
24112  -58.054  -35.316  4.571 1.0000000000
27684  -48.747  -37.602  3.626 1.0000000000
27685  -47.721  -38.586  3.329 1.0000000000
27686  -47.282  -38.087  2.457 1.0000000000
27687  -46.799  -38.890  0.870 1.0000000000
31288  -52.065  -40.259  6.830 1.0000000000
31289  -50.458  -40.091  6.292 1.0000000000
31290  -51.728  -39.524  6.254 1.0000000000
31291  -51.359  -38.829  5.637 1.0000000000
31292  -50.955  -38.157  4.961 1.0000000000
31293  -54.137  -37.689  5.330 1.0000000000
31294  -52.321  -37.530  4.842 1.0000000000
31295  -50.487  -37.460  4.314 1.0000000000
31296  -50.016  -36.835  3.673 1.0000000000
31297  -49.576  -36.166  3.003 1.0000000000
31298  -49.053  -35.486  2.308 1.0000000000
31300  -50.391  -34.787  2.400 1.0000000000
31301  -51.821  -34.172  2.392 1.0000000000
31302  -53.312  -33.572  2.349 1.0000000000
31303  -55.758  -34.404  3.536 1.0000000000
31304  -55.371  -33.668  2.931 1.0000000000
38730  -48.863  -40.179  5.500 1.0000000000
38731  -47.690  -40.706  4.331 1.0000000000
38733  -47.149  -39.854  2.759 1.0000000000
43540  -47.623  -36.104  1.608 1.0000000000
45937  -55.495  -39.096  6.430 1.0000000000
45938  -54.621  -38.933  6.207 1.0000000000
45939  -55.346  -38.692  6.152 1.0000000000
45940  -54.901  -36.016  4.318 1.0000000000
45941  -54.197  -36.301  4.351 1.0000000000
45942  -53.972  -35.946  4.064 1.0000000000
45943  -53.073  -35.882  3.843 1.0000000000
45944  -53.776  -35.583  3.817 1.0000000000
45945  -53.559  -35.258  3.561 1.0000000000
45946  -54.486  -35.313  3.806 1.0000000000
51900  -49.451  -38.527  4.654 1.0000000000
51901  -48.846  -38.949  4.575 1.0000000000
51902  -48.625  -38.655  4.240 1.0000000000
55537  -58.385  -38.070  6.090 1.0000000000
55538  -57.479  -37.881  5.857 1.0000000000
55539  -58.225  -37.627  5.830 1.0000000000
55540  -58.583  -36.534  5.287 1.0000000000
55541  -57.881  -36.764  5.302 1.0000000000
55542  -57.677  -36.340  5.037 1.0000000000
55543  -56.758  -36.172  4.775 1.0000000000
55544  -57.490  -35.921  4.764 1.0000000000
55545  -57.300  -35.570  4.545 1.0000000000
55546  -58.219  -35.686  4.783 1.0000000000
61500  -48.516  -37.303  3.288 1.0000000000
61501  -47.943  -37.789  3.105 1.0000000000
61502  -47.735  -37.515  2.707 1.0000000000
61504  -46.818  -38.194  1.196 1.0000000000
61505  -46.763  -38.644  0.374 1.0000000000
61506  -46.922  -39.362  0.075 1.0000000000
68692  -52.724  -40.020  6.764 1.0000000000
68693  -51.912  -39.890  6.533 1.0000000000
68694  -52.576  -39.648  6.480 1.0000000000
68695  -52.913  -38.653  5.772 1.0000000000
68696  -52.221  -38.912  5.887 1.0000000000
68697  -52.037  -38.552  5.554 1.0000000000
68698  -51.129  -38.487  5.305 1.0000000000
68699  -51.857  -38.218  5.228 1.0000000000
68700  -55.722  -37.489  5.417 1.0000000000
68701  -55.053  -37.806  5.531 1.0000000000
68702  -54.827  -37.405  5.238 1.0000000000
68703  -52.816  -36.880  4.474 1.0000000000
68704  -53.042  -37.240  4.771 1.0000000000
68705  -52.106  -37.178  4.539 1.0000000000
68706  -51.409  -37.494  4.597 1.0000000000
68707  -51.163  -37.141  4.295 1.0000000000
68708  -50.254  -37.153  4.000 1.0000000000
68709  -50.948  -36.827  3.977 1.0000000000
68710  -51.191  -35.825  3.339 1.0000000000
68711  -50.506  -36.165  3.359 1.0000000000
68712  -50.256  -35.811  3.026 1.0000000000
68713  -49.316  -35.814  2.648 1.0000000000
68714  -49.997  -35.442  2.701 1.0000000000
68715  -49.701  -35.126  2.367 1.0000000000
68716  -50.658  -35.129  2.703 1.0000000000
68717  -53.089  -34.600  2.998 1.0000000000
68718  -52.093  -34.538  2.712 1.0000000000
68719  -52.824  -34.240  2.680 1.0000000000
68720  -52.563  -33.876  2.372 1.0000000000
68721  -53.598  -33.941  2.638 1.0000000000
68722  -56.938  -34.854  4.087 1.0000000000
68723  -55.967  -34.765  3.811 1.0000000000
68724  -56.733  -34.475  3.824 1.0000000000
68725  -57.101  -33.431  3.212 1.0000000000
68726  -56.354  -33.738  3.229 1.0000000000
68727  -56.135  -33.349  2.909 1.0000000000
68728  -55.082  -33.310  2.591 1.0000000000
86580  -50.285  -39.754  5.983 1.0000000000
86581  -49.629  -40.104  5.946 1.0000000000
86582  -49.461  -39.776  5.604 1.0000000000
86583  -47.828  -39.893  4.245 1.0000000000
86584  -48.034  -40.163  4.569 1.0000000000
86585  -47.536  -40.480  3.965 1.0000000000
86588  -47.221  -38.956  2.635 1.0000000000
86589  -47.352  -39.199  3.054 1.0000000000
86590  -47.041  -39.628  2.315 1.0000000000
93227  -58.963  -37.385  5.785 1.0000000000
93229  -59.488  -36.726  5.517 1.0000000000
93230  -59.295  -36.288  5.247 1.0000000000
93231  -59.112  -35.838  4.986 1.0000000000
96804  -48.070  -36.700  2.463 1.0000000000
96805  -47.539  -37.232  2.270 1.0000000000
96806  -47.350  -36.945  1.814 1.0000000000
101119  -54.114  -39.558  6.623 1.0000000000
101120  -53.283  -39.422  6.421 1.0000000000
101121  -53.931  -39.171  6.284 1.0000000000
101122  -53.741  -38.777  5.978 1.0000000000
101123  -53.596  -38.363  5.678 1.0000000000
101124  -55.341  -36.723  4.866 1.0000000000
101125  -54.617  -37.018  4.924 1.0000000000
101126  -54.429  -36.641  4.646 1.0000000000
101127  -53.510  -36.613  4.412 1.0000000000
101128  -52.583  -36.547  4.179 1.0000000000
101129  -51.660  -36.508  3.937 1.0000000000
101130  -52.363  -36.194  3.889 1.0000000000
101131  -52.142  -35.851  3.620 1.0000000000
101132  -51.904  -35.493  3.326 1.0000000000
101133  -51.640  -35.156  3.030 1.0000000000
101134  -52.613  -35.217  3.311 1.0000000000
101135  -53.348  -34.941  3.293 1.0000000000
101136  -54.107  -34.657  3.279 1.0000000000
101137  -58.414  -34.264  4.065 1.0000000000
101138  -57.480  -34.170  3.821 1.0000000000
101139  -58.223  -33.890  3.799 1.0000000000
111852  -49.906  -39.125  5.345 1.0000000000
111853  -49.272  -39.490  5.266 1.0000000000
111854  -49.058  -39.201  4.922 1.0000000000
111855  -48.283  -39.393  4.415 1.0000000000
111856  -47.685  -39.687  3.828 1.0000000000
117688  -56.934  -38.604  6.243 1.0000000000
117689  -56.086  -38.411  6.060 1.0000000000
117690  -56.758  -38.140  5.917 1.0000000000
117691  -56.588  -37.676  5.618 1.0000000000
117692  -56.449  -37.234  5.389 1.0000000000
117693  -58.057  -37.200  5.568 1.0000000000
117694  -57.173  -37.003  5.365 1.0000000000
117695  -56.275  -36.836  5.112 1.0000000000
117696  -56.060  -36.442  4.819 1.0000000000
117697  -55.807  -36.099  4.567 1.0000000000
117698  -55.619  -35.746  4.302 1.0000000000
117699  -55.451  -35.390  4.046 1.0000000000
117700  -56.364  -35.478  4.304 1.0000000000
117701  -57.140  -35.214  4.322 1.0000000000
117702  -57.885  -34.933  4.317 1.0000000000
117703  -58.950  -35.448  4.782 1.0000000000
117705  -58.593  -34.655  4.299 1.0000000000
126036  -48.965  -37.879  3.990 1.0000000000
126037  -48.398  -38.325  3.881 1.0000000000
126038  -48.158  -38.052  3.497 1.0000000000
126039  -47.518  -38.341  2.892 1.0000000000
126040  -47.032  -38.708  2.178 1.0000000000
126041  -47.155  -37.825  1.983 1.0000000000
126042  -46.926  -38.456  1.690 1.0000000000
126043  -46.840  -39.134  1.372 1.0000000000
126044  -46.925  -39.596  0.584 1.0000000000
135394  -51.389  -40.460  6.858 1.0000000000
135396  -51.264  -40.142  6.572 1.0000000000
135397  -51.103  -39.792  6.272 1.0000000000
135398  -50.917  -39.459  5.987 1.0000000000
135399  -52.403  -39.292  6.197 1.0000000000
135400  -51.551  -39.183  5.954 1.0000000000
135401  -50.735  -39.126  5.695 1.0000000000
135402  -50.525  -38.791  5.356 1.0000000000
135403  -50.323  -38.451  4.994 1.0000000000
135404  -50.080  -38.137  4.659 1.0000000000
135405  -55.204  -38.231  5.832 1.0000000000
135406  -54.301  -38.078  5.604 1.0000000000
135407  -53.421  -37.965  5.367 1.0000000000
135408  -53.955  -37.321  5.018 1.0000000000
135409  -53.238  -37.598  5.075 1.0000000000
135410  -52.538  -37.900  5.148 1.0000000000
135411  -51.637  -37.859  4.908 1.0000000000
135412  -50.725  -37.820  4.636 1.0000000000
135413  -49.834  -37.811  4.327 1.0000000000
135414  -49.609  -37.497  4.020 1.0000000000
135415  -49.380  -37.198  3.680 1.0000000000
135416  -49.131  -36.865  3.340 1.0000000000
135417  -50.746  -36.503  3.680 1.0000000000
135418  -49.816  -36.501  3.359 1.0000000000
135419  -48.913  -36.549  2.960 1.0000000000
135420  -48.670  -36.229  2.570 1.0000000000
135421  -48.399  -35.906  2.203 1.0000000000
135422  -48.173  -35.609  1.806 1.0000000000
135425  -49.420  -34.791  2.056 1.0000000000
135426  -50.143  -34.416  2.121 1.0000000000
135427  -51.368  -34.827  2.718 1.0000000000
135428  -51.113  -34.460  2.423 1.0000000000
135429  -50.865  -34.091  2.133 1.0000000000
135431  -52.313  -33.507  2.097 1.0000000000
135432  -53.059  -33.199  2.085 1.0000000000
135433  -55.223  -35.040  3.795 1.0000000000
135434  -55.013  -34.698  3.539 1.0000000000
135435  -54.818  -34.344  3.265 1.0000000000
135436  -56.544  -34.116  3.531 1.0000000000
135437  -55.588  -34.041  3.249 1.0000000000
135438  -54.593  -33.987  2.944 1.0000000000
135439  -54.329  -33.616  2.596 1.0000000000
142106  -52.867  -40.348  7.056 1.0000000000
142111  -54.918  -39.686  6.836 1.0000000000
142112  -55.629  -39.457  6.720 1.0000000000
142122  -57.104  -39.010  6.534 1.0000000000
142124  -58.512  -38.514  6.367 1.0000000000
142125  -59.234  -38.276  6.318 1.0000000000
157146  -49.805  -40.411  6.270 1.0000000000
157149  -48.681  -39.916  5.123 1.0000000000
157150  -48.215  -40.412  4.942 1.0000000000
157151  -47.841  -40.942  4.737 1.0000000000
157155  -47.907  -38.853  3.699 1.0000000000
157156  -47.495  -39.433  3.455 1.0000000000
157157  -47.283  -40.079  3.159 1.0000000000
157159  -47.106  -40.531  2.445 1.0000000000
