#!ascii label  , from subject 40tvs8ref_sym_20 vox2ras=TkReg
269
414  -19.568  -81.023  34.027 1.0000000000
1268  -13.066  -85.304  34.524 1.0000000000
2356  -16.641  -82.111  29.319 1.0000000000
5243  -19.450  -78.893  30.568 1.0000000000
5244  -18.165  -81.714  31.670 1.0000000000
5245  -9.223  -85.847  35.788 1.0000000000
5246  -10.993  -84.689  32.629 1.0000000000
6889  -18.686  -83.455  35.610 1.0000000000
6890  -16.597  -83.796  33.763 1.0000000000
6891  -15.304  -85.350  36.381 1.0000000000
6892  -11.460  -86.612  37.584 1.0000000000
6893  -7.759  -87.598  38.008 1.0000000000
8388  -20.334  -80.427  35.981 1.0000000000
9625  -14.716  -83.862  31.733 1.0000000000
9626  -12.953  -83.515  29.638 1.0000000000
12922  -19.833  -79.569  33.527 1.0000000000
12923  -19.370  -79.965  32.272 1.0000000000
12924  -18.852  -81.390  32.860 1.0000000000
12925  -7.294  -86.066  36.074 1.0000000000
12926  -8.251  -85.310  34.707 1.0000000000
15322  -18.149  -84.435  36.754 1.0000000000
15323  -16.969  -84.518  35.925 1.0000000000
15324  -16.344  -85.322  37.224 1.0000000000
15326  -12.871  -86.845  38.459 1.0000000000
15327  -10.937  -87.481  38.997 1.0000000000
15328  -9.473  -87.059  38.194 1.0000000000
15329  -9.132  -88.092  38.984 1.0000000000
18465  -20.334  -81.759  36.539 1.0000000000
21490  -18.293  -80.753  29.690 1.0000000000
21491  -19.100  -79.306  29.161 1.0000000000
21492  -17.692  -80.990  28.413 1.0000000000
21494  -15.938  -82.165  28.112 1.0000000000
21495  -14.932  -84.604  34.063 1.0000000000
21496  -15.705  -83.833  32.750 1.0000000000
21497  -13.901  -84.622  33.106 1.0000000000
21498  -10.170  -84.123  31.708 1.0000000000
21499  -11.952  -84.115  31.121 1.0000000000
21500  -11.157  -83.625  30.137 1.0000000000
27870  -19.702  -78.396  31.913 1.0000000000
27871  -18.885  -80.377  30.999 1.0000000000
27872  -17.414  -81.926  30.515 1.0000000000
27873  -11.110  -85.673  35.086 1.0000000000
27874  -11.992  -85.121  33.584 1.0000000000
27875  -10.092  -85.246  34.144 1.0000000000
27876  -9.209  -84.686  33.248 1.0000000000
31435  -19.191  -82.309  34.696 1.0000000000
31436  -18.225  -82.620  33.689 1.0000000000
31437  -17.570  -83.658  34.734 1.0000000000
31438  -15.961  -84.628  35.007 1.0000000000
31439  -14.173  -85.353  35.449 1.0000000000
31440  -14.635  -86.113  37.832 1.0000000000
31441  -13.433  -86.093  36.910 1.0000000000
31442  -12.251  -85.948  36.017 1.0000000000
31443  -10.214  -86.253  36.666 1.0000000000
31444  -8.319  -86.594  37.249 1.0000000000
31445  -6.690  -87.103  36.801 1.0000000000
35439  -20.100  -79.185  34.563 1.0000000000
35447  -20.152  -78.955  35.628 1.0000000000
35448  -20.038  -80.754  34.987 1.0000000000
35449  -19.833  -82.092  35.622 1.0000000000
35450  -19.539  -83.272  36.457 1.0000000000
39109  -17.375  -82.817  32.610 1.0000000000
39110  -16.553  -82.913  31.547 1.0000000000
39111  -15.679  -83.022  30.435 1.0000000000
39112  -12.869  -84.454  32.138 1.0000000000
39113  -13.806  -83.774  30.704 1.0000000000
39114  -14.801  -83.052  29.328 1.0000000000
39115  -14.007  -82.859  28.235 1.0000000000
43642  -19.729  -80.293  33.788 1.0000000000
43643  -19.437  -80.526  33.160 1.0000000000
43644  -19.215  -81.232  33.447 1.0000000000
46043  -17.228  -84.899  36.968 1.0000000000
46044  -16.983  -85.303  37.614 1.0000000000
46046  -11.766  -87.660  39.334 1.0000000000
46047  -10.814  -87.982  39.417 1.0000000000
46048  -10.007  -87.777  39.107 1.0000000000
52210  -17.526  -81.497  29.457 1.0000000000
52211  -18.009  -80.877  29.029 1.0000000000
52212  -17.170  -81.594  28.839 1.0000000000
52213  -16.837  -81.659  28.211 1.0000000000
52214  -16.288  -82.148  28.725 1.0000000000
52215  -14.009  -84.978  34.274 1.0000000000
52216  -14.404  -84.630  33.571 1.0000000000
52217  -13.486  -84.954  33.799 1.0000000000
52218  -9.798  -83.804  31.212 1.0000000000
52219  -10.660  -83.877  30.930 1.0000000000
61808  -19.861  -77.346  32.503 1.0000000000
61809  -19.814  -78.185  32.571 1.0000000000
61810  -18.846  -80.882  31.917 1.0000000000
61811  -19.136  -80.175  31.629 1.0000000000
61812  -18.516  -81.070  31.273 1.0000000000
61813  -18.202  -81.204  30.699 1.0000000000
61814  -17.789  -81.794  31.095 1.0000000000
61815  -10.133  -85.767  35.458 1.0000000000
61816  -10.551  -85.470  34.616 1.0000000000
61817  -9.647  -85.544  34.958 1.0000000000
61819  -8.735  -84.992  33.974 1.0000000000
61820  -8.283  -84.664  33.471 1.0000000000
69007  -18.925  -82.924  35.153 1.0000000000
69008  -18.379  -83.024  34.679 1.0000000000
69009  -18.104  -83.544  35.199 1.0000000000
69010  -16.140  -84.940  36.106 1.0000000000
69011  -16.422  -84.566  35.478 1.0000000000
69012  -15.639  -84.991  35.681 1.0000000000
69013  -15.098  -85.011  35.207 1.0000000000
69014  -14.744  -85.344  35.920 1.0000000000
69016  -15.250  -86.126  38.239 1.0000000000
69018  -12.154  -86.764  38.032 1.0000000000
69019  -13.133  -86.446  37.658 1.0000000000
69020  -12.491  -86.395  37.224 1.0000000000
69021  -12.861  -86.041  36.452 1.0000000000
69022  -11.842  -86.280  36.760 1.0000000000
69023  -11.245  -86.131  36.327 1.0000000000
69024  -10.816  -86.461  37.127 1.0000000000
69025  -8.559  -87.295  38.298 1.0000000000
69026  -8.884  -86.828  37.773 1.0000000000
69027  -7.970  -87.062  37.743 1.0000000000
69028  -7.423  -86.808  37.205 1.0000000000
69029  -7.154  -87.345  37.467 1.0000000000
78430  -20.317  -79.544  36.318 1.0000000000
78432  -20.275  -79.719  35.744 1.0000000000
78433  -20.223  -79.867  35.193 1.0000000000
78434  -20.228  -80.595  35.457 1.0000000000
78435  -19.950  -81.457  35.296 1.0000000000
78436  -20.186  -81.282  35.751 1.0000000000
78438  -20.034  -82.555  36.427 1.0000000000
87512  -19.665  -78.068  30.445 1.0000000000
87525  -17.443  -83.273  33.705 1.0000000000
87526  -17.805  -82.752  33.138 1.0000000000
87527  -16.994  -83.336  33.151 1.0000000000
87528  -15.205  -83.850  32.242 1.0000000000
87529  -16.126  -83.391  32.140 1.0000000000
87530  -15.643  -83.436  31.592 1.0000000000
87531  -16.102  -82.991  30.991 1.0000000000
87532  -15.183  -83.452  31.066 1.0000000000
87533  -11.457  -84.916  33.082 1.0000000000
87534  -12.426  -84.801  32.864 1.0000000000
87535  -11.898  -84.612  32.329 1.0000000000
87536  -12.446  -83.813  30.370 1.0000000000
87537  -12.890  -83.996  30.881 1.0000000000
87538  -13.367  -83.677  30.164 1.0000000000
87539  -14.307  -83.416  30.010 1.0000000000
87540  -13.861  -83.348  29.469 1.0000000000
87541  -14.388  -82.994  28.791 1.0000000000
87542  -13.469  -83.212  28.935 1.0000000000
96988  -19.897  -78.768  33.367 1.0000000000
96989  -19.722  -78.975  32.720 1.0000000000
96990  -19.605  -79.761  32.915 1.0000000000
96991  -19.145  -80.713  32.534 1.0000000000
96992  -18.505  -81.537  32.265 1.0000000000
96993  -8.266  -85.941  36.013 1.0000000000
96994  -8.731  -85.597  35.257 1.0000000000
96995  -7.743  -85.631  35.452 1.0000000000
96996  -7.272  -85.324  34.821 1.0000000000
101308  -18.414  -83.958  36.165 1.0000000000
101309  -17.838  -84.024  35.745 1.0000000000
101310  -17.526  -84.485  36.355 1.0000000000
101311  -16.658  -84.925  36.555 1.0000000000
101312  -15.804  -85.338  36.800 1.0000000000
101314  -13.549  -86.912  38.886 1.0000000000
101316  -11.903  -87.174  38.807 1.0000000000
101317  -11.155  -87.015  38.358 1.0000000000
101318  -10.449  -86.828  37.927 1.0000000000
101319  -10.138  -87.265  38.651 1.0000000000
101320  -9.240  -87.544  38.706 1.0000000000
101321  -8.395  -87.829  38.541 1.0000000000
106964  -20.419  -80.248  36.510 1.0000000000
106965  -20.342  -81.114  36.243 1.0000000000
106966  -20.491  -80.938  36.739 1.0000000000
106967  -20.541  -81.599  37.018 1.0000000000
112410  -18.942  -79.908  30.044 1.0000000000
112411  -19.279  -79.105  29.862 1.0000000000
112412  -18.707  -80.052  29.378 1.0000000000
112413  -18.465  -80.208  28.709 1.0000000000
112414  -18.194  -80.346  28.051 1.0000000000
112418  -15.579  -82.136  27.539 1.0000000000
112419  -15.788  -84.224  33.895 1.0000000000
112420  -16.162  -83.813  33.255 1.0000000000
112421  -15.293  -84.252  33.396 1.0000000000
112422  -14.794  -84.263  32.900 1.0000000000
112423  -14.309  -84.231  32.404 1.0000000000
112424  -10.573  -84.426  32.180 1.0000000000
112425  -11.459  -84.402  31.880 1.0000000000
112426  -11.051  -84.155  31.406 1.0000000000
112427  -11.529  -83.885  30.630 1.0000000000
112428  -12.037  -83.596  29.852 1.0000000000
112429  -12.577  -83.327  29.136 1.0000000000
112430  -11.677  -83.349  29.384 1.0000000000
126470  -19.589  -78.618  31.210 1.0000000000
126471  -19.557  -79.199  32.062 1.0000000000
126472  -19.386  -79.416  31.397 1.0000000000
126473  -19.195  -79.660  30.753 1.0000000000
126474  -18.606  -80.577  30.363 1.0000000000
126475  -17.878  -81.370  30.087 1.0000000000
126476  -17.036  -82.053  29.936 1.0000000000
126477  -12.090  -85.535  34.789 1.0000000000
126478  -12.528  -85.228  34.049 1.0000000000
126479  -11.549  -85.404  34.324 1.0000000000
126480  -11.015  -85.202  33.833 1.0000000000
126481  -10.549  -84.961  33.369 1.0000000000
126482  -9.188  -85.288  34.447 1.0000000000
126483  -9.659  -84.975  33.672 1.0000000000
126484  -10.101  -84.699  32.935 1.0000000000
126485  -9.684  -84.396  32.495 1.0000000000
126486  -9.267  -84.073  31.977 1.0000000000
135793  -19.389  -81.697  34.319 1.0000000000
135794  -18.954  -81.877  33.774 1.0000000000
135795  -18.668  -82.467  34.197 1.0000000000
135796  -17.890  -83.158  34.197 1.0000000000
135797  -17.098  -83.751  34.268 1.0000000000
135798  -17.272  -84.092  35.314 1.0000000000
135799  -16.754  -84.188  34.858 1.0000000000
135800  -16.273  -84.227  34.374 1.0000000000
135801  -15.446  -84.615  34.541 1.0000000000
135802  -14.547  -84.995  34.745 1.0000000000
135803  -13.595  -85.371  34.988 1.0000000000
135804  -16.099  -85.703  37.925 1.0000000000
135805  -15.493  -85.722  37.520 1.0000000000
135806  -14.972  -85.725  37.075 1.0000000000
135807  -13.775  -86.493  38.121 1.0000000000
135808  -14.053  -86.108  37.361 1.0000000000
135809  -14.378  -85.728  36.632 1.0000000000
135810  -13.805  -85.700  36.175 1.0000000000
135811  -13.234  -85.688  35.719 1.0000000000
135812  -12.648  -85.636  35.264 1.0000000000
135813  -11.679  -85.827  35.560 1.0000000000
135814  -10.684  -85.957  35.876 1.0000000000
135815  -9.685  -86.065  36.268 1.0000000000
135816  -9.818  -86.635  37.492 1.0000000000
135817  -9.256  -86.408  37.051 1.0000000000
135818  -8.741  -86.176  36.570 1.0000000000
135819  -7.815  -86.345  36.681 1.0000000000
135820  -6.942  -86.533  36.546 1.0000000000
135821  -6.228  -86.834  36.055 1.0000000000
147320  -19.953  -79.351  34.069 1.0000000000
147321  -19.932  -80.110  34.257 1.0000000000
147344  -19.955  -78.055  36.141 1.0000000000
147345  -19.985  -78.189  35.569 1.0000000000
147346  -20.145  -79.068  35.104 1.0000000000
147347  -20.098  -79.988  34.739 1.0000000000
147348  -19.810  -80.894  34.494 1.0000000000
147349  -19.675  -81.574  34.821 1.0000000000
147350  -19.503  -82.206  35.188 1.0000000000
147351  -19.318  -82.805  35.595 1.0000000000
147352  -20.119  -81.936  36.070 1.0000000000
147353  -19.706  -82.700  36.014 1.0000000000
147354  -19.124  -83.364  36.045 1.0000000000
147355  -18.892  -83.888  36.563 1.0000000000
158281  -18.548  -82.027  33.239 1.0000000000
158282  -18.131  -82.141  32.678 1.0000000000
158283  -17.755  -82.280  32.124 1.0000000000
158284  -16.574  -83.364  32.641 1.0000000000
158285  -16.970  -82.872  32.089 1.0000000000
158286  -17.383  -82.351  31.565 1.0000000000
158287  -16.973  -82.424  31.003 1.0000000000
158288  -16.555  -82.546  30.448 1.0000000000
158289  -16.173  -82.590  29.848 1.0000000000
158290  -12.958  -84.907  33.344 1.0000000000
158291  -13.388  -84.552  32.626 1.0000000000
158292  -13.810  -84.190  31.912 1.0000000000
158293  -12.373  -84.308  31.605 1.0000000000
158294  -13.324  -84.122  31.406 1.0000000000
158295  -14.238  -83.841  31.214 1.0000000000
158296  -14.750  -83.436  30.537 1.0000000000
158297  -15.249  -83.048  29.885 1.0000000000
158298  -15.749  -82.618  29.281 1.0000000000
158299  -15.355  -82.623  28.698 1.0000000000
158300  -14.963  -82.590  28.147 1.0000000000
158303  -13.634  -82.678  27.722 1.0000000000
