#!ascii label  , from subject 40tvs8ref_sym_20 vox2ras=TkReg
495
162  -41.231  -12.721  60.730 1.0000000000
165  -34.542  -23.742  54.960 1.0000000000
166  -34.596  -19.488  50.601 1.0000000000
642  -41.272  -15.892  64.208 1.0000000000
643  -38.251  -9.821  63.373 1.0000000000
645  -36.470  -22.115  60.649 1.0000000000
646  -39.062  -19.453  58.251 1.0000000000
1449  -36.932  -22.097  52.909 1.0000000000
1450  -37.326  -16.074  55.554 1.0000000000
2566  -39.420  -19.608  62.522 1.0000000000
3362  -40.651  -11.464  58.924 1.0000000000
3363  -42.440  -8.518  59.761 1.0000000000
3364  -41.994  -9.398  61.763 1.0000000000
3372  -36.250  -23.332  54.012 1.0000000000
3373  -40.005  -16.121  59.863 1.0000000000
3374  -38.475  -17.692  57.133 1.0000000000
3375  -39.175  -14.537  58.273 1.0000000000
3376  -38.499  -13.137  56.477 1.0000000000
5762  -41.614  -14.142  62.477 1.0000000000
5763  -41.472  -10.581  63.539 1.0000000000
5764  -40.523  -12.166  65.154 1.0000000000
5767  -35.465  -22.945  57.755 1.0000000000
5768  -37.413  -22.305  56.901 1.0000000000
5769  -38.435  -21.124  59.600 1.0000000000
5770  -40.230  -17.864  61.325 1.0000000000
6141  -34.991  -16.413  51.288 1.0000000000
7217  -36.021  -20.699  51.913 1.0000000000
7218  -38.095  -20.865  55.549 1.0000000000
7219  -37.220  -19.142  54.277 1.0000000000
7220  -35.970  -17.649  53.040 1.0000000000
7221  -36.653  -14.762  53.930 1.0000000000
11042  -40.901  -12.022  59.786 1.0000000000
11043  -41.712  -10.597  60.429 1.0000000000
11044  -41.848  -11.151  61.323 1.0000000000
11050  -34.072  -24.153  53.330 1.0000000000
11051  -34.994  -24.022  53.104 1.0000000000
11052  -35.451  -23.652  54.531 1.0000000000
11053  -40.593  -14.428  60.323 1.0000000000
11054  -39.633  -15.330  59.080 1.0000000000
11055  -40.223  -13.672  59.465 1.0000000000
11056  -39.838  -13.006  58.660 1.0000000000
11060  -33.664  -23.656  55.691 1.0000000000
11062  -33.276  -24.079  54.018 1.0000000000
13442  -41.563  -14.984  63.374 1.0000000000
13443  -41.660  -13.247  64.078 1.0000000000
13444  -41.224  -14.034  64.930 1.0000000000
13450  -35.982  -22.586  59.247 1.0000000000
13451  -37.034  -22.241  58.747 1.0000000000
13452  -37.548  -21.734  60.147 1.0000000000
13453  -40.527  -17.760  63.423 1.0000000000
13454  -40.000  -18.711  61.910 1.0000000000
13455  -40.906  -16.961  62.758 1.0000000000
13456  -41.005  -16.049  61.954 1.0000000000
13462  -35.101  -22.625  60.020 1.0000000000
13463  -34.606  -22.944  58.573 1.0000000000
15850  -39.956  -9.750  63.998 1.0000000000
15851  -40.482  -9.125  63.290 1.0000000000
15852  -38.837  -9.054  62.772 1.0000000000
15868  -36.325  -23.334  52.164 1.0000000000
15870  -36.435  -22.758  51.667 1.0000000000
15871  -36.172  -22.110  51.214 1.0000000000
15872  -36.608  -21.389  52.382 1.0000000000
15873  -38.431  -21.009  57.513 1.0000000000
15874  -37.984  -21.653  56.190 1.0000000000
15875  -38.609  -20.218  56.906 1.0000000000
15876  -37.948  -16.856  56.420 1.0000000000
15877  -37.901  -18.440  55.706 1.0000000000
15878  -37.281  -17.580  55.039 1.0000000000
15879  -36.576  -18.351  53.617 1.0000000000
15880  -36.696  -16.837  54.304 1.0000000000
15881  -36.191  -16.177  53.529 1.0000000000
15882  -36.980  -15.392  54.866 1.0000000000
15883  -39.436  -11.819  56.685 1.0000000000
15884  -38.395  -12.610  55.532 1.0000000000
23048  -38.044  -21.117  61.428 1.0000000000
24482  -40.545  -10.959  57.858 1.0000000000
24484  -41.620  -10.062  59.377 1.0000000000
24485  -42.239  -8.930  60.725 1.0000000000
24486  -41.547  -7.778  61.412 1.0000000000
24499  -35.738  -23.804  52.633 1.0000000000
24500  -36.806  -22.825  53.440 1.0000000000
24501  -39.499  -17.828  59.151 1.0000000000
24502  -38.925  -18.587  57.748 1.0000000000
24503  -39.169  -16.898  58.505 1.0000000000
24504  -38.709  -16.127  57.761 1.0000000000
24505  -38.183  -15.292  56.957 1.0000000000
24506  -37.808  -14.626  56.162 1.0000000000
24507  -38.757  -13.780  57.398 1.0000000000
24508  -39.550  -12.347  57.656 1.0000000000
28802  -41.512  -13.446  61.655 1.0000000000
28803  -41.933  -11.766  62.297 1.0000000000
28804  -41.880  -12.506  63.259 1.0000000000
28805  -41.011  -11.379  64.398 1.0000000000
28806  -39.367  -10.663  64.661 1.0000000000
28813  -35.058  -23.350  56.436 1.0000000000
28814  -35.953  -23.230  55.969 1.0000000000
28815  -36.545  -22.743  57.373 1.0000000000
28816  -37.938  -21.774  58.151 1.0000000000
28817  -38.906  -20.345  58.890 1.0000000000
28818  -38.920  -20.368  61.079 1.0000000000
28819  -39.430  -19.554  60.550 1.0000000000
28820  -39.627  -18.718  59.727 1.0000000000
28821  -40.222  -16.994  60.654 1.0000000000
28822  -40.898  -15.281  61.153 1.0000000000
28832  -34.062  -23.308  56.987 1.0000000000
29685  -34.670  -17.909  50.985 1.0000000000
29687  -34.183  -17.325  50.054 1.0000000000
32173  -41.758  -9.976  62.705 1.0000000000
32174  -41.017  -8.432  62.394 1.0000000000
32200  -35.608  -21.569  50.644 1.0000000000
32201  -35.328  -20.082  51.308 1.0000000000
32202  -36.775  -22.835  55.374 1.0000000000
32203  -37.367  -22.278  54.644 1.0000000000
32204  -37.487  -21.471  54.121 1.0000000000
32205  -38.369  -19.318  56.255 1.0000000000
32206  -37.815  -20.012  54.951 1.0000000000
32207  -37.144  -20.668  53.582 1.0000000000
32208  -36.606  -19.892  53.079 1.0000000000
32209  -35.943  -19.164  52.468 1.0000000000
32210  -35.243  -18.493  51.796 1.0000000000
32211  -35.419  -16.990  52.224 1.0000000000
32212  -35.802  -15.547  52.560 1.0000000000
32214  -37.501  -13.960  55.161 1.0000000000
41762  -41.069  -12.358  60.283 1.0000000000
41763  -41.459  -11.644  60.593 1.0000000000
41764  -41.557  -11.924  61.040 1.0000000000
41770  -34.272  -23.912  54.182 1.0000000000
41771  -34.793  -23.904  53.993 1.0000000000
41772  -35.022  -23.689  54.727 1.0000000000
41773  -40.927  -13.596  60.584 1.0000000000
41774  -40.422  -14.077  59.915 1.0000000000
41775  -40.739  -13.208  60.131 1.0000000000
41776  -40.553  -12.824  59.682 1.0000000000
41780  -34.058  -23.745  55.181 1.0000000000
41781  -33.404  -23.882  54.697 1.0000000000
41782  -33.859  -23.919  54.397 1.0000000000
41783  -33.662  -24.126  53.621 1.0000000000
42393  -34.748  -20.284  50.397 1.0000000000
42395  -34.345  -20.035  50.002 1.0000000000
44162  -41.437  -15.457  63.830 1.0000000000
44163  -41.540  -14.582  64.224 1.0000000000
44164  -41.353  -14.998  64.618 1.0000000000
44170  -36.255  -22.333  60.004 1.0000000000
44171  -36.789  -22.195  59.691 1.0000000000
44172  -37.045  -21.935  60.422 1.0000000000
44173  -41.006  -16.777  63.719 1.0000000000
44174  -40.695  -17.345  63.096 1.0000000000
44175  -41.172  -16.416  63.415 1.0000000000
44176  -41.299  -15.992  63.078 1.0000000000
44180  -36.014  -22.245  61.048 1.0000000000
44182  -35.757  -22.409  60.319 1.0000000000
44183  -35.429  -22.606  59.487 1.0000000000
46570  -39.128  -9.923  63.935 1.0000000000
46571  -39.361  -9.354  63.492 1.0000000000
46572  -38.508  -9.422  63.054 1.0000000000
46588  -36.727  -22.763  52.586 1.0000000000
46589  -36.439  -23.049  51.947 1.0000000000
46590  -36.627  -22.420  52.271 1.0000000000
46591  -36.556  -22.060  52.036 1.0000000000
46592  -36.805  -21.731  52.634 1.0000000000
46593  -38.822  -20.300  57.804 1.0000000000
46594  -38.569  -20.636  57.271 1.0000000000
46595  -38.822  -19.831  57.724 1.0000000000
46596  -37.682  -16.447  56.039 1.0000000000
46597  -37.586  -17.236  55.707 1.0000000000
46598  -37.271  -16.817  55.295 1.0000000000
46599  -36.966  -17.220  54.664 1.0000000000
46600  -37.043  -16.481  54.995 1.0000000000
46601  -36.797  -16.096  54.592 1.0000000000
46602  -37.157  -15.721  55.217 1.0000000000
46603  -39.990  -11.249  56.758 1.0000000000
56162  -40.563  -11.191  58.421 1.0000000000
56163  -41.079  -10.505  58.631 1.0000000000
56164  -41.129  -10.749  59.122 1.0000000000
56165  -41.997  -9.942  61.119 1.0000000000
56166  -42.033  -9.754  60.647 1.0000000000
56167  -42.107  -9.203  61.317 1.0000000000
56168  -42.034  -8.294  61.210 1.0000000000
56169  -41.873  -8.520  61.645 1.0000000000
56188  -35.602  -23.750  53.576 1.0000000000
56189  -35.367  -23.952  52.972 1.0000000000
56190  -35.998  -23.549  53.384 1.0000000000
56191  -36.295  -23.366  53.120 1.0000000000
56192  -36.605  -23.131  53.754 1.0000000000
56193  -39.766  -16.985  59.606 1.0000000000
56194  -39.374  -17.358  58.877 1.0000000000
56195  -39.605  -16.552  59.139 1.0000000000
56196  -39.344  -14.903  58.638 1.0000000000
56197  -39.188  -15.729  58.434 1.0000000000
56198  -38.840  -15.288  57.938 1.0000000000
56199  -38.505  -15.762  57.451 1.0000000000
56200  -38.666  -14.935  57.607 1.0000000000
56201  -38.474  -14.529  57.238 1.0000000000
56202  -38.968  -14.172  57.893 1.0000000000
56203  -40.221  -12.189  58.727 1.0000000000
56204  -39.682  -12.670  58.164 1.0000000000
56205  -40.102  -11.903  58.264 1.0000000000
56206  -40.003  -11.641  57.794 1.0000000000
63362  -41.584  -13.781  62.108 1.0000000000
63363  -41.817  -12.948  62.377 1.0000000000
63364  -41.826  -13.370  62.886 1.0000000000
63365  -41.242  -12.655  64.660 1.0000000000
63366  -41.453  -12.232  64.272 1.0000000000
63367  -40.889  -11.794  64.770 1.0000000000
63368  -40.322  -11.076  64.757 1.0000000000
63369  -40.052  -11.445  65.015 1.0000000000
63385  -35.254  -23.127  57.119 1.0000000000
63386  -35.723  -23.130  56.822 1.0000000000
63387  -35.975  -22.899  57.547 1.0000000000
63388  -37.769  -21.718  59.084 1.0000000000
63389  -37.541  -22.008  58.532 1.0000000000
63390  -38.213  -21.420  58.827 1.0000000000
63391  -38.462  -21.056  58.579 1.0000000000
63392  -38.713  -20.718  59.196 1.0000000000
63393  -38.774  -20.404  62.021 1.0000000000
63394  -38.515  -20.772  61.059 1.0000000000
63395  -39.161  -20.018  61.917 1.0000000000
63396  -40.136  -18.326  61.632 1.0000000000
63397  -39.728  -19.179  61.193 1.0000000000
63398  -39.833  -18.720  60.882 1.0000000000
63399  -39.539  -19.140  60.145 1.0000000000
63400  -39.938  -18.306  60.571 1.0000000000
63401  -39.924  -17.888  60.329 1.0000000000
63402  -40.304  -17.445  60.915 1.0000000000
63403  -41.342  -15.123  62.312 1.0000000000
63404  -40.976  -15.643  61.527 1.0000000000
63405  -41.276  -14.744  61.867 1.0000000000
63406  -41.182  -14.318  61.356 1.0000000000
63425  -34.963  -22.970  58.112 1.0000000000
63426  -34.330  -23.109  57.776 1.0000000000
63427  -34.677  -23.190  57.298 1.0000000000
63428  -34.401  -23.410  56.459 1.0000000000
65253  -34.762  -17.148  51.126 1.0000000000
65254  -34.395  -17.614  50.551 1.0000000000
65255  -34.573  -16.840  50.666 1.0000000000
70570  -42.171  -9.117  59.052 1.0000000000
70572  -42.564  -8.333  59.263 1.0000000000
70585  -41.911  -11.227  62.975 1.0000000000
70586  -41.954  -10.891  62.576 1.0000000000
70587  -41.614  -10.273  63.138 1.0000000000
70589  -40.772  -8.772  62.853 1.0000000000
70648  -36.103  -21.440  51.536 1.0000000000
70649  -35.912  -21.821  50.941 1.0000000000
70650  -35.750  -21.145  51.221 1.0000000000
70651  -35.451  -20.854  51.003 1.0000000000
70652  -35.696  -20.414  51.615 1.0000000000
70653  -36.651  -22.852  56.315 1.0000000000
70654  -36.364  -23.113  55.616 1.0000000000
70655  -37.111  -22.598  56.218 1.0000000000
70656  -38.084  -21.280  55.761 1.0000000000
70657  -37.731  -21.944  55.557 1.0000000000
70658  -37.815  -21.569  55.208 1.0000000000
70659  -37.553  -21.847  54.601 1.0000000000
70660  -37.841  -21.147  54.866 1.0000000000
70661  -38.696  -18.116  57.362 1.0000000000
70662  -38.640  -18.925  57.114 1.0000000000
70663  -38.449  -18.511  56.683 1.0000000000
70664  -37.563  -18.795  54.965 1.0000000000
70665  -37.799  -19.212  55.216 1.0000000000
70666  -37.582  -19.579  54.666 1.0000000000
70667  -37.518  -20.324  54.337 1.0000000000
70668  -37.243  -19.932  53.962 1.0000000000
70669  -36.935  -20.284  53.379 1.0000000000
70670  -36.950  -19.534  53.711 1.0000000000
70671  -36.308  -18.010  53.352 1.0000000000
70672  -36.271  -18.776  53.071 1.0000000000
70673  -35.942  -18.378  52.743 1.0000000000
70674  -35.570  -18.858  52.122 1.0000000000
70675  -35.601  -18.080  52.350 1.0000000000
70676  -35.315  -17.734  52.017 1.0000000000
70677  -35.670  -17.322  52.585 1.0000000000
70678  -36.361  -15.436  53.718 1.0000000000
70679  -36.011  -15.856  53.095 1.0000000000
70680  -36.224  -15.113  53.275 1.0000000000
70682  -36.537  -14.439  53.408 1.0000000000
70683  -38.122  -13.887  56.350 1.0000000000
70684  -37.628  -14.279  55.677 1.0000000000
70685  -38.008  -13.566  55.903 1.0000000000
93602  -40.761  -11.720  59.331 1.0000000000
93603  -41.220  -11.018  59.618 1.0000000000
93604  -41.328  -11.291  60.068 1.0000000000
93605  -41.781  -10.864  60.859 1.0000000000
93606  -42.003  -10.240  61.587 1.0000000000
93617  -34.339  -24.434  52.369 1.0000000000
93618  -34.566  -24.156  53.197 1.0000000000
93619  -35.226  -23.844  53.827 1.0000000000
93620  -35.888  -23.526  54.375 1.0000000000
93621  -40.290  -15.251  60.029 1.0000000000
93622  -39.827  -15.712  59.463 1.0000000000
93623  -40.136  -14.887  59.718 1.0000000000
93624  -39.897  -14.485  59.336 1.0000000000
93625  -39.653  -14.122  58.893 1.0000000000
93626  -39.437  -13.729  58.433 1.0000000000
93627  -40.019  -13.319  59.058 1.0000000000
93628  -40.348  -12.488  59.179 1.0000000000
93634  -33.234  -23.539  55.890 1.0000000000
93636  -33.035  -23.706  55.135 1.0000000000
93640  -33.147  -24.312  53.305 1.0000000000
97922  -41.611  -14.568  62.893 1.0000000000
97923  -41.733  -13.787  63.429 1.0000000000
97924  -41.644  -14.218  63.863 1.0000000000
97925  -41.439  -13.789  64.601 1.0000000000
97926  -41.058  -13.009  65.008 1.0000000000
97936  -35.716  -22.760  58.472 1.0000000000
97937  -36.226  -22.650  58.269 1.0000000000
97938  -36.517  -22.420  58.999 1.0000000000
97939  -37.281  -21.958  59.444 1.0000000000
97940  -38.065  -21.408  59.947 1.0000000000
97941  -39.972  -18.696  62.970 1.0000000000
97942  -39.788  -19.205  62.228 1.0000000000
97943  -40.256  -18.327  62.784 1.0000000000
97944  -40.404  -17.845  62.308 1.0000000000
97945  -40.591  -17.428  62.034 1.0000000000
97946  -40.614  -16.969  61.678 1.0000000000
97947  -40.958  -16.493  62.398 1.0000000000
97948  -41.350  -15.546  62.703 1.0000000000
97957  -34.436  -22.671  60.009 1.0000000000
97960  -34.870  -22.763  59.362 1.0000000000
97961  -35.232  -22.763  58.873 1.0000000000
99057  -35.272  -15.698  51.448 1.0000000000
99058  -34.835  -16.129  50.782 1.0000000000
102247  -42.387  -7.890  60.221 1.0000000000
102248  -42.610  -7.742  59.766 1.0000000000
102256  -40.813  -10.194  63.965 1.0000000000
102257  -41.098  -9.805  63.501 1.0000000000
102258  -40.313  -9.566  63.642 1.0000000000
102259  -39.657  -8.950  63.160 1.0000000000
102260  -39.121  -8.583  62.365 1.0000000000
102288  -35.859  -23.805  51.886 1.0000000000
102291  -36.196  -23.386  51.255 1.0000000000
102294  -36.325  -22.442  51.361 1.0000000000
102295  -36.341  -21.760  51.769 1.0000000000
102296  -36.305  -21.021  52.065 1.0000000000
102297  -38.028  -21.703  57.168 1.0000000000
102298  -37.758  -22.039  56.504 1.0000000000
102299  -38.256  -21.367  56.839 1.0000000000
102300  -38.326  -20.941  56.496 1.0000000000
102301  -38.374  -20.558  56.192 1.0000000000
102302  -38.257  -17.276  56.818 1.0000000000
102303  -38.166  -18.072  56.316 1.0000000000
102304  -37.882  -17.621  56.038 1.0000000000
102305  -37.602  -18.021  55.380 1.0000000000
102306  -37.284  -18.371  54.718 1.0000000000
102307  -36.958  -18.767  54.037 1.0000000000
102308  -36.963  -17.989  54.321 1.0000000000
102309  -36.663  -17.602  54.060 1.0000000000
102310  -36.351  -17.256  53.658 1.0000000000
102311  -36.034  -16.896  53.252 1.0000000000
102312  -36.402  -16.526  53.945 1.0000000000
102313  -36.535  -15.751  54.197 1.0000000000
102314  -36.780  -15.061  54.392 1.0000000000
102315  -38.952  -12.496  56.643 1.0000000000
102316  -38.429  -12.882  56.044 1.0000000000
102317  -38.901  -12.266  56.123 1.0000000000
102318  -38.908  -12.030  55.533 1.0000000000
115202  -41.042  -16.349  64.572 1.0000000000
115203  -41.190  -15.368  64.946 1.0000000000
115213  -36.678  -21.896  61.312 1.0000000000
115214  -37.304  -21.692  61.142 1.0000000000
118564  -41.093  -10.339  58.159 1.0000000000
118565  -41.625  -9.870  58.884 1.0000000000
118566  -42.115  -9.261  59.536 1.0000000000
118567  -41.657  -10.296  59.918 1.0000000000
118568  -42.067  -9.508  60.078 1.0000000000
118569  -42.341  -8.721  60.244 1.0000000000
118571  -41.797  -7.518  60.935 1.0000000000
118573  -37.534  -10.015  62.765 1.0000000000
118599  -34.740  -24.251  52.308 1.0000000000
118600  -35.159  -24.186  52.237 1.0000000000
118602  -36.063  -23.584  52.463 1.0000000000
118603  -36.534  -23.064  52.807 1.0000000000
118604  -36.933  -22.441  53.227 1.0000000000
118605  -39.327  -18.665  58.844 1.0000000000
118606  -39.028  -19.043  58.090 1.0000000000
118607  -39.200  -18.192  58.502 1.0000000000
118608  -38.995  -17.747  58.097 1.0000000000
118609  -38.816  -17.305  57.737 1.0000000000
118610  -39.368  -16.114  58.750 1.0000000000
118611  -38.999  -16.554  58.216 1.0000000000
118612  -38.578  -16.889  57.412 1.0000000000
118613  -38.356  -16.501  57.116 1.0000000000
118614  -38.069  -16.067  56.717 1.0000000000
118615  -37.818  -15.720  56.354 1.0000000000
118616  -37.570  -15.327  55.914 1.0000000000
118617  -38.021  -14.975  56.616 1.0000000000
118618  -38.306  -14.213  56.850 1.0000000000
118619  -38.648  -13.467  57.007 1.0000000000
118620  -39.262  -13.369  57.999 1.0000000000
118621  -39.099  -13.039  57.549 1.0000000000
118622  -39.015  -12.755  57.092 1.0000000000
118623  -39.474  -12.077  57.179 1.0000000000
118624  -39.970  -11.431  57.258 1.0000000000
128642  -41.381  -13.100  61.196 1.0000000000
128643  -41.659  -12.229  61.498 1.0000000000
128644  -41.759  -12.588  61.953 1.0000000000
128645  -41.937  -12.115  62.745 1.0000000000
128646  -41.757  -11.620  63.484 1.0000000000
128647  -41.793  -12.823  63.635 1.0000000000
128648  -41.630  -11.988  63.892 1.0000000000
128649  -41.314  -11.143  64.038 1.0000000000
128650  -40.566  -10.577  64.378 1.0000000000
128651  -39.700  -10.330  64.418 1.0000000000
128652  -38.851  -10.234  64.177 1.0000000000
128654  -40.754  -13.366  65.461 1.0000000000
128655  -40.319  -12.531  65.459 1.0000000000
128660  -38.537  -10.606  64.299 1.0000000000
128671  -34.822  -23.552  55.730 1.0000000000
128672  -35.258  -23.511  55.486 1.0000000000
128673  -35.497  -23.323  56.181 1.0000000000
128674  -36.215  -22.997  56.635 1.0000000000
128675  -36.967  -22.561  57.131 1.0000000000
128676  -36.768  -22.525  57.989 1.0000000000
128677  -37.261  -22.285  57.850 1.0000000000
128678  -37.666  -22.068  57.408 1.0000000000
128679  -38.273  -21.385  57.916 1.0000000000
128680  -38.700  -20.672  58.346 1.0000000000
128681  -39.022  -19.906  58.701 1.0000000000
128682  -37.848  -21.385  60.881 1.0000000000
128683  -38.283  -21.095  60.396 1.0000000000
128684  -38.636  -20.744  60.335 1.0000000000
128685  -39.432  -19.579  61.552 1.0000000000
128686  -39.195  -20.000  60.681 1.0000000000
128687  -38.938  -20.382  60.000 1.0000000000
128688  -39.125  -19.936  59.637 1.0000000000
128689  -39.313  -19.537  59.542 1.0000000000
128690  -39.315  -19.081  59.066 1.0000000000
128691  -39.598  -18.267  59.505 1.0000000000
128692  -39.861  -17.381  59.920 1.0000000000
128693  -40.146  -16.559  60.304 1.0000000000
128694  -40.618  -16.579  61.299 1.0000000000
128695  -40.574  -16.105  60.913 1.0000000000
128696  -40.442  -15.717  60.487 1.0000000000
128697  -40.761  -14.798  60.663 1.0000000000
128698  -41.059  -13.935  60.939 1.0000000000
128722  -33.775  -23.079  57.982 1.0000000000
128723  -33.632  -23.223  57.343 1.0000000000
128724  -33.463  -23.384  56.613 1.0000000000
128725  -33.869  -23.487  56.357 1.0000000000
128726  -34.218  -23.588  55.824 1.0000000000
131037  -34.573  -18.691  50.798 1.0000000000
131038  -34.266  -19.225  50.206 1.0000000000
131039  -34.283  -18.372  50.404 1.0000000000
131040  -33.988  -18.132  49.873 1.0000000000
131042  -34.380  -16.579  50.110 1.0000000000
137791  -41.900  -11.483  61.822 1.0000000000
137792  -41.972  -10.624  62.129 1.0000000000
137793  -41.849  -9.619  62.247 1.0000000000
137794  -41.262  -9.500  63.101 1.0000000000
137795  -41.443  -9.143  62.671 1.0000000000
137796  -41.660  -8.844  62.168 1.0000000000
137797  -41.286  -8.111  61.937 1.0000000000
137800  -37.997  -9.130  62.135 1.0000000000
137868  -36.041  -22.515  50.574 1.0000000000
137869  -35.805  -22.252  50.361 1.0000000000
137873  -34.976  -19.782  50.977 1.0000000000
137874  -35.702  -23.439  55.285 1.0000000000
137875  -36.152  -23.301  55.102 1.0000000000
137876  -36.503  -23.139  54.602 1.0000000000
137877  -37.453  -22.330  55.843 1.0000000000
137878  -37.159  -22.575  55.222 1.0000000000
137879  -36.892  -22.851  54.459 1.0000000000
137880  -37.097  -22.524  54.122 1.0000000000
137881  -37.191  -22.168  53.794 1.0000000000
137882  -37.198  -21.788  53.515 1.0000000000
137883  -38.763  -19.393  57.276 1.0000000000
137884  -38.525  -19.731  56.582 1.0000000000
137885  -38.277  -20.123  55.935 1.0000000000
137886  -38.052  -18.822  55.904 1.0000000000
137887  -38.095  -19.659  55.569 1.0000000000
137888  -37.994  -20.447  55.217 1.0000000000
137889  -37.696  -20.738  54.554 1.0000000000
137890  -37.406  -21.055  53.932 1.0000000000
137891  -37.097  -21.387  53.287 1.0000000000
137892  -36.878  -21.023  52.984 1.0000000000
137893  -36.574  -20.667  52.724 1.0000000000
137894  -36.309  -20.327  52.489 1.0000000000
137895  -36.607  -19.126  53.399 1.0000000000
137896  -36.307  -19.539  52.841 1.0000000000
137897  -35.935  -19.956  52.149 1.0000000000
137898  -35.626  -19.634  51.906 1.0000000000
137899  -35.284  -19.289  51.601 1.0000000000
137900  -34.927  -19.019  51.173 1.0000000000
137901  -34.949  -18.199  51.418 1.0000000000
137902  -35.028  -17.432  51.564 1.0000000000
137903  -35.233  -16.679  51.840 1.0000000000
137904  -35.770  -16.577  52.862 1.0000000000
137905  -35.588  -16.278  52.443 1.0000000000
137906  -35.417  -15.958  51.951 1.0000000000
137907  -35.673  -15.250  52.074 1.0000000000
137910  -37.349  -14.990  55.482 1.0000000000
137911  -37.172  -14.647  55.011 1.0000000000
137912  -37.048  -14.344  54.498 1.0000000000
137913  -37.934  -13.275  55.363 1.0000000000
137914  -37.461  -13.669  54.716 1.0000000000
137915  -36.978  -14.048  54.021 1.0000000000
