#!ascii label  , from subject 40tvs8ref_sym_20 vox2ras=TkReg
455
433  -49.708  -1.387  -15.095 1.0000000000
434  -40.763  -6.915  -17.445 1.0000000000
1358  -48.421  4.185  -19.135 1.0000000000
1969  -49.427  -7.481  -11.594 1.0000000000
1970  -45.115  -10.794  -14.613 1.0000000000
1971  -46.053  -5.860  -17.709 1.0000000000
1972  -45.662  -1.130  -21.266 1.0000000000
1974  -40.765  -3.430  -20.397 1.0000000000
4321  -44.305  -13.085  -13.155 1.0000000000
4323  -40.369  -8.410  -15.767 1.0000000000
4324  -42.944  -9.234  -16.709 1.0000000000
4325  -43.504  -7.223  -18.401 1.0000000000
4326  -46.021  -3.452  -19.438 1.0000000000
4327  -43.631  -5.170  -19.982 1.0000000000
5513  -49.770  -4.415  -13.266 1.0000000000
5515  -51.318  1.486  -13.180 1.0000000000
7052  -49.235  1.532  -17.043 1.0000000000
7053  -50.809  4.530  -15.375 1.0000000000
7054  -49.862  7.217  -17.738 1.0000000000
8498  -46.744  -12.086  -11.720 1.0000000000
8499  -47.428  -9.349  -13.190 1.0000000000
8500  -47.934  -6.493  -14.728 1.0000000000
8501  -42.230  -11.123  -15.055 1.0000000000
8502  -45.703  -8.380  -16.145 1.0000000000
8503  -48.020  -3.679  -16.441 1.0000000000
8504  -47.773  -0.994  -18.313 1.0000000000
8505  -47.157  1.522  -20.288 1.0000000000
8512  -40.925  -5.292  -19.059 1.0000000000
8513  -43.363  -3.121  -21.590 1.0000000000
12003  -40.545  -7.689  -16.592 1.0000000000
12004  -41.807  -8.173  -17.256 1.0000000000
12005  -42.008  -7.329  -18.091 1.0000000000
12006  -43.597  -6.195  -19.173 1.0000000000
12007  -42.221  -6.444  -19.005 1.0000000000
13193  -49.761  -2.908  -14.141 1.0000000000
13194  -50.672  -1.493  -13.216 1.0000000000
13195  -50.558  0.087  -14.156 1.0000000000
15593  -48.878  2.950  -18.101 1.0000000000
15594  -49.651  4.485  -17.347 1.0000000000
15595  -49.134  5.757  -18.456 1.0000000000
18723  -44.700  -12.000  -13.915 1.0000000000
18724  -45.960  -11.522  -13.262 1.0000000000
18725  -46.329  -10.182  -13.954 1.0000000000
18726  -47.706  -7.931  -13.950 1.0000000000
18727  -46.635  -8.836  -14.706 1.0000000000
18729  -40.567  -11.360  -13.802 1.0000000000
18730  -40.913  -10.628  -14.664 1.0000000000
18731  -44.618  -7.866  -17.392 1.0000000000
18732  -44.359  -8.992  -16.611 1.0000000000
18733  -45.895  -7.161  -16.921 1.0000000000
18734  -47.012  -6.172  -16.241 1.0000000000
18735  -47.069  -4.813  -17.088 1.0000000000
18736  -47.946  -2.289  -17.359 1.0000000000
18737  -47.056  -3.520  -17.971 1.0000000000
18738  -45.901  -2.298  -20.341 1.0000000000
18739  -46.779  -0.952  -19.874 1.0000000000
18740  -46.476  0.124  -20.815 1.0000000000
18741  -46.756  2.595  -21.267 1.0000000000
18742  -46.089  1.191  -21.761 1.0000000000
18758  -40.933  -4.363  -19.800 1.0000000000
18759  -42.178  -4.531  -20.527 1.0000000000
18760  -42.002  -3.555  -21.187 1.0000000000
22306  -51.179  7.290  -15.654 1.0000000000
22307  -51.579  5.886  -14.391 1.0000000000
24332  -47.852  5.396  -20.192 1.0000000000
24333  -48.486  6.979  -19.549 1.0000000000
26212  -43.299  -12.165  -14.226 1.0000000000
26214  -41.208  -9.865  -15.503 1.0000000000
26215  -41.493  -9.044  -16.367 1.0000000000
26216  -43.195  -8.251  -17.546 1.0000000000
26217  -44.815  -6.726  -18.211 1.0000000000
26218  -46.084  -4.589  -18.555 1.0000000000
26219  -44.939  -5.540  -19.016 1.0000000000
26220  -44.926  -4.437  -19.837 1.0000000000
26221  -44.839  -3.378  -20.689 1.0000000000
28355  -49.664  -5.948  -12.410 1.0000000000
28357  -50.718  -3.079  -12.345 1.0000000000
31814  -49.537  0.061  -16.056 1.0000000000
31815  -50.365  1.603  -15.198 1.0000000000
31816  -50.034  3.081  -16.258 1.0000000000
31817  -50.411  5.871  -16.519 1.0000000000
31818  -50.665  8.568  -16.940 1.0000000000
31819  -49.189  8.499  -18.916 1.0000000000
35764  -48.138  -9.902  -11.612 1.0000000000
35765  -45.603  -12.719  -12.522 1.0000000000
35766  -47.102  -10.749  -12.461 1.0000000000
35767  -48.479  -8.399  -12.393 1.0000000000
35768  -48.702  -6.957  -13.202 1.0000000000
35769  -48.875  -5.485  -13.997 1.0000000000
35770  -48.920  -3.999  -14.844 1.0000000000
35772  -41.858  -11.952  -14.192 1.0000000000
35773  -43.709  -11.164  -15.040 1.0000000000
35774  -42.604  -10.189  -15.871 1.0000000000
35775  -44.091  -10.060  -15.816 1.0000000000
35776  -45.417  -9.592  -15.378 1.0000000000
35777  -46.891  -7.517  -15.479 1.0000000000
35778  -47.991  -5.080  -15.581 1.0000000000
35779  -48.880  -2.531  -15.800 1.0000000000
35780  -48.788  -1.038  -16.756 1.0000000000
35781  -48.531  0.366  -17.740 1.0000000000
35782  -48.195  1.628  -18.702 1.0000000000
35783  -46.973  -2.222  -18.913 1.0000000000
35784  -47.487  0.330  -19.296 1.0000000000
35785  -47.794  2.861  -19.712 1.0000000000
35786  -47.304  4.011  -20.767 1.0000000000
35806  -40.879  -6.137  -18.297 1.0000000000
35807  -42.234  -5.475  -19.772 1.0000000000
35808  -43.578  -4.131  -20.828 1.0000000000
35809  -44.607  -2.243  -21.568 1.0000000000
35812  -45.270  -0.030  -22.170 1.0000000000
40081  -51.107  3.016  -14.227 1.0000000000
40082  -51.870  4.436  -13.235 1.0000000000
42723  -40.662  -7.326  -17.033 1.0000000000
42724  -41.251  -7.597  -17.397 1.0000000000
42725  -41.354  -7.162  -17.809 1.0000000000
42726  -42.102  -6.859  -18.509 1.0000000000
42727  -41.448  -6.750  -18.247 1.0000000000
43913  -49.731  -2.157  -14.589 1.0000000000
43914  -50.203  -1.417  -14.164 1.0000000000
43915  -50.119  -0.675  -14.636 1.0000000000
46313  -48.654  3.583  -18.617 1.0000000000
46314  -49.025  4.356  -18.252 1.0000000000
46315  -48.773  5.012  -18.800 1.0000000000
49443  -44.912  -11.378  -14.253 1.0000000000
49444  -45.542  -11.157  -13.958 1.0000000000
49445  -45.748  -10.506  -14.309 1.0000000000
49446  -46.524  -9.491  -14.323 1.0000000000
49447  -45.914  -9.913  -14.682 1.0000000000
49449  -40.197  -10.607  -13.929 1.0000000000
49450  -40.352  -10.254  -14.352 1.0000000000
49451  -45.363  -6.938  -17.568 1.0000000000
49452  -45.253  -7.576  -17.190 1.0000000000
49453  -45.978  -6.506  -17.298 1.0000000000
49454  -46.532  -6.013  -16.996 1.0000000000
49455  -46.585  -5.344  -17.414 1.0000000000
49456  -47.090  -4.164  -17.529 1.0000000000
49457  -46.632  -4.687  -17.840 1.0000000000
49458  -45.793  -1.704  -20.810 1.0000000000
49459  -46.241  -1.080  -20.599 1.0000000000
49460  -46.091  -0.526  -21.055 1.0000000000
49461  -46.294  0.669  -21.288 1.0000000000
49462  -45.938  0.033  -21.513 1.0000000000
49474  -40.251  -3.166  -19.890 1.0000000000
49477  -40.406  -4.087  -19.285 1.0000000000
49478  -40.872  -3.907  -20.106 1.0000000000
49479  -41.474  -4.053  -20.560 1.0000000000
49480  -41.365  -3.557  -20.843 1.0000000000
53018  -49.307  -8.217  -11.190 1.0000000000
53027  -51.603  7.977  -15.215 1.0000000000
55914  -47.831  6.744  -20.389 1.0000000000
59046  -43.085  -12.649  -13.832 1.0000000000
59047  -42.355  -12.565  -13.842 1.0000000000
59048  -40.233  -8.751  -15.299 1.0000000000
59049  -40.772  -9.143  -15.645 1.0000000000
59050  -40.938  -8.760  -16.119 1.0000000000
59051  -42.627  -7.795  -17.881 1.0000000000
59052  -42.477  -8.265  -17.451 1.0000000000
59053  -43.343  -7.725  -17.960 1.0000000000
59054  -44.030  -7.559  -17.924 1.0000000000
59055  -44.187  -7.007  -18.339 1.0000000000
59056  -44.915  -6.113  -18.614 1.0000000000
59057  -44.263  -6.443  -18.738 1.0000000000
59058  -43.634  -5.700  -19.585 1.0000000000
59059  -44.345  -5.405  -19.538 1.0000000000
59060  -44.291  -4.860  -19.945 1.0000000000
59061  -44.870  -3.908  -20.258 1.0000000000
59062  -44.266  -4.349  -20.369 1.0000000000
62618  -49.735  -5.150  -12.847 1.0000000000
62619  -50.237  -4.525  -12.353 1.0000000000
62620  -50.262  -3.744  -12.796 1.0000000000
62621  -51.020  0.008  -13.216 1.0000000000
62622  -51.075  -0.794  -12.742 1.0000000000
69818  -49.387  0.792  -16.533 1.0000000000
69819  -49.824  1.576  -16.131 1.0000000000
69820  -49.658  2.278  -16.652 1.0000000000
69821  -49.768  5.861  -17.542 1.0000000000
69822  -50.020  5.238  -16.971 1.0000000000
69823  -50.153  6.582  -17.151 1.0000000000
69824  -50.558  7.253  -16.732 1.0000000000
69825  -50.269  7.906  -17.357 1.0000000000
69827  -48.833  7.761  -19.241 1.0000000000
69828  -48.817  9.050  -19.475 1.0000000000
79203  -46.529  -12.773  -11.371 1.0000000000
79207  -47.456  -11.022  -11.665 1.0000000000
79210  -44.968  -12.949  -12.860 1.0000000000
79211  -46.728  -10.464  -13.218 1.0000000000
79212  -46.537  -11.173  -12.873 1.0000000000
79213  -47.288  -10.033  -12.807 1.0000000000
79214  -47.833  -9.560  -12.407 1.0000000000
79215  -47.974  -8.853  -12.784 1.0000000000
79216  -48.596  -7.684  -12.784 1.0000000000
79217  -48.086  -8.176  -13.181 1.0000000000
79218  -47.822  -7.213  -14.337 1.0000000000
79219  -48.314  -6.714  -13.963 1.0000000000
79220  -48.404  -5.968  -14.357 1.0000000000
79221  -48.921  -4.700  -14.410 1.0000000000
79222  -48.438  -5.297  -14.779 1.0000000000
79226  -41.328  -11.316  -14.460 1.0000000000
79227  -41.185  -11.696  -14.036 1.0000000000
79228  -42.043  -11.537  -14.622 1.0000000000
79229  -42.780  -11.645  -14.671 1.0000000000
79230  -42.979  -11.204  -15.114 1.0000000000
79231  -42.063  -9.631  -16.174 1.0000000000
79232  -41.888  -10.092  -15.738 1.0000000000
79233  -42.776  -9.732  -16.307 1.0000000000
79234  -45.057  -8.732  -16.413 1.0000000000
79235  -44.280  -9.522  -16.248 1.0000000000
79236  -44.933  -9.331  -16.033 1.0000000000
79237  -44.757  -9.871  -15.633 1.0000000000
79238  -45.578  -8.991  -15.770 1.0000000000
79239  -46.184  -8.623  -15.444 1.0000000000
79240  -46.309  -7.968  -15.831 1.0000000000
79241  -47.556  -4.951  -16.302 1.0000000000
79242  -47.510  -5.651  -15.913 1.0000000000
79243  -48.035  -4.332  -15.991 1.0000000000
79244  -48.454  -3.816  -15.683 1.0000000000
79245  -48.462  -3.068  -16.138 1.0000000000
79246  -48.838  -1.799  -16.275 1.0000000000
79247  -48.430  -2.362  -16.602 1.0000000000
79248  -47.865  -1.633  -17.841 1.0000000000
79249  -48.272  -0.967  -17.547 1.0000000000
79250  -48.165  -0.328  -18.033 1.0000000000
79251  -48.371  0.981  -18.200 1.0000000000
79252  -48.029  0.304  -18.497 1.0000000000
79253  -46.074  -3.991  -19.007 1.0000000000
79254  -46.583  -3.382  -18.725 1.0000000000
79255  -46.514  -2.796  -19.220 1.0000000000
79256  -47.002  0.299  -20.094 1.0000000000
79257  -47.140  -0.329  -19.591 1.0000000000
79258  -47.316  0.892  -19.789 1.0000000000
79259  -47.667  1.574  -19.491 1.0000000000
79260  -47.476  2.181  -19.988 1.0000000000
79261  -47.554  3.446  -20.229 1.0000000000
79262  -47.262  2.765  -20.508 1.0000000000
79309  -40.411  -4.975  -18.601 1.0000000000
79311  -40.351  -5.385  -18.193 1.0000000000
79313  -40.900  -5.697  -18.669 1.0000000000
79314  -41.545  -5.888  -19.086 1.0000000000
79315  -41.540  -5.466  -19.465 1.0000000000
79316  -42.797  -3.907  -21.103 1.0000000000
79317  -42.869  -4.417  -20.727 1.0000000000
79318  -43.476  -3.634  -21.213 1.0000000000
79319  -44.136  -3.233  -21.220 1.0000000000
79320  -44.010  -2.719  -21.628 1.0000000000
89956  -50.607  3.077  -15.264 1.0000000000
89957  -50.735  2.276  -14.709 1.0000000000
89958  -50.979  3.746  -14.767 1.0000000000
89960  -51.738  5.201  -13.777 1.0000000000
89961  -52.143  5.891  -13.292 1.0000000000
95333  -40.443  -8.059  -16.165 1.0000000000
95334  -41.049  -8.382  -16.553 1.0000000000
95335  -41.137  -7.990  -16.955 1.0000000000
95336  -41.899  -7.784  -17.670 1.0000000000
95337  -42.730  -7.359  -18.291 1.0000000000
95338  -43.528  -6.710  -18.758 1.0000000000
95339  -42.807  -6.846  -18.682 1.0000000000
95340  -42.873  -6.404  -19.108 1.0000000000
95341  -42.946  -5.861  -19.525 1.0000000000
97475  -49.778  -3.682  -13.705 1.0000000000
97476  -50.273  -2.946  -13.228 1.0000000000
97477  -50.241  -2.186  -13.686 1.0000000000
97478  -50.617  -0.707  -13.662 1.0000000000
97479  -50.938  0.809  -13.667 1.0000000000
101795  -49.078  2.253  -17.573 1.0000000000
101796  -49.471  3.000  -17.175 1.0000000000
101797  -49.264  3.710  -17.717 1.0000000000
101798  -49.409  5.131  -17.902 1.0000000000
101799  -49.494  6.496  -18.109 1.0000000000
107428  -45.998  -13.053  -11.797 1.0000000000
107429  -44.508  -12.535  -13.528 1.0000000000
107430  -45.167  -12.360  -13.236 1.0000000000
107431  -45.355  -11.787  -13.614 1.0000000000
107432  -46.162  -10.844  -13.600 1.0000000000
107433  -46.889  -9.791  -13.577 1.0000000000
107434  -47.554  -8.686  -13.574 1.0000000000
107435  -47.038  -9.127  -13.938 1.0000000000
107436  -47.187  -8.413  -14.324 1.0000000000
107437  -47.293  -7.728  -14.716 1.0000000000
107440  -40.047  -10.955  -13.517 1.0000000000
107441  -40.722  -11.003  -14.232 1.0000000000
107442  -41.534  -10.920  -14.901 1.0000000000
107443  -43.815  -8.652  -17.115 1.0000000000
107444  -43.639  -9.169  -16.708 1.0000000000
107445  -44.468  -8.451  -17.007 1.0000000000
107446  -45.153  -8.156  -16.802 1.0000000000
107447  -45.783  -7.784  -16.529 1.0000000000
107448  -46.383  -7.326  -16.206 1.0000000000
107449  -46.446  -6.726  -16.607 1.0000000000
107450  -47.044  -5.506  -16.656 1.0000000000
107451  -47.547  -4.276  -16.757 1.0000000000
107452  -47.992  -3.014  -16.891 1.0000000000
107453  -47.537  -3.577  -17.203 1.0000000000
107454  -47.501  -2.916  -17.667 1.0000000000
107455  -47.440  -2.256  -18.135 1.0000000000
107456  -45.964  -2.849  -19.892 1.0000000000
107457  -46.437  -2.216  -19.660 1.0000000000
107458  -46.353  -1.640  -20.123 1.0000000000
107459  -46.641  -0.439  -20.336 1.0000000000
107460  -46.830  0.784  -20.553 1.0000000000
107461  -46.964  2.034  -20.773 1.0000000000
107462  -46.642  1.319  -21.032 1.0000000000
107463  -46.426  1.930  -21.530 1.0000000000
107464  -46.178  2.408  -21.994 1.0000000000
107491  -40.406  -4.517  -18.936 1.0000000000
107492  -40.942  -4.835  -19.448 1.0000000000
107493  -41.544  -4.996  -19.844 1.0000000000
107494  -41.500  -4.534  -20.195 1.0000000000
107495  -42.109  -4.063  -20.877 1.0000000000
107496  -42.680  -3.410  -21.442 1.0000000000
113878  -50.993  5.934  -15.500 1.0000000000
113879  -51.172  5.190  -14.881 1.0000000000
113880  -51.385  6.601  -15.035 1.0000000000
113881  -51.806  7.266  -14.536 1.0000000000
118214  -48.153  4.803  -19.671 1.0000000000
118215  -48.490  5.592  -19.330 1.0000000000
118216  -48.191  6.188  -19.866 1.0000000000
122596  -43.359  -13.661  -12.965 1.0000000000
122599  -43.590  -13.143  -13.346 1.0000000000
122601  -44.005  -12.121  -14.132 1.0000000000
122602  -44.227  -11.546  -14.470 1.0000000000
122604  -40.483  -9.897  -14.784 1.0000000000
122606  -41.376  -9.432  -15.932 1.0000000000
122607  -42.199  -9.193  -16.590 1.0000000000
122608  -41.671  -8.625  -16.841 1.0000000000
122609  -42.313  -8.773  -17.023 1.0000000000
122610  -43.059  -8.785  -17.135 1.0000000000
122611  -43.915  -8.111  -17.520 1.0000000000
122612  -44.709  -7.288  -17.785 1.0000000000
122613  -45.429  -6.354  -17.985 1.0000000000
122614  -46.081  -5.274  -18.124 1.0000000000
122615  -45.488  -5.758  -18.395 1.0000000000
122616  -45.532  -5.101  -18.816 1.0000000000
122617  -45.525  -4.544  -19.243 1.0000000000
122618  -44.279  -5.921  -19.133 1.0000000000
122619  -44.949  -4.997  -19.440 1.0000000000
122620  -45.498  -3.969  -19.670 1.0000000000
122621  -45.450  -3.390  -20.106 1.0000000000
122622  -45.392  -2.815  -20.561 1.0000000000
122623  -45.296  -2.265  -20.994 1.0000000000
122645  -40.624  -2.989  -20.680 1.0000000000
122646  -41.227  -3.095  -21.171 1.0000000000
127601  -49.540  -6.737  -11.997 1.0000000000
127602  -50.102  -6.068  -11.538 1.0000000000
127606  -50.717  -2.318  -12.797 1.0000000000
127607  -51.125  -1.613  -12.299 1.0000000000
132313  -39.857  -7.996  -15.348 1.0000000000
132314  -39.944  -7.652  -15.762 1.0000000000
132315  -40.050  -7.306  -16.206 1.0000000000
132316  -40.147  -6.952  -16.588 1.0000000000
136820  -49.620  -0.653  -15.568 1.0000000000
136821  -50.047  0.109  -15.145 1.0000000000
136822  -49.931  0.873  -15.645 1.0000000000
136823  -50.215  2.349  -15.715 1.0000000000
136824  -50.446  3.803  -15.842 1.0000000000
136825  -49.858  3.790  -16.798 1.0000000000
136826  -50.234  4.514  -16.401 1.0000000000
136827  -50.629  5.216  -15.961 1.0000000000
136828  -50.802  6.628  -16.146 1.0000000000
136829  -50.943  7.912  -16.302 1.0000000000
136830  -51.094  9.250  -16.537 1.0000000000
136831  -48.834  6.399  -19.022 1.0000000000
136832  -49.184  7.188  -18.686 1.0000000000
136833  -49.535  7.886  -18.346 1.0000000000
136834  -49.187  9.768  -19.151 1.0000000000
136836  -49.935  8.542  -17.936 1.0000000000
136838  -50.803  9.892  -17.197 1.0000000000
148282  -48.799  -8.726  -11.583 1.0000000000
148284  -45.395  -13.328  -12.181 1.0000000000
148285  -46.192  -12.419  -12.140 1.0000000000
148286  -45.785  -12.127  -12.891 1.0000000000
148287  -46.383  -11.799  -12.501 1.0000000000
148288  -46.937  -11.407  -12.087 1.0000000000
148289  -47.642  -10.311  -12.041 1.0000000000
148290  -48.323  -9.140  -11.998 1.0000000000
148291  -48.941  -7.972  -11.985 1.0000000000
148292  -49.074  -7.228  -12.397 1.0000000000
148293  -49.199  -6.436  -12.823 1.0000000000
148294  -49.266  -5.699  -13.239 1.0000000000
148295  -48.195  -7.478  -13.566 1.0000000000
148296  -48.793  -6.227  -13.595 1.0000000000
148297  -49.329  -4.970  -13.643 1.0000000000
148298  -49.350  -4.219  -14.066 1.0000000000
148299  -49.353  -3.435  -14.493 1.0000000000
148300  -49.335  -2.710  -14.939 1.0000000000
148304  -40.413  -11.729  -13.390 1.0000000000
148305  -40.997  -12.085  -13.623 1.0000000000
148307  -42.581  -12.107  -14.264 1.0000000000
148308  -43.507  -11.645  -14.611 1.0000000000
148309  -44.422  -11.008  -14.862 1.0000000000
148310  -41.072  -10.246  -15.082 1.0000000000
148311  -41.735  -10.486  -15.314 1.0000000000
148312  -42.438  -10.632  -15.455 1.0000000000
148313  -43.513  -9.694  -16.327 1.0000000000
148314  -43.367  -10.172  -15.917 1.0000000000
148315  -43.184  -10.667  -15.492 1.0000000000
148316  -43.898  -10.608  -15.415 1.0000000000
148317  -44.583  -10.461  -15.251 1.0000000000
148318  -45.281  -10.205  -15.009 1.0000000000
148319  -46.041  -9.247  -15.063 1.0000000000
148320  -46.754  -8.177  -15.092 1.0000000000
148321  -47.385  -7.082  -15.102 1.0000000000
148322  -46.950  -6.834  -15.864 1.0000000000
148323  -47.465  -6.332  -15.516 1.0000000000
148324  -47.957  -5.810  -15.150 1.0000000000
148325  -48.459  -4.557  -15.218 1.0000000000
148326  -48.904  -3.296  -15.305 1.0000000000
148327  -49.293  -1.986  -15.433 1.0000000000
148328  -49.232  -1.257  -15.915 1.0000000000
148329  -49.138  -0.557  -16.402 1.0000000000
148330  -49.028  0.235  -16.896 1.0000000000
148331  -48.374  -1.643  -17.063 1.0000000000
148332  -48.658  -0.332  -17.239 1.0000000000
148333  -48.890  0.953  -17.408 1.0000000000
148334  -48.743  1.684  -17.939 1.0000000000
148335  -48.531  2.290  -18.413 1.0000000000
148336  -48.322  2.905  -18.918 1.0000000000
148337  -46.596  -4.054  -18.268 1.0000000000
148338  -47.018  -2.837  -18.434 1.0000000000
148339  -47.381  -1.524  -18.619 1.0000000000
148340  -46.879  -1.564  -19.397 1.0000000000
148341  -47.263  -0.944  -19.100 1.0000000000
148342  -47.641  -0.276  -18.806 1.0000000000
148343  -47.853  0.997  -19.003 1.0000000000
148344  -48.004  2.287  -19.219 1.0000000000
148345  -48.100  3.538  -19.450 1.0000000000
148346  -47.844  4.143  -19.957 1.0000000000
148347  -47.565  4.718  -20.475 1.0000000000
148348  -47.261  5.294  -20.977 1.0000000000
148349  -47.037  3.321  -21.020 1.0000000000
148350  -46.997  4.540  -21.270 1.0000000000
148381  -40.222  -6.562  -17.005 1.0000000000
148407  -40.239  -6.218  -17.383 1.0000000000
148408  -40.846  -6.538  -17.915 1.0000000000
148409  -41.530  -6.367  -18.712 1.0000000000
148410  -42.246  -5.926  -19.379 1.0000000000
148411  -42.949  -5.359  -19.936 1.0000000000
148412  -42.228  -5.024  -20.159 1.0000000000
148413  -42.935  -4.908  -20.346 1.0000000000
148414  -43.636  -4.650  -20.435 1.0000000000
148415  -44.249  -3.762  -20.818 1.0000000000
148416  -44.745  -2.774  -21.148 1.0000000000
148417  -45.162  -1.692  -21.457 1.0000000000
148420  -43.206  -2.614  -21.953 1.0000000000
148423  -43.848  -2.172  -22.024 1.0000000000
148425  -44.983  -1.162  -21.889 1.0000000000
148426  -45.502  -0.547  -21.727 1.0000000000
148427  -45.717  0.618  -21.993 1.0000000000
148428  -45.843  1.782  -22.242 1.0000000000
161197  -50.461  0.812  -14.670 1.0000000000
161198  -50.841  1.545  -14.171 1.0000000000
161199  -51.228  2.314  -13.718 1.0000000000
161200  -51.367  4.478  -14.277 1.0000000000
161201  -51.492  3.769  -13.741 1.0000000000
161202  -51.596  2.962  -13.186 1.0000000000
161203  -51.973  3.642  -12.720 1.0000000000
