#!ascii label  , from subject 40tvs8ref_sym_20 vox2ras=TkReg
238
288  -44.149  -51.229  13.936 1.0000000000
1225  -46.791  -50.038  9.395 1.0000000000
1226  -49.515  -54.103  11.088 1.0000000000
1227  -52.840  -52.220  7.598 1.0000000000
3145  -48.078  -49.277  7.532 1.0000000000
3146  -49.718  -51.242  8.332 1.0000000000
3147  -51.218  -50.251  6.651 1.0000000000
3148  -54.185  -51.047  5.929 1.0000000000
6813  -45.401  -50.673  11.575 1.0000000000
6814  -46.507  -52.869  12.225 1.0000000000
6815  -48.122  -52.124  10.216 1.0000000000
6816  -51.203  -53.191  9.325 1.0000000000
7742  -44.326  -48.868  13.744 1.0000000000
7743  -45.163  -48.338  11.312 1.0000000000
7744  -46.048  -47.694  9.139 1.0000000000
9471  -47.837  -54.866  13.103 1.0000000000
10826  -49.665  -49.827  7.031 1.0000000000
15195  -46.071  -50.386  10.455 1.0000000000
15196  -46.656  -51.471  10.788 1.0000000000
15197  -47.421  -51.110  9.775 1.0000000000
15198  -51.276  -51.735  7.942 1.0000000000
15199  -50.482  -52.225  8.786 1.0000000000
15200  -52.042  -52.704  8.437 1.0000000000
15201  -52.774  -53.724  8.988 1.0000000000
15202  -53.653  -53.250  8.103 1.0000000000
15204  -54.350  -52.685  7.306 1.0000000000
17003  -44.731  -48.597  12.504 1.0000000000
21113  -47.961  -53.531  11.611 1.0000000000
21114  -47.147  -53.869  12.642 1.0000000000
21115  -48.624  -54.492  12.071 1.0000000000
24093  -47.439  -49.653  8.451 1.0000000000
24094  -48.170  -50.685  8.802 1.0000000000
24095  -48.962  -50.300  7.885 1.0000000000
24096  -50.486  -50.763  7.514 1.0000000000
24097  -52.075  -51.215  7.142 1.0000000000
24098  -53.558  -51.661  6.792 1.0000000000
24099  -52.719  -50.664  6.263 1.0000000000
27644  -51.134  -54.671  10.610 1.0000000000
27645  -50.222  -55.134  11.565 1.0000000000
31257  -44.761  -50.968  12.722 1.0000000000
31258  -45.169  -52.131  12.992 1.0000000000
31259  -45.916  -51.821  11.871 1.0000000000
31260  -47.314  -52.526  11.183 1.0000000000
31261  -48.850  -53.118  10.663 1.0000000000
31262  -48.924  -51.686  9.235 1.0000000000
31263  -49.697  -52.678  9.690 1.0000000000
31264  -50.401  -53.649  10.195 1.0000000000
31265  -51.991  -54.180  9.764 1.0000000000
31272  -55.019  -52.096  6.464 1.0000000000
33632  -44.096  -50.055  13.783 1.0000000000
33633  -44.622  -49.810  12.538 1.0000000000
33634  -45.117  -49.514  11.396 1.0000000000
33635  -45.707  -49.214  10.281 1.0000000000
33637  -45.588  -48.011  10.186 1.0000000000
33638  -46.278  -48.906  9.187 1.0000000000
33639  -46.883  -48.579  8.213 1.0000000000
38649  -45.673  -53.142  13.382 1.0000000000
38650  -46.377  -54.187  13.757 1.0000000000
38652  -49.347  -55.505  12.514 1.0000000000
43515  -43.860  -51.336  14.535 1.0000000000
43517  -44.268  -51.818  14.040 1.0000000000
45915  -46.425  -50.214  9.923 1.0000000000
45916  -46.708  -50.777  10.084 1.0000000000
45917  -47.065  -50.574  9.568 1.0000000000
45918  -52.054  -51.976  7.759 1.0000000000
45919  -51.661  -52.225  8.180 1.0000000000
45920  -52.463  -52.462  8.014 1.0000000000
45921  -52.834  -52.976  8.286 1.0000000000
45922  -53.281  -52.714  7.859 1.0000000000
45923  -53.996  -52.959  7.716 1.0000000000
45924  -53.614  -52.446  7.465 1.0000000000
51833  -48.700  -53.807  11.344 1.0000000000
51834  -48.283  -54.005  11.838 1.0000000000
51835  -49.060  -54.307  11.573 1.0000000000
55515  -47.772  -49.466  7.992 1.0000000000
55516  -48.166  -49.971  8.159 1.0000000000
55517  -48.511  -49.781  7.732 1.0000000000
55518  -50.450  -50.031  6.845 1.0000000000
55519  -50.120  -50.277  7.287 1.0000000000
55520  -50.871  -50.491  7.095 1.0000000000
55521  -51.266  -50.984  7.329 1.0000000000
55522  -51.660  -50.717  6.895 1.0000000000
55523  -52.422  -50.947  6.693 1.0000000000
55524  -51.971  -50.472  6.464 1.0000000000
61433  -51.895  -54.942  10.422 1.0000000000
61434  -51.452  -55.188  10.872 1.0000000000
68625  -45.078  -50.820  12.149 1.0000000000
68626  -45.306  -51.427  12.262 1.0000000000
68627  -45.646  -51.257  11.704 1.0000000000
68628  -47.369  -51.816  10.494 1.0000000000
68629  -46.978  -51.993  10.983 1.0000000000
68630  -47.729  -52.321  10.698 1.0000000000
68631  -48.082  -52.835  10.913 1.0000000000
68632  -48.502  -52.612  10.432 1.0000000000
68633  -48.922  -50.975  8.552 1.0000000000
68634  -48.538  -51.183  9.012 1.0000000000
68635  -49.325  -51.453  8.777 1.0000000000
68636  -50.849  -52.714  9.029 1.0000000000
68637  -50.083  -52.456  9.232 1.0000000000
68638  -50.452  -52.945  9.488 1.0000000000
68639  -50.063  -53.179  9.938 1.0000000000
68640  -50.815  -53.428  9.742 1.0000000000
68641  -51.200  -53.915  9.964 1.0000000000
68642  -51.578  -53.676  9.547 1.0000000000
68644  -53.132  -54.251  9.234 1.0000000000
68655  -53.895  -51.350  6.355 1.0000000000
68656  -54.305  -51.862  6.615 1.0000000000
68657  -54.587  -51.564  6.211 1.0000000000
74047  -44.159  -49.450  13.754 1.0000000000
74048  -44.341  -49.922  13.173 1.0000000000
74049  -44.382  -49.330  13.141 1.0000000000
74050  -44.945  -48.476  11.905 1.0000000000
74051  -44.871  -49.062  11.933 1.0000000000
74052  -45.114  -48.935  11.350 1.0000000000
74053  -45.399  -49.378  10.832 1.0000000000
74054  -45.355  -48.792  10.780 1.0000000000
74058  -45.873  -47.235  9.654 1.0000000000
74059  -45.671  -47.401  10.174 1.0000000000
74060  -45.810  -47.850  9.648 1.0000000000
74061  -45.848  -48.466  9.676 1.0000000000
74062  -46.120  -48.308  9.155 1.0000000000
74063  -46.591  -48.752  8.691 1.0000000000
74064  -46.399  -48.183  8.647 1.0000000000
86378  -45.811  -52.508  12.604 1.0000000000
86379  -45.399  -52.643  13.176 1.0000000000
86380  -46.070  -53.011  12.793 1.0000000000
86381  -47.483  -54.365  12.873 1.0000000000
86382  -46.769  -54.028  13.180 1.0000000000
86383  -47.100  -54.542  13.430 1.0000000000
86385  -47.500  -55.040  13.637 1.0000000000
86387  -49.773  -55.329  12.038 1.0000000000
93213  -48.423  -49.084  7.098 1.0000000000
93214  -48.864  -49.582  7.268 1.0000000000
93215  -49.191  -49.367  6.816 1.0000000000
93216  -49.993  -49.592  6.583 1.0000000000
93217  -50.789  -49.805  6.382 1.0000000000
101079  -45.741  -50.517  10.985 1.0000000000
101080  -45.961  -51.080  11.135 1.0000000000
101081  -46.348  -50.943  10.608 1.0000000000
101082  -47.049  -51.304  10.279 1.0000000000
101083  -47.773  -51.628  9.994 1.0000000000
101084  -50.486  -51.494  8.118 1.0000000000
101085  -50.117  -51.736  8.555 1.0000000000
101086  -50.875  -51.994  8.369 1.0000000000
101087  -51.260  -52.469  8.603 1.0000000000
101088  -51.625  -52.956  8.888 1.0000000000
101089  -51.986  -53.453  9.145 1.0000000000
101090  -52.393  -53.227  8.742 1.0000000000
101091  -53.198  -53.489  8.563 1.0000000000
101094  -54.367  -53.468  7.987 1.0000000000
101095  -54.736  -53.207  7.556 1.0000000000
104333  -44.513  -48.735  13.117 1.0000000000
104334  -44.740  -48.160  13.117 1.0000000000
104335  -44.923  -48.030  12.503 1.0000000000
104341  -46.071  -47.086  9.130 1.0000000000
111731  -47.220  -53.200  11.890 1.0000000000
111732  -46.768  -53.362  12.429 1.0000000000
111733  -47.546  -53.696  12.104 1.0000000000
111734  -47.877  -54.190  12.341 1.0000000000
111735  -48.194  -54.664  12.574 1.0000000000
117657  -47.138  -49.840  8.927 1.0000000000
117658  -47.469  -50.362  9.083 1.0000000000
117659  -47.832  -50.156  8.616 1.0000000000
117660  -48.558  -50.480  8.346 1.0000000000
117661  -49.296  -50.759  8.122 1.0000000000
117662  -49.326  -50.061  7.473 1.0000000000
117663  -49.737  -50.536  7.706 1.0000000000
117664  -50.074  -51.015  7.917 1.0000000000
117665  -50.874  -51.244  7.723 1.0000000000
117666  -51.675  -51.472  7.546 1.0000000000
117667  -52.446  -51.720  7.372 1.0000000000
117668  -53.217  -51.953  7.220 1.0000000000
117669  -52.801  -51.448  6.959 1.0000000000
117670  -53.157  -51.160  6.520 1.0000000000
117671  -53.475  -50.850  6.094 1.0000000000
117674  -53.733  -50.552  5.665 1.0000000000
125942  -50.373  -54.413  10.835 1.0000000000
125943  -49.884  -54.630  11.323 1.0000000000
125944  -50.663  -54.922  11.101 1.0000000000
135309  -44.433  -51.101  13.330 1.0000000000
135310  -44.576  -51.711  13.439 1.0000000000
135311  -44.940  -51.564  12.847 1.0000000000
135312  -45.539  -51.991  12.447 1.0000000000
135313  -46.199  -52.357  12.061 1.0000000000
135314  -46.271  -51.632  11.289 1.0000000000
135315  -46.590  -52.171  11.494 1.0000000000
135316  -46.904  -52.699  11.696 1.0000000000
135317  -47.653  -53.051  11.394 1.0000000000
135318  -48.395  -53.329  11.127 1.0000000000
135319  -49.132  -53.586  10.879 1.0000000000
135320  -47.778  -50.891  9.276 1.0000000000
135321  -48.160  -51.412  9.473 1.0000000000
135322  -48.515  -51.913  9.714 1.0000000000
135323  -49.711  -51.966  9.001 1.0000000000
135324  -49.308  -52.190  9.462 1.0000000000
135325  -48.923  -52.405  9.923 1.0000000000
135326  -49.278  -52.905  10.172 1.0000000000
135327  -49.624  -53.386  10.428 1.0000000000
135328  -49.987  -53.874  10.646 1.0000000000
135329  -50.818  -54.164  10.380 1.0000000000
135330  -51.599  -54.423  10.170 1.0000000000
135331  -52.345  -54.706  10.006 1.0000000000
135332  -52.366  -53.965  9.365 1.0000000000
135348  -53.971  -52.164  7.053 1.0000000000
135349  -54.701  -52.395  6.882 1.0000000000
135351  -55.315  -51.795  6.033 1.0000000000
142021  -43.846  -50.186  14.403 1.0000000000
142022  -44.099  -50.650  13.845 1.0000000000
142023  -44.363  -50.512  13.231 1.0000000000
142024  -44.660  -50.385  12.610 1.0000000000
142025  -44.959  -50.251  12.023 1.0000000000
142026  -44.634  -49.198  12.512 1.0000000000
142027  -44.881  -49.659  11.965 1.0000000000
142028  -45.249  -50.106  11.438 1.0000000000
142029  -45.540  -49.952  10.887 1.0000000000
142030  -45.854  -49.813  10.332 1.0000000000
142031  -46.195  -49.641  9.806 1.0000000000
142034  -45.295  -47.734  11.292 1.0000000000
142036  -45.447  -47.558  10.723 1.0000000000
142037  -45.337  -48.159  10.739 1.0000000000
142038  -45.599  -48.620  10.235 1.0000000000
142039  -45.994  -49.052  9.727 1.0000000000
142040  -46.505  -49.480  9.265 1.0000000000
142041  -46.840  -49.315  8.787 1.0000000000
142042  -47.157  -49.141  8.304 1.0000000000
142043  -47.454  -48.963  7.838 1.0000000000
142045  -47.146  -48.400  7.735 1.0000000000
142046  -47.761  -48.798  7.381 1.0000000000
156903  -44.793  -52.264  13.590 1.0000000000
156904  -45.053  -52.788  13.756 1.0000000000
156905  -45.355  -53.298  13.934 1.0000000000
156906  -46.385  -53.520  12.991 1.0000000000
156907  -46.015  -53.652  13.532 1.0000000000
156912  -49.438  -54.831  11.811 1.0000000000
156913  -48.985  -55.003  12.301 1.0000000000
156914  -48.576  -55.190  12.784 1.0000000000
156916  -48.951  -55.712  12.974 1.0000000000
156917  -48.212  -55.377  13.293 1.0000000000
