#!ascii label  , from subject 40tvs8ref_sym_20 vox2ras=TkReg
262
619  -57.643  -55.255  -15.673 1.0000000000
2493  -54.331  -60.538  -13.285 1.0000000000
2494  -59.960  -51.133  -19.660 1.0000000000
2495  -55.815  -57.993  -18.170 1.0000000000
5586  -57.300  -57.362  -13.894 1.0000000000
5587  -56.157  -60.577  -13.109 1.0000000000
5588  -56.690  -59.377  -15.374 1.0000000000
5593  -56.029  -54.925  -19.779 1.0000000000
5594  -53.449  -56.729  -16.756 1.0000000000
5595  -52.951  -58.663  -15.054 1.0000000000
10038  -58.980  -53.304  -17.566 1.0000000000
10039  -58.529  -52.339  -21.625 1.0000000000
10040  -58.616  -55.225  -19.777 1.0000000000
10041  -57.650  -57.456  -17.646 1.0000000000
10042  -55.087  -59.756  -15.900 1.0000000000
10043  -52.084  -59.620  -12.774 1.0000000000
13266  -57.235  -56.271  -14.762 1.0000000000
13267  -57.090  -58.370  -14.684 1.0000000000
13268  -57.178  -57.344  -15.615 1.0000000000
13273  -53.523  -55.316  -17.320 1.0000000000
13274  -52.132  -56.124  -15.930 1.0000000000
13275  -51.977  -57.260  -15.312 1.0000000000
22519  -55.250  -60.666  -13.281 1.0000000000
22520  -54.852  -60.771  -12.009 1.0000000000
22521  -53.855  -60.588  -12.027 1.0000000000
22523  -52.787  -60.284  -11.867 1.0000000000
22529  -59.588  -50.079  -18.539 1.0000000000
22531  -59.467  -52.252  -18.581 1.0000000000
22534  -57.185  -52.189  -21.427 1.0000000000
22535  -56.021  -56.537  -19.066 1.0000000000
22536  -57.381  -55.282  -20.258 1.0000000000
22537  -57.323  -56.809  -19.335 1.0000000000
22538  -58.270  -56.420  -18.693 1.0000000000
22539  -56.952  -58.070  -18.176 1.0000000000
22540  -56.441  -59.054  -17.105 1.0000000000
22541  -55.479  -59.080  -17.142 1.0000000000
22542  -51.404  -58.757  -13.468 1.0000000000
22543  -52.613  -59.219  -13.935 1.0000000000
22544  -50.884  -59.255  -12.426 1.0000000000
22545  -50.365  -59.609  -11.263 1.0000000000
28488  -57.143  -59.385  -13.750 1.0000000000
28489  -56.430  -60.114  -14.234 1.0000000000
28490  -55.625  -60.401  -14.547 1.0000000000
28497  -56.016  -53.323  -20.205 1.0000000000
28498  -54.802  -54.377  -18.768 1.0000000000
28499  -54.781  -55.956  -18.260 1.0000000000
28500  -54.575  -57.413  -17.585 1.0000000000
28501  -54.348  -58.560  -16.789 1.0000000000
28502  -53.196  -57.831  -16.072 1.0000000000
28503  -51.779  -58.131  -14.453 1.0000000000
40350  -58.318  -54.322  -16.653 1.0000000000
40353  -59.630  -52.052  -20.858 1.0000000000
40354  -57.328  -53.688  -20.995 1.0000000000
40355  -58.630  -53.761  -20.765 1.0000000000
40356  -59.462  -53.247  -19.824 1.0000000000
40357  -59.103  -54.411  -18.751 1.0000000000
40358  -58.512  -55.554  -17.719 1.0000000000
40359  -57.741  -56.445  -16.697 1.0000000000
40360  -57.047  -58.405  -16.566 1.0000000000
40361  -55.977  -59.868  -15.828 1.0000000000
40362  -54.697  -60.272  -14.610 1.0000000000
40363  -54.065  -59.338  -15.627 1.0000000000
40364  -53.695  -59.801  -14.353 1.0000000000
40365  -53.292  -60.106  -13.053 1.0000000000
40366  -51.583  -59.927  -11.562 1.0000000000
43984  -57.570  -54.680  -15.224 1.0000000000
43986  -57.386  -55.740  -15.241 1.0000000000
43987  -57.217  -56.787  -15.199 1.0000000000
43988  -57.388  -56.285  -15.702 1.0000000000
43993  -52.180  -55.461  -16.125 1.0000000000
43994  -51.457  -55.778  -15.429 1.0000000000
43995  -51.401  -56.417  -15.237 1.0000000000
53239  -54.783  -60.633  -13.270 1.0000000000
53240  -54.606  -60.689  -12.660 1.0000000000
53241  -54.083  -60.571  -12.627 1.0000000000
53242  -53.337  -60.465  -11.970 1.0000000000
53243  -53.590  -60.403  -12.554 1.0000000000
53247  -60.150  -50.070  -19.638 1.0000000000
53248  -59.957  -49.515  -19.067 1.0000000000
53249  -59.844  -50.679  -19.079 1.0000000000
53250  -59.500  -51.173  -18.533 1.0000000000
53251  -59.724  -51.720  -19.114 1.0000000000
53254  -56.562  -51.970  -21.014 1.0000000000
53255  -55.955  -57.307  -18.644 1.0000000000
53256  -56.659  -56.751  -19.273 1.0000000000
53257  -56.566  -57.500  -18.794 1.0000000000
53258  -57.183  -57.456  -18.762 1.0000000000
53259  -56.418  -58.131  -18.290 1.0000000000
53260  -56.181  -58.666  -17.731 1.0000000000
53261  -55.623  -58.605  -17.687 1.0000000000
53263  -51.179  -59.021  -12.951 1.0000000000
53264  -50.272  -59.089  -12.213 1.0000000000
53265  -49.987  -59.315  -11.670 1.0000000000
62836  -57.451  -57.895  -13.480 1.0000000000
62837  -57.395  -58.912  -13.427 1.0000000000
62838  -57.300  -58.401  -13.857 1.0000000000
62839  -56.906  -58.900  -15.044 1.0000000000
62840  -56.863  -59.416  -14.545 1.0000000000
62841  -56.540  -59.775  -14.789 1.0000000000
62842  -56.050  -60.327  -14.407 1.0000000000
62843  -56.208  -60.052  -14.996 1.0000000000
62853  -54.862  -53.584  -18.894 1.0000000000
62855  -53.524  -56.071  -17.058 1.0000000000
62856  -54.150  -55.625  -17.774 1.0000000000
62857  -54.110  -56.373  -17.478 1.0000000000
62858  -54.718  -56.698  -17.957 1.0000000000
62859  -54.013  -57.022  -17.153 1.0000000000
62860  -53.917  -57.666  -16.853 1.0000000000
62861  -53.333  -57.341  -16.446 1.0000000000
62862  -51.306  -57.462  -14.559 1.0000000000
62863  -51.913  -57.742  -14.896 1.0000000000
62864  -51.188  -57.875  -14.129 1.0000000000
90594  -56.664  -60.393  -12.967 1.0000000000
90597  -54.145  -60.708  -11.391 1.0000000000
90627  -58.957  -52.223  -17.482 1.0000000000
90629  -58.719  -52.702  -17.042 1.0000000000
90630  -58.417  -53.217  -16.567 1.0000000000
90631  -58.656  -53.820  -17.090 1.0000000000
90635  -58.503  -51.587  -21.967 1.0000000000
90637  -59.151  -51.555  -21.780 1.0000000000
90638  -59.697  -51.394  -21.356 1.0000000000
90639  -59.168  -52.284  -21.339 1.0000000000
90640  -56.019  -54.098  -20.005 1.0000000000
90641  -56.660  -53.544  -20.730 1.0000000000
90642  -56.673  -54.301  -20.475 1.0000000000
90643  -58.041  -55.313  -20.136 1.0000000000
90644  -58.051  -54.555  -20.548 1.0000000000
90645  -58.645  -54.484  -20.276 1.0000000000
90646  -59.144  -53.568  -20.349 1.0000000000
90647  -59.105  -54.236  -19.881 1.0000000000
90648  -59.316  -53.859  -19.273 1.0000000000
90649  -58.953  -54.894  -19.337 1.0000000000
90650  -57.986  -56.977  -18.161 1.0000000000
90651  -58.485  -56.029  -18.210 1.0000000000
90652  -58.151  -56.554  -17.716 1.0000000000
90653  -58.132  -55.995  -17.233 1.0000000000
90654  -57.748  -56.994  -17.155 1.0000000000
90655  -57.430  -57.438  -16.619 1.0000000000
90656  -57.316  -57.937  -17.079 1.0000000000
90657  -55.767  -59.540  -16.545 1.0000000000
90658  -56.181  -59.520  -16.469 1.0000000000
90659  -55.531  -59.869  -15.914 1.0000000000
90660  -55.352  -60.157  -15.281 1.0000000000
90661  -54.894  -60.034  -15.250 1.0000000000
90662  -53.672  -58.662  -15.935 1.0000000000
90663  -54.250  -58.998  -16.266 1.0000000000
90664  -53.523  -59.039  -15.351 1.0000000000
90665  -52.371  -59.441  -13.399 1.0000000000
90666  -53.172  -59.517  -14.175 1.0000000000
90667  -52.961  -59.709  -13.567 1.0000000000
90668  -53.498  -59.968  -13.708 1.0000000000
90669  -52.710  -59.864  -12.910 1.0000000000
90670  -52.481  -59.965  -12.337 1.0000000000
90671  -51.841  -59.784  -12.161 1.0000000000
90673  -50.083  -59.797  -10.695 1.0000000000
97606  -57.172  -56.867  -14.298 1.0000000000
97607  -57.203  -57.869  -14.282 1.0000000000
97608  -57.182  -57.325  -14.726 1.0000000000
97609  -57.113  -57.853  -15.132 1.0000000000
97610  -56.995  -58.404  -15.526 1.0000000000
97619  -52.876  -55.754  -16.586 1.0000000000
97620  -52.818  -56.430  -16.344 1.0000000000
97621  -52.711  -57.022  -16.073 1.0000000000
97622  -52.053  -56.700  -15.643 1.0000000000
97623  -51.353  -56.992  -14.940 1.0000000000
114261  -55.688  -60.650  -13.217 1.0000000000
114262  -55.527  -60.753  -12.579 1.0000000000
114263  -55.058  -60.749  -12.638 1.0000000000
114264  -54.385  -60.707  -12.044 1.0000000000
114265  -53.609  -60.597  -11.384 1.0000000000
114268  -52.473  -60.358  -11.257 1.0000000000
114279  -59.256  -49.543  -18.016 1.0000000000
114283  -59.231  -52.804  -18.083 1.0000000000
114287  -57.846  -51.536  -21.906 1.0000000000
114288  -57.855  -52.323  -21.642 1.0000000000
114289  -56.062  -55.755  -19.486 1.0000000000
114290  -56.705  -55.146  -20.138 1.0000000000
114291  -56.704  -55.968  -19.753 1.0000000000
114292  -57.373  -56.076  -19.823 1.0000000000
114293  -57.994  -56.052  -19.650 1.0000000000
114294  -58.481  -55.843  -19.260 1.0000000000
114295  -57.902  -56.690  -19.107 1.0000000000
114296  -57.659  -57.276  -18.540 1.0000000000
114297  -57.377  -57.835  -17.967 1.0000000000
114298  -57.099  -58.367  -17.442 1.0000000000
114299  -56.698  -58.584  -17.649 1.0000000000
114300  -55.954  -59.159  -17.177 1.0000000000
114301  -55.302  -59.464  -16.525 1.0000000000
114302  -52.195  -58.704  -14.256 1.0000000000
114303  -52.783  -58.959  -14.514 1.0000000000
114304  -51.986  -58.957  -13.717 1.0000000000
114305  -51.736  -59.184  -13.183 1.0000000000
114306  -51.473  -59.446  -12.622 1.0000000000
114307  -51.227  -59.623  -12.021 1.0000000000
114308  -50.632  -59.440  -11.851 1.0000000000
127910  -56.759  -60.146  -13.514 1.0000000000
127911  -57.088  -58.901  -14.198 1.0000000000
127912  -56.804  -59.800  -14.022 1.0000000000
127913  -56.287  -60.367  -13.666 1.0000000000
127914  -55.870  -60.505  -13.821 1.0000000000
127915  -55.455  -60.569  -13.964 1.0000000000
127916  -54.989  -60.537  -13.979 1.0000000000
127927  -60.179  -50.586  -20.245 1.0000000000
127930  -55.446  -53.060  -19.667 1.0000000000
127931  -55.426  -53.872  -19.465 1.0000000000
127932  -55.402  -54.689  -19.297 1.0000000000
127933  -54.192  -54.861  -18.024 1.0000000000
127934  -54.789  -55.179  -18.546 1.0000000000
127935  -55.402  -55.496  -19.047 1.0000000000
127936  -55.402  -56.222  -18.740 1.0000000000
127937  -55.318  -57.015  -18.357 1.0000000000
127938  -55.193  -57.727  -17.932 1.0000000000
127939  -55.045  -58.367  -17.505 1.0000000000
127940  -54.469  -58.021  -17.218 1.0000000000
127941  -53.772  -58.211  -16.434 1.0000000000
127942  -53.106  -58.306  -15.611 1.0000000000
127943  -52.597  -57.546  -15.710 1.0000000000
127944  -52.508  -58.018  -15.255 1.0000000000
127945  -52.362  -58.391  -14.755 1.0000000000
127946  -51.599  -58.453  -13.961 1.0000000000
127947  -50.837  -58.600  -13.229 1.0000000000
162006  -57.964  -54.797  -16.187 1.0000000000
162015  -59.898  -51.631  -20.284 1.0000000000
162016  -56.623  -52.759  -20.860 1.0000000000
162017  -57.268  -52.951  -21.208 1.0000000000
162018  -57.941  -53.070  -21.337 1.0000000000
162019  -57.355  -54.452  -20.661 1.0000000000
162020  -58.001  -53.802  -20.989 1.0000000000
162021  -58.559  -53.070  -21.240 1.0000000000
162022  -59.158  -52.936  -20.862 1.0000000000
162023  -59.566  -52.658  -20.353 1.0000000000
162024  -59.778  -52.189  -19.740 1.0000000000
162025  -59.561  -52.782  -19.205 1.0000000000
162026  -59.344  -53.352  -18.669 1.0000000000
162027  -59.104  -53.879  -18.141 1.0000000000
162028  -58.749  -55.478  -18.792 1.0000000000
162029  -58.836  -54.978  -18.231 1.0000000000
162030  -58.773  -54.451  -17.674 1.0000000000
162031  -58.425  -54.941  -17.192 1.0000000000
162032  -58.050  -55.398  -16.703 1.0000000000
162033  -57.670  -55.856  -16.212 1.0000000000
162034  -57.448  -56.876  -16.187 1.0000000000
162035  -57.167  -57.897  -16.076 1.0000000000
162036  -56.833  -58.908  -15.959 1.0000000000
162037  -56.780  -58.808  -16.873 1.0000000000
162038  -56.553  -59.304  -16.263 1.0000000000
162039  -56.380  -59.717  -15.647 1.0000000000
162040  -55.790  -60.193  -15.180 1.0000000000
162041  -55.174  -60.389  -14.647 1.0000000000
162042  -54.511  -60.428  -13.934 1.0000000000
162043  -54.930  -58.884  -17.041 1.0000000000
162044  -54.775  -59.282  -16.443 1.0000000000
162045  -54.590  -59.584  -15.797 1.0000000000
162046  -53.353  -59.279  -14.776 1.0000000000
162047  -53.874  -59.595  -14.980 1.0000000000
162048  -54.411  -59.859  -15.151 1.0000000000
162049  -54.223  -60.076  -14.487 1.0000000000
162050  -54.027  -60.254  -13.817 1.0000000000
162051  -53.820  -60.348  -13.174 1.0000000000
162052  -53.056  -60.184  -12.446 1.0000000000
162053  -52.212  -60.079  -11.779 1.0000000000
162055  -50.981  -59.775  -11.415 1.0000000000
