#!ascii label  , from subject 40tvs8ref_sym_20 vox2ras=TkReg
265
1904  -49.176  -65.793  30.589 1.0000000000
1905  -49.227  -64.630  26.274 1.0000000000
1906  -48.927  -62.760  29.301 1.0000000000
4184  -48.950  -64.930  31.946 1.0000000000
4185  -49.259  -64.223  29.826 1.0000000000
4186  -48.879  -63.404  31.354 1.0000000000
4228  -48.711  -66.289  33.149 1.0000000000
5107  -49.218  -63.280  25.856 1.0000000000
8324  -48.482  -66.565  29.367 1.0000000000
8325  -48.619  -65.793  27.178 1.0000000000
8326  -49.329  -65.230  28.343 1.0000000000
8327  -49.270  -63.760  27.774 1.0000000000
8328  -48.612  -62.148  27.398 1.0000000000
8380  -48.293  -67.129  31.837 1.0000000000
11864  -48.872  -64.486  32.752 1.0000000000
11865  -48.920  -64.197  31.612 1.0000000000
11866  -48.879  -63.684  32.473 1.0000000000
11908  -48.773  -65.164  33.224 1.0000000000
12787  -48.898  -62.446  25.611 1.0000000000
12788  -49.342  -63.084  24.621 1.0000000000
18314  -48.917  -66.258  29.944 1.0000000000
18315  -48.979  -65.896  28.805 1.0000000000
18316  -49.278  -65.498  29.424 1.0000000000
18317  -49.124  -63.457  29.470 1.0000000000
18318  -49.282  -63.968  28.791 1.0000000000
18319  -49.166  -63.254  28.533 1.0000000000
18320  -49.071  -62.991  27.612 1.0000000000
18321  -48.785  -62.461  28.359 1.0000000000
18445  -48.980  -66.068  31.886 1.0000000000
18446  -48.615  -66.730  32.541 1.0000000000
18447  -48.838  -66.467  31.235 1.0000000000
18448  -48.478  -66.865  30.593 1.0000000000
21082  -48.980  -65.190  26.688 1.0000000000
21083  -48.649  -65.471  26.125 1.0000000000
21084  -48.991  -64.901  25.643 1.0000000000
25964  -49.159  -65.352  31.264 1.0000000000
25965  -49.311  -65.003  30.147 1.0000000000
25966  -49.103  -64.583  30.863 1.0000000000
25967  -49.015  -63.843  30.530 1.0000000000
25968  -48.915  -63.069  30.284 1.0000000000
26043  -48.641  -65.847  33.840 1.0000000000
26044  -48.855  -65.593  32.488 1.0000000000
27625  -49.289  -64.029  25.997 1.0000000000
27626  -49.286  -64.368  25.204 1.0000000000
27627  -49.463  -63.797  24.894 1.0000000000
35264  -47.931  -66.802  28.781 1.0000000000
35265  -48.061  -66.413  27.693 1.0000000000
35266  -48.566  -66.167  28.243 1.0000000000
35267  -49.000  -65.543  27.745 1.0000000000
35268  -49.218  -64.951  27.311 1.0000000000
35269  -49.419  -64.719  29.097 1.0000000000
35270  -49.374  -64.483  27.998 1.0000000000
35271  -49.328  -64.253  26.949 1.0000000000
35272  -49.212  -63.521  26.821 1.0000000000
35273  -48.988  -62.717  26.626 1.0000000000
35274  -48.437  -61.861  26.420 1.0000000000
35275  -48.848  -62.897  32.210 1.0000000000
35276  -48.697  -62.595  31.133 1.0000000000
35277  -48.594  -62.259  30.106 1.0000000000
35280  -48.473  -61.917  29.091 1.0000000000
35281  -48.200  -61.584  28.127 1.0000000000
35282  -47.955  -61.297  27.124 1.0000000000
35427  -47.773  -67.416  31.219 1.0000000000
35428  -47.911  -67.137  30.034 1.0000000000
38613  -48.046  -66.073  26.614 1.0000000000
42585  -48.886  -64.095  32.610 1.0000000000
42628  -48.823  -64.554  33.386 1.0000000000
43507  -48.610  -62.031  25.509 1.0000000000
49034  -49.084  -66.053  30.263 1.0000000000
49035  -49.120  -65.895  29.675 1.0000000000
49036  -49.224  -65.658  30.007 1.0000000000
49037  -49.050  -63.123  29.387 1.0000000000
49038  -49.162  -63.360  29.021 1.0000000000
49039  -49.064  -63.002  28.912 1.0000000000
49040  -49.000  -62.876  28.450 1.0000000000
49041  -48.873  -62.640  28.825 1.0000000000
49165  -49.104  -65.929  31.236 1.0000000000
49166  -48.933  -66.280  31.567 1.0000000000
49167  -49.029  -66.127  30.909 1.0000000000
49168  -48.903  -66.376  30.583 1.0000000000
51802  -49.102  -64.909  26.481 1.0000000000
51803  -48.991  -65.034  26.157 1.0000000000
51804  -49.107  -64.762  25.952 1.0000000000
58634  -49.046  -65.129  31.577 1.0000000000
58635  -49.158  -64.945  31.056 1.0000000000
58636  -49.042  -64.754  31.417 1.0000000000
58637  -48.907  -63.796  31.468 1.0000000000
58638  -48.967  -64.021  31.062 1.0000000000
58639  -48.934  -63.621  30.930 1.0000000000
58640  -48.959  -63.423  30.399 1.0000000000
58641  -48.879  -63.224  30.811 1.0000000000
58764  -48.571  -65.573  34.231 1.0000000000
58765  -48.842  -65.069  32.549 1.0000000000
58766  -48.777  -65.393  32.819 1.0000000000
58767  -48.913  -65.257  32.160 1.0000000000
58768  -49.006  -65.472  31.855 1.0000000000
61402  -49.283  -63.712  25.959 1.0000000000
61403  -49.356  -63.917  25.467 1.0000000000
61404  -49.361  -63.571  25.355 1.0000000000
61405  -49.400  -62.990  24.020 1.0000000000
77984  -48.243  -66.687  29.089 1.0000000000
77985  -48.295  -66.499  28.495 1.0000000000
77986  -48.535  -66.380  28.792 1.0000000000
77987  -49.177  -65.556  28.564 1.0000000000
77988  -48.990  -65.718  28.273 1.0000000000
77989  -49.167  -65.409  28.024 1.0000000000
77990  -49.147  -65.259  27.504 1.0000000000
77991  -49.285  -65.086  27.799 1.0000000000
77992  -49.304  -64.607  29.978 1.0000000000
77993  -49.372  -64.866  29.613 1.0000000000
77994  -49.382  -64.445  29.464 1.0000000000
77995  -49.283  -63.844  28.296 1.0000000000
77996  -49.335  -64.181  28.392 1.0000000000
77997  -49.332  -64.111  27.868 1.0000000000
77998  -49.362  -64.377  27.464 1.0000000000
77999  -49.318  -64.016  27.358 1.0000000000
78000  -49.319  -63.907  26.858 1.0000000000
78001  -49.249  -63.650  27.280 1.0000000000
78002  -48.877  -62.573  27.523 1.0000000000
78003  -49.047  -62.859  27.141 1.0000000000
78004  -48.835  -62.437  27.043 1.0000000000
78005  -48.746  -62.289  26.522 1.0000000000
78006  -48.510  -62.001  26.908 1.0000000000
78008  -48.888  -63.026  32.777 1.0000000000
78011  -48.635  -62.324  31.567 1.0000000000
78013  -48.666  -62.447  30.618 1.0000000000
78022  -48.145  -61.470  29.039 1.0000000000
78023  -48.330  -61.740  28.630 1.0000000000
78024  -47.960  -61.305  28.510 1.0000000000
78375  -48.595  -66.430  33.793 1.0000000000
78377  -48.572  -66.671  33.497 1.0000000000
78378  -48.472  -66.936  32.202 1.0000000000
78380  -48.184  -67.293  32.507 1.0000000000
78382  -47.948  -67.455  32.165 1.0000000000
78383  -47.679  -67.606  31.840 1.0000000000
78384  -48.059  -67.292  31.513 1.0000000000
78385  -48.466  -66.710  29.978 1.0000000000
78386  -48.186  -66.999  30.303 1.0000000000
78387  -48.231  -66.842  29.708 1.0000000000
78388  -47.955  -66.971  29.431 1.0000000000
86287  -48.349  -66.110  27.422 1.0000000000
86288  -48.047  -66.243  27.157 1.0000000000
86289  -48.346  -65.924  26.884 1.0000000000
86290  -48.618  -65.317  25.607 1.0000000000
86291  -48.371  -65.633  25.834 1.0000000000
86295  -49.348  -64.246  24.625 1.0000000000
86296  -49.226  -64.519  24.847 1.0000000000
95084  -48.902  -64.731  32.346 1.0000000000
95085  -48.941  -64.570  31.790 1.0000000000
95086  -48.911  -64.352  32.182 1.0000000000
95087  -48.892  -63.952  32.037 1.0000000000
95088  -48.879  -63.557  31.918 1.0000000000
95163  -48.766  -64.900  33.654 1.0000000000
95164  -48.832  -64.821  32.975 1.0000000000
96745  -49.102  -62.858  25.723 1.0000000000
96746  -49.303  -63.189  25.228 1.0000000000
96747  -49.132  -62.771  25.103 1.0000000000
96748  -49.152  -62.692  24.504 1.0000000000
106694  -48.718  -66.429  29.659 1.0000000000
106695  -48.748  -66.236  29.076 1.0000000000
106696  -48.950  -66.095  29.353 1.0000000000
106697  -49.174  -65.722  29.103 1.0000000000
106698  -49.339  -65.365  28.904 1.0000000000
106699  -49.186  -63.852  29.664 1.0000000000
106700  -49.285  -64.100  29.307 1.0000000000
106701  -49.221  -63.727  29.155 1.0000000000
106702  -49.235  -63.613  28.668 1.0000000000
106703  -49.220  -63.509  28.180 1.0000000000
106704  -49.198  -63.403  27.675 1.0000000000
106705  -49.111  -63.138  28.073 1.0000000000
106706  -48.931  -62.700  28.016 1.0000000000
106707  -48.672  -62.277  27.879 1.0000000000
106929  -48.855  -66.182  32.520 1.0000000000
106930  -48.688  -66.534  32.854 1.0000000000
106931  -48.809  -66.406  32.215 1.0000000000
106932  -48.723  -66.597  31.893 1.0000000000
106933  -48.600  -66.794  31.559 1.0000000000
106934  -48.392  -66.985  31.220 1.0000000000
106935  -48.675  -66.682  30.906 1.0000000000
106936  -48.712  -66.568  30.277 1.0000000000
111676  -48.851  -65.476  26.939 1.0000000000
111677  -48.640  -65.618  26.653 1.0000000000
111678  -48.848  -65.317  26.396 1.0000000000
111679  -48.838  -65.162  25.876 1.0000000000
111680  -48.829  -65.023  25.369 1.0000000000
122024  -49.203  -65.572  30.933 1.0000000000
122025  -49.295  -65.410  30.360 1.0000000000
122026  -49.245  -65.171  30.710 1.0000000000
122027  -49.232  -64.770  30.500 1.0000000000
122028  -49.186  -64.405  30.336 1.0000000000
122029  -48.986  -64.407  31.222 1.0000000000
122030  -49.045  -64.226  30.685 1.0000000000
122031  -49.134  -64.031  30.180 1.0000000000
122032  -49.075  -63.631  30.008 1.0000000000
122033  -49.012  -63.255  29.873 1.0000000000
122034  -48.933  -62.911  29.790 1.0000000000
122206  -48.594  -66.203  34.138 1.0000000000
122207  -48.693  -66.051  33.463 1.0000000000
122208  -48.687  -65.498  33.537 1.0000000000
122209  -48.723  -65.715  33.141 1.0000000000
122210  -48.798  -65.934  32.812 1.0000000000
122211  -48.942  -65.820  32.174 1.0000000000
122212  -49.121  -65.718  31.555 1.0000000000
125899  -49.291  -64.336  26.103 1.0000000000
125900  -49.248  -64.484  25.756 1.0000000000
125901  -49.314  -64.220  25.585 1.0000000000
125902  -49.378  -64.098  25.019 1.0000000000
125903  -49.476  -63.974  24.454 1.0000000000
125904  -49.462  -63.456  24.759 1.0000000000
146804  -47.631  -66.908  28.532 1.0000000000
146806  -47.999  -66.609  28.241 1.0000000000
146807  -48.342  -66.298  27.952 1.0000000000
146808  -48.579  -65.972  27.718 1.0000000000
146809  -48.785  -66.032  28.524 1.0000000000
146810  -48.790  -65.841  27.999 1.0000000000
146811  -48.823  -65.663  27.470 1.0000000000
146812  -48.992  -65.373  27.224 1.0000000000
146813  -49.107  -65.088  27.002 1.0000000000
146814  -49.201  -64.788  26.800 1.0000000000
146815  -49.318  -65.261  29.787 1.0000000000
146816  -49.380  -65.133  29.253 1.0000000000
146817  -49.431  -65.001  28.732 1.0000000000
146818  -49.371  -64.326  28.937 1.0000000000
146819  -49.451  -64.582  28.557 1.0000000000
146820  -49.379  -64.859  28.158 1.0000000000
146821  -49.325  -64.743  27.621 1.0000000000
146822  -49.284  -64.605  27.110 1.0000000000
146823  -49.298  -64.458  26.583 1.0000000000
146824  -49.321  -64.138  26.466 1.0000000000
146825  -49.275  -63.786  26.410 1.0000000000
146826  -49.208  -63.405  26.347 1.0000000000
146827  -49.162  -63.263  27.213 1.0000000000
146828  -49.140  -63.126  26.733 1.0000000000
146829  -49.125  -62.997  26.240 1.0000000000
146830  -48.959  -62.575  26.111 1.0000000000
146831  -48.676  -62.153  26.032 1.0000000000
146832  -48.352  -61.727  25.894 1.0000000000
146833  -48.897  -63.411  32.904 1.0000000000
146834  -48.886  -63.299  32.352 1.0000000000
146835  -48.859  -63.161  31.788 1.0000000000
146837  -48.794  -62.757  31.623 1.0000000000
146838  -48.806  -62.994  31.225 1.0000000000
146839  -48.800  -62.837  30.701 1.0000000000
146840  -48.796  -62.687  30.190 1.0000000000
146841  -48.797  -62.520  29.698 1.0000000000
146849  -48.548  -62.084  29.587 1.0000000000
146850  -48.737  -62.354  29.199 1.0000000000
146851  -48.654  -62.198  28.728 1.0000000000
146852  -48.524  -62.019  28.252 1.0000000000
146853  -48.410  -61.875  27.739 1.0000000000
146854  -47.826  -61.164  27.989 1.0000000000
146855  -48.074  -61.458  27.609 1.0000000000
146856  -48.293  -61.724  27.252 1.0000000000
146857  -48.185  -61.570  26.770 1.0000000000
146858  -48.088  -61.427  26.265 1.0000000000
147279  -48.482  -66.889  33.178 1.0000000000
147287  -47.473  -67.551  30.916 1.0000000000
147288  -48.152  -67.138  30.909 1.0000000000
147289  -47.863  -67.283  30.628 1.0000000000
147290  -47.557  -67.410  30.320 1.0000000000
156797  -47.700  -66.172  26.335 1.0000000000
156798  -48.367  -65.777  26.355 1.0000000000
156799  -48.065  -65.928  26.066 1.0000000000
156804  -49.150  -64.635  25.417 1.0000000000
156805  -49.031  -64.780  25.110 1.0000000000
