#!ascii label  , from subject 40tvs8ref_sym_20 vox2ras=TkReg
313
235  -5.593  -21.117  57.505 1.0000000000
1062  -6.838  -26.106  57.312 1.0000000000
1575  -6.861  -20.908  62.382 1.0000000000
1576  -9.083  -25.558  62.354 1.0000000000
2982  -6.469  -28.805  57.662 1.0000000000
3583  -5.906  -18.192  64.985 1.0000000000
3584  -7.239  -20.573  64.890 1.0000000000
3585  -8.565  -23.039  62.148 1.0000000000
3586  -8.955  -22.712  64.896 1.0000000000
4622  -5.870  -18.483  57.695 1.0000000000
6518  -6.261  -23.598  57.395 1.0000000000
6519  -5.897  -23.653  54.936 1.0000000000
6520  -5.830  -26.306  54.979 1.0000000000
7510  -5.870  -18.490  60.035 1.0000000000
7511  -6.300  -15.480  64.835 1.0000000000
7512  -5.954  -18.362  62.547 1.0000000000
7513  -6.187  -21.162  59.971 1.0000000000
7514  -7.499  -23.401  59.674 1.0000000000
7515  -8.365  -25.907  59.573 1.0000000000
7516  -7.784  -28.559  60.172 1.0000000000
11265  -8.196  -21.584  64.865 1.0000000000
12302  -5.609  -19.830  57.604 1.0000000000
12303  -5.769  -19.799  56.379 1.0000000000
12304  -5.656  -21.074  56.274 1.0000000000
14702  -6.629  -24.828  57.347 1.0000000000
14703  -6.057  -24.905  56.159 1.0000000000
14704  -6.097  -26.212  56.137 1.0000000000
16500  -6.305  -17.068  60.040 1.0000000000
16501  -6.329  -17.016  61.249 1.0000000000
16505  -6.354  -19.606  63.742 1.0000000000
16506  -5.959  -18.296  63.770 1.0000000000
16507  -6.224  -19.743  62.518 1.0000000000
16508  -6.036  -19.814  61.316 1.0000000000
16509  -6.530  -21.034  61.134 1.0000000000
16510  -6.787  -22.258  59.880 1.0000000000
16511  -7.321  -22.119  61.030 1.0000000000
16512  -9.048  -24.273  62.153 1.0000000000
16513  -8.705  -24.458  60.826 1.0000000000
16514  -8.872  -25.762  60.901 1.0000000000
16515  -8.235  -27.264  59.787 1.0000000000
16516  -8.604  -27.068  61.166 1.0000000000
23798  -6.742  -27.445  57.399 1.0000000000
23799  -5.939  -27.581  56.224 1.0000000000
24881  -6.407  -19.465  64.965 1.0000000000
24882  -7.097  -20.756  63.592 1.0000000000
24883  -7.725  -21.955  62.275 1.0000000000
24884  -8.040  -21.781  63.564 1.0000000000
24885  -8.840  -22.879  63.530 1.0000000000
24886  -9.192  -24.093  63.578 1.0000000000
26750  -6.325  -17.213  57.689 1.0000000000
30566  -5.875  -22.378  57.481 1.0000000000
30567  -5.706  -22.349  56.205 1.0000000000
30568  -5.901  -23.605  56.143 1.0000000000
30569  -5.849  -24.936  54.924 1.0000000000
30570  -6.295  -26.392  53.895 1.0000000000
30571  -5.781  -27.686  55.078 1.0000000000
32996  -6.303  -17.094  58.838 1.0000000000
32997  -5.828  -18.506  58.856 1.0000000000
32998  -5.621  -19.859  58.802 1.0000000000
33001  -6.559  -15.586  63.636 1.0000000000
33002  -5.980  -16.844  64.890 1.0000000000
33003  -6.119  -16.949  63.693 1.0000000000
33004  -6.255  -17.018  62.475 1.0000000000
33005  -5.940  -18.437  61.298 1.0000000000
33006  -5.846  -19.852  60.079 1.0000000000
33007  -5.797  -21.159  58.805 1.0000000000
33008  -6.292  -22.363  58.696 1.0000000000
33009  -6.878  -23.519  58.574 1.0000000000
33010  -7.374  -24.747  58.408 1.0000000000
33011  -8.106  -23.259  60.842 1.0000000000
33012  -8.118  -24.602  59.559 1.0000000000
33013  -7.649  -26.026  58.415 1.0000000000
33014  -7.576  -27.388  58.513 1.0000000000
33015  -7.226  -28.672  58.881 1.0000000000
36863  -5.963  -22.351  54.979 1.0000000000
36927  -9.141  -23.940  65.249 1.0000000000
36928  -9.009  -25.379  64.005 1.0000000000
36931  -8.629  -26.820  62.882 1.0000000000
36932  -8.064  -28.327  61.800 1.0000000000
43022  -5.566  -20.465  57.556 1.0000000000
43023  -5.578  -20.429  56.953 1.0000000000
43024  -5.573  -21.087  56.891 1.0000000000
45422  -6.756  -25.462  57.321 1.0000000000
45423  -6.374  -25.501  56.750 1.0000000000
45424  -6.433  -26.162  56.723 1.0000000000
47225  -6.614  -20.262  63.084 1.0000000000
47226  -6.293  -19.692  63.121 1.0000000000
47227  -6.505  -20.332  62.467 1.0000000000
47228  -6.371  -20.391  61.837 1.0000000000
47229  -6.706  -20.968  61.754 1.0000000000
47230  -6.916  -21.608  61.071 1.0000000000
47231  -7.107  -21.507  61.677 1.0000000000
47232  -9.117  -24.923  62.232 1.0000000000
47233  -9.026  -25.020  61.516 1.0000000000
47234  -9.032  -25.650  61.641 1.0000000000
47235  -8.771  -26.413  61.034 1.0000000000
47236  -8.896  -26.301  61.784 1.0000000000
55022  -6.621  -28.132  57.508 1.0000000000
56827  -6.781  -20.054  64.894 1.0000000000
56828  -6.746  -20.127  64.263 1.0000000000
56829  -7.182  -20.672  64.240 1.0000000000
56830  -7.585  -21.263  63.598 1.0000000000
56831  -7.662  -21.186  64.228 1.0000000000
56832  -8.628  -22.120  64.887 1.0000000000
56833  -8.572  -22.206  64.215 1.0000000000
56834  -8.915  -22.795  64.213 1.0000000000
56835  -9.084  -23.484  63.539 1.0000000000
56836  -9.122  -23.388  64.257 1.0000000000
59942  -6.059  -17.859  57.690 1.0000000000
59943  -6.175  -17.867  57.106 1.0000000000
59944  -5.958  -18.486  57.091 1.0000000000
59945  -5.892  -20.444  55.687 1.0000000000
59946  -5.983  -19.833  55.776 1.0000000000
67142  -6.060  -22.980  57.423 1.0000000000
67143  -5.886  -22.986  56.778 1.0000000000
67144  -6.041  -23.619  56.770 1.0000000000
67145  -5.869  -25.604  55.539 1.0000000000
67146  -5.906  -24.915  55.532 1.0000000000
67147  -5.832  -25.621  54.934 1.0000000000
67148  -6.002  -25.666  54.373 1.0000000000
67149  -5.984  -26.348  54.415 1.0000000000
67151  -5.786  -27.627  55.650 1.0000000000
67152  -5.717  -28.362  55.144 1.0000000000
72537  -6.050  -17.769  60.052 1.0000000000
72538  -6.034  -17.789  59.429 1.0000000000
72539  -5.845  -18.506  59.446 1.0000000000
72540  -5.699  -19.200  58.839 1.0000000000
72541  -5.740  -19.190  59.453 1.0000000000
72545  -6.421  -14.747  65.352 1.0000000000
72547  -6.560  -14.802  64.757 1.0000000000
72549  -6.429  -15.528  64.231 1.0000000000
72551  -5.923  -16.767  65.477 1.0000000000
72552  -5.883  -17.488  64.948 1.0000000000
72553  -5.957  -18.334  63.160 1.0000000000
72554  -5.985  -17.626  63.756 1.0000000000
72555  -6.007  -17.654  63.146 1.0000000000
72556  -6.194  -16.973  63.114 1.0000000000
72557  -6.042  -17.688  62.539 1.0000000000
72558  -6.078  -17.699  61.935 1.0000000000
72559  -5.973  -18.428  61.932 1.0000000000
72560  -6.089  -20.494  60.628 1.0000000000
72561  -5.962  -19.865  60.719 1.0000000000
72562  -5.946  -20.513  60.040 1.0000000000
72563  -5.803  -20.499  59.446 1.0000000000
72564  -5.970  -21.159  59.395 1.0000000000
72565  -6.022  -21.780  58.762 1.0000000000
72566  -6.242  -21.763  59.362 1.0000000000
72567  -7.153  -22.815  59.789 1.0000000000
72568  -6.860  -22.887  59.213 1.0000000000
72569  -7.174  -23.476  59.115 1.0000000000
72570  -7.133  -24.113  58.509 1.0000000000
72571  -7.506  -24.061  59.045 1.0000000000
72572  -8.198  -22.503  62.234 1.0000000000
72573  -7.968  -22.599  61.571 1.0000000000
72574  -8.347  -23.155  61.482 1.0000000000
72575  -8.599  -25.182  60.191 1.0000000000
72576  -8.436  -24.536  60.174 1.0000000000
72577  -8.306  -25.255  59.544 1.0000000000
72578  -7.956  -25.306  58.952 1.0000000000
72579  -8.019  -25.977  58.974 1.0000000000
72580  -7.653  -26.687  58.409 1.0000000000
72581  -8.016  -26.643  59.008 1.0000000000
72582  -8.057  -27.917  59.981 1.0000000000
72583  -7.777  -27.974  59.326 1.0000000000
72584  -7.528  -28.635  59.515 1.0000000000
72586  -7.244  -29.287  59.710 1.0000000000
81925  -5.803  -22.975  55.567 1.0000000000
81926  -5.770  -22.350  55.557 1.0000000000
81927  -5.932  -23.009  54.975 1.0000000000
82086  -9.056  -23.868  66.064 1.0000000000
82087  -9.010  -24.564  65.427 1.0000000000
82088  -9.106  -24.678  64.613 1.0000000000
82089  -8.904  -25.288  64.817 1.0000000000
82098  -8.346  -27.585  62.305 1.0000000000
94003  -7.720  -21.078  64.875 1.0000000000
94004  -7.776  -20.984  65.491 1.0000000000
94005  -8.248  -21.496  65.507 1.0000000000
94006  -8.656  -22.056  65.549 1.0000000000
95870  -5.722  -19.153  57.662 1.0000000000
95871  -5.806  -19.138  57.048 1.0000000000
95872  -5.657  -19.795  56.993 1.0000000000
95873  -5.695  -20.433  56.296 1.0000000000
95874  -5.820  -21.079  55.667 1.0000000000
100190  -6.467  -24.221  57.366 1.0000000000
100191  -6.168  -24.271  56.784 1.0000000000
100192  -6.293  -24.884  56.773 1.0000000000
100193  -6.076  -25.559  56.157 1.0000000000
100194  -5.843  -26.282  55.546 1.0000000000
103428  -6.312  -17.052  60.646 1.0000000000
103429  -6.064  -17.735  60.685 1.0000000000
103434  -6.190  -15.440  65.408 1.0000000000
103435  -6.112  -18.881  64.364 1.0000000000
103436  -5.926  -18.242  64.386 1.0000000000
103437  -6.092  -18.962  63.730 1.0000000000
103438  -6.062  -19.020  63.136 1.0000000000
103439  -6.015  -19.074  62.568 1.0000000000
103440  -5.989  -19.130  61.902 1.0000000000
103441  -6.128  -19.779  61.919 1.0000000000
103442  -6.220  -20.443  61.229 1.0000000000
103443  -6.367  -21.110  60.546 1.0000000000
103444  -6.482  -21.710  59.938 1.0000000000
103445  -6.702  -21.672  60.490 1.0000000000
103446  -7.083  -22.210  60.440 1.0000000000
103447  -7.476  -22.733  60.363 1.0000000000
103448  -8.866  -23.645  62.150 1.0000000000
103449  -8.672  -23.738  61.461 1.0000000000
103450  -8.906  -24.362  61.471 1.0000000000
103451  -8.843  -25.097  60.835 1.0000000000
103452  -8.641  -25.836  60.220 1.0000000000
103453  -8.347  -26.576  59.631 1.0000000000
103454  -8.588  -26.508  60.312 1.0000000000
103455  -8.459  -27.180  60.449 1.0000000000
103456  -8.303  -27.824  60.663 1.0000000000
109061  -6.076  -23.683  54.354 1.0000000000
116966  -6.812  -26.773  57.331 1.0000000000
116967  -6.400  -26.836  56.756 1.0000000000
116968  -6.308  -27.516  56.804 1.0000000000
116969  -5.824  -28.230  56.267 1.0000000000
119492  -6.105  -18.788  65.572 1.0000000000
119493  -6.105  -18.853  64.951 1.0000000000
119494  -6.394  -19.530  64.362 1.0000000000
119495  -6.701  -20.188  63.659 1.0000000000
119496  -6.993  -20.837  62.999 1.0000000000
119497  -7.274  -21.442  62.304 1.0000000000
119498  -7.432  -21.360  62.936 1.0000000000
119499  -7.895  -21.867  62.908 1.0000000000
119500  -8.378  -22.413  62.888 1.0000000000
119501  -8.131  -21.680  64.220 1.0000000000
119502  -8.490  -22.310  63.545 1.0000000000
119503  -8.731  -22.968  62.835 1.0000000000
119504  -9.017  -23.574  62.842 1.0000000000
119505  -9.144  -24.184  62.858 1.0000000000
119506  -9.173  -24.832  62.945 1.0000000000
133430  -5.704  -21.763  57.497 1.0000000000
133431  -5.641  -21.742  56.848 1.0000000000
133432  -5.757  -22.366  56.841 1.0000000000
133433  -5.789  -22.978  56.159 1.0000000000
133434  -5.844  -23.626  55.532 1.0000000000
133435  -5.988  -24.250  56.141 1.0000000000
133436  -5.893  -24.259  55.497 1.0000000000
133437  -5.886  -24.292  54.879 1.0000000000
133438  -6.004  -24.985  54.330 1.0000000000
133439  -6.315  -25.696  53.873 1.0000000000
133441  -6.059  -26.895  56.173 1.0000000000
133442  -5.823  -26.942  55.594 1.0000000000
133443  -5.816  -27.017  55.010 1.0000000000
133444  -5.880  -28.395  54.610 1.0000000000
133445  -5.930  -27.744  54.520 1.0000000000
133448  -6.791  -27.091  53.558 1.0000000000
140175  -6.299  -17.158  58.253 1.0000000000
140176  -6.053  -17.812  58.256 1.0000000000
140177  -6.301  -17.078  59.438 1.0000000000
140178  -6.044  -17.792  58.835 1.0000000000
140179  -5.830  -18.496  58.268 1.0000000000
140180  -5.680  -19.194  58.237 1.0000000000
140181  -5.601  -19.860  58.190 1.0000000000
140182  -5.590  -20.487  58.172 1.0000000000
140193  -6.032  -16.135  65.434 1.0000000000
140194  -6.098  -16.186  64.862 1.0000000000
140195  -5.935  -17.557  64.358 1.0000000000
140196  -6.046  -16.903  64.295 1.0000000000
140197  -6.202  -16.232  64.263 1.0000000000
140198  -6.318  -16.271  63.655 1.0000000000
140199  -6.437  -16.303  63.029 1.0000000000
140200  -6.529  -16.322  62.403 1.0000000000
140201  -6.298  -17.040  61.850 1.0000000000
140202  -6.069  -17.712  61.321 1.0000000000
140203  -5.905  -18.454  60.659 1.0000000000
140204  -5.940  -19.154  61.282 1.0000000000
140205  -5.863  -19.159  60.694 1.0000000000
140206  -5.799  -19.180  60.086 1.0000000000
140207  -5.726  -19.848  59.438 1.0000000000
140208  -5.659  -20.488  58.812 1.0000000000
140209  -5.669  -21.140  58.161 1.0000000000
140210  -5.837  -21.779  58.151 1.0000000000
140211  -6.053  -22.381  58.095 1.0000000000
140212  -6.288  -22.972  58.044 1.0000000000
140213  -6.542  -22.321  59.293 1.0000000000
140214  -6.576  -22.935  58.641 1.0000000000
140215  -6.540  -23.569  57.984 1.0000000000
140216  -6.794  -24.166  57.943 1.0000000000
140217  -6.989  -24.789  57.890 1.0000000000
140218  -7.165  -25.422  57.846 1.0000000000
140219  -7.535  -22.031  61.654 1.0000000000
140220  -7.729  -22.673  60.952 1.0000000000
140221  -7.844  -23.321  60.258 1.0000000000
140222  -8.438  -23.849  60.788 1.0000000000
140223  -8.162  -23.910  60.206 1.0000000000
140224  -7.843  -23.991  59.612 1.0000000000
140225  -7.757  -24.677  58.941 1.0000000000
140226  -7.570  -25.360  58.389 1.0000000000
140227  -7.252  -26.063  57.863 1.0000000000
140228  -7.244  -26.723  57.858 1.0000000000
140229  -7.176  -27.421  57.946 1.0000000000
140230  -7.045  -28.097  58.095 1.0000000000
140231  -7.933  -27.323  59.134 1.0000000000
140232  -7.468  -28.023  58.696 1.0000000000
140233  -6.866  -28.751  58.269 1.0000000000
151553  -5.655  -21.717  56.215 1.0000000000
151554  -5.754  -21.698  55.604 1.0000000000
151555  -6.001  -21.713  55.007 1.0000000000
151557  -6.244  -22.365  54.428 1.0000000000
151747  -9.130  -23.329  65.054 1.0000000000
151748  -9.206  -24.015  64.405 1.0000000000
151749  -9.197  -24.741  63.782 1.0000000000
151750  -9.082  -25.458  63.192 1.0000000000
151757  -8.747  -25.971  64.244 1.0000000000
151758  -8.858  -26.078  63.450 1.0000000000
151759  -8.918  -26.185  62.609 1.0000000000
151760  -8.652  -26.949  62.023 1.0000000000
151761  -8.350  -27.709  61.485 1.0000000000
151762  -7.970  -28.478  60.973 1.0000000000
151763  -7.698  -28.918  62.127 1.0000000000
