#!ascii label  , from subject 40tvs8ref_sym_20 vox2ras=TkReg
419
10  -55.396  -23.676  -2.472 1.0000000000
549  -58.993  -30.314  2.069 1.0000000000
1235  -52.799  -32.812  1.853 1.0000000000
2288  -64.625  -26.313  1.736 1.0000000000
2289  -57.134  -26.976  0.032 1.0000000000
2317  -50.758  -29.601  -0.356 1.0000000000
2603  -52.167  -25.042  -2.852 1.0000000000
2605  -52.503  -22.894  -4.074 1.0000000000
5083  -63.783  -24.547  0.686 1.0000000000
5147  -55.916  -31.592  1.921 1.0000000000
5148  -51.717  -31.193  0.904 1.0000000000
5149  -54.897  -29.895  0.970 1.0000000000
5150  -53.932  -28.302  -0.178 1.0000000000
5151  -58.085  -28.578  1.168 1.0000000000
6833  -56.885  -33.046  2.904 1.0000000000
6834  -59.974  -31.802  3.095 1.0000000000
9267  -59.213  -23.255  -1.505 1.0000000000
9423  -62.648  -29.967  2.887 1.0000000000
9425  -65.393  -28.085  2.736 1.0000000000
9426  -61.774  -28.280  1.914 1.0000000000
9427  -60.855  -26.556  0.998 1.0000000000
9428  -60.049  -24.912  -0.280 1.0000000000
9429  -56.296  -25.290  -1.289 1.0000000000
9508  -47.858  -31.229  -0.893 1.0000000000
9509  -47.255  -29.825  -2.757 1.0000000000
9510  -49.855  -28.079  -1.912 1.0000000000
9511  -53.039  -26.672  -1.502 1.0000000000
10283  -53.763  -24.353  -2.654 1.0000000000
10284  -52.341  -23.959  -3.474 1.0000000000
10285  -53.951  -23.243  -3.209 1.0000000000
12827  -57.516  -30.963  2.004 1.0000000000
12828  -55.388  -30.778  1.491 1.0000000000
12829  -56.990  -30.126  1.498 1.0000000000
12830  -56.486  -29.265  1.014 1.0000000000
12831  -58.567  -29.449  1.594 1.0000000000
15230  -58.415  -32.424  3.001 1.0000000000
21003  -66.433  -26.199  2.281 1.0000000000
21004  -66.799  -27.098  2.861 1.0000000000
21005  -65.017  -27.235  2.228 1.0000000000
21006  -63.619  -28.211  2.301 1.0000000000
21007  -63.174  -27.315  1.838 1.0000000000
21008  -61.321  -27.423  1.494 1.0000000000
21009  -62.756  -26.399  1.373 1.0000000000
21010  -63.348  -23.720  0.051 1.0000000000
21011  -61.911  -24.729  0.240 1.0000000000
21012  -61.480  -23.898  -0.479 1.0000000000
21013  -59.623  -24.081  -0.959 1.0000000000
21205  -51.240  -30.392  0.322 1.0000000000
21206  -49.676  -31.089  0.195 1.0000000000
21207  -49.220  -30.335  -0.510 1.0000000000
21208  -47.526  -30.528  -1.793 1.0000000000
21209  -48.805  -29.571  -1.322 1.0000000000
21210  -48.430  -28.862  -2.216 1.0000000000
21211  -50.301  -28.836  -1.081 1.0000000000
21212  -55.550  -27.674  -0.062 1.0000000000
21213  -53.476  -27.534  -0.844 1.0000000000
21214  -55.093  -26.847  -0.714 1.0000000000
21215  -54.651  -25.994  -1.397 1.0000000000
21216  -56.745  -26.150  -0.616 1.0000000000
23117  -50.585  -25.752  -3.132 1.0000000000
27580  -66.020  -25.315  1.733 1.0000000000
27581  -64.243  -25.392  1.238 1.0000000000
27582  -65.626  -24.418  1.166 1.0000000000
27583  -65.206  -23.563  0.613 1.0000000000
27697  -54.333  -32.220  1.849 1.0000000000
27698  -52.292  -31.998  1.385 1.0000000000
27699  -53.790  -31.387  1.434 1.0000000000
27700  -53.258  -30.540  0.969 1.0000000000
27701  -52.819  -29.732  0.382 1.0000000000
27702  -52.338  -28.949  -0.268 1.0000000000
27703  -54.404  -29.084  0.419 1.0000000000
27704  -55.979  -28.436  0.512 1.0000000000
27705  -57.594  -27.763  0.627 1.0000000000
31305  -54.841  -32.953  2.319 1.0000000000
31306  -56.361  -32.335  2.402 1.0000000000
31307  -57.954  -31.708  2.511 1.0000000000
31308  -59.504  -31.075  2.603 1.0000000000
38043  -57.293  -23.473  -1.972 1.0000000000
38044  -56.108  -22.671  -2.650 1.0000000000
38510  -61.331  -30.875  3.017 1.0000000000
38511  -60.926  -30.134  2.473 1.0000000000
38518  -64.028  -29.076  2.798 1.0000000000
38519  -62.251  -29.146  2.353 1.0000000000
38520  -60.423  -29.303  1.989 1.0000000000
38521  -59.940  -28.421  1.562 1.0000000000
38522  -59.455  -27.569  1.103 1.0000000000
38523  -59.008  -26.780  0.539 1.0000000000
38524  -62.312  -25.522  0.797 1.0000000000
38525  -60.459  -25.723  0.402 1.0000000000
38526  -58.617  -25.940  -0.109 1.0000000000
38527  -58.220  -25.118  -0.782 1.0000000000
38528  -57.739  -24.299  -1.439 1.0000000000
38529  -55.861  -24.501  -1.879 1.0000000000
38756  -46.959  -31.744  -5.316 1.0000000000
38760  -50.200  -31.855  0.795 1.0000000000
38764  -46.685  -31.068  -3.506 1.0000000000
38765  -46.719  -30.414  -4.566 1.0000000000
38766  -47.095  -29.152  -3.729 1.0000000000
38767  -48.102  -28.143  -3.132 1.0000000000
38768  -49.435  -27.304  -2.696 1.0000000000
38769  -51.871  -28.167  -0.974 1.0000000000
38770  -51.411  -27.365  -1.709 1.0000000000
38771  -51.022  -26.538  -2.412 1.0000000000
38772  -52.615  -25.863  -2.196 1.0000000000
38773  -54.177  -25.176  -2.014 1.0000000000
39991  -54.637  -22.297  -3.371 1.0000000000
41003  -54.619  -24.004  -2.549 1.0000000000
41004  -53.865  -23.805  -2.928 1.0000000000
41005  -54.684  -23.465  -2.822 1.0000000000
43547  -58.266  -30.646  2.039 1.0000000000
43548  -57.255  -30.564  1.751 1.0000000000
43549  -58.003  -30.230  1.779 1.0000000000
43550  -57.770  -29.779  1.532 1.0000000000
43551  -58.765  -29.906  1.816 1.0000000000
51723  -65.560  -26.252  1.964 1.0000000000
51724  -65.732  -26.704  2.216 1.0000000000
51725  -64.823  -26.784  1.957 1.0000000000
51726  -64.114  -27.300  2.010 1.0000000000
51727  -63.901  -26.826  1.779 1.0000000000
51728  -62.967  -26.856  1.609 1.0000000000
51729  -63.692  -26.358  1.552 1.0000000000
51731  -62.402  -23.800  -0.214 1.0000000000
51733  -61.265  -23.459  -0.761 1.0000000000
51925  -51.022  -30.001  0.020 1.0000000000
51926  -50.229  -30.348  -0.075 1.0000000000
51927  -49.981  -29.946  -0.424 1.0000000000
51928  -49.018  -29.951  -0.918 1.0000000000
51929  -49.755  -29.555  -0.800 1.0000000000
51930  -49.535  -29.186  -1.176 1.0000000000
51931  -50.522  -29.221  -0.710 1.0000000000
51932  -56.324  -27.333  -0.023 1.0000000000
51933  -55.315  -27.262  -0.392 1.0000000000
51934  -56.090  -26.924  -0.348 1.0000000000
51935  -55.921  -26.497  -0.668 1.0000000000
51936  -56.938  -26.575  -0.277 1.0000000000
53888  -51.368  -25.391  -2.977 1.0000000000
53891  -52.435  -23.418  -3.786 1.0000000000
53892  -51.650  -23.762  -3.932 1.0000000000
53893  -51.741  -23.222  -4.247 1.0000000000
53895  -51.817  -22.725  -4.547 1.0000000000
61327  -66.661  -24.779  1.816 1.0000000000
61328  -65.835  -24.876  1.462 1.0000000000
61329  -66.494  -24.323  1.514 1.0000000000
61333  -64.976  -23.121  0.312 1.0000000000
61522  -55.087  -31.917  1.875 1.0000000000
61523  -54.067  -31.812  1.615 1.0000000000
61524  -54.854  -31.519  1.654 1.0000000000
61525  -55.095  -30.348  1.249 1.0000000000
61526  -54.297  -30.656  1.234 1.0000000000
61527  -54.092  -30.212  0.978 1.0000000000
61528  -53.054  -30.127  0.684 1.0000000000
61529  -53.863  -29.793  0.683 1.0000000000
61530  -53.588  -29.398  0.381 1.0000000000
61531  -54.679  -29.469  0.694 1.0000000000
61532  -57.274  -28.923  1.093 1.0000000000
61533  -56.261  -28.842  0.783 1.0000000000
61534  -57.047  -28.504  0.841 1.0000000000
61535  -56.814  -28.105  0.574 1.0000000000
61536  -57.857  -28.159  0.913 1.0000000000
68729  -55.859  -33.010  2.595 1.0000000000
68730  -55.593  -32.654  2.349 1.0000000000
68731  -56.618  -32.694  2.633 1.0000000000
68732  -59.197  -32.115  3.047 1.0000000000
68733  -58.194  -32.050  2.757 1.0000000000
68734  -58.999  -31.744  2.793 1.0000000000
68735  -58.731  -31.392  2.553 1.0000000000
68736  -59.753  -31.444  2.852 1.0000000000
84869  -58.265  -23.358  -1.744 1.0000000000
84871  -58.629  -22.855  -1.843 1.0000000000
86037  -62.005  -30.449  2.939 1.0000000000
86038  -61.148  -30.511  2.751 1.0000000000
86039  -61.817  -30.052  2.662 1.0000000000
86051  -66.065  -27.569  2.755 1.0000000000
86053  -66.224  -28.010  3.027 1.0000000000
86056  -64.905  -29.054  3.016 1.0000000000
86057  -64.717  -28.606  2.763 1.0000000000
86058  -62.727  -28.224  2.112 1.0000000000
86059  -62.930  -28.669  2.326 1.0000000000
86060  -62.030  -28.701  2.118 1.0000000000
86061  -61.365  -29.234  2.186 1.0000000000
86062  -61.106  -28.778  1.943 1.0000000000
86063  -60.173  -28.855  1.768 1.0000000000
86064  -60.862  -28.344  1.723 1.0000000000
86065  -61.085  -26.986  1.266 1.0000000000
86066  -60.389  -27.490  1.293 1.0000000000
86067  -60.119  -27.068  1.050 1.0000000000
86068  -59.201  -27.176  0.826 1.0000000000
86069  -59.917  -26.664  0.764 1.0000000000
86070  -64.020  -24.968  0.969 1.0000000000
86071  -63.282  -25.451  1.024 1.0000000000
86072  -63.052  -25.028  0.728 1.0000000000
86073  -60.982  -24.825  -0.039 1.0000000000
86074  -61.199  -25.244  0.308 1.0000000000
86075  -60.257  -25.340  0.061 1.0000000000
86076  -59.544  -25.850  0.143 1.0000000000
86077  -59.338  -25.463  -0.192 1.0000000000
86078  -58.422  -25.535  -0.447 1.0000000000
86079  -59.125  -25.011  -0.550 1.0000000000
86080  -59.398  -23.665  -1.246 1.0000000000
86081  -58.674  -24.195  -1.217 1.0000000000
86082  -58.452  -23.774  -1.486 1.0000000000
86083  -57.523  -23.878  -1.701 1.0000000000
86645  -47.225  -32.387  -5.687 1.0000000000
86655  -51.996  -31.601  1.164 1.0000000000
86656  -51.260  -31.914  1.119 1.0000000000
86657  -50.964  -31.525  0.862 1.0000000000
86658  -48.705  -31.119  -0.288 1.0000000000
86660  -48.034  -31.595  -0.465 1.0000000000
86662  -47.334  -31.756  -1.179 1.0000000000
86664  -47.190  -31.411  -1.608 1.0000000000
86665  -47.372  -30.190  -2.263 1.0000000000
86666  -46.979  -30.761  -2.599 1.0000000000
86667  -46.879  -30.423  -3.095 1.0000000000
86668  -46.662  -30.735  -4.029 1.0000000000
86669  -46.848  -30.092  -3.655 1.0000000000
86670  -46.825  -29.767  -4.168 1.0000000000
86671  -47.202  -29.500  -3.257 1.0000000000
86672  -49.118  -28.459  -2.048 1.0000000000
86673  -48.230  -28.483  -2.681 1.0000000000
86674  -48.917  -28.078  -2.501 1.0000000000
86675  -48.728  -27.711  -2.921 1.0000000000
86676  -49.645  -27.694  -2.316 1.0000000000
86677  -53.153  -28.638  -0.224 1.0000000000
86678  -52.083  -28.551  -0.620 1.0000000000
86679  -52.897  -28.252  -0.557 1.0000000000
86680  -53.256  -27.101  -1.165 1.0000000000
86681  -52.405  -27.439  -1.285 1.0000000000
86682  -52.215  -27.020  -1.609 1.0000000000
86683  -51.214  -26.954  -2.063 1.0000000000
86684  -52.000  -26.595  -1.957 1.0000000000
86685  -51.807  -26.190  -2.304 1.0000000000
86686  -52.805  -26.265  -1.875 1.0000000000
86687  -55.477  -25.645  -1.341 1.0000000000
86688  -54.435  -25.581  -1.706 1.0000000000
86689  -55.225  -25.221  -1.654 1.0000000000
86690  -54.991  -24.840  -1.950 1.0000000000
86691  -56.075  -24.881  -1.581 1.0000000000
89730  -56.460  -22.208  -2.715 1.0000000000
89731  -55.352  -22.474  -3.005 1.0000000000
92237  -52.938  -24.700  -2.760 1.0000000000
92238  -52.239  -24.502  -3.168 1.0000000000
92239  -53.032  -24.160  -3.046 1.0000000000
92240  -53.136  -23.609  -3.345 1.0000000000
92241  -53.176  -23.063  -3.659 1.0000000000
96817  -56.727  -31.270  1.963 1.0000000000
96818  -55.667  -31.201  1.702 1.0000000000
96819  -56.480  -30.877  1.738 1.0000000000
96820  -56.197  -30.463  1.491 1.0000000000
96821  -55.909  -30.031  1.236 1.0000000000
96822  -55.702  -29.588  0.985 1.0000000000
96823  -56.728  -29.689  1.250 1.0000000000
96824  -57.532  -29.346  1.310 1.0000000000
96825  -58.326  -29.008  1.383 1.0000000000
101142  -57.632  -32.752  2.933 1.0000000000
101143  -58.619  -32.812  3.266 1.0000000000
111535  -66.593  -26.646  2.553 1.0000000000
111536  -65.917  -27.152  2.501 1.0000000000
111537  -65.201  -27.659  2.475 1.0000000000
111538  -64.516  -28.172  2.487 1.0000000000
111539  -64.308  -27.726  2.253 1.0000000000
111540  -63.406  -27.765  2.072 1.0000000000
111541  -62.466  -27.797  1.892 1.0000000000
111542  -61.530  -27.857  1.715 1.0000000000
111543  -62.244  -27.361  1.671 1.0000000000
111544  -62.031  -26.911  1.453 1.0000000000
111545  -61.810  -26.474  1.186 1.0000000000
111546  -63.567  -24.133  0.382 1.0000000000
111547  -62.843  -24.626  0.453 1.0000000000
111548  -62.632  -24.221  0.150 1.0000000000
111549  -61.703  -24.323  -0.136 1.0000000000
111550  -60.785  -24.414  -0.408 1.0000000000
111551  -59.843  -24.491  -0.646 1.0000000000
111552  -60.561  -23.989  -0.711 1.0000000000
111553  -60.345  -23.566  -0.993 1.0000000000
111897  -51.465  -30.778  0.621 1.0000000000
111898  -50.694  -31.121  0.570 1.0000000000
111899  -50.454  -30.736  0.249 1.0000000000
111900  -49.453  -30.715  -0.162 1.0000000000
111901  -48.487  -30.734  -0.677 1.0000000000
111902  -47.646  -30.853  -1.318 1.0000000000
111903  -48.297  -30.376  -1.094 1.0000000000
111904  -48.105  -30.025  -1.527 1.0000000000
111905  -47.914  -29.671  -1.974 1.0000000000
111906  -47.803  -29.305  -2.441 1.0000000000
111907  -48.596  -29.213  -1.753 1.0000000000
111908  -49.322  -28.829  -1.595 1.0000000000
111909  -50.084  -28.470  -1.494 1.0000000000
111910  -54.697  -27.963  -0.127 1.0000000000
111911  -53.684  -27.914  -0.511 1.0000000000
111912  -54.503  -27.592  -0.448 1.0000000000
111913  -54.296  -27.209  -0.779 1.0000000000
111914  -54.059  -26.760  -1.107 1.0000000000
111915  -53.809  -26.326  -1.467 1.0000000000
111916  -54.880  -26.416  -1.052 1.0000000000
111917  -55.735  -26.071  -1.013 1.0000000000
111918  -56.526  -25.724  -0.971 1.0000000000
115379  -49.817  -26.127  -3.320 1.0000000000
125792  -67.012  -25.664  2.399 1.0000000000
125793  -66.251  -25.749  2.018 1.0000000000
125794  -65.361  -25.799  1.711 1.0000000000
125795  -64.431  -25.849  1.489 1.0000000000
125796  -65.147  -25.359  1.447 1.0000000000
125797  -64.942  -24.929  1.203 1.0000000000
125798  -64.722  -24.491  0.919 1.0000000000
125799  -66.293  -23.896  1.211 1.0000000000
125800  -65.413  -23.988  0.865 1.0000000000
125801  -64.510  -24.056  0.629 1.0000000000
125802  -64.284  -23.636  0.312 1.0000000000
125803  -64.039  -23.196  0.007 1.0000000000
126067  -53.596  -32.523  1.850 1.0000000000
126068  -52.574  -32.410  1.608 1.0000000000
126069  -53.332  -32.119  1.623 1.0000000000
126070  -53.040  -31.691  1.420 1.0000000000
126071  -52.748  -31.286  1.196 1.0000000000
126072  -54.563  -31.086  1.456 1.0000000000
126073  -53.503  -30.967  1.211 1.0000000000
126074  -52.474  -30.870  0.944 1.0000000000
126075  -52.244  -30.446  0.669 1.0000000000
126076  -52.027  -30.055  0.368 1.0000000000
126077  -51.802  -29.659  0.042 1.0000000000
126078  -51.542  -29.273  -0.306 1.0000000000
126079  -52.592  -29.336  0.066 1.0000000000
126080  -53.377  -29.019  0.090 1.0000000000
126081  -54.182  -28.704  0.129 1.0000000000
126082  -55.479  -29.174  0.743 1.0000000000
126083  -55.208  -28.767  0.468 1.0000000000
126084  -54.926  -28.359  0.177 1.0000000000
126085  -55.733  -28.058  0.240 1.0000000000
126086  -56.570  -27.742  0.295 1.0000000000
126087  -57.344  -27.377  0.329 1.0000000000
135440  -54.074  -33.254  2.318 1.0000000000
135441  -53.828  -32.890  2.074 1.0000000000
135442  -54.591  -32.587  2.080 1.0000000000
135443  -55.315  -32.307  2.113 1.0000000000
135444  -56.130  -31.980  2.160 1.0000000000
135445  -57.406  -32.376  2.694 1.0000000000
135446  -57.159  -32.024  2.461 1.0000000000
135447  -56.935  -31.655  2.210 1.0000000000
135448  -57.726  -31.337  2.260 1.0000000000
135449  -58.474  -31.013  2.292 1.0000000000
135450  -59.240  -30.690  2.328 1.0000000000
155091  -56.331  -23.554  -2.215 1.0000000000
155092  -55.733  -23.162  -2.580 1.0000000000
155093  -56.690  -23.072  -2.316 1.0000000000
156492  -60.663  -31.338  3.044 1.0000000000
156493  -60.447  -30.982  2.820 1.0000000000
156494  -60.205  -30.608  2.559 1.0000000000
156495  -59.963  -30.229  2.275 1.0000000000
156515  -64.218  -29.498  3.054 1.0000000000
156516  -63.322  -29.516  2.837 1.0000000000
156517  -63.840  -28.665  2.545 1.0000000000
156518  -63.126  -29.090  2.551 1.0000000000
156519  -62.461  -29.577  2.595 1.0000000000
156520  -61.587  -29.658  2.410 1.0000000000
156521  -60.686  -29.744  2.225 1.0000000000
156522  -59.714  -29.835  2.016 1.0000000000
156523  -59.476  -29.399  1.783 1.0000000000
156524  -59.245  -28.948  1.585 1.0000000000
156525  -59.016  -28.516  1.377 1.0000000000
156526  -60.634  -27.913  1.528 1.0000000000
156527  -59.713  -27.984  1.349 1.0000000000
156528  -58.787  -28.075  1.149 1.0000000000
156529  -58.537  -27.670  0.873 1.0000000000
156530  -58.289  -27.275  0.584 1.0000000000
156531  -58.075  -26.880  0.293 1.0000000000
156532  -63.479  -25.884  1.294 1.0000000000
156533  -62.542  -25.955  1.096 1.0000000000
156534  -61.590  -26.045  0.882 1.0000000000
156535  -62.118  -25.130  0.522 1.0000000000
156536  -61.390  -25.632  0.600 1.0000000000
156537  -60.649  -26.142  0.686 1.0000000000
156538  -59.726  -26.254  0.452 1.0000000000
156539  -58.804  -26.353  0.212 1.0000000000
156540  -57.871  -26.461  -0.029 1.0000000000
156541  -57.691  -26.045  -0.355 1.0000000000
156542  -57.477  -25.625  -0.703 1.0000000000
156543  -57.276  -25.211  -1.034 1.0000000000
156544  -58.906  -24.596  -0.908 1.0000000000
156545  -57.997  -24.712  -1.133 1.0000000000
156546  -57.059  -24.795  -1.333 1.0000000000
156547  -56.805  -24.382  -1.635 1.0000000000
156548  -56.548  -23.954  -1.946 1.0000000000
156549  -55.621  -24.075  -2.184 1.0000000000
157225  -47.434  -32.056  -6.121 1.0000000000
157226  -47.099  -31.420  -5.793 1.0000000000
157237  -50.511  -32.232  1.050 1.0000000000
157239  -49.930  -31.480  0.505 1.0000000000
157249  -46.723  -31.388  -3.008 1.0000000000
157250  -46.635  -31.729  -3.953 1.0000000000
157251  -46.678  -31.403  -4.461 1.0000000000
157252  -46.770  -31.083  -4.953 1.0000000000
157256  -47.079  -28.828  -4.251 1.0000000000
157257  -47.674  -28.959  -2.922 1.0000000000
157258  -47.560  -28.615  -3.381 1.0000000000
157260  -47.935  -27.786  -3.583 1.0000000000
157261  -48.520  -27.328  -3.323 1.0000000000
157262  -49.236  -26.915  -3.102 1.0000000000
157263  -51.293  -28.878  -0.668 1.0000000000
157264  -51.087  -28.505  -1.021 1.0000000000
157265  -50.866  -28.113  -1.408 1.0000000000
157266  -52.655  -27.852  -0.915 1.0000000000
157267  -51.643  -27.762  -1.345 1.0000000000
157268  -50.620  -27.722  -1.782 1.0000000000
157269  -50.413  -27.321  -2.169 1.0000000000
157270  -50.230  -26.907  -2.535 1.0000000000
157271  -50.018  -26.520  -2.926 1.0000000000
157272  -50.810  -26.143  -2.783 1.0000000000
157273  -51.603  -25.794  -2.634 1.0000000000
157274  -52.395  -25.446  -2.512 1.0000000000
157275  -53.621  -25.924  -1.790 1.0000000000
157276  -53.403  -25.515  -2.095 1.0000000000
157277  -53.173  -25.105  -2.417 1.0000000000
157278  -53.944  -24.768  -2.341 1.0000000000
157279  -54.814  -24.430  -2.254 1.0000000000
160927  -55.007  -22.950  -2.938 1.0000000000
160928  -54.289  -22.763  -3.309 1.0000000000
160929  -53.586  -22.596  -3.694 1.0000000000
160931  -53.928  -22.128  -3.768 1.0000000000
160932  -52.872  -22.430  -4.137 1.0000000000
