#!ascii label  , from subject 40tvs8ref_sym_20 vox2ras=TkReg
358
543  -62.220  -43.850  25.705 1.0000000000
2270  -61.182  -47.452  25.031 1.0000000000
2271  -62.671  -47.167  21.202 1.0000000000
2278  -57.696  -43.039  25.552 1.0000000000
2279  -61.721  -43.148  21.315 1.0000000000
5035  -62.634  -43.873  27.684 1.0000000000
5036  -61.936  -45.511  27.453 1.0000000000
5037  -62.280  -45.524  25.360 1.0000000000
5038  -61.964  -47.435  22.973 1.0000000000
5039  -62.588  -45.355  23.424 1.0000000000
5059  -59.340  -42.467  21.144 1.0000000000
5061  -63.174  -44.213  19.418 1.0000000000
6767  -61.177  -43.120  27.913 1.0000000000
9371  -60.309  -47.224  27.074 1.0000000000
9373  -60.956  -49.316  22.947 1.0000000000
9374  -61.752  -49.271  21.140 1.0000000000
9375  -62.588  -48.846  19.308 1.0000000000
9396  -60.207  -43.243  25.591 1.0000000000
9398  -59.570  -43.060  23.346 1.0000000000
9399  -61.877  -43.583  23.353 1.0000000000
9400  -62.932  -44.894  21.265 1.0000000000
9401  -63.442  -46.723  19.205 1.0000000000
12715  -62.411  -43.850  26.736 1.0000000000
12716  -62.536  -44.604  26.582 1.0000000000
12717  -62.484  -44.613  25.606 1.0000000000
12718  -62.425  -45.440  24.383 1.0000000000
12719  -62.403  -44.547  24.578 1.0000000000
15118  -61.596  -43.054  28.832 1.0000000000
20868  -61.481  -46.457  26.251 1.0000000000
20869  -61.111  -46.387  27.282 1.0000000000
20870  -60.725  -47.361  26.044 1.0000000000
20872  -60.570  -48.333  24.892 1.0000000000
20874  -61.036  -48.431  23.862 1.0000000000
20875  -62.323  -47.315  22.072 1.0000000000
20876  -61.908  -48.396  21.988 1.0000000000
20877  -62.291  -48.285  21.088 1.0000000000
20878  -62.156  -49.039  20.211 1.0000000000
20879  -62.662  -48.140  20.225 1.0000000000
20930  -58.118  -43.082  26.741 1.0000000000
20931  -59.443  -43.157  26.706 1.0000000000
20932  -59.001  -43.147  25.534 1.0000000000
20936  -60.586  -42.719  21.257 1.0000000000
20937  -59.370  -42.788  22.220 1.0000000000
20938  -60.635  -42.992  22.299 1.0000000000
20939  -60.791  -43.206  23.386 1.0000000000
20940  -61.800  -43.399  22.293 1.0000000000
20941  -62.520  -44.173  22.233 1.0000000000
20942  -62.536  -43.914  21.277 1.0000000000
20943  -63.807  -44.927  18.423 1.0000000000
20944  -63.454  -45.386  19.342 1.0000000000
20945  -63.906  -46.332  18.228 1.0000000000
20946  -63.621  -47.639  18.178 1.0000000000
27495  -62.867  -43.890  28.624 1.0000000000
27496  -62.548  -44.703  28.580 1.0000000000
27497  -62.556  -44.642  27.592 1.0000000000
27498  -62.107  -45.521  26.389 1.0000000000
27499  -61.792  -46.481  25.208 1.0000000000
27500  -61.616  -47.497  24.029 1.0000000000
27501  -62.071  -46.470  24.187 1.0000000000
27502  -62.377  -46.408  23.210 1.0000000000
27503  -62.668  -46.240  22.289 1.0000000000
27540  -61.740  -42.848  20.340 1.0000000000
27541  -62.586  -43.603  20.371 1.0000000000
27542  -62.645  -43.249  19.471 1.0000000000
31149  -62.479  -43.330  28.715 1.0000000000
31150  -62.134  -43.334  27.830 1.0000000000
31151  -61.729  -43.350  26.865 1.0000000000
38353  -61.802  -45.552  28.479 1.0000000000
38354  -60.818  -46.357  28.313 1.0000000000
38355  -59.937  -47.117  28.100 1.0000000000
38362  -61.495  -48.483  22.879 1.0000000000
38363  -61.343  -49.372  22.046 1.0000000000
38428  -59.896  -43.080  27.894 1.0000000000
38429  -60.657  -43.198  26.783 1.0000000000
38430  -61.350  -43.396  25.701 1.0000000000
38433  -57.379  -42.914  24.373 1.0000000000
38434  -58.147  -42.608  22.217 1.0000000000
38435  -58.331  -42.907  23.350 1.0000000000
38436  -58.665  -43.121  24.381 1.0000000000
38437  -59.814  -43.220  24.445 1.0000000000
38438  -61.038  -43.327  24.514 1.0000000000
38439  -62.008  -43.696  24.565 1.0000000000
38440  -62.493  -44.391  23.350 1.0000000000
38441  -62.777  -45.157  22.291 1.0000000000
38442  -62.966  -45.990  21.295 1.0000000000
38443  -63.023  -44.535  20.367 1.0000000000
38444  -63.221  -45.698  20.285 1.0000000000
38445  -63.032  -46.952  20.233 1.0000000000
38446  -63.112  -47.897  19.179 1.0000000000
43435  -62.307  -43.859  26.224 1.0000000000
43436  -62.475  -44.204  26.197 1.0000000000
43437  -62.406  -44.209  25.674 1.0000000000
43438  -62.460  -44.589  25.110 1.0000000000
43439  -62.358  -44.176  25.146 1.0000000000
51588  -61.286  -46.934  25.633 1.0000000000
51589  -61.084  -46.914  26.150 1.0000000000
51590  -60.958  -47.413  25.535 1.0000000000
51591  -60.634  -47.868  25.436 1.0000000000
51592  -60.872  -47.903  24.957 1.0000000000
51593  -60.803  -48.375  24.406 1.0000000000
51594  -61.102  -47.964  24.435 1.0000000000
51595  -62.513  -47.250  21.610 1.0000000000
51596  -62.314  -47.812  21.568 1.0000000000
51597  -62.504  -47.728  21.127 1.0000000000
51598  -62.490  -48.202  20.637 1.0000000000
51599  -62.695  -47.641  20.708 1.0000000000
51648  -57.210  -43.023  26.177 1.0000000000
51649  -57.418  -43.046  26.752 1.0000000000
51650  -57.872  -43.066  26.142 1.0000000000
51651  -58.554  -43.107  26.129 1.0000000000
51652  -58.363  -43.096  25.510 1.0000000000
51656  -61.178  -42.889  21.298 1.0000000000
51657  -60.600  -42.867  21.777 1.0000000000
51658  -61.213  -43.012  21.812 1.0000000000
51659  -61.251  -43.148  22.313 1.0000000000
51660  -61.748  -43.294  21.797 1.0000000000
51661  -62.191  -43.645  21.773 1.0000000000
51662  -62.180  -43.516  21.307 1.0000000000
51663  -64.123  -45.350  17.886 1.0000000000
51664  -63.893  -45.617  18.329 1.0000000000
51665  -64.131  -46.068  17.772 1.0000000000
51666  -64.049  -46.761  17.710 1.0000000000
61185  -62.748  -43.880  28.161 1.0000000000
61186  -62.731  -44.253  28.132 1.0000000000
61187  -62.701  -44.215  27.649 1.0000000000
61188  -62.400  -45.057  25.976 1.0000000000
61189  -62.360  -45.069  26.473 1.0000000000
61190  -62.196  -45.524  25.867 1.0000000000
61191  -61.954  -45.989  25.800 1.0000000000
61192  -62.059  -46.001  25.284 1.0000000000
61193  -61.916  -46.497  24.703 1.0000000000
61194  -62.168  -45.978  24.783 1.0000000000
61195  -62.502  -45.402  23.914 1.0000000000
61196  -62.391  -45.904  23.811 1.0000000000
61197  -62.509  -45.855  23.350 1.0000000000
61198  -62.508  -46.340  22.745 1.0000000000
61199  -62.603  -45.800  22.861 1.0000000000
61261  -62.227  -43.023  19.910 1.0000000000
68394  -62.265  -43.160  29.259 1.0000000000
68395  -61.389  -43.092  28.372 1.0000000000
68396  -61.894  -43.171  28.299 1.0000000000
68397  -61.695  -43.177  27.882 1.0000000000
68398  -61.917  -43.348  27.358 1.0000000000
68399  -61.474  -43.208  27.402 1.0000000000
85643  -62.256  -45.086  28.010 1.0000000000
85644  -62.205  -45.122  28.526 1.0000000000
85645  -61.864  -45.500  28.000 1.0000000000
85646  -60.701  -46.811  27.173 1.0000000000
85647  -60.955  -46.379  27.817 1.0000000000
85648  -60.507  -46.801  27.687 1.0000000000
85649  -60.351  -46.751  28.201 1.0000000000
85650  -60.118  -47.178  27.573 1.0000000000
85651  -59.781  -47.565  27.482 1.0000000000
85652  -59.950  -47.615  26.952 1.0000000000
85665  -61.794  -47.477  23.502 1.0000000000
85666  -61.545  -47.985  23.429 1.0000000000
85667  -61.756  -47.971  22.915 1.0000000000
85668  -61.838  -48.889  21.553 1.0000000000
85669  -61.630  -48.915  22.002 1.0000000000
85670  -61.546  -49.382  21.602 1.0000000000
85671  -61.228  -49.736  21.646 1.0000000000
85672  -61.436  -49.665  21.181 1.0000000000
85674  -61.637  -49.558  20.725 1.0000000000
85675  -62.356  -48.932  19.761 1.0000000000
85676  -62.018  -49.284  19.801 1.0000000000
85677  -62.246  -49.157  19.351 1.0000000000
85832  -59.214  -43.050  27.878 1.0000000000
85833  -59.806  -43.197  26.131 1.0000000000
85834  -60.082  -43.167  26.738 1.0000000000
85835  -60.421  -43.232  26.180 1.0000000000
85836  -60.999  -43.288  26.270 1.0000000000
85837  -60.799  -43.301  25.652 1.0000000000
85845  -57.244  -42.812  23.837 1.0000000000
85847  -58.125  -42.413  21.631 1.0000000000
85848  -58.728  -42.519  21.656 1.0000000000
85849  -59.455  -42.930  22.807 1.0000000000
85850  -58.832  -42.848  22.811 1.0000000000
85851  -58.961  -42.997  23.333 1.0000000000
85852  -58.480  -43.031  23.861 1.0000000000
85853  -59.099  -43.107  23.869 1.0000000000
85854  -59.264  -43.191  24.407 1.0000000000
85855  -59.692  -43.159  23.896 1.0000000000
85856  -61.369  -43.345  23.392 1.0000000000
85857  -60.897  -43.265  23.936 1.0000000000
85858  -61.468  -43.418  23.945 1.0000000000
85859  -61.566  -43.456  24.558 1.0000000000
85860  -61.933  -43.677  23.949 1.0000000000
85861  -62.270  -44.037  23.952 1.0000000000
85862  -62.251  -43.959  23.338 1.0000000000
85863  -62.739  -44.534  21.752 1.0000000000
85864  -62.708  -44.651  22.258 1.0000000000
85865  -62.898  -45.019  21.765 1.0000000000
85866  -62.886  -45.564  21.800 1.0000000000
85867  -63.013  -45.419  21.271 1.0000000000
85868  -62.874  -43.889  19.908 1.0000000000
85869  -62.821  -44.053  20.374 1.0000000000
85870  -63.086  -44.385  19.893 1.0000000000
85871  -63.494  -46.049  19.254 1.0000000000
85872  -63.337  -45.546  19.809 1.0000000000
85873  -63.324  -46.191  19.754 1.0000000000
85874  -63.172  -46.318  20.254 1.0000000000
85875  -63.232  -46.834  19.717 1.0000000000
85876  -63.077  -47.459  19.697 1.0000000000
85877  -63.314  -47.343  19.171 1.0000000000
96615  -62.568  -43.840  27.196 1.0000000000
96616  -62.603  -44.198  27.144 1.0000000000
96617  -62.548  -44.203  26.657 1.0000000000
96618  -62.503  -44.614  26.094 1.0000000000
96619  -62.477  -45.034  25.477 1.0000000000
96620  -62.352  -45.484  24.877 1.0000000000
96621  -62.457  -45.015  24.991 1.0000000000
96622  -62.455  -44.987  24.487 1.0000000000
96623  -62.544  -44.951  23.990 1.0000000000
100943  -60.804  -43.070  28.458 1.0000000000
111290  -61.662  -45.969  26.857 1.0000000000
111291  -61.539  -45.949  27.407 1.0000000000
111292  -61.283  -46.423  26.764 1.0000000000
111293  -60.887  -46.868  26.655 1.0000000000
111294  -60.512  -47.296  26.559 1.0000000000
111297  -60.361  -48.288  25.368 1.0000000000
111298  -60.316  -48.763  24.832 1.0000000000
111300  -60.545  -48.786  24.361 1.0000000000
111301  -60.780  -48.828  23.882 1.0000000000
111302  -61.008  -48.883  23.383 1.0000000000
111303  -62.146  -47.374  22.526 1.0000000000
111304  -61.937  -47.908  22.472 1.0000000000
111305  -62.121  -47.856  22.027 1.0000000000
111306  -62.092  -48.362  21.544 1.0000000000
111307  -62.034  -48.817  21.093 1.0000000000
111308  -61.945  -49.167  20.674 1.0000000000
111309  -62.232  -48.715  20.638 1.0000000000
111310  -62.427  -48.635  20.188 1.0000000000
111311  -62.634  -48.548  19.749 1.0000000000
111402  -58.316  -43.071  27.313 1.0000000000
111403  -58.996  -43.093  27.310 1.0000000000
111404  -58.805  -43.130  26.709 1.0000000000
111405  -59.200  -43.151  26.126 1.0000000000
111406  -59.606  -43.198  25.542 1.0000000000
111412  -59.987  -42.590  21.189 1.0000000000
111413  -59.352  -42.629  21.675 1.0000000000
111414  -59.981  -42.745  21.712 1.0000000000
111415  -60.000  -42.891  22.261 1.0000000000
111416  -60.081  -43.013  22.797 1.0000000000
111417  -60.182  -43.123  23.365 1.0000000000
111418  -60.728  -43.092  22.837 1.0000000000
111419  -61.327  -43.252  22.868 1.0000000000
111420  -61.808  -43.509  22.817 1.0000000000
111421  -62.200  -43.867  22.764 1.0000000000
111422  -62.248  -43.759  22.253 1.0000000000
111423  -62.525  -44.064  21.752 1.0000000000
111424  -62.762  -44.402  21.275 1.0000000000
111425  -63.490  -44.510  18.942 1.0000000000
111426  -63.345  -44.774  19.393 1.0000000000
111427  -63.612  -45.157  18.873 1.0000000000
111428  -63.680  -45.868  18.773 1.0000000000
111429  -63.650  -46.567  18.704 1.0000000000
111430  -63.547  -47.229  18.662 1.0000000000
111431  -63.794  -47.020  18.192 1.0000000000
125595  -62.934  -43.936  29.132 1.0000000000
125596  -62.833  -44.345  29.122 1.0000000000
125597  -62.793  -44.296  28.609 1.0000000000
125598  -62.566  -44.660  28.091 1.0000000000
125599  -62.286  -45.081  27.513 1.0000000000
125600  -62.521  -44.624  27.077 1.0000000000
125601  -62.338  -45.096  26.987 1.0000000000
125602  -62.019  -45.515  26.926 1.0000000000
125603  -61.812  -45.982  26.322 1.0000000000
125604  -61.628  -46.463  25.723 1.0000000000
125605  -61.482  -46.965  25.122 1.0000000000
125606  -61.406  -47.493  24.527 1.0000000000
125607  -61.666  -47.004  24.622 1.0000000000
125608  -61.842  -46.994  24.089 1.0000000000
125609  -62.017  -46.966  23.561 1.0000000000
125610  -62.279  -45.942  24.292 1.0000000000
125611  -62.229  -46.439  23.689 1.0000000000
125612  -62.187  -46.926  23.079 1.0000000000
125613  -62.364  -46.871  22.616 1.0000000000
125614  -62.509  -46.780  22.150 1.0000000000
125615  -62.653  -46.707  21.729 1.0000000000
125697  -59.973  -42.438  20.702 1.0000000000
125699  -61.142  -42.710  20.815 1.0000000000
125700  -61.708  -42.965  20.813 1.0000000000
125701  -62.185  -43.356  20.824 1.0000000000
125702  -62.189  -43.174  20.371 1.0000000000
125703  -62.589  -43.432  19.918 1.0000000000
125704  -62.942  -43.694  19.466 1.0000000000
125705  -62.747  -43.003  19.049 1.0000000000
125706  -63.056  -43.466  19.030 1.0000000000
125708  -63.663  -44.288  18.500 1.0000000000
125709  -64.029  -44.664  17.983 1.0000000000
135015  -62.879  -43.590  29.153 1.0000000000
135016  -62.743  -43.571  28.679 1.0000000000
135017  -62.622  -43.560  28.206 1.0000000000
135018  -62.092  -43.151  28.762 1.0000000000
135019  -62.315  -43.322  28.240 1.0000000000
135020  -62.438  -43.579  27.756 1.0000000000
135021  -62.281  -43.558  27.298 1.0000000000
135022  -62.120  -43.562  26.813 1.0000000000
135023  -61.970  -43.592  26.296 1.0000000000
156019  -62.575  -44.748  29.075 1.0000000000
156022  -61.420  -45.933  27.941 1.0000000000
156023  -61.303  -45.958  28.410 1.0000000000
156026  -60.205  -46.689  28.744 1.0000000000
156028  -59.593  -47.518  28.005 1.0000000000
156046  -61.317  -47.990  23.907 1.0000000000
156047  -61.264  -48.487  23.346 1.0000000000
156048  -61.229  -48.927  22.895 1.0000000000
156049  -61.702  -48.435  22.440 1.0000000000
156050  -61.433  -48.935  22.428 1.0000000000
156051  -61.162  -49.373  22.484 1.0000000000
156058  -61.821  -49.430  20.251 1.0000000000
156245  -60.128  -43.030  28.461 1.0000000000
156246  -60.556  -43.098  27.897 1.0000000000
156247  -59.664  -43.115  27.304 1.0000000000
156248  -60.321  -43.139  27.335 1.0000000000
156249  -60.906  -43.156  27.349 1.0000000000
156250  -61.194  -43.256  26.828 1.0000000000
156251  -61.509  -43.398  26.293 1.0000000000
156252  -61.818  -43.551  25.709 1.0000000000
156260  -56.873  -42.881  24.992 1.0000000000
156261  -57.521  -42.988  24.969 1.0000000000
156263  -57.560  -42.507  22.202 1.0000000000
156265  -58.747  -42.685  22.226 1.0000000000
156266  -58.211  -42.772  22.790 1.0000000000
156268  -57.849  -42.929  23.872 1.0000000000
156269  -58.016  -43.029  24.374 1.0000000000
156270  -58.199  -43.070  24.926 1.0000000000
156271  -58.831  -43.140  24.932 1.0000000000
156272  -59.422  -43.195  24.961 1.0000000000
156273  -60.012  -43.236  24.997 1.0000000000
156274  -60.279  -43.205  23.915 1.0000000000
156275  -60.422  -43.256  24.477 1.0000000000
156276  -60.632  -43.281  25.060 1.0000000000
156277  -61.192  -43.371  25.096 1.0000000000
156278  -61.681  -43.531  25.123 1.0000000000
156279  -62.081  -43.802  25.124 1.0000000000
156280  -62.264  -44.107  24.577 1.0000000000
156281  -62.478  -44.472  23.967 1.0000000000
156282  -62.601  -44.862  23.384 1.0000000000
156283  -62.500  -44.300  22.747 1.0000000000
156284  -62.678  -44.755  22.779 1.0000000000
156285  -62.680  -45.247  22.844 1.0000000000
156286  -62.744  -45.686  22.306 1.0000000000
156287  -62.794  -46.135  21.776 1.0000000000
156288  -62.815  -46.591  21.250 1.0000000000
156289  -62.536  -43.779  20.830 1.0000000000
156290  -62.792  -44.225  20.820 1.0000000000
156291  -62.996  -44.710  20.803 1.0000000000
156292  -63.256  -44.910  19.888 1.0000000000
156293  -63.165  -45.091  20.333 1.0000000000
156294  -63.114  -45.265  20.776 1.0000000000
156295  -63.086  -45.843  20.775 1.0000000000
156296  -62.998  -46.432  20.759 1.0000000000
156297  -62.866  -47.031  20.735 1.0000000000
156298  -62.875  -47.574  20.216 1.0000000000
156299  -62.887  -48.050  19.699 1.0000000000
156300  -62.869  -48.404  19.225 1.0000000000
156301  -63.387  -47.822  18.652 1.0000000000
