#!ascii label  , from subject 40tvs8ref_sym_20 vox2ras=TkReg
283
611  -52.608  3.773  -33.971 1.0000000000
1362  -46.821  7.912  -35.807 1.0000000000
1363  -47.777  2.379  -37.103 1.0000000000
1364  -51.400  -2.966  -33.395 1.0000000000
2468  -47.654  4.713  -30.495 1.0000000000
3282  -45.233  4.905  -38.560 1.0000000000
5524  -49.764  6.054  -35.211 1.0000000000
5525  -47.341  6.313  -33.088 1.0000000000
5526  -50.349  5.084  -32.480 1.0000000000
5527  -50.290  3.038  -30.115 1.0000000000
5528  -53.466  3.496  -31.100 1.0000000000
5530  -54.841  0.755  -32.595 1.0000000000
7059  -45.152  8.311  -38.722 1.0000000000
7060  -47.966  5.736  -37.745 1.0000000000
7061  -50.390  2.996  -36.187 1.0000000000
7062  -52.474  0.149  -34.382 1.0000000000
7063  -49.817  -0.140  -35.022 1.0000000000
13204  -51.236  5.005  -34.658 1.0000000000
13205  -50.172  5.698  -33.825 1.0000000000
13206  -51.760  4.988  -33.215 1.0000000000
13207  -51.886  4.360  -31.872 1.0000000000
13208  -53.192  3.835  -32.508 1.0000000000
13209  -54.522  2.596  -31.884 1.0000000000
13210  -53.773  2.301  -33.316 1.0000000000
15604  -46.585  3.675  -37.949 1.0000000000
15605  -46.636  5.340  -38.463 1.0000000000
15606  -47.976  4.114  -37.649 1.0000000000
15607  -49.275  4.446  -37.025 1.0000000000
15608  -49.124  2.735  -36.785 1.0000000000
15609  -50.218  1.442  -35.673 1.0000000000
15610  -48.871  1.135  -36.109 1.0000000000
22332  -47.458  5.479  -31.844 1.0000000000
22333  -46.195  6.391  -31.683 1.0000000000
22339  -51.798  2.290  -29.715 1.0000000000
22340  -50.173  2.092  -29.160 1.0000000000
22351  -52.030  -1.480  -33.983 1.0000000000
22352  -53.393  -1.423  -33.586 1.0000000000
22353  -52.816  -2.943  -33.074 1.0000000000
24340  -45.194  3.248  -37.861 1.0000000000
24341  -46.473  2.020  -37.287 1.0000000000
24342  -47.572  0.763  -36.533 1.0000000000
28374  -48.277  6.927  -35.549 1.0000000000
28375  -47.148  7.155  -34.401 1.0000000000
28376  -48.625  6.379  -34.190 1.0000000000
28377  -48.801  5.665  -32.896 1.0000000000
28378  -48.915  4.826  -31.646 1.0000000000
28379  -48.900  3.845  -30.383 1.0000000000
28380  -50.350  4.095  -31.190 1.0000000000
28381  -51.863  3.382  -30.592 1.0000000000
28382  -53.479  2.671  -29.974 1.0000000000
28384  -54.877  2.576  -30.394 1.0000000000
28385  -55.696  1.244  -31.220 1.0000000000
28386  -55.691  -0.732  -31.781 1.0000000000
31829  -46.146  8.355  -37.366 1.0000000000
31830  -45.277  6.627  -39.066 1.0000000000
31831  -46.598  7.064  -38.305 1.0000000000
31832  -47.663  7.210  -36.980 1.0000000000
31833  -49.105  6.089  -36.560 1.0000000000
31834  -50.454  4.785  -36.033 1.0000000000
31835  -51.615  3.389  -35.255 1.0000000000
31836  -52.729  1.923  -34.466 1.0000000000
31837  -51.502  1.624  -35.191 1.0000000000
31838  -51.141  0.022  -34.680 1.0000000000
31839  -50.640  -1.499  -34.237 1.0000000000
31840  -48.601  -0.436  -35.595 1.0000000000
31841  -49.373  -1.686  -34.695 1.0000000000
31842  -50.078  -3.001  -33.794 1.0000000000
40120  -48.821  2.982  -29.223 1.0000000000
40135  -53.762  0.357  -33.692 1.0000000000
40136  -54.600  -1.214  -32.845 1.0000000000
43924  -51.946  4.438  -34.304 1.0000000000
43925  -51.548  5.047  -33.935 1.0000000000
43926  -52.290  4.497  -33.611 1.0000000000
43927  -52.512  4.477  -32.919 1.0000000000
43928  -52.949  3.870  -33.248 1.0000000000
43929  -53.570  3.164  -32.913 1.0000000000
43930  -53.182  3.022  -33.588 1.0000000000
46324  -47.173  3.039  -37.568 1.0000000000
46325  -47.301  3.910  -37.843 1.0000000000
46326  -47.854  3.217  -37.420 1.0000000000
46327  -48.525  3.399  -37.281 1.0000000000
46328  -48.439  2.551  -36.958 1.0000000000
46329  -49.002  1.924  -36.467 1.0000000000
46330  -48.343  1.744  -36.657 1.0000000000
53051  -46.281  8.038  -35.123 1.0000000000
53052  -47.569  5.104  -31.180 1.0000000000
53053  -46.942  5.519  -31.088 1.0000000000
53071  -51.717  -2.251  -33.711 1.0000000000
53072  -52.430  -2.254  -33.614 1.0000000000
53073  -52.095  -2.955  -33.241 1.0000000000
55925  -44.502  3.011  -37.691 1.0000000000
55927  -45.858  2.650  -37.591 1.0000000000
55929  -46.356  1.222  -36.998 1.0000000000
62649  -49.045  6.518  -35.384 1.0000000000
62650  -48.503  6.683  -34.861 1.0000000000
62651  -49.286  6.355  -34.706 1.0000000000
62652  -50.302  5.444  -33.163 1.0000000000
62653  -49.530  5.737  -33.396 1.0000000000
62654  -49.595  5.375  -32.760 1.0000000000
62655  -48.908  5.290  -32.307 1.0000000000
62656  -49.615  4.957  -32.097 1.0000000000
62657  -49.629  4.471  -31.437 1.0000000000
62658  -50.333  4.629  -31.842 1.0000000000
62659  -52.645  3.937  -31.472 1.0000000000
62660  -51.906  3.901  -31.196 1.0000000000
62661  -52.666  3.525  -30.834 1.0000000000
62662  -52.673  3.035  -30.318 1.0000000000
62663  -53.507  3.141  -30.502 1.0000000000
62664  -54.220  2.743  -30.122 1.0000000000
62665  -54.198  3.094  -30.744 1.0000000000
62666  -54.757  1.769  -32.282 1.0000000000
62667  -55.121  1.949  -31.531 1.0000000000
62668  -55.296  1.001  -31.941 1.0000000000
62669  -55.772  0.264  -31.607 1.0000000000
62670  -55.280  -0.017  -32.212 1.0000000000
69848  -45.704  8.396  -38.093 1.0000000000
69849  -44.544  5.548  -38.811 1.0000000000
69850  -44.560  6.409  -39.082 1.0000000000
69851  -45.261  5.782  -38.807 1.0000000000
69852  -47.335  5.576  -38.155 1.0000000000
69853  -46.639  6.196  -38.501 1.0000000000
69854  -47.285  6.405  -38.037 1.0000000000
69855  -47.188  7.191  -37.711 1.0000000000
69856  -47.875  6.590  -37.444 1.0000000000
69857  -48.392  6.670  -36.793 1.0000000000
69858  -48.586  5.957  -37.188 1.0000000000
69859  -49.840  3.697  -36.640 1.0000000000
69860  -49.875  4.570  -36.580 1.0000000000
69861  -50.462  3.885  -36.185 1.0000000000
69862  -51.048  4.105  -35.646 1.0000000000
69863  -51.025  3.193  -35.730 1.0000000000
69864  -51.595  2.497  -35.289 1.0000000000
69865  -50.964  2.352  -35.654 1.0000000000
69866  -50.036  0.637  -35.325 1.0000000000
69867  -50.662  0.738  -35.115 1.0000000000
69868  -50.469  -0.040  -34.821 1.0000000000
69869  -50.917  -0.755  -34.424 1.0000000000
69870  -50.223  -0.828  -34.606 1.0000000000
69871  -47.530  0.029  -36.334 1.0000000000
69872  -48.129  0.203  -36.100 1.0000000000
69873  -48.027  -0.601  -35.871 1.0000000000
69875  -48.806  -1.764  -34.957 1.0000000000
69877  -49.741  -2.305  -34.262 1.0000000000
69878  -49.500  -3.066  -34.046 1.0000000000
69879  -49.781  -3.771  -33.537 1.0000000000
90032  -47.257  6.721  -33.765 1.0000000000
90033  -46.554  7.185  -33.782 1.0000000000
90034  -46.644  6.743  -33.130 1.0000000000
90036  -45.672  6.979  -31.554 1.0000000000
90054  -49.580  3.450  -30.246 1.0000000000
90055  -48.897  3.382  -29.774 1.0000000000
90056  -49.507  2.959  -29.712 1.0000000000
90091  -52.630  0.993  -34.494 1.0000000000
90092  -53.252  1.156  -34.081 1.0000000000
90093  -53.142  0.248  -34.098 1.0000000000
90094  -53.791  -2.124  -33.086 1.0000000000
90095  -54.024  -1.339  -33.254 1.0000000000
90097  -54.978  -1.887  -32.322 1.0000000000
97494  -50.511  5.553  -34.984 1.0000000000
97495  -49.995  5.914  -34.553 1.0000000000
97496  -50.792  5.487  -34.310 1.0000000000
97497  -50.996  5.402  -33.575 1.0000000000
97498  -51.066  5.098  -32.824 1.0000000000
97499  -51.097  4.710  -32.167 1.0000000000
97500  -51.843  4.712  -32.530 1.0000000000
97501  -52.564  4.279  -32.164 1.0000000000
97502  -53.345  3.800  -31.827 1.0000000000
97503  -54.097  3.240  -31.470 1.0000000000
97504  -53.901  3.256  -32.212 1.0000000000
97505  -54.199  2.458  -32.605 1.0000000000
97506  -54.340  1.535  -32.971 1.0000000000
101813  -44.527  8.176  -39.198 1.0000000000
101814  -45.925  4.308  -38.306 1.0000000000
101815  -45.937  5.123  -38.592 1.0000000000
101816  -46.632  4.520  -38.248 1.0000000000
101817  -47.336  4.741  -38.086 1.0000000000
101818  -48.012  4.940  -37.772 1.0000000000
101819  -48.666  5.153  -37.369 1.0000000000
101820  -48.660  4.285  -37.383 1.0000000000
101821  -49.214  3.572  -37.017 1.0000000000
101822  -49.759  2.855  -36.527 1.0000000000
101823  -50.278  2.220  -35.974 1.0000000000
101824  -49.654  2.109  -36.273 1.0000000000
101825  -49.515  1.319  -35.886 1.0000000000
101826  -49.371  0.515  -35.557 1.0000000000
113924  -47.386  5.895  -32.469 1.0000000000
113925  -46.721  6.274  -32.462 1.0000000000
113926  -46.825  5.883  -31.788 1.0000000000
113927  -46.353  6.042  -30.973 1.0000000000
113937  -51.016  2.643  -29.934 1.0000000000
113938  -50.253  2.545  -29.631 1.0000000000
113939  -50.976  2.152  -29.488 1.0000000000
113940  -50.883  1.711  -29.065 1.0000000000
113959  -52.282  -0.668  -34.192 1.0000000000
113960  -52.979  -0.618  -33.976 1.0000000000
113961  -52.722  -1.446  -33.814 1.0000000000
113962  -53.131  -2.189  -33.375 1.0000000000
113963  -53.491  -2.930  -32.838 1.0000000000
118231  -44.545  3.832  -38.072 1.0000000000
118232  -45.229  4.076  -38.250 1.0000000000
118233  -45.892  3.484  -37.947 1.0000000000
118234  -46.506  2.864  -37.648 1.0000000000
118235  -47.105  2.217  -37.237 1.0000000000
118236  -47.695  1.584  -36.809 1.0000000000
118237  -46.993  1.417  -36.933 1.0000000000
118238  -46.926  0.595  -36.679 1.0000000000
127644  -47.546  7.406  -35.668 1.0000000000
127645  -47.001  7.571  -35.060 1.0000000000
127646  -47.734  7.086  -34.976 1.0000000000
127647  -47.872  6.732  -34.326 1.0000000000
127648  -47.968  6.361  -33.667 1.0000000000
127649  -49.424  6.067  -34.060 1.0000000000
127650  -48.703  6.042  -33.543 1.0000000000
127651  -48.025  5.945  -33.051 1.0000000000
127652  -48.123  5.566  -32.429 1.0000000000
127653  -48.182  5.148  -31.786 1.0000000000
127654  -48.252  4.730  -31.098 1.0000000000
127655  -48.279  4.286  -30.439 1.0000000000
127656  -48.926  4.351  -31.014 1.0000000000
127657  -49.605  3.954  -30.827 1.0000000000
127658  -50.339  3.546  -30.628 1.0000000000
127659  -51.103  4.247  -31.525 1.0000000000
127660  -51.119  3.754  -30.912 1.0000000000
127661  -51.072  3.186  -30.408 1.0000000000
127662  -51.822  2.795  -30.147 1.0000000000
127663  -52.623  2.453  -29.909 1.0000000000
127664  -53.394  2.136  -29.545 1.0000000000
127666  -54.183  2.309  -29.606 1.0000000000
127669  -54.749  2.672  -31.127 1.0000000000
127670  -55.404  2.040  -30.786 1.0000000000
127671  -56.032  1.394  -30.461 1.0000000000
127674  -56.104  -1.455  -31.353 1.0000000000
136858  -45.740  8.667  -36.682 1.0000000000
136859  -46.528  8.135  -36.583 1.0000000000
136861  -44.551  7.290  -39.276 1.0000000000
136862  -45.227  7.523  -38.997 1.0000000000
136863  -45.961  5.998  -38.816 1.0000000000
136864  -45.934  6.862  -38.737 1.0000000000
136865  -45.838  7.697  -38.523 1.0000000000
136866  -46.434  7.786  -37.955 1.0000000000
136867  -46.916  7.769  -37.191 1.0000000000
136868  -47.285  7.636  -36.420 1.0000000000
136869  -48.009  7.102  -36.225 1.0000000000
136870  -48.750  6.621  -36.084 1.0000000000
136871  -49.477  6.109  -35.887 1.0000000000
136872  -49.269  5.335  -36.903 1.0000000000
136873  -49.781  5.430  -36.297 1.0000000000
136874  -50.171  5.542  -35.642 1.0000000000
136875  -50.898  4.930  -35.346 1.0000000000
136876  -51.519  4.295  -34.992 1.0000000000
136877  -52.146  3.643  -34.634 1.0000000000
136878  -52.743  2.837  -34.293 1.0000000000
136879  -52.201  2.655  -34.834 1.0000000000
136880  -52.137  1.784  -34.878 1.0000000000
136881  -51.976  0.915  -34.770 1.0000000000
136882  -50.819  1.521  -35.436 1.0000000000
136883  -51.335  0.858  -34.961 1.0000000000
136884  -51.814  0.088  -34.539 1.0000000000
136885  -51.595  -0.706  -34.315 1.0000000000
136886  -51.361  -1.483  -34.110 1.0000000000
136887  -51.043  -2.248  -33.850 1.0000000000
136888  -48.239  0.934  -36.366 1.0000000000
136889  -48.734  0.361  -35.844 1.0000000000
136890  -49.196  -0.265  -35.296 1.0000000000
136891  -48.456  -1.160  -35.425 1.0000000000
136892  -48.997  -1.018  -35.100 1.0000000000
136893  -49.590  -0.914  -34.828 1.0000000000
136894  -49.965  -1.603  -34.432 1.0000000000
136895  -50.370  -2.265  -34.017 1.0000000000
136896  -50.729  -3.010  -33.574 1.0000000000
136897  -50.383  -3.709  -33.247 1.0000000000
161287  -46.440  7.591  -34.452 1.0000000000
161315  -48.274  3.454  -29.152 1.0000000000
161316  -48.284  3.153  -28.517 1.0000000000
161317  -49.472  2.505  -29.241 1.0000000000
161359  -53.291  2.107  -33.921 1.0000000000
161360  -53.832  1.312  -33.575 1.0000000000
161361  -54.314  0.516  -33.188 1.0000000000
161362  -53.601  -0.578  -33.726 1.0000000000
161363  -54.195  -0.491  -33.294 1.0000000000
161364  -54.755  -0.293  -32.783 1.0000000000
161365  -55.171  -0.991  -32.333 1.0000000000
161369  -53.125  -3.658  -32.487 1.0000000000
