#!ascii label  , from subject 40tvs8ref_sym_20 vox2ras=TkReg
376
256  -34.134  42.528  -11.746 1.0000000000
1129  -29.049  39.760  -11.149 1.0000000000
1612  -40.420  39.698  -11.393 1.0000000000
2185  -34.663  37.482  -7.704 1.0000000000
2186  -28.519  34.301  -8.879 1.0000000000
4823  -37.095  41.396  -10.710 1.0000000000
4824  -37.744  38.709  -8.972 1.0000000000
4825  -34.300  40.256  -9.561 1.0000000000
4827  -28.341  37.432  -9.079 1.0000000000
6638  -31.989  43.726  -12.600 1.0000000000
6639  -31.722  41.078  -11.574 1.0000000000
6640  -29.539  42.312  -12.266 1.0000000000
6641  -26.876  40.751  -12.617 1.0000000000
7601  -42.663  40.428  -14.260 1.0000000000
7602  -39.760  42.276  -12.668 1.0000000000
7603  -36.739  43.890  -12.252 1.0000000000
7606  -34.217  45.409  -12.685 1.0000000000
9115  -41.064  36.615  -10.465 1.0000000000
9116  -38.110  35.373  -8.721 1.0000000000
9117  -34.911  34.256  -8.659 1.0000000000
9118  -31.372  38.954  -9.066 1.0000000000
9119  -31.513  36.032  -7.836 1.0000000000
9120  -32.077  33.126  -9.894 1.0000000000
12503  -35.508  41.989  -11.160 1.0000000000
12504  -35.714  40.863  -10.007 1.0000000000
12505  -34.161  41.339  -10.801 1.0000000000
14903  -30.844  44.510  -12.538 1.0000000000
14904  -30.777  43.021  -12.458 1.0000000000
14905  -29.526  43.787  -12.316 1.0000000000
14907  -26.820  42.257  -12.385 1.0000000000
16699  -41.113  42.853  -13.668 1.0000000000
16700  -39.631  43.724  -12.955 1.0000000000
16701  -38.233  43.159  -12.289 1.0000000000
16702  -38.116  44.569  -12.614 1.0000000000
16709  -35.452  46.256  -12.677 1.0000000000
16710  -34.338  47.050  -12.856 1.0000000000
16711  -33.184  46.149  -12.834 1.0000000000
20228  -41.968  38.711  -12.226 1.0000000000
20229  -42.318  37.169  -11.744 1.0000000000
20230  -40.800  38.181  -10.808 1.0000000000
20231  -36.233  38.140  -8.135 1.0000000000
20232  -37.980  37.075  -8.577 1.0000000000
20233  -36.470  36.432  -7.946 1.0000000000
20234  -36.502  34.786  -8.478 1.0000000000
20235  -34.815  35.810  -7.812 1.0000000000
20236  -30.439  40.380  -11.337 1.0000000000
20237  -31.491  40.015  -10.387 1.0000000000
20238  -30.093  39.394  -10.197 1.0000000000
20239  -28.291  35.888  -8.555 1.0000000000
20240  -29.845  36.826  -8.248 1.0000000000
20241  -30.006  35.203  -8.304 1.0000000000
20242  -31.756  34.433  -8.565 1.0000000000
20243  -30.304  33.667  -9.190 1.0000000000
20244  -30.803  32.493  -10.567 1.0000000000
27113  -38.768  40.602  -10.823 1.0000000000
27114  -39.131  39.222  -10.100 1.0000000000
27115  -37.420  40.151  -9.733 1.0000000000
27116  -35.964  39.615  -8.940 1.0000000000
27117  -34.469  39.007  -8.378 1.0000000000
27118  -27.593  38.975  -11.199 1.0000000000
27119  -28.651  38.657  -10.149 1.0000000000
27120  -27.132  37.854  -10.216 1.0000000000
30848  -33.054  43.084  -12.278 1.0000000000
30849  -32.976  41.769  -11.666 1.0000000000
30850  -31.926  42.328  -12.285 1.0000000000
30851  -30.704  41.605  -12.097 1.0000000000
30852  -29.380  40.969  -11.842 1.0000000000
30853  -28.145  43.071  -12.105 1.0000000000
30854  -28.167  41.598  -12.158 1.0000000000
30855  -28.003  40.171  -11.893 1.0000000000
30856  -26.657  39.377  -12.273 1.0000000000
33247  -41.596  40.033  -12.800 1.0000000000
33249  -41.267  41.391  -13.394 1.0000000000
33250  -40.032  40.983  -12.063 1.0000000000
33251  -38.468  41.841  -11.629 1.0000000000
33252  -36.866  42.595  -11.608 1.0000000000
33253  -35.414  43.210  -11.970 1.0000000000
33260  -36.700  45.436  -12.508 1.0000000000
33261  -35.402  44.683  -12.456 1.0000000000
33262  -34.187  43.889  -12.365 1.0000000000
33263  -33.077  44.558  -12.639 1.0000000000
33264  -32.051  45.268  -12.697 1.0000000000
37588  -39.421  37.671  -9.534 1.0000000000
37589  -39.643  35.968  -9.411 1.0000000000
37594  -32.833  40.698  -10.619 1.0000000000
37595  -32.796  39.600  -9.270 1.0000000000
37596  -32.880  38.359  -8.104 1.0000000000
37597  -29.896  38.284  -8.988 1.0000000000
37598  -31.378  37.667  -8.021 1.0000000000
37599  -33.088  36.787  -7.641 1.0000000000
37600  -33.203  35.149  -8.018 1.0000000000
37601  -33.431  33.711  -9.193 1.0000000000
43223  -34.757  42.257  -11.462 1.0000000000
43224  -34.835  41.678  -10.952 1.0000000000
43225  -34.167  41.903  -11.329 1.0000000000
45624  -30.194  44.156  -12.442 1.0000000000
45625  -29.503  44.562  -12.291 1.0000000000
47421  -38.869  44.141  -12.718 1.0000000000
47430  -34.405  47.867  -12.972 1.0000000000
47431  -33.838  47.426  -12.944 1.0000000000
50948  -41.193  39.222  -11.778 1.0000000000
50949  -41.406  38.441  -11.501 1.0000000000
50950  -40.626  38.956  -11.091 1.0000000000
50951  -35.459  37.808  -7.879 1.0000000000
50952  -36.346  37.305  -7.979 1.0000000000
50953  -35.562  36.972  -7.730 1.0000000000
50954  -35.598  36.148  -7.821 1.0000000000
50955  -34.739  36.650  -7.629 1.0000000000
50956  -29.760  40.102  -11.209 1.0000000000
50957  -30.274  39.885  -10.800 1.0000000000
50958  -29.594  39.592  -10.738 1.0000000000
50959  -28.358  35.083  -8.608 1.0000000000
50960  -29.136  35.547  -8.372 1.0000000000
50961  -29.255  34.759  -8.572 1.0000000000
50962  -30.141  34.420  -8.678 1.0000000000
50963  -29.417  33.998  -8.956 1.0000000000
50965  -28.726  33.562  -9.250 1.0000000000
60548  -37.933  41.035  -10.670 1.0000000000
60549  -38.115  40.374  -10.266 1.0000000000
60550  -37.252  40.788  -10.230 1.0000000000
60551  -35.037  40.568  -9.744 1.0000000000
60552  -35.849  40.280  -9.429 1.0000000000
60553  -35.115  39.964  -9.174 1.0000000000
60554  -35.202  39.327  -8.604 1.0000000000
60555  -34.362  39.669  -8.943 1.0000000000
60556  -26.878  38.591  -11.347 1.0000000000
60557  -27.370  38.410  -10.744 1.0000000000
67748  -32.517  43.388  -12.515 1.0000000000
67749  -32.497  42.679  -12.287 1.0000000000
67750  -31.943  42.994  -12.469 1.0000000000
67751  -30.192  42.679  -12.390 1.0000000000
67752  -30.756  42.285  -12.334 1.0000000000
67753  -30.154  41.956  -12.237 1.0000000000
67754  -30.090  41.272  -12.014 1.0000000000
67755  -29.515  41.605  -12.141 1.0000000000
67758  -27.385  43.418  -12.018 1.0000000000
67759  -26.865  41.495  -12.562 1.0000000000
67760  -27.508  41.941  -12.290 1.0000000000
67761  -27.512  41.185  -12.343 1.0000000000
67762  -28.121  40.871  -12.089 1.0000000000
67763  -27.456  40.444  -12.278 1.0000000000
67764  -27.310  39.762  -12.071 1.0000000000
67765  -26.798  40.033  -12.516 1.0000000000
73128  -43.345  39.960  -14.784 1.0000000000
73131  -42.338  39.555  -13.225 1.0000000000
73132  -42.135  40.198  -13.499 1.0000000000
73136  -40.410  42.549  -13.194 1.0000000000
73137  -41.153  42.111  -13.618 1.0000000000
73138  -40.527  41.839  -13.001 1.0000000000
73139  -40.653  41.172  -12.733 1.0000000000
73140  -39.895  41.611  -12.371 1.0000000000
73141  -39.252  41.415  -11.804 1.0000000000
73142  -39.108  42.053  -12.146 1.0000000000
73143  -37.470  43.523  -12.232 1.0000000000
73144  -37.564  42.876  -11.916 1.0000000000
73145  -36.773  43.219  -11.973 1.0000000000
73146  -36.109  42.911  -11.756 1.0000000000
73147  -36.076  43.560  -12.101 1.0000000000
73164  -37.392  45.779  -12.558 1.0000000000
73166  -34.812  45.848  -12.701 1.0000000000
73167  -35.407  45.464  -12.601 1.0000000000
73168  -34.797  45.048  -12.578 1.0000000000
73169  -34.784  44.290  -12.411 1.0000000000
73170  -34.195  44.636  -12.560 1.0000000000
73171  -33.622  44.231  -12.518 1.0000000000
73172  -33.639  44.987  -12.656 1.0000000000
73173  -32.643  46.517  -12.805 1.0000000000
73174  -32.625  45.702  -12.772 1.0000000000
73175  -32.066  46.046  -12.718 1.0000000000
73176  -31.465  45.628  -12.644 1.0000000000
83726  -41.711  36.924  -11.060 1.0000000000
83727  -42.451  36.370  -11.597 1.0000000000
83728  -41.812  36.077  -10.981 1.0000000000
83730  -41.162  35.759  -10.430 1.0000000000
83731  -38.435  38.990  -9.500 1.0000000000
83732  -39.280  38.463  -9.771 1.0000000000
83733  -38.582  38.202  -9.201 1.0000000000
83734  -38.052  36.211  -8.535 1.0000000000
83735  -38.822  36.524  -8.958 1.0000000000
83736  -38.906  35.674  -8.990 1.0000000000
83740  -38.169  34.552  -9.021 1.0000000000
83741  -35.718  34.498  -8.532 1.0000000000
83742  -36.534  34.024  -8.949 1.0000000000
83745  -34.954  33.577  -9.322 1.0000000000
83746  -32.348  41.411  -11.633 1.0000000000
83747  -32.902  41.211  -11.225 1.0000000000
83748  -32.249  40.885  -11.134 1.0000000000
83749  -31.408  39.503  -9.725 1.0000000000
83750  -32.098  39.825  -9.836 1.0000000000
83751  -32.080  39.276  -9.140 1.0000000000
83752  -32.834  39.015  -8.628 1.0000000000
83753  -32.081  38.692  -8.528 1.0000000000
83754  -28.479  38.065  -9.567 1.0000000000
83755  -29.249  38.481  -9.548 1.0000000000
83756  -29.133  37.874  -9.010 1.0000000000
83757  -30.647  36.471  -7.971 1.0000000000
83758  -30.591  37.277  -8.119 1.0000000000
83759  -31.429  36.857  -7.853 1.0000000000
83760  -32.211  37.222  -7.738 1.0000000000
83761  -32.292  36.407  -7.720 1.0000000000
83762  -33.165  35.950  -7.719 1.0000000000
83763  -32.363  35.572  -7.880 1.0000000000
83764  -31.897  33.752  -9.129 1.0000000000
83765  -32.600  34.070  -8.852 1.0000000000
83766  -32.730  33.424  -9.528 1.0000000000
83770  -32.282  32.580  -10.682 1.0000000000
83771  -30.171  32.117  -10.889 1.0000000000
83772  -31.063  31.988  -11.377 1.0000000000
96233  -36.293  41.710  -10.894 1.0000000000
96234  -36.411  41.138  -10.323 1.0000000000
96235  -35.590  41.433  -10.590 1.0000000000
96236  -34.906  41.130  -10.354 1.0000000000
96237  -34.236  40.793  -10.191 1.0000000000
100553  -31.434  44.097  -12.597 1.0000000000
100554  -31.385  43.335  -12.546 1.0000000000
100555  -30.823  43.760  -12.521 1.0000000000
100556  -30.195  43.410  -12.434 1.0000000000
100557  -29.514  43.064  -12.296 1.0000000000
100559  -26.744  43.000  -12.188 1.0000000000
100561  -26.179  41.789  -12.702 1.0000000000
100562  -26.261  41.043  -12.904 1.0000000000
103785  -41.808  43.165  -14.090 1.0000000000
103787  -40.371  43.292  -13.265 1.0000000000
103788  -39.681  42.985  -12.887 1.0000000000
103789  -38.983  42.705  -12.425 1.0000000000
103790  -38.922  43.425  -12.634 1.0000000000
103791  -38.166  43.847  -12.472 1.0000000000
103792  -37.417  44.217  -12.427 1.0000000000
103805  -34.876  46.657  -12.777 1.0000000000
103806  -34.279  46.223  -12.763 1.0000000000
103807  -33.686  45.773  -12.760 1.0000000000
103808  -33.766  46.604  -12.839 1.0000000000
103809  -33.253  46.974  -12.890 1.0000000000
110138  -42.708  38.194  -12.690 1.0000000000
110140  -42.164  37.941  -11.959 1.0000000000
110141  -41.568  37.679  -11.251 1.0000000000
110142  -40.932  37.421  -10.587 1.0000000000
110143  -37.019  38.424  -8.528 1.0000000000
110144  -37.893  37.908  -8.713 1.0000000000
110145  -37.133  37.613  -8.285 1.0000000000
110146  -37.217  36.768  -8.200 1.0000000000
110147  -37.271  35.918  -8.286 1.0000000000
110148  -37.309  35.087  -8.536 1.0000000000
110149  -36.468  35.621  -8.137 1.0000000000
110150  -35.655  35.332  -8.073 1.0000000000
110151  -34.886  34.995  -8.172 1.0000000000
110152  -31.083  40.707  -11.419 1.0000000000
110153  -31.604  40.519  -11.019 1.0000000000
110154  -30.934  40.194  -10.902 1.0000000000
110155  -30.791  39.694  -10.300 1.0000000000
110156  -30.706  39.183  -9.630 1.0000000000
110157  -28.280  36.687  -8.738 1.0000000000
110158  -29.069  37.148  -8.627 1.0000000000
110159  -29.061  36.348  -8.368 1.0000000000
110160  -29.919  36.020  -8.135 1.0000000000
110161  -30.771  35.626  -8.046 1.0000000000
110162  -31.630  35.198  -8.115 1.0000000000
110163  -30.880  34.825  -8.359 1.0000000000
110164  -31.025  34.078  -8.869 1.0000000000
110165  -31.234  33.405  -9.498 1.0000000000
110166  -31.447  32.821  -10.235 1.0000000000
110167  -30.542  33.045  -9.852 1.0000000000
110168  -29.881  32.648  -10.157 1.0000000000
124703  -39.593  40.162  -11.070 1.0000000000
124704  -39.830  39.459  -10.733 1.0000000000
124705  -38.990  39.912  -10.440 1.0000000000
124706  -38.275  39.714  -9.871 1.0000000000
124707  -37.577  39.447  -9.345 1.0000000000
124708  -36.563  40.541  -9.796 1.0000000000
124709  -36.701  39.880  -9.315 1.0000000000
124710  -36.844  39.186  -8.853 1.0000000000
124711  -36.102  38.907  -8.483 1.0000000000
124712  -35.352  38.597  -8.184 1.0000000000
124713  -34.564  38.285  -7.924 1.0000000000
124714  -28.304  39.381  -11.111 1.0000000000
124715  -28.850  39.215  -10.666 1.0000000000
124716  -28.099  38.806  -10.665 1.0000000000
124717  -27.894  38.236  -10.147 1.0000000000
124718  -27.678  37.638  -9.614 1.0000000000
124719  -26.391  37.440  -10.395 1.0000000000
124721  -27.578  36.958  -9.205 1.0000000000
124722  -27.506  36.205  -8.891 1.0000000000
124723  -27.513  35.430  -8.848 1.0000000000
134198  -33.577  42.807  -12.023 1.0000000000
134199  -33.563  42.136  -11.705 1.0000000000
134200  -33.048  42.391  -12.019 1.0000000000
134201  -32.442  42.020  -11.993 1.0000000000
134202  -31.834  41.682  -11.949 1.0000000000
134203  -31.335  42.644  -12.404 1.0000000000
134204  -31.306  41.970  -12.177 1.0000000000
134205  -31.217  41.306  -11.866 1.0000000000
134206  -30.593  40.951  -11.753 1.0000000000
134207  -29.922  40.668  -11.612 1.0000000000
134208  -29.225  40.334  -11.535 1.0000000000
134210  -28.808  43.467  -12.166 1.0000000000
134211  -28.846  42.689  -12.190 1.0000000000
134212  -27.475  42.680  -12.181 1.0000000000
134213  -28.170  42.324  -12.163 1.0000000000
134214  -28.854  41.956  -12.154 1.0000000000
134215  -28.811  41.281  -12.024 1.0000000000
134216  -28.707  40.580  -11.822 1.0000000000
134217  -28.530  39.952  -11.519 1.0000000000
134218  -27.817  39.543  -11.608 1.0000000000
134219  -27.114  39.166  -11.731 1.0000000000
134220  -26.447  38.789  -11.963 1.0000000000
134221  -26.175  39.666  -12.821 1.0000000000
140903  -42.547  38.876  -12.931 1.0000000000
140904  -41.786  39.382  -12.508 1.0000000000
140905  -41.006  39.880  -12.094 1.0000000000
140908  -42.551  41.129  -14.440 1.0000000000
140909  -41.819  42.402  -14.132 1.0000000000
140911  -41.969  40.884  -13.771 1.0000000000
140912  -41.403  40.691  -13.107 1.0000000000
140913  -40.817  40.540  -12.412 1.0000000000
140914  -40.217  40.361  -11.722 1.0000000000
140915  -39.377  40.816  -11.394 1.0000000000
140916  -38.594  41.225  -11.203 1.0000000000
140917  -37.792  41.619  -11.126 1.0000000000
140918  -38.337  42.482  -11.993 1.0000000000
140919  -37.662  42.242  -11.544 1.0000000000
140920  -36.969  41.986  -11.168 1.0000000000
140921  -36.166  42.306  -11.347 1.0000000000
140922  -35.447  42.585  -11.597 1.0000000000
140923  -34.768  42.876  -11.847 1.0000000000
140942  -38.088  45.337  -12.661 1.0000000000
140943  -37.384  44.993  -12.552 1.0000000000
140944  -36.709  44.655  -12.434 1.0000000000
140945  -36.070  45.856  -12.573 1.0000000000
140946  -36.041  45.060  -12.500 1.0000000000
140947  -36.040  44.297  -12.336 1.0000000000
140948  -35.411  43.915  -12.248 1.0000000000
140949  -34.783  43.533  -12.172 1.0000000000
140950  -34.145  43.179  -12.082 1.0000000000
140951  -33.596  43.491  -12.298 1.0000000000
140952  -33.062  43.800  -12.487 1.0000000000
140953  -32.550  44.140  -12.617 1.0000000000
140954  -33.125  45.343  -12.733 1.0000000000
140955  -32.583  44.924  -12.703 1.0000000000
140956  -32.029  44.501  -12.671 1.0000000000
140957  -31.473  44.854  -12.639 1.0000000000
140958  -30.839  45.244  -12.564 1.0000000000
153718  -43.050  36.650  -12.273 1.0000000000
153724  -39.973  38.709  -10.413 1.0000000000
153725  -40.121  37.927  -10.155 1.0000000000
153726  -40.263  37.147  -9.969 1.0000000000
153727  -38.724  37.380  -9.001 1.0000000000
153728  -39.551  36.832  -9.436 1.0000000000
153729  -40.365  36.293  -9.913 1.0000000000
153730  -40.446  35.433  -9.913 1.0000000000
153736  -37.353  34.276  -8.924 1.0000000000
153742  -33.542  41.547  -11.273 1.0000000000
153743  -33.520  41.003  -10.705 1.0000000000
153744  -33.519  40.480  -10.081 1.0000000000
153745  -32.143  40.368  -10.508 1.0000000000
153746  -32.805  40.155  -9.961 1.0000000000
153747  -33.559  39.929  -9.418 1.0000000000
153748  -33.600  39.360  -8.739 1.0000000000
153749  -33.661  38.700  -8.214 1.0000000000
153750  -33.753  37.953  -7.834 1.0000000000
153751  -29.404  39.043  -10.148 1.0000000000
153752  -29.972  38.851  -9.569 1.0000000000
153753  -30.629  38.645  -9.000 1.0000000000
153754  -29.840  37.628  -8.502 1.0000000000
153755  -30.605  38.017  -8.468 1.0000000000
153756  -31.358  38.357  -8.484 1.0000000000
153757  -32.144  38.003  -8.063 1.0000000000
153758  -32.974  37.608  -7.764 1.0000000000
153759  -33.856  37.174  -7.594 1.0000000000
153760  -33.951  36.311  -7.666 1.0000000000
153761  -34.022  35.488  -7.878 1.0000000000
153762  -34.050  34.719  -8.291 1.0000000000
153763  -32.480  34.778  -8.287 1.0000000000
153764  -33.308  34.394  -8.540 1.0000000000
153765  -34.147  33.996  -8.894 1.0000000000
153766  -34.249  33.344  -9.588 1.0000000000
153772  -31.668  32.298  -11.039 1.0000000000
