#!ascii label  , from subject 40tvs8ref_sym_20 vox2ras=TkReg
232
204  -58.861  -28.783  -10.563 1.0000000000
440  -67.633  -26.981  -13.803 1.0000000000
972  -65.258  -27.122  -10.749 1.0000000000
1984  -63.796  -32.500  -9.448 1.0000000000
1985  -67.995  -32.030  -11.109 1.0000000000
4353  -61.414  -30.622  -10.289 1.0000000000
4354  -67.825  -26.548  -11.405 1.0000000000
4355  -67.484  -29.111  -10.336 1.0000000000
4356  -68.140  -29.336  -12.384 1.0000000000
6355  -59.607  -26.514  -11.537 1.0000000000
6356  -62.058  -27.894  -10.821 1.0000000000
6357  -62.758  -25.592  -11.744 1.0000000000
6358  -65.739  -24.554  -11.749 1.0000000000
6359  -67.595  -24.076  -13.025 1.0000000000
8539  -64.505  -29.760  -10.156 1.0000000000
8540  -66.847  -31.945  -9.527 1.0000000000
12033  -60.123  -29.735  -10.475 1.0000000000
12034  -68.072  -26.620  -12.517 1.0000000000
12035  -68.290  -27.833  -11.740 1.0000000000
12036  -67.989  -28.144  -13.032 1.0000000000
12037  -67.516  -29.649  -13.611 1.0000000000
12038  -67.217  -28.524  -14.256 1.0000000000
14432  -61.208  -26.086  -11.677 1.0000000000
14437  -66.928  -24.129  -12.093 1.0000000000
18818  -65.014  -33.584  -9.058 1.0000000000
18819  -63.653  -27.519  -10.836 1.0000000000
18820  -63.319  -28.842  -10.535 1.0000000000
18821  -64.922  -28.398  -10.485 1.0000000000
18822  -68.083  -30.474  -10.590 1.0000000000
18823  -67.157  -30.480  -9.955 1.0000000000
18824  -67.848  -31.891  -10.058 1.0000000000
18825  -67.673  -33.344  -9.562 1.0000000000
18826  -67.923  -33.446  -10.549 1.0000000000
18828  -67.366  -33.598  -11.660 1.0000000000
26267  -62.593  -31.502  -9.865 1.0000000000
26268  -66.715  -26.725  -10.876 1.0000000000
26269  -66.462  -28.038  -10.480 1.0000000000
26270  -67.758  -27.764  -10.837 1.0000000000
26271  -68.315  -29.108  -11.121 1.0000000000
26272  -68.117  -30.635  -11.760 1.0000000000
26273  -67.460  -32.235  -12.310 1.0000000000
26274  -67.582  -30.857  -12.981 1.0000000000
30187  -59.176  -27.551  -10.943 1.0000000000
30188  -60.463  -28.335  -10.715 1.0000000000
30189  -60.799  -27.136  -11.147 1.0000000000
30190  -62.423  -26.702  -11.293 1.0000000000
30191  -64.002  -26.271  -11.264 1.0000000000
30193  -64.262  -25.051  -11.734 1.0000000000
30194  -65.542  -25.806  -11.187 1.0000000000
30195  -66.892  -25.411  -11.376 1.0000000000
30196  -67.775  -25.273  -12.084 1.0000000000
30197  -67.750  -25.462  -13.351 1.0000000000
35881  -61.694  -29.276  -10.556 1.0000000000
35882  -62.981  -30.214  -10.235 1.0000000000
35883  -64.163  -31.116  -9.817 1.0000000000
35884  -66.077  -29.389  -10.142 1.0000000000
35885  -65.713  -30.744  -9.783 1.0000000000
35886  -65.361  -32.150  -9.423 1.0000000000
35887  -66.539  -33.356  -9.133 1.0000000000
42751  -58.719  -29.485  -10.440 1.0000000000
42752  -59.358  -29.964  -10.408 1.0000000000
42753  -59.497  -29.248  -10.517 1.0000000000
42754  -67.942  -26.775  -13.149 1.0000000000
42755  -68.087  -27.368  -12.748 1.0000000000
42756  -67.820  -27.566  -13.407 1.0000000000
42757  -67.627  -28.333  -13.657 1.0000000000
42758  -67.432  -27.765  -14.046 1.0000000000
42760  -67.218  -27.172  -14.412 1.0000000000
49534  -63.061  -32.661  -9.449 1.0000000000
49537  -64.216  -33.716  -9.086 1.0000000000
49538  -64.386  -33.049  -9.251 1.0000000000
49539  -64.439  -27.308  -10.800 1.0000000000
49540  -64.280  -27.954  -10.634 1.0000000000
49541  -65.079  -27.763  -10.600 1.0000000000
49542  -68.101  -31.257  -10.829 1.0000000000
49543  -67.915  -31.189  -10.317 1.0000000000
49544  -68.016  -31.955  -10.557 1.0000000000
49545  -67.992  -32.664  -10.278 1.0000000000
49546  -67.964  -32.753  -10.823 1.0000000000
49547  -67.705  -33.552  -11.117 1.0000000000
49548  -67.765  -32.829  -11.404 1.0000000000
59137  -61.830  -31.726  -9.868 1.0000000000
59138  -61.998  -31.091  -10.074 1.0000000000
59139  -67.323  -26.601  -11.077 1.0000000000
59140  -67.255  -27.217  -10.817 1.0000000000
59141  -67.769  -27.154  -11.132 1.0000000000
59142  -68.317  -28.564  -12.039 1.0000000000
59143  -68.369  -28.478  -11.410 1.0000000000
59144  -68.372  -29.198  -11.718 1.0000000000
59145  -68.291  -29.853  -11.432 1.0000000000
59146  -68.187  -29.960  -12.076 1.0000000000
59147  -67.897  -30.733  -12.380 1.0000000000
59148  -67.909  -30.113  -12.715 1.0000000000
59149  -67.117  -29.846  -14.161 1.0000000000
59150  -67.170  -30.374  -13.822 1.0000000000
66331  -59.397  -27.014  -11.192 1.0000000000
66332  -59.990  -27.354  -11.012 1.0000000000
66333  -60.215  -26.817  -11.301 1.0000000000
66334  -61.977  -25.851  -11.723 1.0000000000
66335  -61.795  -26.385  -11.476 1.0000000000
66336  -62.604  -26.150  -11.513 1.0000000000
66337  -63.219  -26.499  -11.313 1.0000000000
66338  -63.373  -25.904  -11.512 1.0000000000
66343  -64.322  -24.473  -12.036 1.0000000000
66344  -65.011  -24.807  -11.726 1.0000000000
66345  -64.882  -25.439  -11.451 1.0000000000
66346  -65.651  -25.195  -11.475 1.0000000000
66347  -66.265  -25.575  -11.239 1.0000000000
66348  -66.332  -24.964  -11.552 1.0000000000
66349  -67.341  -24.061  -12.502 1.0000000000
66350  -67.451  -24.653  -12.048 1.0000000000
66351  -67.689  -24.657  -12.548 1.0000000000
66352  -67.877  -25.311  -12.686 1.0000000000
66353  -67.737  -24.733  -13.161 1.0000000000
79494  -61.264  -28.110  -10.784 1.0000000000
79495  -61.078  -28.799  -10.654 1.0000000000
79496  -61.871  -28.589  -10.670 1.0000000000
79497  -63.931  -29.291  -10.345 1.0000000000
79498  -63.133  -29.537  -10.384 1.0000000000
79499  -63.763  -29.989  -10.196 1.0000000000
79500  -63.569  -30.658  -10.035 1.0000000000
79501  -64.351  -30.441  -10.001 1.0000000000
79502  -67.018  -28.543  -10.379 1.0000000000
79503  -66.308  -28.693  -10.301 1.0000000000
79504  -66.854  -29.210  -10.153 1.0000000000
79505  -67.011  -31.192  -9.710 1.0000000000
79506  -66.489  -30.571  -9.803 1.0000000000
79507  -66.300  -31.315  -9.629 1.0000000000
79508  -65.534  -31.462  -9.613 1.0000000000
79509  -66.146  -32.038  -9.426 1.0000000000
79510  -65.949  -32.751  -9.245 1.0000000000
79511  -66.690  -32.647  -9.321 1.0000000000
79512  -67.890  -34.061  -9.751 1.0000000000
79513  -67.600  -33.994  -9.364 1.0000000000
95387  -60.767  -30.213  -10.399 1.0000000000
95388  -68.039  -26.537  -11.929 1.0000000000
95389  -68.114  -27.144  -11.559 1.0000000000
95390  -68.198  -27.216  -12.104 1.0000000000
95391  -68.240  -27.917  -12.378 1.0000000000
95392  -68.082  -28.709  -12.704 1.0000000000
95393  -67.855  -29.489  -13.012 1.0000000000
95394  -67.755  -28.932  -13.304 1.0000000000
95395  -67.397  -29.109  -13.903 1.0000000000
95396  -66.975  -29.305  -14.466 1.0000000000
95398  -66.789  -28.735  -14.790 1.0000000000
99704  -60.438  -26.313  -11.615 1.0000000000
99712  -65.796  -23.884  -12.076 1.0000000000
99713  -66.395  -24.293  -11.819 1.0000000000
99716  -67.318  -23.448  -12.963 1.0000000000
99717  -67.469  -23.494  -13.529 1.0000000000
107601  -62.877  -27.739  -10.836 1.0000000000
107602  -62.689  -28.388  -10.675 1.0000000000
107603  -63.535  -28.191  -10.683 1.0000000000
107604  -64.153  -28.611  -10.515 1.0000000000
107605  -64.715  -29.066  -10.312 1.0000000000
107606  -67.901  -29.772  -10.412 1.0000000000
107607  -67.336  -29.785  -10.175 1.0000000000
107608  -67.707  -30.453  -10.211 1.0000000000
107609  -67.544  -31.157  -9.937 1.0000000000
107610  -67.430  -31.897  -9.725 1.0000000000
107611  -67.293  -32.624  -9.511 1.0000000000
107612  -67.746  -32.635  -9.830 1.0000000000
107613  -67.911  -33.381  -10.008 1.0000000000
107614  -67.883  -34.138  -10.274 1.0000000000
107618  -66.957  -34.308  -11.857 1.0000000000
122728  -62.450  -32.172  -9.658 1.0000000000
122729  -63.205  -31.991  -9.657 1.0000000000
122730  -66.017  -26.898  -10.781 1.0000000000
122731  -65.869  -27.567  -10.593 1.0000000000
122732  -66.611  -27.344  -10.609 1.0000000000
122733  -67.146  -27.865  -10.559 1.0000000000
122734  -67.636  -28.443  -10.581 1.0000000000
122735  -68.131  -27.777  -11.232 1.0000000000
122736  -68.139  -28.396  -10.918 1.0000000000
122737  -67.994  -29.085  -10.664 1.0000000000
122738  -68.202  -29.791  -10.866 1.0000000000
122739  -68.201  -30.556  -11.146 1.0000000000
122740  -68.057  -31.352  -11.430 1.0000000000
122741  -67.802  -32.124  -11.687 1.0000000000
122742  -67.819  -31.428  -12.045 1.0000000000
122743  -67.518  -31.539  -12.663 1.0000000000
122745  -67.554  -30.230  -13.284 1.0000000000
122746  -67.201  -30.998  -13.522 1.0000000000
132403  -59.029  -28.151  -10.707 1.0000000000
132404  -59.677  -28.561  -10.617 1.0000000000
132405  -59.829  -27.927  -10.797 1.0000000000
132406  -60.631  -27.700  -10.893 1.0000000000
132407  -61.453  -27.465  -10.981 1.0000000000
132408  -61.022  -26.605  -11.408 1.0000000000
132409  -61.617  -26.913  -11.239 1.0000000000
132410  -62.239  -27.293  -11.030 1.0000000000
132411  -63.047  -27.096  -11.059 1.0000000000
132412  -63.848  -26.882  -11.055 1.0000000000
132413  -64.646  -26.683  -10.989 1.0000000000
132419  -63.540  -25.306  -11.742 1.0000000000
132420  -64.139  -25.656  -11.485 1.0000000000
132421  -64.778  -26.046  -11.212 1.0000000000
132422  -65.415  -26.465  -10.971 1.0000000000
132423  -66.141  -26.255  -11.009 1.0000000000
132424  -66.831  -26.075  -11.099 1.0000000000
132425  -67.408  -25.955  -11.364 1.0000000000
132426  -66.945  -24.775  -11.711 1.0000000000
132427  -67.409  -25.318  -11.649 1.0000000000
132428  -67.777  -25.900  -11.774 1.0000000000
132429  -67.960  -25.921  -12.295 1.0000000000
132430  -67.966  -26.033  -12.914 1.0000000000
132431  -67.716  -26.199  -13.566 1.0000000000
139191  -58.093  -29.047  -10.441 1.0000000000
139218  -58.241  -28.377  -10.621 1.0000000000
148627  -60.287  -29.019  -10.578 1.0000000000
148628  -60.901  -29.512  -10.524 1.0000000000
148629  -61.545  -29.975  -10.416 1.0000000000
148630  -62.495  -29.061  -10.544 1.0000000000
148631  -62.346  -29.749  -10.411 1.0000000000
148632  -62.203  -30.424  -10.268 1.0000000000
148633  -62.765  -30.879  -10.062 1.0000000000
148634  -63.379  -31.323  -9.840 1.0000000000
148635  -63.940  -31.798  -9.651 1.0000000000
148636  -65.718  -28.224  -10.479 1.0000000000
148637  -65.517  -28.863  -10.294 1.0000000000
148638  -65.290  -29.567  -10.143 1.0000000000
148639  -66.661  -29.881  -10.029 1.0000000000
148640  -65.898  -30.042  -9.965 1.0000000000
148641  -65.104  -30.241  -9.964 1.0000000000
148642  -64.938  -30.928  -9.794 1.0000000000
148643  -64.745  -31.627  -9.629 1.0000000000
148644  -64.559  -32.331  -9.438 1.0000000000
148645  -65.164  -32.899  -9.237 1.0000000000
148646  -65.810  -33.461  -9.066 1.0000000000
148647  -66.374  -34.061  -8.936 1.0000000000
148648  -67.185  -33.271  -9.275 1.0000000000
148663  -67.447  -32.897  -11.977 1.0000000000
