#!ascii label  , from subject 40tvs8ref_sym_20 vox2ras=TkReg
252
352  -27.738  -57.963  -15.121 1.0000000000
1783  -29.408  -71.697  -9.372 1.0000000000
1784  -30.589  -64.366  -10.660 1.0000000000
1785  -28.752  -65.820  -14.499 1.0000000000
3931  -29.251  -72.397  -11.979 1.0000000000
3932  -29.024  -68.923  -12.326 1.0000000000
3933  -29.289  -69.525  -14.191 1.0000000000
5679  -28.933  -61.199  -13.165 1.0000000000
7152  -29.324  -54.913  -16.500 1.0000000000
7999  -29.567  -70.891  -6.578 1.0000000000
8001  -30.003  -68.225  -9.961 1.0000000000
8002  -28.772  -65.083  -12.658 1.0000000000
8003  -28.260  -61.982  -14.815 1.0000000000
8004  -31.024  -66.304  -15.244 1.0000000000
8005  -30.648  -62.581  -15.755 1.0000000000
8006  -30.095  -58.757  -16.230 1.0000000000
11612  -29.230  -71.022  -13.249 1.0000000000
13359  -28.031  -59.503  -14.223 1.0000000000
13360  -29.026  -59.106  -13.379 1.0000000000
13361  -27.993  -57.430  -14.283 1.0000000000
17551  -29.530  -71.322  -7.985 1.0000000000
17552  -30.097  -69.628  -8.309 1.0000000000
17553  -29.757  -70.033  -9.651 1.0000000000
17554  -28.616  -67.360  -13.514 1.0000000000
17555  -28.842  -67.003  -12.514 1.0000000000
17556  -28.351  -65.467  -13.646 1.0000000000
17557  -28.222  -63.474  -13.805 1.0000000000
17558  -28.486  -63.939  -14.651 1.0000000000
17563  -32.163  -62.757  -15.768 1.0000000000
17564  -31.941  -60.960  -16.066 1.0000000000
17565  -30.420  -60.722  -16.004 1.0000000000
17566  -31.670  -59.048  -16.295 1.0000000000
17567  -31.339  -57.190  -16.446 1.0000000000
25507  -29.292  -72.051  -10.699 1.0000000000
25508  -29.377  -70.364  -10.974 1.0000000000
25509  -29.166  -70.713  -12.157 1.0000000000
25510  -28.951  -69.217  -13.363 1.0000000000
25511  -28.998  -67.681  -14.339 1.0000000000
28653  -29.874  -62.770  -12.022 1.0000000000
32046  -28.224  -56.479  -15.931 1.0000000000
32047  -27.522  -55.895  -15.135 1.0000000000
32048  -27.851  -54.392  -15.961 1.0000000000
34327  -29.341  -70.208  -5.415 1.0000000000
34329  -30.265  -69.178  -6.911 1.0000000000
34330  -30.558  -67.860  -8.643 1.0000000000
34331  -30.255  -66.294  -10.291 1.0000000000
34332  -29.416  -68.549  -11.209 1.0000000000
34333  -29.464  -66.711  -11.404 1.0000000000
34334  -29.635  -64.725  -11.698 1.0000000000
34335  -28.804  -63.111  -12.889 1.0000000000
34336  -28.140  -61.518  -13.999 1.0000000000
34337  -27.963  -59.948  -14.997 1.0000000000
34339  -29.876  -67.969  -14.875 1.0000000000
34340  -29.696  -66.111  -15.052 1.0000000000
34341  -32.339  -64.574  -15.461 1.0000000000
34342  -30.850  -64.454  -15.488 1.0000000000
34343  -29.469  -64.270  -15.242 1.0000000000
34344  -29.246  -62.282  -15.449 1.0000000000
34345  -28.923  -60.344  -15.663 1.0000000000
34346  -28.573  -58.434  -15.828 1.0000000000
34347  -29.719  -56.880  -16.372 1.0000000000
40675  -28.002  -55.410  -14.311 1.0000000000
44079  -27.803  -58.724  -14.669 1.0000000000
44080  -28.004  -58.523  -14.257 1.0000000000
44081  -27.743  -57.700  -14.711 1.0000000000
48267  -29.169  -72.643  -9.188 1.0000000000
48269  -29.169  -72.475  -8.491 1.0000000000
48271  -29.470  -71.496  -8.681 1.0000000000
48272  -29.711  -70.664  -8.834 1.0000000000
48273  -29.606  -70.824  -9.532 1.0000000000
48274  -28.581  -66.566  -14.043 1.0000000000
48275  -28.465  -66.419  -13.583 1.0000000000
48276  -28.472  -65.649  -14.110 1.0000000000
48277  -28.370  -64.666  -14.188 1.0000000000
48278  -28.638  -64.887  -14.582 1.0000000000
48283  -32.678  -61.006  -16.011 1.0000000000
48285  -31.838  -59.964  -16.202 1.0000000000
48287  -32.282  -58.226  -16.331 1.0000000000
53514  -30.842  -65.144  -9.913 1.0000000000
57870  -29.191  -72.981  -10.541 1.0000000000
57871  -29.216  -72.232  -11.331 1.0000000000
57872  -29.268  -71.431  -11.456 1.0000000000
57873  -29.207  -71.600  -12.052 1.0000000000
57874  -29.206  -70.310  -13.756 1.0000000000
57875  -29.086  -70.133  -13.304 1.0000000000
57876  -29.074  -69.423  -13.823 1.0000000000
57877  -28.885  -68.456  -13.901 1.0000000000
57878  -29.112  -68.610  -14.269 1.0000000000
63114  -29.394  -61.960  -12.609 1.0000000000
63115  -29.975  -61.775  -12.168 1.0000000000
63117  -29.124  -58.121  -13.464 1.0000000000
70314  -28.713  -55.746  -16.246 1.0000000000
70315  -28.035  -55.457  -15.939 1.0000000000
70316  -28.527  -54.736  -16.284 1.0000000000
75689  -28.920  -71.588  -5.761 1.0000000000
75690  -28.776  -71.230  -5.212 1.0000000000
75691  -29.454  -70.601  -5.930 1.0000000000
75692  -29.896  -69.755  -6.113 1.0000000000
75693  -29.956  -70.012  -6.764 1.0000000000
75694  -30.108  -68.891  -9.159 1.0000000000
75695  -30.359  -68.749  -8.479 1.0000000000
75696  -30.272  -68.002  -9.317 1.0000000000
75697  -30.476  -67.096  -9.468 1.0000000000
75698  -30.130  -67.293  -10.124 1.0000000000
75699  -29.232  -69.657  -11.685 1.0000000000
75700  -29.400  -69.453  -11.095 1.0000000000
75701  -29.189  -68.714  -11.793 1.0000000000
75702  -28.803  -66.034  -12.576 1.0000000000
75703  -29.113  -66.827  -11.984 1.0000000000
75704  -29.123  -65.881  -12.054 1.0000000000
75705  -29.547  -65.751  -11.529 1.0000000000
75706  -29.170  -64.890  -12.164 1.0000000000
75707  -29.253  -63.943  -12.302 1.0000000000
75708  -28.756  -64.199  -12.725 1.0000000000
75709  -28.165  -62.715  -14.327 1.0000000000
75710  -28.153  -62.506  -13.900 1.0000000000
75711  -28.081  -61.696  -14.415 1.0000000000
75712  -27.983  -60.741  -14.515 1.0000000000
75713  -28.138  -60.987  -14.910 1.0000000000
75718  -30.515  -68.012  -14.987 1.0000000000
75719  -30.421  -67.096  -15.095 1.0000000000
75720  -29.801  -67.005  -14.957 1.0000000000
75721  -30.313  -66.187  -15.211 1.0000000000
75723  -33.038  -64.566  -15.405 1.0000000000
75725  -31.400  -62.675  -15.780 1.0000000000
75726  -31.489  -63.578  -15.629 1.0000000000
75727  -30.761  -63.539  -15.603 1.0000000000
75728  -30.139  -64.319  -15.429 1.0000000000
75729  -30.055  -63.355  -15.532 1.0000000000
75730  -29.355  -63.338  -15.337 1.0000000000
75731  -29.940  -62.465  -15.618 1.0000000000
75732  -30.256  -59.752  -16.126 1.0000000000
75733  -29.627  -60.527  -15.857 1.0000000000
75734  -29.468  -59.547  -15.981 1.0000000000
75735  -28.734  -59.371  -15.761 1.0000000000
75736  -29.296  -58.582  -16.076 1.0000000000
75737  -29.087  -57.621  -16.137 1.0000000000
75738  -29.909  -57.786  -16.324 1.0000000000
75739  -31.936  -56.387  -16.473 1.0000000000
91442  -27.409  -54.875  -15.134 1.0000000000
91443  -27.623  -55.656  -14.702 1.0000000000
94628  -29.230  -71.715  -12.645 1.0000000000
94629  -29.317  -71.903  -13.144 1.0000000000
94630  -29.341  -71.175  -13.693 1.0000000000
94631  -29.441  -70.430  -14.127 1.0000000000
97773  -28.444  -60.317  -13.702 1.0000000000
97774  -28.956  -60.139  -13.278 1.0000000000
97775  -28.439  -59.321  -13.784 1.0000000000
97776  -28.480  -58.329  -13.847 1.0000000000
102093  -29.938  -54.192  -16.648 1.0000000000
105318  -29.098  -72.145  -7.054 1.0000000000
105319  -29.577  -71.139  -7.249 1.0000000000
105320  -29.897  -70.310  -7.428 1.0000000000
105321  -29.817  -70.476  -8.144 1.0000000000
105322  -29.924  -69.838  -8.973 1.0000000000
105323  -29.878  -69.168  -9.792 1.0000000000
105324  -28.782  -68.105  -12.957 1.0000000000
105325  -28.934  -67.978  -12.407 1.0000000000
105326  -28.637  -67.122  -13.028 1.0000000000
105327  -28.551  -66.215  -13.069 1.0000000000
105328  -28.456  -65.251  -13.140 1.0000000000
105329  -28.401  -64.322  -13.205 1.0000000000
105330  -28.290  -64.528  -13.706 1.0000000000
105331  -28.255  -63.720  -14.245 1.0000000000
105332  -28.358  -62.989  -14.710 1.0000000000
105337  -31.749  -66.326  -15.270 1.0000000000
105339  -32.853  -62.748  -15.684 1.0000000000
105340  -32.769  -61.857  -15.849 1.0000000000
105341  -32.053  -61.855  -15.925 1.0000000000
105342  -31.319  -61.750  -15.921 1.0000000000
105343  -30.542  -61.649  -15.889 1.0000000000
105344  -31.174  -60.796  -16.071 1.0000000000
105345  -31.049  -59.826  -16.185 1.0000000000
105346  -30.908  -58.898  -16.291 1.0000000000
105347  -30.718  -57.985  -16.360 1.0000000000
105348  -31.506  -58.124  -16.368 1.0000000000
105349  -32.112  -57.245  -16.410 1.0000000000
120955  -29.327  -71.881  -10.064 1.0000000000
120956  -29.440  -71.028  -10.205 1.0000000000
120957  -29.374  -71.216  -10.828 1.0000000000
120958  -29.274  -70.552  -11.576 1.0000000000
120959  -29.104  -69.825  -12.248 1.0000000000
120960  -29.154  -70.815  -12.736 1.0000000000
120961  -29.066  -69.976  -12.812 1.0000000000
120962  -28.923  -69.036  -12.890 1.0000000000
120963  -28.801  -68.258  -13.441 1.0000000000
120964  -28.740  -67.501  -13.970 1.0000000000
120965  -28.833  -66.776  -14.416 1.0000000000
128295  -30.222  -63.634  -11.349 1.0000000000
128296  -30.769  -63.358  -10.871 1.0000000000
137448  -27.855  -57.233  -15.524 1.0000000000
137449  -27.618  -56.990  -15.108 1.0000000000
137450  -27.716  -56.194  -15.543 1.0000000000
137451  -27.579  -55.173  -15.547 1.0000000000
137452  -27.431  -54.099  -15.576 1.0000000000
137454  -27.680  -53.368  -16.005 1.0000000000
144036  -30.213  -69.455  -7.591 1.0000000000
144037  -30.518  -68.548  -7.775 1.0000000000
144038  -30.763  -67.610  -8.020 1.0000000000
144039  -30.794  -66.910  -8.865 1.0000000000
144040  -30.648  -66.114  -9.679 1.0000000000
144041  -30.400  -65.325  -10.472 1.0000000000
144042  -29.547  -70.236  -10.289 1.0000000000
144043  -29.640  -69.306  -10.428 1.0000000000
144044  -29.709  -68.396  -10.578 1.0000000000
144045  -29.160  -67.802  -11.883 1.0000000000
144046  -29.422  -67.576  -11.326 1.0000000000
144047  -29.784  -67.503  -10.710 1.0000000000
144048  -29.873  -66.493  -10.857 1.0000000000
144049  -29.978  -65.532  -11.004 1.0000000000
144050  -30.101  -64.525  -11.196 1.0000000000
144051  -29.730  -63.751  -11.840 1.0000000000
144052  -29.316  -62.918  -12.460 1.0000000000
144053  -28.868  -62.129  -13.029 1.0000000000
144054  -28.415  -63.329  -13.320 1.0000000000
144055  -28.428  -62.354  -13.444 1.0000000000
144056  -28.417  -61.309  -13.610 1.0000000000
144057  -28.101  -60.525  -14.113 1.0000000000
144058  -27.893  -59.787  -14.595 1.0000000000
144059  -27.841  -58.974  -15.059 1.0000000000
144062  -29.620  -69.669  -14.508 1.0000000000
144064  -30.001  -68.883  -14.784 1.0000000000
144065  -29.496  -68.737  -14.575 1.0000000000
144066  -29.367  -67.802  -14.648 1.0000000000
144067  -29.247  -66.849  -14.729 1.0000000000
144068  -29.158  -65.975  -14.809 1.0000000000
144070  -32.405  -65.436  -15.350 1.0000000000
144071  -31.679  -65.435  -15.367 1.0000000000
144072  -32.256  -63.660  -15.600 1.0000000000
144073  -31.585  -64.482  -15.492 1.0000000000
144074  -30.952  -65.358  -15.369 1.0000000000
144075  -30.225  -65.224  -15.315 1.0000000000
144076  -29.574  -65.195  -15.153 1.0000000000
144077  -29.038  -65.053  -14.892 1.0000000000
144078  -28.923  -64.080  -14.984 1.0000000000
144079  -28.814  -63.114  -15.067 1.0000000000
144080  -28.659  -62.156  -15.157 1.0000000000
144081  -29.804  -61.499  -15.733 1.0000000000
144082  -29.087  -61.296  -15.568 1.0000000000
144083  -28.476  -61.110  -15.277 1.0000000000
144084  -28.318  -60.117  -15.365 1.0000000000
144085  -28.167  -59.219  -15.433 1.0000000000
144086  -27.993  -58.220  -15.488 1.0000000000
144087  -28.398  -57.469  -15.878 1.0000000000
144088  -28.897  -56.758  -16.193 1.0000000000
144089  -29.520  -55.906  -16.438 1.0000000000
144090  -30.526  -57.038  -16.433 1.0000000000
144092  -30.154  -55.148  -16.565 1.0000000000
162979  -27.670  -56.747  -14.696 1.0000000000
162980  -27.979  -56.402  -14.291 1.0000000000
162981  -28.578  -56.225  -13.914 1.0000000000
162982  -28.040  -54.336  -14.349 1.0000000000
