#!ascii label  , from subject 40tvs8ref_sym_20 vox2ras=TkReg
330
84  -61.263  -38.804  -15.908 1.0000000000
1765  -62.239  -35.119  -17.854 1.0000000000
1986  -65.258  -32.892  -15.318 1.0000000000
3301  -59.964  -40.650  -14.004 1.0000000000
3303  -59.146  -42.474  -15.939 1.0000000000
3901  -60.172  -32.854  -17.777 1.0000000000
3902  -60.391  -36.650  -19.028 1.0000000000
3903  -58.246  -34.140  -18.986 1.0000000000
4357  -66.805  -32.352  -13.482 1.0000000000
4358  -66.680  -30.069  -14.657 1.0000000000
4359  -64.841  -31.007  -16.201 1.0000000000
7957  -62.549  -37.001  -17.323 1.0000000000
7958  -61.142  -40.728  -17.921 1.0000000000
7959  -61.865  -38.869  -19.080 1.0000000000
8535  -62.469  -37.963  -14.110 1.0000000000
8543  -64.880  -35.190  -13.980 1.0000000000
8544  -63.524  -35.791  -15.770 1.0000000000
8545  -63.786  -33.948  -16.606 1.0000000000
8546  -62.565  -31.970  -17.174 1.0000000000
10036  -59.648  -44.638  -17.694 1.0000000000
10981  -60.589  -39.720  -15.005 1.0000000000
10982  -59.324  -41.443  -14.978 1.0000000000
10983  -60.154  -40.585  -16.027 1.0000000000
11581  -59.017  -31.504  -17.833 1.0000000000
11582  -59.039  -33.457  -18.299 1.0000000000
11583  -57.966  -32.097  -18.486 1.0000000000
12039  -66.317  -28.929  -15.264 1.0000000000
17461  -62.686  -36.085  -17.620 1.0000000000
17462  -62.230  -37.942  -18.227 1.0000000000
17463  -62.061  -36.916  -18.434 1.0000000000
17464  -59.752  -37.363  -19.720 1.0000000000
17465  -60.680  -38.570  -19.885 1.0000000000
18809  -62.047  -39.046  -13.249 1.0000000000
18810  -63.342  -37.750  -13.308 1.0000000000
18829  -66.026  -32.590  -14.484 1.0000000000
18830  -65.929  -33.804  -13.797 1.0000000000
18831  -65.125  -33.980  -14.783 1.0000000000
18832  -64.140  -35.431  -14.915 1.0000000000
18833  -64.419  -34.336  -15.582 1.0000000000
18834  -63.796  -34.827  -16.213 1.0000000000
18835  -64.523  -33.387  -15.968 1.0000000000
18836  -64.125  -29.840  -16.556 1.0000000000
18837  -63.751  -31.499  -16.754 1.0000000000
18838  -62.793  -30.277  -16.891 1.0000000000
18839  -61.475  -30.695  -17.197 1.0000000000
22524  -61.219  -41.734  -18.817 1.0000000000
22525  -60.357  -42.623  -17.860 1.0000000000
25453  -61.334  -34.084  -17.902 1.0000000000
25454  -61.279  -35.877  -18.507 1.0000000000
25455  -60.220  -34.774  -18.365 1.0000000000
25456  -59.390  -35.496  -18.897 1.0000000000
26275  -66.806  -31.166  -14.049 1.0000000000
26276  -66.013  -31.520  -14.948 1.0000000000
26277  -65.189  -32.000  -15.681 1.0000000000
26278  -65.796  -30.496  -15.529 1.0000000000
26279  -65.292  -29.417  -16.041 1.0000000000
34213  -62.009  -37.902  -16.721 1.0000000000
34214  -61.051  -39.719  -16.949 1.0000000000
34215  -61.858  -38.867  -17.703 1.0000000000
34216  -61.754  -39.820  -18.655 1.0000000000
34217  -61.631  -40.741  -19.552 1.0000000000
34218  -61.355  -37.789  -19.183 1.0000000000
34219  -61.431  -39.706  -19.866 1.0000000000
35869  -60.756  -40.313  -13.145 1.0000000000
35870  -61.189  -39.257  -14.074 1.0000000000
35871  -61.757  -38.294  -14.998 1.0000000000
35893  -66.659  -33.703  -12.702 1.0000000000
35894  -65.673  -35.041  -13.012 1.0000000000
35895  -64.562  -36.416  -13.259 1.0000000000
35896  -63.661  -36.550  -14.152 1.0000000000
35897  -63.004  -36.866  -15.009 1.0000000000
35898  -62.412  -37.270  -15.835 1.0000000000
35899  -62.938  -36.362  -16.521 1.0000000000
35900  -63.196  -35.420  -16.889 1.0000000000
35901  -63.046  -34.530  -17.231 1.0000000000
35902  -64.337  -32.534  -16.361 1.0000000000
35903  -63.383  -33.075  -16.975 1.0000000000
35904  -62.369  -33.588  -17.468 1.0000000000
35905  -61.321  -32.378  -17.481 1.0000000000
35906  -60.172  -31.089  -17.484 1.0000000000
40342  -60.149  -41.579  -16.946 1.0000000000
40343  -59.285  -43.525  -16.842 1.0000000000
41701  -60.931  -39.267  -15.468 1.0000000000
41702  -60.314  -40.136  -15.550 1.0000000000
41703  -60.690  -39.688  -15.980 1.0000000000
42302  -58.440  -31.822  -18.107 1.0000000000
48181  -62.571  -35.599  -17.756 1.0000000000
48182  -62.391  -36.487  -18.043 1.0000000000
48183  -62.136  -36.003  -18.137 1.0000000000
48184  -59.523  -37.667  -20.103 1.0000000000
48185  -59.987  -38.294  -20.191 1.0000000000
49529  -63.183  -38.319  -12.887 1.0000000000
49549  -65.646  -32.736  -14.922 1.0000000000
49550  -65.653  -33.288  -14.645 1.0000000000
49551  -65.236  -33.420  -15.078 1.0000000000
49552  -64.765  -34.141  -15.201 1.0000000000
49553  -64.843  -33.600  -15.467 1.0000000000
49554  -64.501  -33.852  -15.778 1.0000000000
49555  -64.873  -33.140  -15.624 1.0000000000
49557  -63.471  -30.058  -16.761 1.0000000000
53245  -60.949  -42.739  -18.780 1.0000000000
55981  -59.734  -41.155  -13.498 1.0000000000
55983  -59.312  -41.527  -13.975 1.0000000000
55984  -59.181  -41.961  -15.462 1.0000000000
55985  -58.799  -42.404  -14.908 1.0000000000
55986  -58.726  -42.924  -15.388 1.0000000000
55988  -58.741  -43.483  -15.835 1.0000000000
57781  -60.753  -33.493  -17.854 1.0000000000
57782  -60.748  -34.437  -18.111 1.0000000000
57783  -60.160  -33.808  -18.045 1.0000000000
57784  -58.601  -33.807  -18.626 1.0000000000
57785  -59.206  -34.474  -18.584 1.0000000000
57786  -58.845  -34.813  -18.902 1.0000000000
57787  -59.082  -35.843  -19.249 1.0000000000
59151  -66.796  -30.590  -14.354 1.0000000000
59152  -66.414  -31.345  -14.531 1.0000000000
59153  -66.367  -30.797  -14.805 1.0000000000
59154  -65.932  -31.012  -15.216 1.0000000000
59155  -66.244  -30.290  -15.108 1.0000000000
59156  -66.047  -28.384  -15.579 1.0000000000
59157  -65.814  -29.158  -15.681 1.0000000000
59159  -64.956  -28.832  -16.233 1.0000000000
75421  -62.341  -37.469  -17.063 1.0000000000
75422  -61.905  -38.377  -17.194 1.0000000000
75423  -62.213  -37.956  -17.560 1.0000000000
75424  -62.055  -38.432  -18.672 1.0000000000
75425  -61.993  -38.909  -18.495 1.0000000000
75426  -61.872  -39.379  -18.945 1.0000000000
75427  -61.701  -40.291  -19.128 1.0000000000
75428  -61.748  -39.823  -19.351 1.0000000000
75429  -60.798  -36.271  -18.778 1.0000000000
75430  -61.276  -36.808  -18.813 1.0000000000
75431  -60.883  -37.205  -19.135 1.0000000000
75433  -61.063  -39.162  -19.888 1.0000000000
79466  -62.265  -38.514  -13.687 1.0000000000
79467  -61.603  -39.132  -13.662 1.0000000000
79468  -61.855  -38.626  -14.110 1.0000000000
79469  -61.450  -38.763  -14.544 1.0000000000
79470  -62.105  -38.111  -14.572 1.0000000000
79524  -67.145  -32.300  -12.915 1.0000000000
79525  -67.088  -32.993  -12.527 1.0000000000
79526  -66.761  -33.024  -13.104 1.0000000000
79527  -65.425  -34.511  -13.877 1.0000000000
79528  -65.799  -34.418  -13.371 1.0000000000
79529  -65.263  -35.089  -13.486 1.0000000000
79530  -65.128  -35.727  -13.162 1.0000000000
79531  -64.699  -35.792  -13.601 1.0000000000
79532  -64.125  -36.479  -13.688 1.0000000000
79533  -64.282  -35.868  -14.065 1.0000000000
79534  -63.840  -35.604  -15.369 1.0000000000
79535  -63.610  -36.154  -14.990 1.0000000000
79536  -63.291  -36.330  -15.423 1.0000000000
79537  -62.678  -37.050  -15.419 1.0000000000
79538  -62.999  -36.535  -15.826 1.0000000000
79539  -62.739  -36.817  -16.230 1.0000000000
79540  -63.220  -36.037  -16.146 1.0000000000
79541  -63.826  -34.345  -16.391 1.0000000000
79542  -63.488  -35.102  -16.539 1.0000000000
79543  -63.498  -34.643  -16.712 1.0000000000
79544  -63.188  -34.961  -17.045 1.0000000000
79545  -63.412  -34.233  -16.909 1.0000000000
79546  -65.038  -31.524  -15.938 1.0000000000
79547  -64.781  -32.261  -16.051 1.0000000000
79548  -64.578  -31.789  -16.271 1.0000000000
79549  -63.162  -31.738  -16.972 1.0000000000
79550  -63.564  -32.297  -16.868 1.0000000000
79551  -63.004  -32.547  -17.112 1.0000000000
79552  -62.879  -33.333  -17.216 1.0000000000
79553  -62.437  -32.791  -17.328 1.0000000000
79554  -61.876  -33.030  -17.536 1.0000000000
79555  -61.920  -32.181  -17.343 1.0000000000
79556  -60.961  -30.051  -17.242 1.0000000000
79557  -60.818  -30.903  -17.320 1.0000000000
79559  -59.634  -30.427  -17.566 1.0000000000
90609  -61.072  -40.228  -17.447 1.0000000000
90610  -60.585  -40.641  -16.954 1.0000000000
90611  -60.637  -41.147  -17.422 1.0000000000
90612  -59.982  -43.646  -17.785 1.0000000000
90613  -59.810  -43.083  -17.357 1.0000000000
90614  -59.447  -44.100  -17.244 1.0000000000
90615  -58.921  -44.557  -16.751 1.0000000000
90616  -59.107  -45.102  -17.204 1.0000000000
93493  -60.233  -40.127  -14.509 1.0000000000
93494  -59.592  -41.034  -14.491 1.0000000000
93495  -59.916  -40.558  -15.028 1.0000000000
93496  -59.719  -40.996  -15.507 1.0000000000
93497  -59.628  -41.503  -15.987 1.0000000000
94573  -59.541  -32.183  -17.754 1.0000000000
94574  -59.576  -33.125  -18.009 1.0000000000
94575  -58.955  -32.464  -18.020 1.0000000000
94576  -58.460  -32.797  -18.348 1.0000000000
94577  -58.052  -33.127  -18.700 1.0000000000
95397  -66.524  -29.532  -14.962 1.0000000000
95399  -66.540  -28.169  -15.122 1.0000000000
105157  -62.656  -36.532  -17.439 1.0000000000
105158  -62.397  -37.477  -17.818 1.0000000000
105159  -62.455  -36.972  -17.931 1.0000000000
105160  -62.228  -37.436  -18.361 1.0000000000
105161  -61.985  -37.925  -18.773 1.0000000000
105162  -60.033  -37.034  -19.353 1.0000000000
105163  -60.534  -37.598  -19.441 1.0000000000
105164  -60.236  -37.950  -19.804 1.0000000000
105165  -60.402  -38.867  -20.251 1.0000000000
107585  -62.710  -38.422  -13.285 1.0000000000
107586  -62.905  -37.856  -13.702 1.0000000000
107619  -66.425  -32.444  -13.983 1.0000000000
107620  -66.412  -33.079  -13.653 1.0000000000
107621  -66.049  -33.145  -14.178 1.0000000000
107622  -65.523  -33.905  -14.309 1.0000000000
107623  -65.059  -34.610  -14.374 1.0000000000
107624  -64.492  -35.302  -14.453 1.0000000000
107625  -64.680  -34.715  -14.846 1.0000000000
107626  -64.314  -34.885  -15.284 1.0000000000
107627  -63.995  -35.071  -15.669 1.0000000000
107628  -63.685  -35.291  -16.018 1.0000000000
107629  -64.102  -34.567  -15.910 1.0000000000
107630  -64.164  -34.073  -16.083 1.0000000000
107631  -64.169  -33.642  -16.305 1.0000000000
107632  -64.538  -30.448  -16.421 1.0000000000
107633  -64.333  -31.267  -16.512 1.0000000000
107634  -63.937  -30.675  -16.664 1.0000000000
107635  -63.313  -30.906  -16.863 1.0000000000
107636  -62.679  -31.156  -17.027 1.0000000000
107637  -62.016  -31.335  -17.178 1.0000000000
107638  -62.137  -30.483  -17.045 1.0000000000
114270  -61.189  -41.219  -18.381 1.0000000000
114271  -60.736  -41.662  -17.903 1.0000000000
114272  -60.868  -42.206  -18.329 1.0000000000
114273  -60.523  -43.186  -18.294 1.0000000000
120829  -61.825  -34.623  -17.886 1.0000000000
120830  -61.744  -35.488  -18.203 1.0000000000
120831  -61.237  -34.979  -18.182 1.0000000000
120832  -60.758  -35.336  -18.462 1.0000000000
120833  -60.315  -35.726  -18.703 1.0000000000
120834  -59.626  -34.128  -18.292 1.0000000000
120835  -59.789  -35.138  -18.628 1.0000000000
120836  -59.897  -36.113  -18.969 1.0000000000
120837  -59.545  -36.461  -19.279 1.0000000000
120838  -59.251  -36.781  -19.651 1.0000000000
122744  -67.200  -31.641  -13.250 1.0000000000
122747  -66.794  -31.710  -13.760 1.0000000000
122748  -66.413  -31.879  -14.260 1.0000000000
122749  -66.033  -32.056  -14.728 1.0000000000
122750  -65.642  -32.223  -15.148 1.0000000000
122751  -65.239  -32.459  -15.484 1.0000000000
122752  -65.596  -31.754  -15.330 1.0000000000
122753  -65.488  -31.261  -15.604 1.0000000000
122754  -65.321  -30.761  -15.880 1.0000000000
122755  -66.074  -29.722  -15.389 1.0000000000
122756  -65.576  -29.959  -15.761 1.0000000000
122757  -65.052  -30.194  -16.107 1.0000000000
122758  -64.722  -29.636  -16.319 1.0000000000
122759  -64.340  -29.031  -16.476 1.0000000000
143701  -61.642  -38.332  -16.312 1.0000000000
143702  -61.123  -39.236  -16.421 1.0000000000
143703  -61.524  -38.792  -16.817 1.0000000000
143704  -61.461  -39.277  -17.356 1.0000000000
143705  -61.495  -39.788  -17.846 1.0000000000
143706  -62.097  -38.440  -18.029 1.0000000000
143707  -61.805  -39.348  -18.192 1.0000000000
143708  -61.519  -40.282  -18.323 1.0000000000
143709  -61.517  -40.758  -18.788 1.0000000000
143710  -61.485  -41.242  -19.229 1.0000000000
143711  -61.468  -41.697  -19.644 1.0000000000
143712  -61.692  -36.405  -18.462 1.0000000000
143713  -61.748  -37.360  -18.808 1.0000000000
143714  -61.714  -38.331  -19.158 1.0000000000
143715  -61.001  -38.202  -19.548 1.0000000000
143716  -61.356  -38.750  -19.534 1.0000000000
143717  -61.651  -39.313  -19.481 1.0000000000
143718  -61.615  -40.235  -19.758 1.0000000000
143719  -61.566  -41.183  -19.934 1.0000000000
143735  -57.999  -34.437  -19.400 1.0000000000
148593  -60.315  -40.450  -13.557 1.0000000000
148594  -61.397  -39.641  -13.197 1.0000000000
148595  -60.947  -39.761  -13.604 1.0000000000
148596  -60.550  -39.930  -14.037 1.0000000000
148597  -60.836  -39.447  -14.508 1.0000000000
148598  -61.156  -38.989  -15.001 1.0000000000
148599  -61.469  -38.518  -15.439 1.0000000000
148664  -67.008  -33.639  -12.188 1.0000000000
148666  -66.314  -33.735  -13.258 1.0000000000
148667  -66.184  -34.377  -12.865 1.0000000000
148668  -66.076  -35.013  -12.546 1.0000000000
148669  -65.574  -35.696  -12.712 1.0000000000
148670  -65.014  -36.365  -12.850 1.0000000000
148672  -63.982  -37.086  -13.308 1.0000000000
148673  -63.525  -37.163  -13.729 1.0000000000
148674  -63.094  -37.292  -14.132 1.0000000000
148675  -63.933  -35.998  -14.531 1.0000000000
148676  -63.319  -36.690  -14.600 1.0000000000
148677  -62.757  -37.427  -14.570 1.0000000000
148678  -62.392  -37.581  -15.004 1.0000000000
148679  -62.061  -37.777  -15.413 1.0000000000
148680  -61.805  -38.013  -15.888 1.0000000000
148681  -62.175  -37.566  -16.270 1.0000000000
148682  -62.503  -37.129  -16.657 1.0000000000
148683  -62.727  -36.667  -16.912 1.0000000000
148684  -63.385  -35.564  -16.362 1.0000000000
148685  -63.118  -35.879  -16.722 1.0000000000
148686  -62.877  -36.199  -17.089 1.0000000000
148687  -62.917  -35.772  -17.251 1.0000000000
148688  -62.882  -35.279  -17.387 1.0000000000
148689  -62.664  -34.848  -17.577 1.0000000000
148690  -64.842  -32.704  -15.819 1.0000000000
148691  -64.458  -32.956  -16.151 1.0000000000
148692  -64.068  -33.237  -16.478 1.0000000000
148693  -64.092  -32.058  -16.580 1.0000000000
148694  -63.873  -32.800  -16.670 1.0000000000
148695  -63.630  -33.537  -16.795 1.0000000000
148696  -63.202  -33.819  -17.083 1.0000000000
148697  -62.780  -34.110  -17.364 1.0000000000
148698  -62.309  -34.366  -17.633 1.0000000000
148699  -61.861  -33.838  -17.703 1.0000000000
148700  -61.315  -33.251  -17.694 1.0000000000
148701  -60.741  -32.591  -17.620 1.0000000000
148702  -61.360  -31.536  -17.316 1.0000000000
148703  -60.729  -31.748  -17.446 1.0000000000
148704  -60.126  -31.965  -17.593 1.0000000000
148705  -59.587  -31.292  -17.655 1.0000000000
148706  -59.016  -30.655  -17.769 1.0000000000
161980  -60.596  -40.158  -16.491 1.0000000000
161981  -60.109  -41.062  -16.489 1.0000000000
161982  -59.663  -41.984  -16.497 1.0000000000
161983  -60.243  -42.093  -17.426 1.0000000000
161984  -59.725  -42.532  -16.943 1.0000000000
161985  -59.190  -42.977  -16.407 1.0000000000
161986  -58.808  -44.037  -16.298 1.0000000000
161991  -59.860  -45.180  -18.133 1.0000000000
161994  -59.339  -45.692  -17.653 1.0000000000
