#!ascii label  , from subject 40tvs8ref_sym_20 vox2ras=TkReg
461
16  -60.829  -25.524  28.543 1.0000000000
400  -61.133  -19.421  25.983 1.0000000000
470  -59.851  -14.743  32.340 1.0000000000
1894  -59.956  -23.113  27.021 1.0000000000
2051  -58.397  -24.144  31.583 1.0000000000
2059  -56.468  -18.786  32.516 1.0000000000
2060  -58.382  -20.500  29.791 1.0000000000
2061  -60.532  -16.879  28.999 1.0000000000
4162  -60.362  -21.301  26.475 1.0000000000
4163  -60.704  -23.874  25.116 1.0000000000
4502  -57.063  -23.535  32.727 1.0000000000
4523  -57.843  -16.662  32.394 1.0000000000
4524  -57.359  -19.519  31.111 1.0000000000
4525  -58.650  -17.431  30.820 1.0000000000
4526  -59.243  -18.681  29.363 1.0000000000
4527  -60.231  -15.755  30.563 1.0000000000
8296  -60.256  -24.504  27.633 1.0000000000
8297  -61.899  -26.342  26.668 1.0000000000
8298  -61.115  -25.309  25.758 1.0000000000
8723  -59.632  -24.753  30.177 1.0000000000
8747  -55.983  -20.843  32.996 1.0000000000
8748  -57.166  -21.497  31.708 1.0000000000
8749  -58.262  -22.423  30.515 1.0000000000
8750  -59.278  -23.357  29.175 1.0000000000
8751  -59.268  -21.823  28.474 1.0000000000
8752  -59.778  -20.027  27.911 1.0000000000
8753  -60.823  -18.146  27.495 1.0000000000
8756  -61.793  -16.317  26.860 1.0000000000
10357  -61.162  -25.964  29.198 1.0000000000
10359  -61.861  -26.407  28.422 1.0000000000
11842  -60.797  -20.339  26.228 1.0000000000
11843  -60.705  -21.626  25.554 1.0000000000
12201  -59.617  -14.477  33.381 1.0000000000
12202  -58.515  -15.417  33.370 1.0000000000
12203  -58.832  -15.668  32.381 1.0000000000
12204  -58.194  -17.042  31.589 1.0000000000
12205  -59.167  -16.027  31.528 1.0000000000
12206  -59.402  -16.613  30.742 1.0000000000
12207  -59.996  -15.227  31.409 1.0000000000
18247  -60.025  -23.903  27.282 1.0000000000
18248  -60.670  -24.951  26.727 1.0000000000
18249  -60.434  -24.305  26.411 1.0000000000
19258  -58.444  -24.919  32.123 1.0000000000
19260  -59.177  -25.146  31.494 1.0000000000
19261  -59.852  -25.378  30.781 1.0000000000
19262  -59.078  -24.451  30.908 1.0000000000
19319  -56.630  -17.543  33.373 1.0000000000
19321  -56.148  -18.554  33.403 1.0000000000
19322  -55.708  -19.542  33.510 1.0000000000
19323  -56.188  -19.775  32.725 1.0000000000
19324  -56.573  -21.128  32.330 1.0000000000
19325  -56.719  -20.147  32.010 1.0000000000
19326  -57.861  -19.991  30.446 1.0000000000
19327  -57.686  -20.962  30.748 1.0000000000
19328  -58.219  -21.499  30.126 1.0000000000
19329  -58.764  -22.895  29.902 1.0000000000
19330  -58.717  -21.976  29.454 1.0000000000
19331  -59.189  -22.636  28.786 1.0000000000
19332  -58.827  -21.167  29.148 1.0000000000
19333  -59.873  -17.774  29.159 1.0000000000
19334  -59.489  -19.290  28.626 1.0000000000
19335  -60.034  -18.397  28.378 1.0000000000
19336  -60.288  -19.097  27.690 1.0000000000
19337  -60.662  -17.467  28.235 1.0000000000
19344  -61.848  -15.659  27.647 1.0000000000
25924  -60.051  -22.255  26.748 1.0000000000
25925  -60.332  -23.512  26.081 1.0000000000
25926  -60.428  -22.645  25.815 1.0000000000
25927  -60.764  -22.954  24.889 1.0000000000
26533  -57.749  -24.682  32.716 1.0000000000
26534  -57.707  -23.811  32.183 1.0000000000
26570  -57.469  -16.424  33.356 1.0000000000
26571  -56.961  -17.749  32.426 1.0000000000
26572  -56.851  -19.077  31.740 1.0000000000
26573  -57.405  -18.080  31.624 1.0000000000
26574  -57.821  -18.506  30.910 1.0000000000
26575  -58.341  -18.944  30.252 1.0000000000
26576  -58.713  -19.602  29.542 1.0000000000
26577  -58.953  -18.051  30.081 1.0000000000
26578  -59.659  -17.178  29.971 1.0000000000
26579  -60.390  -16.286  29.780 1.0000000000
35182  -60.488  -25.047  28.063 1.0000000000
35183  -61.375  -25.913  27.638 1.0000000000
35184  -60.972  -25.475  27.140 1.0000000000
35185  -61.438  -25.866  26.194 1.0000000000
35187  -60.872  -24.687  25.407 1.0000000000
36418  -60.535  -25.643  30.013 1.0000000000
36419  -60.235  -25.148  29.428 1.0000000000
36490  -55.400  -20.556  33.738 1.0000000000
36492  -56.438  -22.177  32.735 1.0000000000
36493  -57.085  -22.489  32.185 1.0000000000
36494  -57.702  -22.847  31.626 1.0000000000
36495  -57.206  -20.522  31.373 1.0000000000
36496  -57.695  -21.912  31.140 1.0000000000
36497  -58.343  -23.256  31.007 1.0000000000
36498  -58.892  -23.668  30.335 1.0000000000
36499  -59.397  -24.084  29.639 1.0000000000
36500  -59.965  -24.500  28.840 1.0000000000
36501  -59.777  -23.908  28.431 1.0000000000
36502  -59.642  -23.313  28.052 1.0000000000
36503  -59.619  -22.525  27.781 1.0000000000
36504  -59.086  -20.245  28.867 1.0000000000
36505  -59.430  -20.942  28.180 1.0000000000
36506  -59.750  -21.630  27.490 1.0000000000
36507  -60.080  -20.696  27.227 1.0000000000
36508  -60.497  -19.743  26.969 1.0000000000
36509  -60.972  -18.867  26.752 1.0000000000
36511  -61.004  -14.903  30.373 1.0000000000
36512  -61.123  -15.412  29.530 1.0000000000
36515  -61.178  -15.967  28.748 1.0000000000
36516  -61.276  -16.533  27.982 1.0000000000
36517  -61.331  -17.199  27.231 1.0000000000
36518  -61.386  -17.919  26.482 1.0000000000
38368  -62.563  -26.817  27.496 1.0000000000
41077  -60.999  -25.768  28.857 1.0000000000
41078  -61.515  -26.192  28.816 1.0000000000
41079  -61.325  -25.995  28.467 1.0000000000
42562  -60.981  -19.860  26.107 1.0000000000
42921  -59.738  -14.587  32.854 1.0000000000
42922  -59.215  -15.053  32.848 1.0000000000
42923  -59.346  -15.192  32.353 1.0000000000
42924  -58.990  -15.846  31.957 1.0000000000
42925  -59.482  -15.359  31.898 1.0000000000
42926  -59.577  -15.618  31.483 1.0000000000
42927  -59.905  -14.989  31.850 1.0000000000
48967  -59.990  -23.531  27.160 1.0000000000
48968  -60.246  -24.108  26.869 1.0000000000
48969  -60.171  -23.726  26.718 1.0000000000
49978  -58.413  -24.526  31.858 1.0000000000
49979  -58.809  -25.035  31.816 1.0000000000
49980  -58.767  -24.678  31.533 1.0000000000
49981  -59.107  -24.804  31.206 1.0000000000
49982  -58.712  -24.316  31.247 1.0000000000
50039  -56.495  -18.151  32.902 1.0000000000
50040  -56.346  -18.042  33.372 1.0000000000
50041  -56.305  -18.661  32.947 1.0000000000
50042  -56.123  -19.153  33.024 1.0000000000
50043  -56.366  -19.310  32.628 1.0000000000
50044  -56.453  -19.961  32.362 1.0000000000
50045  -56.585  -19.453  32.244 1.0000000000
50046  -58.131  -20.229  30.140 1.0000000000
50047  -58.016  -20.752  30.272 1.0000000000
50048  -58.278  -20.997  29.958 1.0000000000
50049  -58.484  -21.733  29.815 1.0000000000
50050  -58.532  -21.258  29.608 1.0000000000
50051  -58.750  -21.590  29.283 1.0000000000
50052  -58.611  -20.851  29.472 1.0000000000
50053  -60.210  -17.329  29.081 1.0000000000
50054  -59.954  -18.082  28.765 1.0000000000
50055  -60.269  -17.622  28.691 1.0000000000
50056  -60.334  -17.922  28.320 1.0000000000
50057  -60.583  -17.157  28.615 1.0000000000
58567  -60.183  -21.782  26.600 1.0000000000
58568  -60.237  -22.461  26.277 1.0000000000
58569  -60.376  -21.982  26.161 1.0000000000
58571  -60.704  -22.296  25.221 1.0000000000
58573  -60.874  -23.151  24.391 1.0000000000
59578  -57.033  -23.973  32.944 1.0000000000
59580  -57.397  -24.118  32.715 1.0000000000
59581  -57.732  -24.259  32.456 1.0000000000
59582  -57.393  -23.682  32.478 1.0000000000
59639  -58.140  -16.017  32.874 1.0000000000
59640  -57.980  -15.910  33.371 1.0000000000
59641  -57.640  -16.524  32.879 1.0000000000
59642  -57.163  -17.055  32.864 1.0000000000
59643  -57.349  -17.173  32.412 1.0000000000
59644  -57.197  -17.903  32.003 1.0000000000
59645  -57.571  -17.369  31.987 1.0000000000
59646  -58.431  -17.241  31.190 1.0000000000
59647  -57.966  -17.756  31.227 1.0000000000
59648  -58.235  -17.965  30.862 1.0000000000
59649  -58.109  -18.711  30.591 1.0000000000
59650  -58.459  -18.170  30.513 1.0000000000
59651  -58.616  -18.491  30.152 1.0000000000
59652  -58.806  -17.735  30.455 1.0000000000
59653  -59.776  -16.187  30.657 1.0000000000
59654  -59.518  -16.895  30.347 1.0000000000
59655  -59.919  -16.459  30.283 1.0000000000
59656  -60.036  -16.741  29.889 1.0000000000
59657  -60.304  -16.021  30.172 1.0000000000
77782  -60.367  -24.785  27.844 1.0000000000
77783  -60.738  -25.262  27.598 1.0000000000
77784  -60.583  -25.013  27.376 1.0000000000
77785  -60.894  -25.121  26.256 1.0000000000
77786  -61.032  -25.387  26.460 1.0000000000
77787  -61.256  -25.582  25.970 1.0000000000
77789  -61.484  -25.764  25.452 1.0000000000
77790  -60.494  -23.701  25.616 1.0000000000
77791  -60.578  -24.120  25.764 1.0000000000
77792  -60.753  -24.281  25.257 1.0000000000
80818  -59.748  -25.072  30.480 1.0000000000
80819  -60.202  -25.504  30.422 1.0000000000
80820  -60.054  -25.220  30.094 1.0000000000
80821  -60.375  -25.392  29.703 1.0000000000
80822  -59.934  -24.939  29.811 1.0000000000
80999  -55.780  -20.171  33.245 1.0000000000
81000  -55.531  -20.050  33.645 1.0000000000
81001  -55.680  -20.694  33.364 1.0000000000
81003  -55.886  -21.355  33.131 1.0000000000
81005  -56.180  -21.521  32.821 1.0000000000
81006  -56.866  -21.310  32.011 1.0000000000
81007  -56.810  -21.812  32.223 1.0000000000
81008  -57.117  -21.946  31.934 1.0000000000
81009  -57.393  -22.636  31.907 1.0000000000
81010  -57.409  -22.149  31.653 1.0000000000
81011  -57.102  -19.312  31.403 1.0000000000
81012  -56.980  -19.809  31.524 1.0000000000
81013  -57.218  -20.000  31.229 1.0000000000
81014  -57.958  -21.702  30.633 1.0000000000
81015  -57.699  -21.431  30.975 1.0000000000
81016  -57.974  -22.163  30.838 1.0000000000
81017  -57.995  -22.600  31.076 1.0000000000
81018  -58.275  -22.826  30.757 1.0000000000
81019  -58.623  -23.463  30.681 1.0000000000
81020  -58.561  -23.057  30.447 1.0000000000
81021  -59.033  -23.115  29.545 1.0000000000
81022  -59.083  -23.502  29.767 1.0000000000
81023  -59.372  -23.723  29.384 1.0000000000
81024  -59.691  -24.286  29.262 1.0000000000
81025  -59.605  -23.944  28.999 1.0000000000
81026  -59.872  -24.203  28.636 1.0000000000
81027  -59.526  -23.629  28.789 1.0000000000
81028  -59.220  -22.229  28.626 1.0000000000
81029  -59.441  -23.024  28.409 1.0000000000
81030  -59.431  -22.585  28.300 1.0000000000
81031  -59.618  -22.936  27.901 1.0000000000
81032  -59.472  -22.193  28.138 1.0000000000
81033  -58.953  -19.137  29.467 1.0000000000
81034  -58.911  -19.912  29.212 1.0000000000
81035  -59.108  -19.468  29.104 1.0000000000
81036  -59.648  -19.646  28.264 1.0000000000
81037  -59.435  -20.103  28.395 1.0000000000
81038  -59.586  -20.452  28.048 1.0000000000
81039  -59.597  -21.330  27.830 1.0000000000
81040  -59.722  -20.832  27.707 1.0000000000
81041  -59.895  -21.163  27.367 1.0000000000
81042  -59.914  -20.382  27.568 1.0000000000
81043  -60.568  -18.620  27.596 1.0000000000
81044  -60.400  -19.442  27.327 1.0000000000
81045  -60.658  -18.956  27.226 1.0000000000
81046  -60.740  -19.301  26.857 1.0000000000
81047  -60.905  -18.500  27.122 1.0000000000
81053  -61.427  -14.487  30.235 1.0000000000
81054  -61.074  -15.154  29.937 1.0000000000
81055  -61.492  -14.722  29.801 1.0000000000
81062  -61.528  -15.232  28.981 1.0000000000
81063  -61.530  -15.516  28.604 1.0000000000
81064  -61.234  -16.236  28.374 1.0000000000
81066  -61.825  -15.986  27.255 1.0000000000
81067  -61.561  -16.417  27.445 1.0000000000
81068  -61.561  -16.758  27.061 1.0000000000
81069  -61.363  -17.555  26.861 1.0000000000
81070  -61.554  -17.104  26.693 1.0000000000
81071  -61.549  -17.463  26.309 1.0000000000
85680  -61.670  -26.105  27.177 1.0000000000
85681  -61.981  -26.364  27.552 1.0000000000
85682  -62.280  -26.563  27.040 1.0000000000
92371  -61.358  -26.186  29.560 1.0000000000
95044  -60.586  -20.840  26.354 1.0000000000
95045  -60.550  -21.478  26.032 1.0000000000
95046  -60.751  -20.966  25.900 1.0000000000
95047  -60.890  -21.156  25.438 1.0000000000
95688  -58.907  -14.876  33.885 1.0000000000
95689  -59.069  -14.948  33.363 1.0000000000
95690  -58.678  -15.528  32.865 1.0000000000
95691  -58.317  -16.154  32.391 1.0000000000
95692  -57.999  -16.851  31.983 1.0000000000
95693  -58.469  -16.334  31.985 1.0000000000
95694  -58.682  -16.524  31.568 1.0000000000
95695  -58.890  -16.713  31.162 1.0000000000
95696  -59.029  -17.012  30.790 1.0000000000
95697  -59.284  -16.296  31.133 1.0000000000
95698  -59.673  -15.899  31.068 1.0000000000
95699  -60.109  -15.484  30.963 1.0000000000
106573  -60.141  -24.240  27.439 1.0000000000
106574  -60.453  -24.751  27.175 1.0000000000
106575  -60.343  -24.450  27.010 1.0000000000
106576  -60.559  -24.650  26.559 1.0000000000
106577  -60.754  -24.821  26.087 1.0000000000
108390  -58.466  -25.289  32.404 1.0000000000
108392  -58.827  -25.385  32.095 1.0000000000
108393  -59.213  -25.475  31.776 1.0000000000
108394  -59.605  -25.594  31.465 1.0000000000
108396  -59.520  -25.265  31.146 1.0000000000
108397  -59.445  -24.926  30.843 1.0000000000
108398  -59.351  -24.587  30.556 1.0000000000
108501  -56.522  -17.453  33.877 1.0000000000
108502  -56.235  -17.976  33.879 1.0000000000
108504  -55.744  -18.928  33.870 1.0000000000
108505  -55.930  -19.037  33.456 1.0000000000
108506  -55.941  -19.662  33.096 1.0000000000
108507  -56.072  -20.306  32.824 1.0000000000
108508  -56.288  -20.961  32.658 1.0000000000
108509  -56.350  -20.458  32.486 1.0000000000
108510  -56.619  -20.641  32.147 1.0000000000
108511  -56.902  -20.844  31.820 1.0000000000
108512  -57.605  -19.757  30.776 1.0000000000
108513  -57.495  -20.238  30.923 1.0000000000
108514  -57.757  -20.528  30.588 1.0000000000
108515  -57.954  -21.242  30.439 1.0000000000
108516  -58.197  -21.960  30.333 1.0000000000
108517  -58.496  -22.646  30.226 1.0000000000
108518  -58.472  -22.206  30.020 1.0000000000
108519  -58.723  -22.453  29.691 1.0000000000
108520  -58.962  -22.681  29.321 1.0000000000
108521  -59.183  -22.985  28.972 1.0000000000
108522  -58.946  -22.300  29.131 1.0000000000
108523  -58.988  -21.909  28.958 1.0000000000
108524  -59.052  -21.476  28.813 1.0000000000
108525  -59.551  -18.218  29.259 1.0000000000
108526  -59.361  -18.992  28.994 1.0000000000
108527  -59.651  -18.521  28.873 1.0000000000
108528  -59.758  -18.822  28.497 1.0000000000
108529  -59.883  -19.203  28.136 1.0000000000
108530  -60.010  -19.569  27.791 1.0000000000
108531  -60.153  -18.741  28.027 1.0000000000
108532  -60.471  -18.282  27.970 1.0000000000
108533  -60.735  -17.810  27.868 1.0000000000
108544  -61.859  -15.343  28.031 1.0000000000
108545  -62.162  -14.940  27.834 1.0000000000
108547  -62.097  -15.556  27.032 1.0000000000
108548  -62.040  -15.904  26.646 1.0000000000
111312  -62.146  -26.558  26.172 1.0000000000
111313  -62.506  -26.795  26.540 1.0000000000
121930  -59.972  -22.691  26.880 1.0000000000
121931  -60.131  -23.313  26.545 1.0000000000
121932  -60.151  -22.900  26.406 1.0000000000
121933  -60.348  -23.092  25.942 1.0000000000
121934  -60.543  -23.269  25.467 1.0000000000
121935  -60.542  -22.143  25.704 1.0000000000
121936  -60.605  -22.789  25.350 1.0000000000
121937  -60.721  -23.446  24.993 1.0000000000
121938  -60.861  -23.605  24.517 1.0000000000
123348  -58.098  -24.807  32.424 1.0000000000
123349  -58.063  -24.392  32.157 1.0000000000
123350  -58.046  -23.974  31.898 1.0000000000
123430  -58.371  -15.319  33.895 1.0000000000
123432  -57.323  -16.361  33.869 1.0000000000
123433  -57.001  -16.967  33.339 1.0000000000
123434  -56.781  -17.615  32.866 1.0000000000
123435  -56.673  -18.257  32.423 1.0000000000
123436  -56.679  -18.902  32.116 1.0000000000
123437  -56.895  -18.422  32.033 1.0000000000
123438  -57.126  -18.625  31.655 1.0000000000
123439  -57.319  -18.798  31.323 1.0000000000
123440  -57.762  -17.559  31.599 1.0000000000
123441  -57.603  -18.272  31.263 1.0000000000
123442  -57.537  -19.027  30.985 1.0000000000
123443  -57.791  -19.239  30.668 1.0000000000
123444  -58.074  -19.457  30.364 1.0000000000
123445  -58.314  -19.720  30.001 1.0000000000
123446  -58.514  -20.073  29.681 1.0000000000
123447  -58.515  -19.284  29.886 1.0000000000
123448  -58.777  -18.828  29.800 1.0000000000
123449  -59.101  -18.360  29.735 1.0000000000
123450  -59.156  -17.312  30.400 1.0000000000
123451  -59.280  -17.613  30.007 1.0000000000
123452  -59.454  -17.907  29.638 1.0000000000
123453  -59.790  -17.467  29.560 1.0000000000
123454  -60.159  -17.035  29.499 1.0000000000
123455  -60.478  -16.586  29.390 1.0000000000
131689  -61.282  -19.030  25.849 1.0000000000
131690  -61.222  -19.623  25.548 1.0000000000
133058  -60.007  -13.931  33.880 1.0000000000
133059  -60.115  -13.990  33.340 1.0000000000
133060  -60.225  -14.134  32.787 1.0000000000
133061  -60.286  -14.338  32.275 1.0000000000
146560  -60.640  -25.275  28.295 1.0000000000
146561  -61.090  -25.722  28.101 1.0000000000
146562  -60.897  -25.484  27.842 1.0000000000
146563  -61.164  -25.688  27.376 1.0000000000
146564  -61.417  -25.892  26.913 1.0000000000
146565  -60.805  -25.229  26.920 1.0000000000
146566  -61.214  -25.668  26.694 1.0000000000
146567  -61.650  -26.126  26.427 1.0000000000
146568  -61.883  -26.313  25.918 1.0000000000
146571  -60.370  -23.919  26.234 1.0000000000
146572  -60.646  -24.483  25.926 1.0000000000
146573  -60.979  -25.015  25.591 1.0000000000
146574  -61.048  -24.832  24.903 1.0000000000
146575  -61.190  -25.176  25.077 1.0000000000
146576  -61.335  -25.483  25.265 1.0000000000
150224  -61.039  -26.042  29.945 1.0000000000
150225  -60.862  -25.805  29.613 1.0000000000
150226  -60.677  -25.590  29.310 1.0000000000
150227  -60.527  -25.338  29.006 1.0000000000
150439  -55.306  -19.956  34.047 1.0000000000
150440  -55.124  -20.459  34.107 1.0000000000
150446  -56.739  -22.827  32.712 1.0000000000
150447  -56.511  -21.647  32.525 1.0000000000
150448  -56.774  -22.333  32.461 1.0000000000
150449  -57.073  -23.021  32.453 1.0000000000
150450  -57.384  -23.160  32.174 1.0000000000
150451  -57.710  -23.302  31.892 1.0000000000
150452  -58.062  -23.497  31.603 1.0000000000
150453  -56.799  -19.604  31.868 1.0000000000
150454  -56.944  -20.331  31.663 1.0000000000
150455  -57.170  -21.000  31.542 1.0000000000
150456  -57.442  -20.712  31.082 1.0000000000
150457  -57.434  -21.204  31.261 1.0000000000
150458  -57.426  -21.686  31.435 1.0000000000
150459  -57.677  -22.363  31.368 1.0000000000
150460  -58.044  -23.035  31.330 1.0000000000
150461  -58.374  -23.685  31.269 1.0000000000
150462  -58.666  -23.886  30.936 1.0000000000
150463  -58.942  -24.005  30.595 1.0000000000
150464  -59.232  -24.218  30.247 1.0000000000
150465  -58.810  -23.283  30.125 1.0000000000
150466  -59.141  -23.876  29.999 1.0000000000
150467  -59.499  -24.428  29.881 1.0000000000
150468  -59.808  -24.615  29.526 1.0000000000
150469  -60.087  -24.813  29.110 1.0000000000
150470  -60.367  -25.015  28.679 1.0000000000
150471  -60.239  -24.754  28.464 1.0000000000
150472  -60.125  -24.481  28.263 1.0000000000
150473  -60.028  -24.218  28.046 1.0000000000
150474  -59.447  -23.292  28.596 1.0000000000
150475  -59.698  -23.625  28.229 1.0000000000
150476  -59.910  -23.932  27.847 1.0000000000
150477  -59.838  -23.622  27.660 1.0000000000
150478  -59.794  -23.244  27.533 1.0000000000
150479  -59.789  -22.821  27.409 1.0000000000
150480  -58.733  -20.397  29.353 1.0000000000
150481  -58.942  -20.705  29.012 1.0000000000
150482  -59.141  -21.051  28.668 1.0000000000
150483  -59.264  -19.784  28.735 1.0000000000
150484  -59.262  -20.585  28.521 1.0000000000
150485  -59.337  -21.405  28.323 1.0000000000
150486  -59.523  -21.782  27.972 1.0000000000
150487  -59.674  -22.098  27.612 1.0000000000
150488  -59.823  -22.391  27.255 1.0000000000
150489  -59.891  -21.952  27.134 1.0000000000
150490  -60.049  -21.475  26.999 1.0000000000
150491  -60.221  -20.995  26.850 1.0000000000
150492  -60.147  -19.932  27.454 1.0000000000
150493  -60.276  -20.225  27.074 1.0000000000
150494  -60.427  -20.531  26.726 1.0000000000
150495  -60.652  -20.064  26.613 1.0000000000
150496  -60.864  -19.588  26.486 1.0000000000
150497  -61.056  -19.159  26.387 1.0000000000
150499  -60.450  -14.789  31.321 1.0000000000
150500  -60.544  -15.058  30.879 1.0000000000
150503  -60.617  -15.334  30.469 1.0000000000
150504  -60.674  -15.558  30.056 1.0000000000
150505  -60.745  -15.842  29.655 1.0000000000
150506  -60.795  -16.129  29.271 1.0000000000
150513  -61.519  -14.973  29.388 1.0000000000
150514  -61.156  -15.681  29.130 1.0000000000
150515  -60.826  -16.404  28.892 1.0000000000
150516  -60.904  -16.703  28.504 1.0000000000
150517  -60.979  -16.992  28.124 1.0000000000
150518  -61.017  -17.337  27.714 1.0000000000
150519  -61.567  -16.091  27.829 1.0000000000
150520  -61.296  -16.864  27.588 1.0000000000
150521  -61.082  -17.700  27.356 1.0000000000
150522  -61.140  -18.049  26.996 1.0000000000
150523  -61.197  -18.397  26.630 1.0000000000
150524  -61.241  -18.715  26.239 1.0000000000
156064  -61.644  -26.204  27.998 1.0000000000
156065  -62.237  -26.595  27.979 1.0000000000
156066  -62.807  -27.045  27.955 1.0000000000
