#!ascii label  , from subject 40tvs8ref_sym_20 vox2ras=TkReg
355
74  -5.025  -0.839  33.263 1.0000000000
1502  -4.023  -2.548  37.340 1.0000000000
1503  -5.374  -7.062  33.534 1.0000000000
2177  -4.669  3.507  39.158 1.0000000000
2178  -5.963  0.332  41.779 1.0000000000
2864  -6.238  -0.190  31.996 1.0000000000
2866  -6.253  -3.317  32.072 1.0000000000
3464  -4.393  -3.689  39.749 1.0000000000
3465  -3.841  -5.773  37.310 1.0000000000
4806  -5.036  6.494  39.353 1.0000000000
4807  -6.240  4.554  40.320 1.0000000000
4808  -5.101  2.070  40.870 1.0000000000
4809  -7.551  2.535  40.707 1.0000000000
7346  -3.831  -1.537  34.939 1.0000000000
7347  -5.343  -4.002  33.429 1.0000000000
7348  -3.848  -4.783  34.971 1.0000000000
9086  -4.403  2.290  33.553 1.0000000000
9094  -4.397  4.679  36.634 1.0000000000
9095  -4.021  1.420  35.740 1.0000000000
9096  -4.352  0.451  38.258 1.0000000000
9097  -4.585  -0.765  40.521 1.0000000000
9098  -5.131  -2.263  41.816 1.0000000000
10544  -5.746  -0.530  32.676 1.0000000000
10545  -6.269  -1.775  32.050 1.0000000000
10546  -5.951  -2.121  32.731 1.0000000000
12486  -7.165  5.669  39.581 1.0000000000
12487  -7.881  4.557  39.820 1.0000000000
12488  -6.889  3.550  40.548 1.0000000000
12489  -8.518  3.573  40.089 1.0000000000
16154  -3.819  -2.003  36.105 1.0000000000
16155  -3.856  -3.180  34.935 1.0000000000
16156  -3.774  -3.638  36.102 1.0000000000
18607  -5.387  -5.529  33.483 1.0000000000
18608  -6.139  -5.194  32.855 1.0000000000
18609  -6.167  -6.726  32.898 1.0000000000
20158  -5.002  2.601  32.755 1.0000000000
20159  -4.244  3.873  33.682 1.0000000000
20178  -4.745  5.089  39.400 1.0000000000
20179  -4.571  5.736  38.324 1.0000000000
20180  -4.529  4.138  37.952 1.0000000000
20181  -4.234  3.002  36.163 1.0000000000
20182  -4.409  2.515  37.508 1.0000000000
20183  -4.210  0.966  37.000 1.0000000000
20184  -4.549  1.941  38.708 1.0000000000
20185  -5.457  1.248  41.471 1.0000000000
20186  -4.788  0.642  40.800 1.0000000000
20187  -5.059  -0.073  41.494 1.0000000000
20188  -4.771  -1.501  41.304 1.0000000000
20189  -5.490  -0.921  41.842 1.0000000000
23590  -6.066  -1.435  31.276 1.0000000000
23591  -5.965  -2.974  31.361 1.0000000000
24668  -4.224  -3.058  38.591 1.0000000000
24669  -3.938  -4.177  37.323 1.0000000000
24670  -4.165  -4.724  38.565 1.0000000000
27082  -5.738  7.786  38.888 1.0000000000
27083  -6.470  6.736  39.287 1.0000000000
27084  -5.569  5.565  40.033 1.0000000000
27085  -5.101  4.267  40.269 1.0000000000
27086  -4.864  2.804  40.099 1.0000000000
27087  -5.510  3.407  40.783 1.0000000000
27088  -6.041  2.451  41.126 1.0000000000
27089  -6.693  1.450  41.347 1.0000000000
32558  -4.286  -1.117  34.001 1.0000000000
32559  -5.147  -2.397  33.335 1.0000000000
32560  -4.336  -2.764  34.052 1.0000000000
32561  -4.481  -4.365  34.095 1.0000000000
32562  -4.458  -5.918  34.116 1.0000000000
32563  -3.674  -5.248  36.045 1.0000000000
32564  -3.793  -6.363  34.908 1.0000000000
32565  -4.398  -7.437  34.118 1.0000000000
35623  -6.045  -3.652  32.812 1.0000000000
35624  -6.311  -4.826  32.159 1.0000000000
37500  -6.016  1.380  32.052 1.0000000000
37501  -5.350  1.059  32.733 1.0000000000
37502  -4.695  0.730  33.411 1.0000000000
37524  -4.685  7.256  38.467 1.0000000000
37525  -4.474  6.284  37.003 1.0000000000
37526  -4.251  5.077  35.258 1.0000000000
37527  -4.137  3.453  34.848 1.0000000000
37528  -4.038  1.881  34.556 1.0000000000
37529  -4.099  0.353  34.287 1.0000000000
37530  -3.874  -0.065  35.340 1.0000000000
37531  -3.969  -0.533  36.515 1.0000000000
37532  -4.174  -1.083  37.808 1.0000000000
37533  -4.660  1.327  39.830 1.0000000000
37534  -4.459  -0.134  39.439 1.0000000000
37535  -4.339  -1.636  38.974 1.0000000000
37536  -4.483  -2.237  40.093 1.0000000000
37537  -4.656  -2.919  41.013 1.0000000000
41264  -5.376  -0.695  32.961 1.0000000000
41265  -5.844  -1.334  32.698 1.0000000000
41266  -5.510  -1.488  32.987 1.0000000000
43206  -8.350  5.088  39.413 1.0000000000
43207  -8.677  4.562  39.602 1.0000000000
43208  -8.199  4.059  39.956 1.0000000000
46874  -3.909  -2.269  36.707 1.0000000000
46875  -3.798  -2.822  36.072 1.0000000000
46876  -3.879  -3.086  36.680 1.0000000000
49327  -5.397  -6.294  33.522 1.0000000000
49328  -5.833  -6.122  33.211 1.0000000000
49329  -5.816  -6.879  33.232 1.0000000000
50879  -4.204  4.693  33.796 1.0000000000
50898  -4.698  4.326  39.316 1.0000000000
50899  -4.606  4.651  38.752 1.0000000000
50900  -4.588  3.842  38.569 1.0000000000
50901  -4.485  3.329  37.736 1.0000000000
50902  -4.554  3.030  38.365 1.0000000000
50903  -4.483  2.251  38.119 1.0000000000
50904  -4.619  2.724  38.945 1.0000000000
50905  -5.708  0.790  41.651 1.0000000000
50906  -5.233  0.585  41.530 1.0000000000
50907  -5.457  0.177  41.721 1.0000000000
50908  -5.250  -0.452  41.711 1.0000000000
50909  -5.715  -0.288  41.826 1.0000000000
54674  -6.351  -0.005  31.596 1.0000000000
54675  -6.162  -0.630  31.251 1.0000000000
54676  -6.312  -0.809  31.627 1.0000000000
54677  -6.264  -2.567  32.061 1.0000000000
54678  -6.246  -2.420  31.694 1.0000000000
54679  -6.200  -3.113  31.690 1.0000000000
56474  -4.306  -3.379  39.183 1.0000000000
56475  -4.193  -3.895  38.586 1.0000000000
56476  -4.284  -4.211  39.175 1.0000000000
60496  -6.969  7.276  38.847 1.0000000000
60497  -7.333  6.699  39.020 1.0000000000
60498  -6.694  5.109  39.975 1.0000000000
60499  -6.323  5.649  39.847 1.0000000000
60500  -5.921  5.050  40.175 1.0000000000
60501  -5.301  4.932  40.188 1.0000000000
60502  -5.578  4.458  40.416 1.0000000000
60503  -5.314  3.842  40.553 1.0000000000
60504  -5.829  4.013  40.597 1.0000000000
60505  -7.213  3.052  40.647 1.0000000000
60506  -6.431  3.000  40.860 1.0000000000
60507  -6.765  2.507  40.962 1.0000000000
60508  -6.360  1.949  41.252 1.0000000000
60509  -7.111  2.008  41.031 1.0000000000
71504  -3.967  -1.329  34.428 1.0000000000
71505  -4.309  -1.940  33.996 1.0000000000
71506  -3.977  -2.150  34.451 1.0000000000
71507  -3.860  -3.983  34.969 1.0000000000
71508  -4.067  -3.783  34.420 1.0000000000
71509  -4.074  -4.554  34.487 1.0000000000
71510  -4.474  -5.137  34.118 1.0000000000
71511  -4.076  -5.353  34.467 1.0000000000
71512  -3.896  -4.967  37.297 1.0000000000
71513  -3.785  -4.704  36.677 1.0000000000
71514  -3.730  -5.504  36.669 1.0000000000
71516  -3.641  -6.594  35.432 1.0000000000
71518  -3.994  -6.913  34.455 1.0000000000
71519  -3.974  -7.665  34.431 1.0000000000
71520  -4.393  -8.199  34.058 1.0000000000
78862  -5.190  -3.184  33.391 1.0000000000
78863  -5.609  -3.029  33.077 1.0000000000
78864  -5.688  -3.813  33.115 1.0000000000
78865  -6.272  -5.773  32.529 1.0000000000
78866  -6.266  -5.010  32.519 1.0000000000
78867  -6.309  -5.587  32.172 1.0000000000
83515  -4.675  2.440  33.114 1.0000000000
83516  -5.152  1.837  32.746 1.0000000000
83517  -4.774  1.686  33.087 1.0000000000
83518  -5.004  0.896  33.055 1.0000000000
83519  -4.505  1.512  33.479 1.0000000000
83573  -5.336  7.170  39.167 1.0000000000
83574  -5.072  7.608  38.823 1.0000000000
83575  -4.810  6.915  38.954 1.0000000000
83576  -4.509  5.235  37.509 1.0000000000
83577  -4.514  6.017  37.683 1.0000000000
83578  -4.446  5.485  36.815 1.0000000000
83579  -4.371  5.690  36.132 1.0000000000
83580  -4.314  4.890  35.946 1.0000000000
83581  -4.190  4.263  35.073 1.0000000000
83582  -4.239  4.064  35.702 1.0000000000
83583  -4.129  2.203  35.955 1.0000000000
83584  -4.079  2.434  35.323 1.0000000000
83585  -4.014  1.656  35.132 1.0000000000
83586  -4.064  1.112  34.400 1.0000000000
83587  -3.962  0.886  34.966 1.0000000000
83588  -3.925  0.149  34.782 1.0000000000
83589  -3.923  0.649  35.528 1.0000000000
83590  -4.303  0.730  37.638 1.0000000000
83591  -4.087  0.215  36.773 1.0000000000
83592  -4.182  -0.031  37.411 1.0000000000
83593  -4.073  -0.808  37.167 1.0000000000
83594  -4.258  -0.313  38.036 1.0000000000
83595  -4.976  2.473  40.524 1.0000000000
83596  -4.766  2.050  39.964 1.0000000000
83597  -4.830  1.734  40.431 1.0000000000
83598  -4.670  -0.055  40.707 1.0000000000
83599  -4.604  0.270  40.181 1.0000000000
83600  -4.517  -0.449  39.995 1.0000000000
83601  -4.392  -0.881  39.209 1.0000000000
83602  -4.460  -1.195  39.750 1.0000000000
83603  -4.419  -1.936  39.552 1.0000000000
83604  -4.526  -1.499  40.281 1.0000000000
83605  -4.936  -1.876  41.571 1.0000000000
83606  -4.671  -2.206  41.177 1.0000000000
83607  -4.847  -2.578  41.484 1.0000000000
83609  -5.026  -2.940  41.750 1.0000000000
92708  -6.047  -0.357  32.353 1.0000000000
92709  -6.254  -0.972  32.029 1.0000000000
92710  -6.084  -1.138  32.381 1.0000000000
92711  -6.153  -1.956  32.394 1.0000000000
92712  -6.166  -2.744  32.415 1.0000000000
93788  -4.490  -3.996  40.256 1.0000000000
96202  -7.684  6.166  39.150 1.0000000000
96204  -7.540  5.112  39.703 1.0000000000
96205  -7.049  4.586  40.102 1.0000000000
96206  -6.570  4.056  40.440 1.0000000000
96207  -7.381  4.069  40.199 1.0000000000
96208  -7.685  3.584  40.321 1.0000000000
96209  -8.030  3.062  40.401 1.0000000000
102806  -3.745  -1.752  35.480 1.0000000000
102807  -3.830  -2.350  34.967 1.0000000000
102808  -3.729  -2.573  35.488 1.0000000000
102809  -3.725  -3.401  35.480 1.0000000000
102810  -3.710  -4.210  35.533 1.0000000000
107221  -5.361  -4.778  33.443 1.0000000000
107222  -5.768  -4.601  33.140 1.0000000000
107223  -5.788  -5.368  33.149 1.0000000000
107224  -6.162  -5.971  32.878 1.0000000000
110012  -5.317  2.790  32.400 1.0000000000
110013  -4.851  3.395  32.768 1.0000000000
110014  -4.568  3.229  33.167 1.0000000000
110015  -4.344  3.065  33.625 1.0000000000
110048  -4.846  5.809  39.411 1.0000000000
110049  -4.647  6.187  38.984 1.0000000000
110050  -4.619  5.451  38.903 1.0000000000
110051  -4.566  4.948  38.150 1.0000000000
110052  -4.471  4.413  37.285 1.0000000000
110053  -4.329  3.831  36.370 1.0000000000
110054  -4.414  3.576  37.057 1.0000000000
110055  -4.334  2.744  36.843 1.0000000000
110056  -4.233  1.973  36.619 1.0000000000
110057  -4.119  1.195  36.379 1.0000000000
110058  -4.316  1.744  37.252 1.0000000000
110059  -4.403  1.490  37.871 1.0000000000
110060  -4.463  1.184  38.472 1.0000000000
110061  -5.236  1.689  41.207 1.0000000000
110062  -4.923  1.379  40.844 1.0000000000
110063  -5.039  1.007  41.250 1.0000000000
110064  -4.895  0.303  41.205 1.0000000000
110065  -4.763  -0.391  41.115 1.0000000000
110066  -4.676  -1.124  40.927 1.0000000000
110067  -4.901  -0.773  41.412 1.0000000000
110068  -5.068  -1.170  41.619 1.0000000000
110069  -5.293  -1.581  41.824 1.0000000000
116485  -6.259  -1.630  31.646 1.0000000000
116486  -6.009  -2.221  31.324 1.0000000000
116487  -5.653  -2.773  31.021 1.0000000000
119000  -4.123  -2.804  37.965 1.0000000000
119001  -3.981  -3.373  37.347 1.0000000000
119002  -4.083  -3.635  37.977 1.0000000000
119003  -4.052  -4.437  37.936 1.0000000000
119004  -4.007  -5.257  37.931 1.0000000000
119005  -4.257  -5.025  39.171 1.0000000000
119007  -3.965  -6.065  37.943 1.0000000000
122435  -5.812  -7.638  33.237 1.0000000000
124630  -6.227  8.328  38.506 1.0000000000
124632  -6.115  7.269  39.076 1.0000000000
124633  -5.656  6.672  39.438 1.0000000000
124634  -6.807  6.193  39.453 1.0000000000
124635  -5.928  6.159  39.753 1.0000000000
124636  -5.285  6.043  39.706 1.0000000000
124637  -5.027  5.393  39.841 1.0000000000
124638  -4.886  4.717  39.892 1.0000000000
124639  -4.802  3.961  39.827 1.0000000000
124640  -4.749  3.171  39.664 1.0000000000
124641  -4.960  3.570  40.234 1.0000000000
124642  -5.114  3.188  40.591 1.0000000000
124643  -5.301  2.743  40.862 1.0000000000
124644  -6.140  3.497  40.723 1.0000000000
124645  -5.782  2.915  40.949 1.0000000000
124646  -5.500  2.305  41.116 1.0000000000
124647  -5.716  1.863  41.342 1.0000000000
124648  -6.019  1.375  41.499 1.0000000000
124649  -6.314  0.895  41.606 1.0000000000
138914  -4.644  -0.955  33.619 1.0000000000
138915  -5.103  -1.623  33.298 1.0000000000
138916  -4.679  -1.747  33.618 1.0000000000
138917  -4.712  -2.564  33.654 1.0000000000
138918  -4.805  -3.384  33.705 1.0000000000
138919  -4.012  -2.968  34.454 1.0000000000
138920  -4.459  -3.591  34.061 1.0000000000
138921  -4.912  -4.181  33.740 1.0000000000
138922  -4.898  -4.947  33.761 1.0000000000
138923  -4.903  -5.713  33.788 1.0000000000
138924  -4.880  -6.485  33.793 1.0000000000
138925  -3.845  -3.893  36.737 1.0000000000
138926  -3.731  -4.445  36.094 1.0000000000
138927  -3.683  -5.019  35.451 1.0000000000
138929  -3.655  -5.803  35.419 1.0000000000
138930  -3.826  -5.575  34.926 1.0000000000
138931  -4.028  -6.147  34.456 1.0000000000
138932  -4.423  -6.697  34.113 1.0000000000
138933  -4.859  -7.228  33.805 1.0000000000
147865  -5.570  -2.262  33.032 1.0000000000
147866  -6.002  -2.897  32.783 1.0000000000
147867  -6.199  -3.489  32.455 1.0000000000
147868  -6.100  -4.425  32.849 1.0000000000
147869  -6.240  -4.243  32.494 1.0000000000
147870  -6.286  -4.047  32.118 1.0000000000
153463  -6.305  0.762  31.634 1.0000000000
153464  -6.152  0.576  32.025 1.0000000000
153465  -5.492  1.996  32.410 1.0000000000
153466  -5.678  1.213  32.388 1.0000000000
153467  -5.889  0.417  32.381 1.0000000000
153468  -5.640  0.255  32.723 1.0000000000
153469  -5.222  0.093  33.011 1.0000000000
153470  -4.846  -0.064  33.331 1.0000000000
153535  -4.860  8.008  38.409 1.0000000000
153536  -4.561  7.595  37.943 1.0000000000
153537  -4.592  6.501  38.437 1.0000000000
153538  -4.525  6.800  37.846 1.0000000000
153543  -4.183  4.472  34.431 1.0000000000
153544  -4.182  3.666  34.275 1.0000000000
153545  -4.192  2.875  34.148 1.0000000000
153546  -4.161  3.242  35.482 1.0000000000
153547  -4.066  2.661  34.706 1.0000000000
153548  -4.172  2.093  34.038 1.0000000000
153549  -4.252  1.330  33.906 1.0000000000
153550  -4.336  0.566  33.803 1.0000000000
153551  -4.459  -0.208  33.721 1.0000000000
153552  -4.175  -0.382  34.147 1.0000000000
153553  -3.901  -0.584  34.583 1.0000000000
153554  -3.840  -0.793  35.137 1.0000000000
153555  -4.008  0.443  36.150 1.0000000000
153556  -3.906  -0.277  35.938 1.0000000000
153557  -3.810  -1.024  35.682 1.0000000000
153558  -3.875  -1.277  36.267 1.0000000000
153559  -3.985  -1.547  36.933 1.0000000000
153560  -4.101  -1.806  37.550 1.0000000000
153561  -4.696  2.362  39.460 1.0000000000
153562  -4.609  1.628  39.270 1.0000000000
153563  -4.505  0.894  39.069 1.0000000000
153564  -4.709  0.994  40.319 1.0000000000
153565  -4.544  0.604  39.652 1.0000000000
153566  -4.402  0.173  38.876 1.0000000000
153567  -4.328  -0.569  38.647 1.0000000000
153568  -4.262  -1.335  38.407 1.0000000000
153569  -4.195  -2.074  38.179 1.0000000000
153570  -4.285  -2.347  38.774 1.0000000000
153571  -4.372  -2.661  39.367 1.0000000000
153572  -4.439  -2.963  39.924 1.0000000000
153573  -4.601  -1.839  40.754 1.0000000000
153574  -4.549  -2.551  40.598 1.0000000000
153575  -4.510  -3.256  40.436 1.0000000000
153576  -4.628  -3.627  40.863 1.0000000000
153579  -9.309  3.610  39.967 1.0000000000
153580  -8.864  3.076  40.238 1.0000000000
153584  -7.905  2.038  40.779 1.0000000000
153597  -6.002  -0.753  41.909 1.0000000000
153598  -5.741  -1.356  41.989 1.0000000000
153599  -5.535  -1.975  41.987 1.0000000000
153602  -5.376  -2.635  41.979 1.0000000000
