#!ascii label  , from subject 40tvs8ref_sym_20 vox2ras=TkReg
338
277  -61.987  -28.505  36.388 1.0000000000
757  -62.059  -27.354  31.864 1.0000000000
758  -63.303  -30.682  34.350 1.0000000000
759  -64.009  -29.469  29.238 1.0000000000
2050  -58.474  -26.926  34.182 1.0000000000
2677  -61.567  -26.445  29.966 1.0000000000
2678  -63.476  -28.109  30.537 1.0000000000
2679  -63.007  -27.263  28.456 1.0000000000
3712  -61.714  -29.059  38.933 1.0000000000
3714  -62.980  -29.719  38.090 1.0000000000
3715  -61.735  -31.631  33.222 1.0000000000
4501  -58.477  -25.650  32.697 1.0000000000
5971  -62.095  -27.999  34.019 1.0000000000
5972  -63.360  -29.232  35.434 1.0000000000
5973  -63.580  -28.744  32.941 1.0000000000
5974  -63.860  -30.164  31.788 1.0000000000
8717  -60.074  -28.709  37.415 1.0000000000
8719  -58.297  -28.106  35.889 1.0000000000
8720  -60.227  -27.949  35.154 1.0000000000
8721  -60.267  -27.092  33.140 1.0000000000
8722  -60.062  -26.026  31.468 1.0000000000
10358  -62.301  -26.824  29.228 1.0000000000
11392  -61.869  -28.771  37.641 1.0000000000
11393  -62.477  -29.222  38.606 1.0000000000
11394  -62.628  -28.945  37.262 1.0000000000
13792  -62.058  -27.720  32.889 1.0000000000
13793  -62.896  -28.269  33.503 1.0000000000
13794  -62.912  -28.027  32.354 1.0000000000
13795  -63.995  -28.700  29.822 1.0000000000
13796  -64.026  -29.119  31.091 1.0000000000
13797  -63.975  -29.850  30.511 1.0000000000
13798  -63.222  -30.761  31.341 1.0000000000
13799  -63.412  -30.461  30.026 1.0000000000
16905  -63.576  -29.958  34.937 1.0000000000
16906  -63.270  -30.210  36.216 1.0000000000
16907  -62.943  -30.904  35.614 1.0000000000
19246  -59.919  -29.092  38.591 1.0000000000
19247  -59.055  -28.956  37.704 1.0000000000
19253  -58.411  -27.499  35.028 1.0000000000
19254  -59.292  -27.996  35.562 1.0000000000
19255  -59.322  -27.506  34.611 1.0000000000
19256  -60.270  -27.520  34.113 1.0000000000
19257  -59.369  -26.994  33.670 1.0000000000
19259  -59.239  -25.840  32.085 1.0000000000
23251  -61.869  -26.948  30.902 1.0000000000
23252  -62.815  -27.688  31.272 1.0000000000
23253  -62.621  -27.263  30.183 1.0000000000
23254  -63.312  -27.725  29.476 1.0000000000
23255  -63.858  -28.305  28.721 1.0000000000
25114  -61.510  -29.351  40.290 1.0000000000
25115  -61.811  -29.943  41.283 1.0000000000
25116  -62.196  -29.536  39.958 1.0000000000
25117  -62.601  -30.057  39.458 1.0000000000
25119  -62.663  -31.225  33.759 1.0000000000
25120  -62.307  -31.486  34.942 1.0000000000
25121  -61.446  -31.859  34.364 1.0000000000
26531  -58.497  -26.287  33.386 1.0000000000
29293  -62.054  -28.223  35.195 1.0000000000
29294  -62.756  -28.734  35.964 1.0000000000
29295  -62.845  -28.473  34.727 1.0000000000
29296  -63.549  -28.967  34.214 1.0000000000
29297  -63.869  -29.677  33.622 1.0000000000
29298  -63.567  -28.482  31.710 1.0000000000
29299  -63.982  -29.411  32.336 1.0000000000
29300  -63.640  -30.415  33.060 1.0000000000
29301  -63.005  -31.023  32.557 1.0000000000
33510  -63.201  -29.474  36.766 1.0000000000
33511  -62.948  -30.460  37.522 1.0000000000
36399  -60.810  -29.158  39.487 1.0000000000
36400  -60.975  -28.871  38.176 1.0000000000
36401  -61.049  -28.542  36.957 1.0000000000
36407  -58.180  -28.671  36.875 1.0000000000
36408  -59.173  -28.495  36.598 1.0000000000
36409  -60.165  -28.317  36.214 1.0000000000
36410  -61.121  -28.234  35.759 1.0000000000
36411  -61.222  -27.894  34.636 1.0000000000
36412  -61.202  -27.579  33.568 1.0000000000
36413  -61.141  -27.204  32.532 1.0000000000
36414  -59.342  -26.476  32.814 1.0000000000
36415  -60.193  -26.612  32.251 1.0000000000
36416  -61.084  -26.770  31.636 1.0000000000
36417  -60.828  -26.210  30.773 1.0000000000
38369  -63.541  -27.802  27.491 1.0000000000
38370  -63.954  -28.957  27.800 1.0000000000
42112  -61.940  -28.636  36.989 1.0000000000
42113  -62.283  -28.822  37.481 1.0000000000
42114  -62.365  -28.683  36.833 1.0000000000
44512  -62.076  -27.547  32.368 1.0000000000
44513  -62.519  -27.854  32.635 1.0000000000
44514  -62.513  -27.699  32.088 1.0000000000
44515  -64.069  -29.105  29.531 1.0000000000
44516  -64.078  -29.277  30.121 1.0000000000
44517  -63.998  -29.671  29.865 1.0000000000
44518  -63.771  -30.233  30.254 1.0000000000
44519  -63.809  -30.018  29.612 1.0000000000
47625  -63.526  -30.354  34.635 1.0000000000
47626  -63.349  -30.486  35.277 1.0000000000
47627  -63.135  -30.819  34.979 1.0000000000
49967  -58.542  -29.076  37.818 1.0000000000
49972  -57.988  -27.168  34.786 1.0000000000
49973  -58.420  -27.188  34.589 1.0000000000
49974  -58.860  -27.500  34.840 1.0000000000
49975  -58.886  -27.222  34.377 1.0000000000
49976  -59.352  -27.232  34.120 1.0000000000
49977  -58.905  -26.942  33.946 1.0000000000
54112  -61.734  -26.700  30.419 1.0000000000
54113  -62.266  -27.085  30.544 1.0000000000
54114  -62.101  -26.851  30.056 1.0000000000
54115  -62.662  -27.039  28.864 1.0000000000
54116  -62.851  -27.265  29.332 1.0000000000
54117  -63.163  -27.483  28.958 1.0000000000
54118  -63.589  -27.977  29.099 1.0000000000
54119  -63.461  -27.755  28.571 1.0000000000
57217  -61.632  -29.193  39.599 1.0000000000
57218  -61.863  -29.421  40.141 1.0000000000
57219  -62.014  -29.249  39.452 1.0000000000
57220  -62.754  -29.449  38.352 1.0000000000
57221  -62.607  -29.603  39.049 1.0000000000
57222  -62.794  -29.890  38.767 1.0000000000
57225  -62.196  -31.428  33.479 1.0000000000
57226  -62.056  -31.553  34.065 1.0000000000
57227  -61.585  -31.753  33.787 1.0000000000
64417  -62.087  -28.108  34.586 1.0000000000
64418  -62.454  -28.327  34.966 1.0000000000
64419  -62.503  -28.234  34.341 1.0000000000
64420  -63.256  -28.486  33.238 1.0000000000
64421  -63.252  -28.598  33.847 1.0000000000
64422  -63.573  -28.867  33.574 1.0000000000
64423  -63.747  -29.313  33.930 1.0000000000
64424  -63.803  -29.195  33.271 1.0000000000
64425  -63.159  -27.887  30.921 1.0000000000
64426  -63.198  -28.073  31.470 1.0000000000
64427  -63.519  -28.329  31.101 1.0000000000
64428  -64.051  -29.651  31.423 1.0000000000
64429  -64.015  -29.277  31.714 1.0000000000
64430  -64.000  -29.793  32.056 1.0000000000
64431  -63.925  -29.929  32.691 1.0000000000
64432  -63.752  -30.287  32.426 1.0000000000
64433  -63.365  -30.740  32.799 1.0000000000
64434  -63.501  -30.621  32.172 1.0000000000
64435  -62.764  -30.985  31.087 1.0000000000
64436  -62.670  -31.109  31.709 1.0000000000
73740  -62.043  -30.134  41.060 1.0000000000
73741  -61.842  -30.351  41.699 1.0000000000
73755  -63.066  -28.965  35.698 1.0000000000
73756  -63.013  -29.086  36.364 1.0000000000
73757  -63.281  -29.364  36.086 1.0000000000
73758  -62.995  -30.692  36.576 1.0000000000
73759  -63.114  -30.331  36.886 1.0000000000
73760  -62.803  -30.827  37.220 1.0000000000
73761  -62.619  -30.956  37.835 1.0000000000
73763  -61.676  -31.752  35.277 1.0000000000
73764  -62.058  -31.576  35.555 1.0000000000
80773  -60.004  -28.902  37.994 1.0000000000
80774  -60.466  -28.955  38.414 1.0000000000
80775  -60.537  -28.789  37.799 1.0000000000
80776  -61.028  -28.704  37.563 1.0000000000
80777  -60.576  -28.618  37.192 1.0000000000
80793  -58.246  -28.400  36.358 1.0000000000
80794  -58.683  -28.592  36.764 1.0000000000
80795  -58.732  -28.333  36.219 1.0000000000
80796  -59.751  -27.981  35.349 1.0000000000
80797  -59.705  -28.192  35.886 1.0000000000
80798  -60.193  -28.137  35.678 1.0000000000
80799  -60.643  -28.271  36.016 1.0000000000
80800  -60.676  -28.104  35.464 1.0000000000
80801  -61.166  -28.058  35.172 1.0000000000
80802  -60.720  -27.924  34.915 1.0000000000
80803  -60.275  -27.306  33.616 1.0000000000
80804  -60.749  -27.528  33.845 1.0000000000
80805  -60.720  -27.331  33.322 1.0000000000
80806  -61.175  -27.396  33.047 1.0000000000
80807  -60.690  -27.127  32.835 1.0000000000
80808  -58.487  -25.973  33.018 1.0000000000
80809  -58.929  -26.380  33.089 1.0000000000
80810  -58.900  -26.084  32.722 1.0000000000
80811  -59.656  -25.926  31.767 1.0000000000
80812  -59.713  -26.260  32.146 1.0000000000
80813  -60.131  -26.342  31.836 1.0000000000
80814  -60.617  -26.694  31.960 1.0000000000
80815  -60.553  -26.418  31.541 1.0000000000
80816  -60.971  -26.478  31.206 1.0000000000
80817  -60.457  -26.099  31.141 1.0000000000
85685  -63.657  -28.092  27.018 1.0000000000
85686  -63.820  -28.368  27.614 1.0000000000
92372  -61.938  -26.618  29.584 1.0000000000
92373  -61.732  -26.396  29.195 1.0000000000
92374  -62.097  -26.616  28.820 1.0000000000
92375  -62.464  -26.819  28.442 1.0000000000
94234  -61.791  -28.926  38.289 1.0000000000
94235  -62.103  -29.121  38.795 1.0000000000
94236  -62.190  -28.972  38.134 1.0000000000
94237  -62.545  -29.089  37.907 1.0000000000
94238  -62.848  -29.305  37.683 1.0000000000
94239  -61.256  -31.825  32.980 1.0000000000
94240  -61.102  -31.968  33.521 1.0000000000
98554  -62.067  -27.859  33.444 1.0000000000
98555  -62.518  -28.109  33.756 1.0000000000
98556  -62.513  -27.973  33.197 1.0000000000
98557  -62.922  -28.154  32.928 1.0000000000
98558  -63.305  -28.365  32.639 1.0000000000
98559  -63.753  -28.375  30.174 1.0000000000
98560  -63.789  -28.595  30.768 1.0000000000
98561  -64.019  -28.894  30.430 1.0000000000
98562  -64.074  -29.486  30.788 1.0000000000
98563  -63.933  -30.008  31.166 1.0000000000
98564  -63.614  -30.492  31.551 1.0000000000
98565  -63.706  -30.346  30.926 1.0000000000
98566  -63.320  -30.623  30.695 1.0000000000
104157  -63.520  -29.581  35.200 1.0000000000
104158  -63.390  -29.720  35.810 1.0000000000
104159  -63.418  -30.088  35.548 1.0000000000
104160  -63.172  -30.581  35.919 1.0000000000
104161  -62.750  -31.008  36.230 1.0000000000
108369  -59.432  -29.200  38.759 1.0000000000
108370  -59.506  -29.033  38.130 1.0000000000
108371  -59.540  -28.832  37.570 1.0000000000
108380  -57.953  -27.484  35.192 1.0000000000
108381  -58.352  -27.796  35.451 1.0000000000
108382  -58.789  -28.042  35.733 1.0000000000
108383  -58.866  -27.762  35.282 1.0000000000
108384  -59.310  -27.758  35.089 1.0000000000
108385  -59.771  -27.755  34.852 1.0000000000
108386  -60.253  -27.737  34.626 1.0000000000
108387  -59.787  -27.508  34.351 1.0000000000
108388  -59.811  -27.282  33.877 1.0000000000
108389  -59.823  -27.056  33.419 1.0000000000
108391  -58.860  -25.763  32.398 1.0000000000
108395  -59.963  -25.697  31.121 1.0000000000
115693  -61.984  -27.167  31.377 1.0000000000
115694  -62.449  -27.511  31.591 1.0000000000
115695  -62.379  -27.306  31.061 1.0000000000
115696  -62.772  -27.483  30.716 1.0000000000
115697  -63.092  -27.692  30.384 1.0000000000
115698  -62.472  -27.042  29.685 1.0000000000
115699  -62.978  -27.495  29.826 1.0000000000
115700  -63.415  -27.932  30.009 1.0000000000
115701  -63.719  -28.224  29.647 1.0000000000
115702  -63.944  -28.516  29.261 1.0000000000
115703  -64.021  -28.895  28.928 1.0000000000
120040  -61.366  -29.513  40.984 1.0000000000
120042  -61.701  -29.606  40.821 1.0000000000
120043  -62.010  -29.736  40.657 1.0000000000
120045  -62.359  -29.357  39.282 1.0000000000
120046  -62.446  -29.753  39.734 1.0000000000
120047  -62.395  -30.233  40.119 1.0000000000
120048  -62.471  -30.568  39.798 1.0000000000
120051  -63.017  -30.986  34.054 1.0000000000
120052  -62.844  -31.108  34.669 1.0000000000
120053  -62.495  -31.357  34.358 1.0000000000
120054  -61.875  -31.664  34.675 1.0000000000
120055  -61.269  -31.958  34.965 1.0000000000
120056  -60.994  -32.060  34.072 1.0000000000
123341  -58.470  -26.603  33.799 1.0000000000
123342  -58.065  -26.230  33.667 1.0000000000
123347  -58.093  -25.182  32.702 1.0000000000
129979  -62.021  -28.359  35.798 1.0000000000
129980  -62.422  -28.554  36.202 1.0000000000
129981  -62.439  -28.423  35.597 1.0000000000
129982  -62.799  -28.596  35.339 1.0000000000
129983  -63.146  -28.795  35.094 1.0000000000
129984  -62.910  -28.399  34.086 1.0000000000
129985  -63.218  -28.687  34.471 1.0000000000
129986  -63.474  -29.077  34.839 1.0000000000
129987  -63.647  -29.440  34.578 1.0000000000
129988  -63.743  -29.814  34.296 1.0000000000
129989  -63.699  -30.195  33.997 1.0000000000
129990  -62.869  -27.876  31.799 1.0000000000
129991  -63.236  -28.229  32.041 1.0000000000
129992  -63.579  -28.612  32.323 1.0000000000
129993  -63.820  -28.784  31.393 1.0000000000
129994  -63.830  -28.927  32.015 1.0000000000
129995  -63.810  -29.059  32.633 1.0000000000
129996  -63.942  -29.541  32.966 1.0000000000
129997  -63.858  -30.046  33.332 1.0000000000
129998  -63.489  -30.547  33.707 1.0000000000
129999  -63.208  -30.864  33.423 1.0000000000
130000  -62.832  -31.118  33.160 1.0000000000
130001  -62.399  -31.323  32.907 1.0000000000
130002  -63.130  -30.887  31.950 1.0000000000
141666  -62.700  -28.851  36.612 1.0000000000
141667  -62.934  -29.186  37.020 1.0000000000
141668  -63.075  -29.594  37.433 1.0000000000
141669  -63.294  -29.839  36.508 1.0000000000
141670  -63.154  -29.956  37.157 1.0000000000
141671  -63.032  -30.083  37.804 1.0000000000
141675  -62.644  -31.213  35.283 1.0000000000
141676  -62.430  -31.301  35.897 1.0000000000
150166  -61.211  -29.243  39.923 1.0000000000
150167  -61.271  -29.079  39.196 1.0000000000
150168  -60.387  -29.105  39.053 1.0000000000
150169  -60.896  -29.001  38.819 1.0000000000
150170  -61.349  -28.943  38.548 1.0000000000
150171  -61.428  -28.796  37.917 1.0000000000
150172  -61.487  -28.650  37.288 1.0000000000
150173  -61.524  -28.511  36.667 1.0000000000
150190  -57.712  -28.710  37.014 1.0000000000
150191  -58.119  -28.922  37.407 1.0000000000
150192  -58.613  -28.843  37.289 1.0000000000
150193  -59.106  -28.731  37.173 1.0000000000
150194  -59.615  -28.616  37.011 1.0000000000
150195  -59.223  -28.248  36.069 1.0000000000
150196  -59.668  -28.399  36.448 1.0000000000
150197  -60.124  -28.518  36.810 1.0000000000
150198  -60.608  -28.431  36.567 1.0000000000
150199  -61.075  -28.389  36.355 1.0000000000
150200  -61.564  -28.367  36.074 1.0000000000
150201  -61.602  -28.202  35.498 1.0000000000
150202  -61.645  -28.056  34.906 1.0000000000
150203  -61.661  -27.932  34.343 1.0000000000
150204  -60.749  -27.728  34.366 1.0000000000
150205  -61.216  -27.755  34.089 1.0000000000
150206  -61.650  -27.799  33.795 1.0000000000
150207  -61.634  -27.640  33.254 1.0000000000
150208  -61.608  -27.476  32.705 1.0000000000
150209  -61.602  -27.274  32.186 1.0000000000
150210  -58.922  -26.661  33.515 1.0000000000
150211  -59.373  -26.754  33.216 1.0000000000
150212  -59.808  -26.809  32.975 1.0000000000
150213  -59.284  -26.189  32.431 1.0000000000
150214  -59.764  -26.540  32.546 1.0000000000
150215  -60.233  -26.856  32.682 1.0000000000
150216  -60.662  -26.923  32.384 1.0000000000
150217  -61.118  -26.999  32.050 1.0000000000
150218  -61.571  -27.072  31.735 1.0000000000
150219  -61.480  -26.832  31.285 1.0000000000
150220  -61.350  -26.586  30.827 1.0000000000
150221  -61.200  -26.344  30.371 1.0000000000
150222  -60.315  -25.786  30.759 1.0000000000
150223  -60.686  -25.928  30.373 1.0000000000
156068  -63.091  -27.289  27.474 1.0000000000
156069  -63.298  -27.524  27.991 1.0000000000
156070  -63.703  -28.060  28.103 1.0000000000
156071  -63.936  -28.630  28.259 1.0000000000
156072  -63.998  -29.210  28.473 1.0000000000
156080  -63.905  -29.528  28.062 1.0000000000
156081  -63.868  -29.760  28.808 1.0000000000
156083  -62.972  -30.660  29.691 1.0000000000
