#!ascii label  , from subject 40tvs8ref_sym_20 vox2ras=TkReg
219
313  -12.406  -63.433  24.482 1.0000000000
1301  -13.598  -60.177  22.171 1.0000000000
2394  -5.954  -64.175  19.953 1.0000000000
2395  -6.864  -61.535  16.702 1.0000000000
5340  -8.573  -65.372  23.931 1.0000000000
5341  -5.391  -65.653  21.446 1.0000000000
5342  -9.211  -63.731  22.670 1.0000000000
5344  -10.168  -60.716  20.011 1.0000000000
5345  -10.240  -59.329  18.578 1.0000000000
6949  -13.100  -61.861  23.382 1.0000000000
9741  -9.892  -62.190  21.349 1.0000000000
9742  -6.530  -62.796  18.318 1.0000000000
13020  -10.513  -64.418  24.262 1.0000000000
13021  -8.929  -64.549  23.296 1.0000000000
13022  -10.860  -63.594  23.665 1.0000000000
13024  -11.974  -58.931  19.862 1.0000000000
13025  -11.979  -58.245  19.163 1.0000000000
21783  -5.694  -64.889  20.705 1.0000000000
21784  -4.055  -65.171  20.432 1.0000000000
21785  -4.259  -64.602  19.507 1.0000000000
21787  -4.518  -64.020  18.617 1.0000000000
21788  -13.408  -60.993  22.803 1.0000000000
21789  -11.479  -62.008  22.471 1.0000000000
21790  -11.731  -61.217  21.807 1.0000000000
21791  -8.466  -61.106  18.458 1.0000000000
21792  -8.366  -61.741  19.240 1.0000000000
21793  -6.712  -62.168  17.505 1.0000000000
21794  -4.944  -62.849  16.790 1.0000000000
21795  -5.176  -62.198  15.968 1.0000000000
28044  -6.672  -66.339  23.453 1.0000000000
28045  -5.065  -66.361  22.217 1.0000000000
28046  -6.976  -65.547  22.763 1.0000000000
28047  -7.307  -64.704  22.118 1.0000000000
28048  -7.651  -63.906  21.481 1.0000000000
28049  -13.779  -59.407  21.545 1.0000000000
28050  -11.919  -60.408  21.157 1.0000000000
28051  -11.991  -59.655  20.578 1.0000000000
28052  -10.190  -60.043  19.300 1.0000000000
28053  -8.548  -60.473  17.710 1.0000000000
31572  -14.386  -62.578  24.613 1.0000000000
31573  -12.820  -62.635  23.903 1.0000000000
31574  -14.732  -61.805  24.042 1.0000000000
31575  -15.089  -60.957  23.524 1.0000000000
31576  -15.396  -60.111  22.961 1.0000000000
33906  -8.226  -66.131  24.492 1.0000000000
33907  -10.124  -65.170  24.819 1.0000000000
39453  -3.830  -65.700  21.335 1.0000000000
39459  -11.157  -62.810  23.102 1.0000000000
39460  -9.558  -62.926  22.050 1.0000000000
39461  -7.915  -63.163  20.755 1.0000000000
39462  -10.062  -61.449  20.700 1.0000000000
39463  -8.198  -62.417  20.017 1.0000000000
39464  -6.225  -63.489  19.106 1.0000000000
39465  -4.741  -63.461  17.723 1.0000000000
43740  -11.466  -63.912  24.391 1.0000000000
43741  -10.677  -64.003  23.957 1.0000000000
43742  -11.666  -63.513  24.100 1.0000000000
43746  -11.937  -57.924  18.770 1.0000000000
52503  -5.827  -64.516  20.337 1.0000000000
52504  -4.896  -64.872  20.016 1.0000000000
52505  -5.020  -64.554  19.595 1.0000000000
52506  -4.320  -64.394  18.987 1.0000000000
52507  -5.167  -64.210  19.199 1.0000000000
52508  -13.492  -60.573  22.504 1.0000000000
52509  -12.577  -61.085  22.327 1.0000000000
52510  -12.675  -60.687  21.998 1.0000000000
52511  -7.657  -61.333  17.592 1.0000000000
52512  -7.580  -61.640  17.961 1.0000000000
52513  -6.808  -61.851  17.112 1.0000000000
52514  -5.932  -62.281  16.671 1.0000000000
52515  -6.032  -61.941  16.271 1.0000000000
52516  -5.300  -61.807  15.592 1.0000000000
62100  -7.617  -65.856  23.714 1.0000000000
62101  -6.798  -65.955  23.115 1.0000000000
62102  -7.762  -65.464  23.379 1.0000000000
62103  -9.063  -64.131  22.969 1.0000000000
62104  -8.111  -64.633  22.736 1.0000000000
62105  -8.252  -64.210  22.436 1.0000000000
62106  -7.476  -64.290  21.834 1.0000000000
62107  -8.432  -63.807  22.116 1.0000000000
62108  -13.867  -59.052  21.230 1.0000000000
62109  -12.917  -59.521  21.083 1.0000000000
62111  -11.095  -59.106  19.286 1.0000000000
62112  -11.056  -59.486  19.628 1.0000000000
62113  -10.222  -59.679  18.956 1.0000000000
62114  -9.366  -60.252  18.547 1.0000000000
62115  -9.390  -59.914  18.185 1.0000000000
62116  -8.575  -60.133  17.338 1.0000000000
69300  -15.378  -62.215  24.607 1.0000000000
69301  -14.567  -62.209  24.322 1.0000000000
69302  -15.558  -61.842  24.323 1.0000000000
69306  -15.224  -60.550  23.246 1.0000000000
69307  -16.276  -60.217  23.246 1.0000000000
74696  -9.902  -65.523  25.106 1.0000000000
74698  -11.103  -64.671  24.973 1.0000000000
88388  -5.242  -65.991  21.844 1.0000000000
88389  -4.364  -66.128  21.709 1.0000000000
88390  -4.544  -65.784  21.317 1.0000000000
88403  -12.952  -62.258  23.644 1.0000000000
88404  -11.987  -62.729  23.532 1.0000000000
88405  -12.131  -62.339  23.258 1.0000000000
88406  -10.652  -62.106  21.929 1.0000000000
88407  -10.511  -62.473  22.279 1.0000000000
88408  -9.720  -62.549  21.702 1.0000000000
88409  -8.733  -63.018  21.443 1.0000000000
88410  -8.892  -62.657  21.081 1.0000000000
88411  -11.043  -60.540  20.630 1.0000000000
88412  -10.999  -60.927  20.945 1.0000000000
88413  -10.134  -61.067  20.358 1.0000000000
88414  -7.460  -62.254  18.808 1.0000000000
88415  -8.289  -62.082  19.633 1.0000000000
88416  -7.359  -62.590  19.195 1.0000000000
88417  -7.201  -62.959  19.568 1.0000000000
88418  -6.385  -63.130  18.723 1.0000000000
88419  -5.443  -63.578  18.343 1.0000000000
88420  -5.580  -63.273  17.906 1.0000000000
88422  -4.350  -62.632  16.920 1.0000000000
97164  -9.549  -64.890  24.104 1.0000000000
97165  -8.775  -64.953  23.613 1.0000000000
97166  -9.723  -64.473  23.799 1.0000000000
97167  -9.847  -64.071  23.484 1.0000000000
97168  -10.032  -63.659  23.182 1.0000000000
97170  -12.935  -58.793  20.377 1.0000000000
97172  -11.984  -58.582  19.516 1.0000000000
97173  -11.095  -58.755  18.943 1.0000000000
97174  -10.228  -58.971  18.224 1.0000000000
112937  -5.551  -65.238  21.066 1.0000000000
112938  -4.658  -65.508  20.860 1.0000000000
112939  -4.792  -65.183  20.434 1.0000000000
112940  -4.140  -64.920  19.938 1.0000000000
112941  -3.719  -64.347  19.677 1.0000000000
112944  -3.901  -63.828  18.688 1.0000000000
112945  -4.054  -63.531  18.290 1.0000000000
112946  -13.257  -61.430  23.105 1.0000000000
112947  -12.294  -61.931  22.952 1.0000000000
112948  -12.472  -61.481  22.659 1.0000000000
112949  -11.607  -61.612  22.142 1.0000000000
112950  -10.804  -61.714  21.594 1.0000000000
112951  -9.302  -60.895  19.270 1.0000000000
112952  -9.263  -61.229  19.656 1.0000000000
112953  -8.416  -61.406  18.845 1.0000000000
112954  -7.536  -61.950  18.387 1.0000000000
112955  -6.632  -62.496  17.914 1.0000000000
112956  -5.707  -62.938  17.473 1.0000000000
112957  -5.813  -62.606  17.069 1.0000000000
112958  -5.101  -62.462  16.428 1.0000000000
112959  -4.547  -62.023  16.038 1.0000000000
126876  -5.682  -66.774  23.165 1.0000000000
126877  -4.895  -66.671  22.596 1.0000000000
126878  -5.868  -66.401  22.825 1.0000000000
126879  -6.035  -66.005  22.461 1.0000000000
126880  -6.207  -65.612  22.106 1.0000000000
126881  -7.969  -65.049  23.080 1.0000000000
126882  -7.163  -65.128  22.446 1.0000000000
126883  -6.337  -65.198  21.753 1.0000000000
126884  -6.503  -64.782  21.438 1.0000000000
126885  -6.675  -64.398  21.122 1.0000000000
126886  -6.826  -64.046  20.765 1.0000000000
126887  -13.693  -59.767  21.865 1.0000000000
126888  -12.769  -60.277  21.682 1.0000000000
126889  -12.849  -59.883  21.369 1.0000000000
126890  -11.961  -60.024  20.847 1.0000000000
126891  -11.064  -60.193  20.289 1.0000000000
126892  -11.987  -59.304  20.222 1.0000000000
126893  -11.054  -59.845  19.983 1.0000000000
126894  -10.185  -60.386  19.657 1.0000000000
126895  -9.334  -60.571  18.916 1.0000000000
126896  -8.527  -60.799  18.112 1.0000000000
126897  -7.703  -61.034  17.188 1.0000000000
126899  -7.754  -60.684  16.818 1.0000000000
136164  -13.392  -62.980  24.553 1.0000000000
136165  -12.617  -63.038  24.190 1.0000000000
136166  -13.587  -62.615  24.283 1.0000000000
136167  -13.772  -62.212  23.998 1.0000000000
136168  -13.912  -61.804  23.763 1.0000000000
136170  -14.918  -61.394  23.771 1.0000000000
136171  -14.089  -61.380  23.476 1.0000000000
136172  -14.231  -60.956  23.205 1.0000000000
136173  -14.361  -60.513  22.916 1.0000000000
136174  -14.473  -60.111  22.601 1.0000000000
136181  -16.442  -59.794  22.960 1.0000000000
136182  -15.524  -59.687  22.657 1.0000000000
136184  -14.676  -59.347  21.957 1.0000000000
136185  -14.759  -58.994  21.632 1.0000000000
142813  -7.450  -66.235  24.018 1.0000000000
142814  -8.386  -65.761  24.217 1.0000000000
142816  -9.153  -65.655  24.680 1.0000000000
142817  -9.340  -65.291  24.416 1.0000000000
142818  -10.327  -64.797  24.550 1.0000000000
142820  -12.203  -63.807  24.783 1.0000000000
142847  -13.217  -63.334  24.846 1.0000000000
142848  -14.228  -62.892  24.886 1.0000000000
142849  -15.193  -62.541  24.866 1.0000000000
159315  -4.249  -66.370  22.147 1.0000000000
159317  -3.580  -65.063  21.787 1.0000000000
159318  -3.997  -65.371  20.944 1.0000000000
159319  -3.567  -64.944  21.263 1.0000000000
159333  -11.851  -63.106  23.807 1.0000000000
159334  -11.030  -63.191  23.375 1.0000000000
159335  -10.176  -63.259  22.898 1.0000000000
159336  -11.335  -62.405  22.810 1.0000000000
159337  -10.363  -62.865  22.607 1.0000000000
159338  -9.388  -63.323  22.378 1.0000000000
159339  -8.600  -63.413  21.776 1.0000000000
159340  -7.794  -63.541  21.118 1.0000000000
159341  -6.951  -63.689  20.374 1.0000000000
159342  -11.843  -60.808  21.473 1.0000000000
159343  -10.903  -61.327  21.263 1.0000000000
159344  -9.974  -61.822  21.023 1.0000000000
159345  -9.205  -61.584  20.020 1.0000000000
159346  -9.132  -61.941  20.380 1.0000000000
159347  -9.043  -62.276  20.780 1.0000000000
159348  -8.046  -62.796  20.374 1.0000000000
159349  -7.041  -63.331  19.944 1.0000000000
159350  -6.083  -63.832  19.544 1.0000000000
159351  -5.306  -63.929  18.748 1.0000000000
159352  -4.617  -63.792  18.143 1.0000000000
159353  -4.124  -63.262  17.822 1.0000000000
159354  -4.850  -63.135  17.264 1.0000000000
