#!ascii label  , from subject 40tvs8ref_sym_20 vox2ras=TkReg
375
27  -33.135  -32.807  21.186 1.0000000000
749  -35.390  -34.535  15.246 1.0000000000
751  -32.334  -31.481  16.975 1.0000000000
760  -37.047  -32.078  23.292 1.0000000000
762  -36.219  -36.691  17.916 1.0000000000
1883  -35.772  -28.148  22.645 1.0000000000
1884  -32.541  -27.375  21.053 1.0000000000
2669  -33.870  -34.020  18.374 1.0000000000
2670  -34.199  -32.841  16.635 1.0000000000
2671  -32.355  -32.307  19.133 1.0000000000
2680  -34.831  -32.638  22.765 1.0000000000
2681  -35.904  -34.852  21.351 1.0000000000
2682  -34.526  -34.893  19.740 1.0000000000
2683  -35.507  -35.849  16.511 1.0000000000
4973  -31.218  -27.050  19.492 1.0000000000
5959  -36.350  -32.878  13.965 1.0000000000
5960  -35.127  -31.458  15.295 1.0000000000
5961  -32.742  -30.621  14.886 1.0000000000
5978  -37.884  -34.157  21.993 1.0000000000
8267  -33.906  -30.580  22.816 1.0000000000
8268  -32.235  -30.213  21.588 1.0000000000
8269  -34.041  -27.956  22.007 1.0000000000
8323  -36.211  -30.160  23.539 1.0000000000
9296  -30.965  -29.953  19.585 1.0000000000
9297  -30.475  -29.415  17.163 1.0000000000
10349  -33.355  -33.520  19.892 1.0000000000
10350  -33.180  -33.131  18.836 1.0000000000
10351  -32.645  -32.570  20.189 1.0000000000
10360  -33.882  -32.791  22.075 1.0000000000
10361  -34.477  -33.931  21.458 1.0000000000
10362  -33.798  -33.877  20.599 1.0000000000
10363  -34.096  -34.487  19.094 1.0000000000
13769  -36.397  -34.548  13.732 1.0000000000
13770  -36.806  -33.673  13.129 1.0000000000
13771  -35.772  -33.744  14.523 1.0000000000
13772  -33.381  -32.119  16.977 1.0000000000
13773  -34.612  -32.169  15.913 1.0000000000
13774  -33.689  -31.576  16.056 1.0000000000
13775  -34.015  -31.008  15.244 1.0000000000
13776  -32.503  -31.051  15.952 1.0000000000
13802  -37.442  -33.127  22.740 1.0000000000
13803  -35.869  -35.905  19.749 1.0000000000
13804  -36.563  -35.787  20.512 1.0000000000
13805  -36.693  -36.771  18.917 1.0000000000
13810  -35.356  -35.221  15.849 1.0000000000
13811  -36.335  -36.024  14.987 1.0000000000
13812  -36.297  -35.312  14.282 1.0000000000
18179  -34.769  -29.340  22.951 1.0000000000
18180  -33.856  -29.247  22.502 1.0000000000
18181  -34.880  -28.092  22.358 1.0000000000
18312  -35.908  -29.135  23.242 1.0000000000
18313  -35.038  -30.407  23.300 1.0000000000
20677  -32.292  -28.834  21.355 1.0000000000
20678  -31.534  -30.113  20.641 1.0000000000
20679  -31.540  -28.726  20.515 1.0000000000
20681  -30.539  -28.291  18.433 1.0000000000
23237  -34.552  -34.350  16.824 1.0000000000
23238  -34.780  -33.658  16.005 1.0000000000
23239  -33.954  -33.472  17.419 1.0000000000
23240  -33.186  -32.659  17.869 1.0000000000
23241  -32.271  -31.907  18.074 1.0000000000
23256  -35.913  -32.385  23.161 1.0000000000
23257  -36.350  -33.526  22.562 1.0000000000
23258  -35.313  -33.788  22.137 1.0000000000
23259  -35.107  -34.939  20.674 1.0000000000
23260  -35.311  -35.825  18.806 1.0000000000
23261  -35.813  -36.338  17.219 1.0000000000
23262  -34.894  -35.464  18.152 1.0000000000
23263  -34.630  -34.952  17.474 1.0000000000
27383  -31.847  -27.232  20.379 1.0000000000
29264  -37.431  -32.766  12.649 1.0000000000
29265  -37.018  -32.058  13.606 1.0000000000
29266  -35.301  -32.901  15.284 1.0000000000
29267  -35.850  -32.121  14.809 1.0000000000
29268  -36.439  -31.357  14.401 1.0000000000
29269  -35.559  -30.771  14.662 1.0000000000
29270  -34.379  -30.452  14.381 1.0000000000
29309  -36.841  -34.561  21.791 1.0000000000
29310  -37.431  -35.504  21.059 1.0000000000
29319  -36.525  -36.608  15.697 1.0000000000
35099  -33.311  -31.753  22.221 1.0000000000
35100  -32.549  -31.568  21.580 1.0000000000
35101  -33.001  -30.461  22.264 1.0000000000
35102  -33.047  -29.065  21.976 1.0000000000
35103  -33.275  -27.728  21.566 1.0000000000
35261  -36.642  -31.106  23.544 1.0000000000
35262  -35.408  -31.399  23.390 1.0000000000
35263  -34.335  -31.624  22.915 1.0000000000
38126  -31.915  -31.438  20.567 1.0000000000
38127  -31.474  -31.217  19.427 1.0000000000
38128  -31.252  -30.941  18.246 1.0000000000
38129  -30.931  -28.549  19.532 1.0000000000
38130  -30.604  -29.711  18.414 1.0000000000
38131  -31.133  -30.617  17.083 1.0000000000
38132  -31.228  -30.282  15.888 1.0000000000
41069  -33.208  -33.173  20.559 1.0000000000
41070  -33.004  -33.042  20.062 1.0000000000
41071  -32.852  -32.683  20.716 1.0000000000
41080  -33.487  -32.797  21.649 1.0000000000
41081  -33.791  -33.370  21.373 1.0000000000
41082  -33.461  -33.344  20.914 1.0000000000
41083  -33.569  -33.705  20.235 1.0000000000
44489  -35.881  -34.562  14.479 1.0000000000
44490  -36.058  -34.161  14.121 1.0000000000
44491  -35.548  -34.159  14.861 1.0000000000
44492  -32.851  -31.802  17.006 1.0000000000
44493  -33.489  -31.850  16.508 1.0000000000
44494  -32.982  -31.562  16.507 1.0000000000
44495  -33.116  -31.318  16.018 1.0000000000
44496  -32.417  -31.273  16.458 1.0000000000
44520  -37.646  -31.891  23.278 1.0000000000
44521  -37.822  -32.425  23.020 1.0000000000
44522  -37.239  -32.623  23.043 1.0000000000
44523  -36.003  -36.323  18.848 1.0000000000
44524  -36.273  -36.347  19.301 1.0000000000
44525  -36.441  -36.754  18.418 1.0000000000
44526  -36.885  -37.149  18.082 1.0000000000
44527  -36.699  -37.103  17.553 1.0000000000
44530  -35.360  -34.898  15.514 1.0000000000
44531  -35.791  -35.280  15.063 1.0000000000
44532  -35.824  -34.953  14.746 1.0000000000
44533  -36.334  -34.945  14.014 1.0000000000
48899  -35.264  -28.747  22.866 1.0000000000
48900  -34.801  -28.708  22.675 1.0000000000
48901  -35.320  -28.129  22.528 1.0000000000
49030  -36.328  -28.046  22.717 1.0000000000
49031  -36.403  -28.539  23.034 1.0000000000
49032  -35.808  -28.639  22.961 1.0000000000
49033  -35.340  -29.264  23.109 1.0000000000
51397  -32.408  -28.099  21.170 1.0000000000
51398  -31.906  -28.771  20.946 1.0000000000
51399  -32.032  -28.051  20.815 1.0000000000
54089  -34.181  -34.213  17.597 1.0000000000
54090  -34.251  -33.920  17.158 1.0000000000
54091  -33.877  -33.768  17.870 1.0000000000
54092  -32.782  -32.710  19.017 1.0000000000
54093  -33.175  -32.897  18.358 1.0000000000
54094  -32.737  -32.505  18.506 1.0000000000
54095  -32.722  -32.279  18.034 1.0000000000
54096  -32.291  -32.098  18.605 1.0000000000
54120  -35.368  -32.511  23.004 1.0000000000
54121  -35.560  -33.118  22.719 1.0000000000
54122  -35.058  -33.228  22.479 1.0000000000
54123  -34.453  -34.450  20.654 1.0000000000
54124  -34.781  -34.446  21.091 1.0000000000
54125  -34.791  -34.924  20.271 1.0000000000
54126  -35.161  -35.405  19.782 1.0000000000
54127  -34.901  -35.352  19.288 1.0000000000
54128  -35.090  -35.649  18.479 1.0000000000
54129  -34.684  -35.193  18.958 1.0000000000
54130  -33.963  -34.281  18.721 1.0000000000
54131  -34.339  -34.758  18.292 1.0000000000
54132  -34.248  -34.495  17.934 1.0000000000
54133  -34.560  -34.668  17.109 1.0000000000
64352  -36.550  -33.278  13.553 1.0000000000
64353  -37.069  -33.218  12.899 1.0000000000
64354  -36.881  -32.833  13.321 1.0000000000
64355  -37.235  -32.386  13.140 1.0000000000
64356  -36.675  -32.459  13.771 1.0000000000
64357  -34.513  -33.235  16.350 1.0000000000
64358  -35.033  -33.286  15.625 1.0000000000
64359  -34.760  -32.888  15.965 1.0000000000
64360  -34.858  -31.819  15.581 1.0000000000
64361  -35.260  -32.151  15.372 1.0000000000
64362  -35.523  -31.779  15.123 1.0000000000
64363  -36.161  -31.736  14.611 1.0000000000
64364  -35.784  -31.408  14.853 1.0000000000
64365  -36.049  -31.033  14.650 1.0000000000
64366  -35.337  -31.128  14.967 1.0000000000
64367  -33.366  -30.817  15.099 1.0000000000
64368  -34.148  -30.740  14.811 1.0000000000
64369  -33.538  -30.586  14.598 1.0000000000
64371  -32.922  -30.413  14.389 1.0000000000
64447  -38.099  -34.627  21.662 1.0000000000
64448  -36.087  -34.216  21.998 1.0000000000
64449  -36.574  -34.071  22.190 1.0000000000
64450  -36.363  -34.729  21.596 1.0000000000
64452  -36.998  -35.657  20.813 1.0000000000
64470  -35.648  -36.108  16.860 1.0000000000
64471  -36.152  -36.502  16.435 1.0000000000
64472  -36.008  -36.244  16.079 1.0000000000
64473  -36.820  -36.048  14.263 1.0000000000
64474  -36.884  -36.360  14.599 1.0000000000
77579  -33.577  -31.185  22.578 1.0000000000
77580  -33.124  -31.104  22.283 1.0000000000
77581  -33.459  -30.526  22.549 1.0000000000
77582  -33.927  -28.599  22.262 1.0000000000
77583  -33.440  -29.173  22.263 1.0000000000
77584  -33.516  -28.506  22.029 1.0000000000
77585  -33.134  -28.383  21.756 1.0000000000
77586  -33.644  -27.849  21.787 1.0000000000
77973  -36.660  -29.510  23.478 1.0000000000
77976  -37.012  -30.490  23.613 1.0000000000
77977  -36.416  -30.644  23.582 1.0000000000
77978  -36.042  -31.261  23.478 1.0000000000
77979  -35.811  -30.781  23.496 1.0000000000
77980  -34.455  -30.473  23.095 1.0000000000
77981  -34.674  -31.009  23.198 1.0000000000
77982  -34.112  -31.095  22.902 1.0000000000
77983  -33.770  -31.714  22.626 1.0000000000
85072  -32.350  -30.858  21.646 1.0000000000
85073  -32.226  -31.501  21.074 1.0000000000
85074  -32.003  -30.844  21.148 1.0000000000
85075  -31.212  -30.056  20.126 1.0000000000
85076  -31.381  -30.749  20.099 1.0000000000
85077  -31.170  -30.615  19.516 1.0000000000
85078  -31.335  -31.092  18.832 1.0000000000
85079  -31.004  -30.507  18.936 1.0000000000
85080  -31.516  -27.130  19.969 1.0000000000
85081  -31.345  -27.900  19.999 1.0000000000
85082  -31.056  -27.805  19.505 1.0000000000
85083  -30.377  -28.859  17.843 1.0000000000
85084  -30.518  -28.983  18.442 1.0000000000
85085  -30.506  -29.555  17.789 1.0000000000
85086  -30.761  -30.197  17.723 1.0000000000
85087  -30.725  -30.072  17.112 1.0000000000
85088  -31.181  -30.445  16.484 1.0000000000
85089  -30.754  -29.908  16.497 1.0000000000
92357  -33.583  -33.794  19.133 1.0000000000
92358  -33.546  -33.567  18.620 1.0000000000
92359  -33.230  -33.350  19.370 1.0000000000
92360  -32.868  -32.921  19.529 1.0000000000
92361  -32.462  -32.444  19.670 1.0000000000
92376  -34.328  -32.747  22.439 1.0000000000
92377  -34.599  -33.332  22.173 1.0000000000
92378  -34.176  -33.378  21.798 1.0000000000
92379  -34.114  -33.925  21.034 1.0000000000
92380  -34.161  -34.421  20.165 1.0000000000
92381  -34.298  -34.699  19.414 1.0000000000
92382  -33.929  -34.208  19.851 1.0000000000
92383  -33.727  -34.023  19.520 1.0000000000
98515  -36.585  -34.119  13.398 1.0000000000
98516  -36.266  -33.738  13.800 1.0000000000
98517  -36.040  -33.309  14.207 1.0000000000
98518  -33.827  -32.470  16.852 1.0000000000
98519  -34.374  -32.505  16.311 1.0000000000
98520  -33.953  -32.164  16.445 1.0000000000
98521  -34.176  -31.842  16.072 1.0000000000
98522  -34.401  -31.528  15.672 1.0000000000
98523  -34.611  -31.218  15.312 1.0000000000
98524  -33.880  -31.284  15.664 1.0000000000
98525  -33.238  -31.069  15.578 1.0000000000
98526  -32.600  -30.822  15.423 1.0000000000
98572  -37.663  -33.655  22.361 1.0000000000
98573  -35.821  -35.410  20.589 1.0000000000
98574  -36.220  -35.329  20.935 1.0000000000
98575  -36.197  -35.890  20.153 1.0000000000
98576  -36.570  -36.328  19.724 1.0000000000
98577  -36.982  -36.780  19.355 1.0000000000
98579  -37.130  -37.194  18.574 1.0000000000
98586  -35.399  -35.549  16.177 1.0000000000
98587  -35.880  -35.954  15.735 1.0000000000
98588  -35.805  -35.617  15.397 1.0000000000
98589  -36.273  -35.667  14.653 1.0000000000
106451  -34.299  -29.929  22.944 1.0000000000
106452  -33.838  -29.901  22.702 1.0000000000
106453  -34.294  -29.277  22.745 1.0000000000
106454  -34.337  -28.659  22.496 1.0000000000
106455  -34.453  -28.034  22.212 1.0000000000
106690  -36.040  -29.659  23.431 1.0000000000
106691  -35.605  -30.297  23.469 1.0000000000
106692  -35.453  -29.783  23.313 1.0000000000
106693  -34.873  -29.882  23.162 1.0000000000
110947  -32.224  -29.544  21.506 1.0000000000
110948  -31.862  -30.155  21.145 1.0000000000
110949  -31.829  -29.472  21.075 1.0000000000
110950  -31.490  -29.418  20.594 1.0000000000
110951  -31.167  -29.363  20.103 1.0000000000
110952  -30.988  -26.955  18.976 1.0000000000
110953  -30.816  -27.698  18.978 1.0000000000
110956  -30.351  -28.733  17.204 1.0000000000
115661  -34.946  -34.469  16.029 1.0000000000
115662  -35.073  -34.100  15.616 1.0000000000
115663  -34.649  -34.029  16.401 1.0000000000
115664  -34.355  -33.583  16.732 1.0000000000
115665  -34.054  -33.153  17.019 1.0000000000
115666  -33.553  -33.322  18.115 1.0000000000
115667  -33.599  -33.057  17.660 1.0000000000
115668  -33.713  -32.767  17.257 1.0000000000
115669  -33.274  -32.401  17.417 1.0000000000
115670  -32.785  -32.049  17.511 1.0000000000
115671  -32.243  -31.699  17.546 1.0000000000
115704  -36.441  -32.252  23.289 1.0000000000
115705  -36.662  -32.812  23.010 1.0000000000
115706  -36.107  -32.978  22.891 1.0000000000
115707  -35.823  -33.667  22.380 1.0000000000
115708  -35.595  -34.318  21.766 1.0000000000
115709  -34.867  -33.909  21.829 1.0000000000
115710  -35.141  -34.422  21.447 1.0000000000
115711  -35.462  -34.912  21.024 1.0000000000
115712  -35.464  -35.417  20.208 1.0000000000
115713  -35.573  -35.872  19.306 1.0000000000
115714  -35.777  -36.268  18.350 1.0000000000
115715  -36.021  -36.520  17.570 1.0000000000
115716  -35.544  -36.094  18.014 1.0000000000
115717  -35.333  -35.909  17.674 1.0000000000
115718  -35.166  -35.680  17.324 1.0000000000
115719  -34.483  -34.980  18.632 1.0000000000
115720  -34.726  -35.216  17.813 1.0000000000
115721  -35.044  -35.402  16.995 1.0000000000
115722  -34.948  -35.120  16.656 1.0000000000
115723  -34.945  -34.798  16.325 1.0000000000
125332  -32.716  -26.665  21.067 1.0000000000
125333  -32.193  -27.313  20.742 1.0000000000
129899  -37.662  -33.138  12.193 1.0000000000
129903  -37.346  -31.653  13.510 1.0000000000
129904  -35.278  -33.709  15.266 1.0000000000
129905  -35.533  -33.302  14.929 1.0000000000
129906  -35.810  -32.904  14.606 1.0000000000
129907  -34.982  -32.522  15.639 1.0000000000
129908  -35.561  -32.517  15.000 1.0000000000
129909  -36.124  -32.487  14.402 1.0000000000
129910  -36.448  -32.095  14.213 1.0000000000
129911  -36.753  -31.704  14.044 1.0000000000
129912  -37.081  -31.311  13.917 1.0000000000
129914  -36.269  -30.666  14.365 1.0000000000
129916  -34.811  -30.896  14.947 1.0000000000
129917  -34.995  -30.580  14.564 1.0000000000
130019  -36.872  -33.340  22.690 1.0000000000
130020  -37.091  -33.849  22.336 1.0000000000
130021  -37.336  -34.350  21.951 1.0000000000
130022  -36.663  -35.198  21.196 1.0000000000
130023  -37.140  -35.027  21.423 1.0000000000
130024  -37.629  -34.826  21.579 1.0000000000
130047  -36.314  -36.729  16.808 1.0000000000
130048  -36.674  -36.876  16.049 1.0000000000
130050  -36.387  -36.330  15.338 1.0000000000
146315  -33.178  -32.307  21.760 1.0000000000
146316  -32.823  -32.220  21.415 1.0000000000
146317  -32.926  -31.664  21.900 1.0000000000
146318  -32.742  -31.006  21.956 1.0000000000
146319  -32.641  -30.332  21.934 1.0000000000
146320  -33.407  -29.853  22.446 1.0000000000
146321  -33.010  -29.767  22.163 1.0000000000
146322  -32.620  -29.647  21.839 1.0000000000
146323  -32.650  -28.945  21.667 1.0000000000
146324  -32.778  -28.264  21.466 1.0000000000
146325  -32.911  -27.557  21.326 1.0000000000
146326  -35.427  -27.533  22.163 1.0000000000
146333  -33.415  -27.016  21.461 1.0000000000
146786  -37.420  -31.452  23.454 1.0000000000
146794  -37.231  -30.964  23.562 1.0000000000
146795  -36.837  -31.602  23.442 1.0000000000
146796  -36.263  -31.736  23.416 1.0000000000
146797  -35.675  -31.889  23.317 1.0000000000
146798  -35.110  -32.023  23.108 1.0000000000
146799  -35.211  -30.910  23.376 1.0000000000
146800  -34.873  -31.521  23.163 1.0000000000
146801  -34.563  -32.151  22.854 1.0000000000
146802  -34.030  -32.257  22.561 1.0000000000
146803  -33.585  -32.280  22.170 1.0000000000
155336  -32.516  -32.116  20.925 1.0000000000
155337  -32.253  -32.022  20.411 1.0000000000
155338  -32.031  -31.906  19.876 1.0000000000
155339  -31.677  -30.792  20.638 1.0000000000
155340  -31.667  -31.349  20.016 1.0000000000
155341  -31.869  -31.774  19.321 1.0000000000
155342  -31.789  -31.617  18.754 1.0000000000
155343  -31.729  -31.449  18.168 1.0000000000
155344  -31.687  -31.288  17.580 1.0000000000
155345  -31.673  -27.995  20.410 1.0000000000
155346  -31.218  -28.652  20.053 1.0000000000
155347  -30.880  -29.250  19.588 1.0000000000
155348  -30.712  -28.412  18.999 1.0000000000
155349  -30.691  -29.130  19.019 1.0000000000
155350  -30.784  -29.835  19.002 1.0000000000
155351  -30.863  -30.373  18.338 1.0000000000
155352  -31.154  -30.774  17.659 1.0000000000
155353  -31.707  -31.088  17.022 1.0000000000
155354  -31.736  -30.892  16.482 1.0000000000
155355  -31.766  -30.717  15.911 1.0000000000
155356  -31.891  -30.513  15.350 1.0000000000
155357  -30.794  -29.744  15.906 1.0000000000
155358  -31.283  -30.113  15.326 1.0000000000
155359  -32.003  -30.322  14.809 1.0000000000
