#!ascii label  , from subject 40tvs8ref_sym_20 vox2ras=TkReg
381
41  -20.470  -54.489  -7.219 1.0000000000
361  -27.218  -45.440  -6.097 1.0000000000
839  -19.325  -42.318  -10.420 1.0000000000
840  -21.480  -39.980  -11.220 1.0000000000
841  -23.863  -49.927  -6.241 1.0000000000
2527  -27.016  -54.453  -5.298 1.0000000000
2757  -19.205  -50.748  -8.430 1.0000000000
2758  -18.271  -43.987  -9.878 1.0000000000
2759  -20.797  -48.594  -8.527 1.0000000000
2760  -22.031  -46.573  -8.017 1.0000000000
2761  -22.233  -52.251  -6.918 1.0000000000
3957  -24.821  -43.020  -8.351 1.0000000000
5672  -24.667  -57.090  -6.063 1.0000000000
6116  -16.977  -38.181  -10.342 1.0000000000
6117  -17.660  -36.937  -11.295 1.0000000000
6119  -20.324  -41.052  -10.661 1.0000000000
6120  -23.313  -44.653  -7.755 1.0000000000
6121  -25.401  -47.525  -5.714 1.0000000000
10134  -21.539  -57.416  -6.434 1.0000000000
10135  -23.580  -54.984  -5.891 1.0000000000
10136  -25.615  -52.449  -5.310 1.0000000000
10137  -27.610  -49.838  -4.821 1.0000000000
10140  -29.735  -47.421  -4.906 1.0000000000
10437  -19.913  -52.791  -7.850 1.0000000000
10438  -20.067  -49.743  -8.640 1.0000000000
10439  -20.853  -51.567  -7.907 1.0000000000
10440  -21.595  -50.546  -7.739 1.0000000000
10441  -21.350  -53.407  -7.150 1.0000000000
11637  -26.067  -44.276  -7.121 1.0000000000
11638  -25.563  -42.403  -8.875 1.0000000000
11639  -26.989  -43.498  -7.646 1.0000000000
11641  -28.183  -44.553  -6.586 1.0000000000
14030  -18.810  -43.163  -10.180 1.0000000000
14031  -17.360  -40.612  -10.189 1.0000000000
14032  -17.769  -39.884  -10.641 1.0000000000
14033  -17.308  -37.519  -10.805 1.0000000000
14034  -18.204  -39.188  -10.947 1.0000000000
14035  -18.601  -38.706  -11.286 1.0000000000
14036  -19.797  -41.694  -10.541 1.0000000000
14037  -22.979  -48.336  -6.997 1.0000000000
14038  -22.615  -45.597  -7.808 1.0000000000
14039  -23.685  -47.205  -6.705 1.0000000000
14040  -24.424  -46.114  -6.602 1.0000000000
14041  -24.595  -48.705  -5.903 1.0000000000
17627  -19.462  -37.794  -12.024 1.0000000000
22772  -22.548  -56.289  -6.211 1.0000000000
22773  -23.094  -57.397  -6.164 1.0000000000
22774  -25.861  -55.763  -5.673 1.0000000000
22775  -25.237  -54.822  -5.535 1.0000000000
22776  -26.367  -53.501  -5.203 1.0000000000
22777  -26.598  -51.127  -5.031 1.0000000000
22778  -27.460  -52.149  -4.888 1.0000000000
22787  -30.851  -46.378  -5.246 1.0000000000
23395  -19.004  -47.508  -9.216 1.0000000000
23396  -19.694  -46.497  -9.362 1.0000000000
23397  -20.344  -45.531  -9.345 1.0000000000
23398  -20.840  -44.684  -9.214 1.0000000000
23399  -21.411  -47.558  -8.305 1.0000000000
23400  -22.302  -49.446  -7.382 1.0000000000
23401  -23.093  -51.059  -6.615 1.0000000000
25553  -23.356  -41.673  -9.723 1.0000000000
25554  -22.091  -39.561  -11.647 1.0000000000
25555  -24.009  -41.127  -10.198 1.0000000000
28640  -23.500  -58.365  -6.467 1.0000000000
28641  -23.717  -59.095  -6.915 1.0000000000
28642  -25.009  -57.862  -6.422 1.0000000000
29625  -16.325  -37.997  -9.139 1.0000000000
29626  -16.921  -41.404  -9.669 1.0000000000
29627  -16.639  -38.939  -9.748 1.0000000000
29628  -16.751  -37.155  -9.872 1.0000000000
29629  -17.028  -36.529  -10.486 1.0000000000
29630  -17.325  -35.975  -11.032 1.0000000000
29631  -17.648  -35.429  -11.578 1.0000000000
29633  -17.950  -36.494  -11.729 1.0000000000
29634  -19.034  -38.163  -11.612 1.0000000000
29635  -20.856  -40.486  -10.971 1.0000000000
29636  -21.377  -43.831  -9.162 1.0000000000
29637  -21.983  -43.069  -9.216 1.0000000000
29638  -22.657  -42.343  -9.389 1.0000000000
29639  -24.062  -43.766  -7.958 1.0000000000
29640  -25.189  -45.159  -6.735 1.0000000000
29641  -26.276  -46.460  -5.764 1.0000000000
40638  -20.998  -56.039  -6.681 1.0000000000
40639  -21.981  -54.922  -6.542 1.0000000000
40640  -22.956  -53.740  -6.275 1.0000000000
40641  -23.864  -52.495  -5.974 1.0000000000
40642  -24.129  -56.130  -5.859 1.0000000000
40643  -24.615  -53.718  -5.616 1.0000000000
40644  -24.741  -51.234  -5.665 1.0000000000
40645  -25.611  -49.979  -5.331 1.0000000000
40646  -26.537  -48.704  -5.126 1.0000000000
40647  -27.478  -47.522  -5.142 1.0000000000
40654  -28.573  -50.907  -4.668 1.0000000000
40655  -28.657  -48.588  -4.776 1.0000000000
40656  -28.500  -46.392  -5.367 1.0000000000
40657  -29.508  -45.444  -5.799 1.0000000000
41157  -20.194  -53.658  -7.530 1.0000000000
41158  -20.386  -52.182  -7.926 1.0000000000
41159  -20.704  -53.059  -7.568 1.0000000000
41160  -21.136  -52.499  -7.518 1.0000000000
41161  -20.908  -53.962  -7.213 1.0000000000
42357  -26.642  -44.868  -6.572 1.0000000000
42358  -26.531  -43.876  -7.370 1.0000000000
42359  -27.109  -44.446  -6.820 1.0000000000
42360  -27.582  -44.035  -7.110 1.0000000000
42361  -27.684  -44.989  -6.310 1.0000000000
44750  -19.078  -42.726  -10.290 1.0000000000
44751  -18.268  -41.501  -10.518 1.0000000000
44752  -18.504  -41.130  -10.704 1.0000000000
44753  -17.995  -39.597  -10.825 1.0000000000
44754  -18.730  -40.755  -10.837 1.0000000000
44755  -18.917  -40.435  -10.949 1.0000000000
44756  -19.562  -42.039  -10.483 1.0000000000
44757  -23.433  -49.122  -6.588 1.0000000000
44758  -23.333  -47.770  -6.830 1.0000000000
44759  -23.783  -48.563  -6.414 1.0000000000
44760  -24.151  -47.982  -6.263 1.0000000000
44761  -24.235  -49.337  -6.071 1.0000000000
48347  -20.447  -38.905  -11.741 1.0000000000
48348  -19.671  -37.586  -12.253 1.0000000000
48349  -20.718  -38.741  -11.984 1.0000000000
53492  -22.538  -58.044  -6.338 1.0000000000
53494  -26.438  -55.122  -5.486 1.0000000000
53495  -26.111  -54.712  -5.419 1.0000000000
53496  -26.692  -54.027  -5.232 1.0000000000
53497  -26.912  -52.819  -5.037 1.0000000000
53498  -27.251  -53.348  -5.065 1.0000000000
54347  -18.755  -49.688  -8.647 1.0000000000
54348  -18.633  -47.994  -9.048 1.0000000000
54349  -19.178  -49.189  -8.834 1.0000000000
54350  -20.447  -49.164  -8.624 1.0000000000
54351  -19.918  -48.137  -8.977 1.0000000000
54352  -20.269  -47.600  -8.962 1.0000000000
54353  -20.028  -46.010  -9.373 1.0000000000
54354  -20.600  -47.067  -8.879 1.0000000000
54355  -20.895  -46.584  -8.800 1.0000000000
54356  -21.095  -48.093  -8.416 1.0000000000
54357  -21.932  -51.396  -7.340 1.0000000000
54358  -21.950  -50.014  -7.572 1.0000000000
54359  -22.336  -50.806  -7.196 1.0000000000
54360  -22.715  -50.244  -6.995 1.0000000000
54361  -22.666  -51.660  -6.779 1.0000000000
57947  -24.107  -42.381  -9.014 1.0000000000
57948  -23.683  -41.409  -9.938 1.0000000000
57949  -24.457  -42.081  -9.247 1.0000000000
57950  -25.943  -42.098  -9.175 1.0000000000
57951  -25.190  -41.508  -9.807 1.0000000000
63092  -23.127  -59.659  -7.129 1.0000000000
63096  -25.119  -58.213  -6.561 1.0000000000
65126  -17.280  -43.043  -9.581 1.0000000000
65127  -17.532  -42.601  -9.845 1.0000000000
65128  -17.131  -39.329  -10.267 1.0000000000
65129  -16.931  -39.677  -10.009 1.0000000000
65130  -16.815  -38.560  -10.067 1.0000000000
65131  -16.629  -37.984  -9.770 1.0000000000
65132  -16.797  -37.556  -10.094 1.0000000000
65133  -16.886  -36.832  -10.183 1.0000000000
65134  -16.958  -37.197  -10.396 1.0000000000
65135  -17.486  -37.244  -11.042 1.0000000000
65136  -17.274  -36.612  -10.925 1.0000000000
65137  -17.429  -36.310  -11.162 1.0000000000
65138  -17.481  -35.667  -11.326 1.0000000000
65139  -17.576  -36.058  -11.427 1.0000000000
65140  -17.691  -35.804  -11.666 1.0000000000
65141  -17.802  -36.719  -11.497 1.0000000000
65142  -19.388  -39.865  -11.168 1.0000000000
65143  -18.827  -38.429  -11.433 1.0000000000
65144  -19.620  -39.584  -11.308 1.0000000000
65145  -19.884  -39.312  -11.430 1.0000000000
65146  -20.596  -40.767  -10.788 1.0000000000
65147  -21.465  -45.667  -8.587 1.0000000000
65148  -21.107  -44.264  -9.171 1.0000000000
65149  -21.723  -45.240  -8.517 1.0000000000
65150  -22.951  -45.119  -7.758 1.0000000000
65151  -22.368  -44.332  -8.411 1.0000000000
65152  -22.696  -43.903  -8.439 1.0000000000
65153  -22.314  -42.700  -9.267 1.0000000000
65154  -23.050  -43.468  -8.520 1.0000000000
65155  -23.405  -43.060  -8.644 1.0000000000
65156  -23.690  -44.220  -7.813 1.0000000000
65157  -24.897  -46.843  -6.111 1.0000000000
65158  -24.805  -45.618  -6.644 1.0000000000
65159  -25.324  -46.305  -6.132 1.0000000000
65160  -25.764  -45.790  -6.237 1.0000000000
65161  -25.845  -47.013  -5.690 1.0000000000
75925  -22.408  -39.383  -11.898 1.0000000000
91347  -21.173  -58.742  -6.465 1.0000000000
91349  -20.935  -58.062  -6.453 1.0000000000
91350  -20.684  -57.359  -6.509 1.0000000000
91351  -21.272  -56.762  -6.532 1.0000000000
91352  -21.496  -55.476  -6.631 1.0000000000
91353  -21.781  -56.227  -6.449 1.0000000000
91354  -23.057  -55.635  -6.047 1.0000000000
91355  -22.764  -55.030  -6.209 1.0000000000
91356  -23.254  -54.419  -6.071 1.0000000000
91357  -23.426  -53.110  -6.119 1.0000000000
91358  -23.751  -53.763  -5.911 1.0000000000
91359  -24.061  -57.733  -6.290 1.0000000000
91360  -23.867  -57.237  -6.109 1.0000000000
91361  -24.406  -56.622  -5.942 1.0000000000
91362  -25.490  -53.628  -5.385 1.0000000000
91363  -24.960  -54.272  -5.538 1.0000000000
91364  -25.117  -53.076  -5.462 1.0000000000
91365  -24.689  -52.507  -5.618 1.0000000000
91366  -25.180  -51.863  -5.457 1.0000000000
91367  -25.181  -50.603  -5.494 1.0000000000
91368  -25.653  -51.230  -5.298 1.0000000000
91369  -27.098  -50.464  -4.912 1.0000000000
91370  -26.596  -49.943  -5.020 1.0000000000
91371  -27.066  -49.322  -4.960 1.0000000000
91372  -27.001  -48.111  -5.098 1.0000000000
91373  -27.546  -48.712  -4.929 1.0000000000
91390  -28.395  -52.055  -4.768 1.0000000000
91391  -29.001  -51.391  -4.594 1.0000000000
91393  -29.240  -49.068  -4.658 1.0000000000
91394  -29.180  -48.003  -4.795 1.0000000000
91395  -28.578  -47.496  -4.984 1.0000000000
91396  -29.118  -46.911  -5.107 1.0000000000
91397  -28.989  -45.921  -5.555 1.0000000000
91398  -29.653  -46.389  -5.263 1.0000000000
92513  -19.585  -51.790  -8.153 1.0000000000
92514  -19.655  -50.232  -8.569 1.0000000000
92515  -20.058  -51.231  -8.268 1.0000000000
92516  -20.482  -50.684  -8.294 1.0000000000
92517  -20.869  -50.133  -8.213 1.0000000000
92518  -21.208  -49.606  -8.129 1.0000000000
92519  -21.234  -51.049  -7.841 1.0000000000
92520  -21.525  -51.969  -7.448 1.0000000000
92521  -21.813  -52.812  -7.026 1.0000000000
94673  -25.434  -43.682  -7.714 1.0000000000
94674  -25.200  -42.710  -8.599 1.0000000000
94675  -25.857  -43.312  -7.958 1.0000000000
94676  -26.269  -42.963  -8.258 1.0000000000
94677  -26.683  -42.649  -8.556 1.0000000000
94681  -28.668  -44.149  -6.876 1.0000000000
98980  -18.545  -43.569  -10.040 1.0000000000
98981  -17.781  -42.258  -10.082 1.0000000000
98982  -18.009  -41.841  -10.295 1.0000000000
98983  -17.609  -40.287  -10.433 1.0000000000
98984  -17.303  -38.984  -10.501 1.0000000000
98985  -17.134  -37.798  -10.577 1.0000000000
98986  -17.494  -38.632  -10.714 1.0000000000
98987  -17.668  -38.238  -10.920 1.0000000000
98988  -17.861  -37.987  -11.099 1.0000000000
98989  -18.039  -37.747  -11.286 1.0000000000
98990  -18.392  -38.869  -11.080 1.0000000000
98991  -19.147  -40.158  -11.041 1.0000000000
98992  -20.043  -41.359  -10.603 1.0000000000
98993  -22.534  -47.468  -7.478 1.0000000000
98994  -22.317  -46.099  -7.896 1.0000000000
98995  -22.857  -46.939  -7.330 1.0000000000
98996  -23.159  -46.437  -7.207 1.0000000000
98997  -23.497  -45.894  -7.166 1.0000000000
98998  -23.858  -45.386  -7.167 1.0000000000
98999  -24.037  -46.654  -6.624 1.0000000000
99000  -24.524  -47.412  -6.160 1.0000000000
99001  -24.985  -48.092  -5.787 1.0000000000
114716  -22.049  -56.868  -6.349 1.0000000000
114717  -22.293  -57.435  -6.290 1.0000000000
114718  -22.811  -56.834  -6.167 1.0000000000
114719  -23.353  -56.211  -5.996 1.0000000000
114720  -25.265  -56.426  -5.865 1.0000000000
114721  -24.966  -56.002  -5.762 1.0000000000
114722  -25.542  -55.359  -5.595 1.0000000000
114723  -25.794  -54.145  -5.375 1.0000000000
114724  -25.998  -52.997  -5.233 1.0000000000
114725  -26.100  -51.802  -5.165 1.0000000000
114726  -26.497  -52.366  -5.082 1.0000000000
114727  -27.017  -51.690  -4.939 1.0000000000
114728  -27.540  -51.029  -4.852 1.0000000000
114742  -30.351  -47.949  -4.752 1.0000000000
114743  -30.287  -46.886  -5.051 1.0000000000
114744  -30.935  -47.384  -4.894 1.0000000000
114745  -31.525  -46.833  -5.108 1.0000000000
116025  -18.694  -45.755  -9.563 1.0000000000
116026  -19.568  -48.662  -8.952 1.0000000000
116027  -19.353  -46.999  -9.310 1.0000000000
116028  -19.013  -45.319  -9.726 1.0000000000
116029  -19.340  -44.818  -9.830 1.0000000000
116030  -19.593  -44.375  -9.875 1.0000000000
116031  -19.868  -43.956  -9.873 1.0000000000
116032  -20.115  -43.571  -9.873 1.0000000000
116033  -20.568  -45.120  -9.285 1.0000000000
116034  -21.187  -46.099  -8.705 1.0000000000
116035  -21.729  -47.070  -8.155 1.0000000000
116036  -21.559  -49.076  -7.976 1.0000000000
116037  -21.887  -48.559  -7.807 1.0000000000
116038  -22.184  -48.026  -7.646 1.0000000000
116039  -22.643  -48.872  -7.190 1.0000000000
116040  -23.074  -49.683  -6.790 1.0000000000
116041  -23.480  -50.496  -6.420 1.0000000000
121061  -22.490  -40.854  -10.530 1.0000000000
121062  -21.794  -39.752  -11.423 1.0000000000
121063  -22.801  -40.624  -10.718 1.0000000000
121064  -23.117  -40.400  -10.942 1.0000000000
121066  -24.823  -41.787  -9.505 1.0000000000
128266  -23.642  -58.757  -6.678 1.0000000000
128267  -24.257  -58.107  -6.453 1.0000000000
128268  -23.808  -59.381  -7.110 1.0000000000
128269  -24.363  -58.493  -6.668 1.0000000000
128270  -24.842  -57.479  -6.236 1.0000000000
128271  -25.455  -56.830  -6.030 1.0000000000
128273  -26.676  -55.579  -5.548 1.0000000000
130875  -16.421  -37.377  -9.217 1.0000000000
130878  -16.519  -40.445  -9.406 1.0000000000
130879  -17.136  -41.033  -9.941 1.0000000000
130880  -16.721  -40.047  -9.729 1.0000000000
130882  -16.461  -38.382  -9.451 1.0000000000
130883  -16.511  -37.555  -9.512 1.0000000000
130884  -16.620  -36.970  -9.629 1.0000000000
130888  -17.110  -36.929  -10.647 1.0000000000
130889  -17.183  -36.221  -10.767 1.0000000000
130891  -17.468  -35.481  -11.304 1.0000000000
130895  -17.784  -35.217  -11.797 1.0000000000
130898  -18.218  -37.490  -11.478 1.0000000000
130899  -18.404  -37.246  -11.682 1.0000000000
130901  -19.224  -37.934  -11.826 1.0000000000
130902  -20.167  -39.098  -11.569 1.0000000000
130903  -21.160  -40.227  -11.054 1.0000000000
130904  -20.381  -43.216  -9.872 1.0000000000
130905  -20.641  -42.856  -9.878 1.0000000000
130906  -20.916  -42.509  -9.900 1.0000000000
130907  -22.028  -44.780  -8.457 1.0000000000
130908  -21.674  -43.438  -9.190 1.0000000000
130909  -21.207  -42.141  -9.950 1.0000000000
130910  -21.514  -41.771  -10.058 1.0000000000
130911  -21.853  -41.462  -10.184 1.0000000000
130912  -22.194  -41.157  -10.342 1.0000000000
130913  -23.013  -41.985  -9.542 1.0000000000
130914  -23.756  -42.701  -8.805 1.0000000000
130915  -24.436  -43.356  -8.144 1.0000000000
130916  -24.236  -44.907  -7.212 1.0000000000
130917  -24.650  -44.445  -7.329 1.0000000000
130918  -25.034  -44.056  -7.506 1.0000000000
130919  -25.618  -44.704  -6.894 1.0000000000
130920  -26.208  -45.310  -6.388 1.0000000000
130921  -26.742  -45.927  -5.912 1.0000000000
144317  -20.990  -38.549  -12.229 1.0000000000
149245  -18.804  -51.171  -8.259 1.0000000000
149248  -19.160  -52.198  -8.023 1.0000000000
149250  -19.758  -54.125  -7.424 1.0000000000
162870  -20.729  -55.284  -6.923 1.0000000000
162871  -21.202  -54.741  -6.915 1.0000000000
162872  -21.661  -54.189  -6.821 1.0000000000
162873  -22.140  -53.574  -6.715 1.0000000000
162874  -22.283  -55.625  -6.337 1.0000000000
162875  -22.465  -54.358  -6.428 1.0000000000
162876  -22.617  -52.949  -6.591 1.0000000000
162877  -23.052  -52.386  -6.426 1.0000000000
162878  -23.468  -51.812  -6.263 1.0000000000
162879  -23.888  -51.225  -6.095 1.0000000000
162880  -23.325  -57.889  -6.267 1.0000000000
162881  -23.617  -56.769  -6.006 1.0000000000
162882  -23.879  -55.568  -5.835 1.0000000000
162883  -24.696  -55.486  -5.684 1.0000000000
162884  -24.418  -54.922  -5.686 1.0000000000
162885  -24.099  -54.377  -5.779 1.0000000000
162886  -24.229  -53.124  -5.758 1.0000000000
162887  -24.304  -51.870  -5.822 1.0000000000
162888  -24.300  -50.582  -5.930 1.0000000000
162889  -24.712  -49.955  -5.763 1.0000000000
162890  -25.125  -49.344  -5.606 1.0000000000
162891  -25.535  -48.727  -5.467 1.0000000000
162892  -26.106  -50.595  -5.149 1.0000000000
162893  -26.073  -49.334  -5.208 1.0000000000
162894  -25.972  -48.109  -5.394 1.0000000000
162895  -26.439  -47.522  -5.384 1.0000000000
162896  -26.916  -46.965  -5.424 1.0000000000
162897  -27.376  -46.435  -5.530 1.0000000000
162915  -27.595  -53.816  -5.102 1.0000000000
162917  -28.001  -51.559  -4.760 1.0000000000
162918  -28.080  -50.396  -4.768 1.0000000000
162920  -28.643  -49.730  -4.676 1.0000000000
162921  -28.139  -49.191  -4.783 1.0000000000
162922  -28.043  -48.096  -4.919 1.0000000000
162923  -27.980  -46.942  -5.234 1.0000000000
162924  -27.856  -45.937  -5.703 1.0000000000
162925  -28.362  -45.452  -5.918 1.0000000000
162926  -28.862  -44.987  -6.165 1.0000000000
162927  -29.346  -44.560  -6.441 1.0000000000
162928  -30.221  -45.884  -5.495 1.0000000000
