#!ascii label  , from subject 40tvs8ref_sym_20 vox2ras=TkReg
134
502  -2.379  22.805  -3.599 1.0000000000
1103  -1.503  26.661  -1.244 1.0000000000
4747  -1.796  19.906  -2.927 1.0000000000
4878  -3.375  22.491  -4.735 1.0000000000
4880  -2.490  19.331  -3.933 1.0000000000
6592  -3.357  25.146  -4.203 1.0000000000
6593  -1.937  24.832  -2.660 1.0000000000
6594  -2.907  26.924  -3.130 1.0000000000
6595  -2.431  28.771  -1.575 1.0000000000
12427  -2.049  21.468  -3.271 1.0000000000
12429  -1.870  22.561  -2.889 1.0000000000
12558  -2.877  22.508  -4.181 1.0000000000
12559  -2.935  21.071  -4.359 1.0000000000
12560  -2.482  20.964  -3.836 1.0000000000
12561  -2.083  19.365  -3.430 1.0000000000
14828  -3.166  26.081  -3.729 1.0000000000
14831  -3.309  28.772  -2.544 1.0000000000
20010  -1.693  25.802  -1.990 1.0000000000
20011  -1.357  24.514  -1.732 1.0000000000
27215  -2.932  19.441  -4.430 1.0000000000
27218  -2.220  17.660  -3.572 1.0000000000
27219  -1.961  18.062  -3.116 1.0000000000
30742  -2.822  23.973  -3.879 1.0000000000
30743  -2.160  23.886  -3.180 1.0000000000
30744  -2.584  24.967  -3.479 1.0000000000
30745  -2.390  25.936  -2.974 1.0000000000
30746  -2.116  26.945  -2.196 1.0000000000
30747  -3.542  27.916  -3.227 1.0000000000
30748  -2.677  27.926  -2.407 1.0000000000
30749  -1.897  27.785  -1.424 1.0000000000
30930  -3.364  23.808  -4.512 1.0000000000
37323  -1.623  23.611  -2.359 1.0000000000
43147  -2.204  22.162  -3.452 1.0000000000
43148  -1.940  22.063  -3.080 1.0000000000
43149  -2.095  22.738  -3.246 1.0000000000
43278  -2.633  22.560  -3.873 1.0000000000
43279  -2.675  21.739  -4.004 1.0000000000
43280  -2.434  21.905  -3.723 1.0000000000
43281  -2.245  21.262  -3.568 1.0000000000
50730  -1.603  26.259  -1.642 1.0000000000
60713  -3.625  22.444  -5.067 1.0000000000
60715  -3.415  21.827  -4.854 1.0000000000
60716  -2.699  20.189  -4.133 1.0000000000
60717  -2.945  20.277  -4.411 1.0000000000
60718  -2.701  19.405  -4.179 1.0000000000
60719  -2.726  18.533  -4.168 1.0000000000
60721  -2.386  17.614  -3.758 1.0000000000
60722  -2.319  18.454  -3.734 1.0000000000
60723  -1.948  19.741  -3.171 1.0000000000
60724  -2.017  18.737  -3.273 1.0000000000
60725  -1.880  19.005  -3.006 1.0000000000
60726  -1.811  18.178  -2.846 1.0000000000
67522  -3.095  24.582  -4.055 1.0000000000
67523  -2.705  24.495  -3.674 1.0000000000
67524  -2.981  25.057  -3.834 1.0000000000
67525  -3.042  26.516  -3.431 1.0000000000
67526  -2.733  26.005  -3.344 1.0000000000
67527  -2.634  26.458  -3.046 1.0000000000
67528  -2.272  26.433  -2.620 1.0000000000
67529  -2.528  26.946  -2.716 1.0000000000
67531  -3.874  27.889  -3.649 1.0000000000
67533  -2.839  28.784  -2.094 1.0000000000
67534  -2.999  28.356  -2.482 1.0000000000
67535  -2.536  28.366  -2.005 1.0000000000
67536  -2.267  27.903  -1.920 1.0000000000
67537  -2.149  28.307  -1.498 1.0000000000
67538  -1.796  28.141  -0.997 1.0000000000
67539  -2.046  28.648  -1.051 1.0000000000
67925  -3.382  24.525  -4.398 1.0000000000
67926  -3.120  23.892  -4.220 1.0000000000
83070  -2.048  24.346  -2.937 1.0000000000
83071  -1.903  23.773  -2.780 1.0000000000
83072  -1.784  24.314  -2.507 1.0000000000
83073  -1.088  24.135  -1.249 1.0000000000
83074  -1.197  23.721  -1.622 1.0000000000
96097  -1.914  20.752  -3.087 1.0000000000
96098  -1.704  20.477  -2.795 1.0000000000
96099  -1.825  21.288  -2.941 1.0000000000
96101  -1.623  22.365  -2.521 1.0000000000
96332  -3.119  22.491  -4.460 1.0000000000
96333  -3.179  21.891  -4.563 1.0000000000
96334  -2.908  21.821  -4.300 1.0000000000
96335  -2.701  20.997  -4.101 1.0000000000
96336  -2.483  20.131  -3.897 1.0000000000
96337  -2.292  19.316  -3.694 1.0000000000
96338  -2.263  20.209  -3.629 1.0000000000
96339  -2.070  20.462  -3.359 1.0000000000
100418  -3.254  25.611  -3.960 1.0000000000
100420  -3.449  26.586  -3.795 1.0000000000
100421  -3.361  27.018  -3.505 1.0000000000
100423  -3.710  28.721  -2.947 1.0000000000
100424  -3.561  29.134  -2.581 1.0000000000
100425  -3.133  29.171  -2.154 1.0000000000
100426  -2.724  29.190  -1.671 1.0000000000
100427  -2.323  29.163  -1.107 1.0000000000
109746  -1.809  25.342  -2.333 1.0000000000
109747  -1.649  24.744  -2.203 1.0000000000
109748  -1.537  25.211  -1.878 1.0000000000
109749  -1.247  24.928  -1.366 1.0000000000
124398  -1.397  27.064  -0.808 1.0000000000
124399  -1.209  26.429  -0.680 1.0000000000
124940  -3.175  20.291  -4.674 1.0000000000
124941  -3.166  19.478  -4.668 1.0000000000
124942  -2.924  18.550  -4.388 1.0000000000
124947  -2.281  16.601  -3.503 1.0000000000
124949  -2.160  18.534  -3.528 1.0000000000
124950  -2.078  17.790  -3.367 1.0000000000
133912  -2.585  23.436  -3.748 1.0000000000
133913  -2.255  23.406  -3.402 1.0000000000
133914  -2.465  23.975  -3.543 1.0000000000
133915  -2.356  24.460  -3.331 1.0000000000
133916  -2.239  24.872  -3.097 1.0000000000
133917  -2.863  25.527  -3.605 1.0000000000
133918  -2.472  25.429  -3.232 1.0000000000
133919  -2.136  25.358  -2.828 1.0000000000
133920  -2.014  25.878  -2.480 1.0000000000
133921  -1.862  26.387  -2.068 1.0000000000
133922  -1.781  26.841  -1.720 1.0000000000
133924  -3.629  27.483  -3.564 1.0000000000
133925  -3.217  27.421  -3.178 1.0000000000
133926  -3.438  28.335  -2.906 1.0000000000
133927  -3.088  27.826  -2.858 1.0000000000
133928  -2.786  27.395  -2.779 1.0000000000
133929  -2.405  27.466  -2.323 1.0000000000
133930  -1.991  27.394  -1.811 1.0000000000
133931  -1.680  27.237  -1.347 1.0000000000
134419  -3.611  23.126  -4.960 1.0000000000
134422  -3.359  23.125  -4.623 1.0000000000
134423  -3.118  23.165  -4.348 1.0000000000
134424  -2.858  23.267  -4.046 1.0000000000
152931  -1.998  23.299  -3.044 1.0000000000
152932  -1.795  23.093  -2.643 1.0000000000
152933  -1.477  22.889  -2.243 1.0000000000
152934  -1.452  24.101  -2.047 1.0000000000
