#!ascii label  , from subject 40tvs8ref_sym_20 vox2ras=TkReg
520
150  -22.407  -22.341  -23.538 1.0000000000
604  -21.109  -14.044  -29.893 1.0000000000
1346  -21.154  -14.999  -28.108 1.0000000000
1347  -21.604  -18.347  -26.844 1.0000000000
1348  -23.127  -18.284  -29.449 1.0000000000
1349  -22.017  -21.339  -25.734 1.0000000000
2448  -21.320  -12.105  -29.538 1.0000000000
2449  -20.886  -10.766  -30.985 1.0000000000
3265  -22.680  -21.288  -24.248 1.0000000000
3266  -21.997  -18.937  -26.013 1.0000000000
3267  -22.028  -20.322  -25.338 1.0000000000
3268  -21.789  -19.788  -26.366 1.0000000000
3269  -22.025  -21.596  -24.756 1.0000000000
5478  -20.703  -14.474  -28.819 1.0000000000
5479  -20.388  -12.626  -29.431 1.0000000000
5480  -20.620  -12.385  -30.332 1.0000000000
5481  -21.811  -10.390  -32.257 1.0000000000
5482  -22.284  -12.104  -32.081 1.0000000000
5484  -23.618  -14.309  -32.031 1.0000000000
5485  -24.741  -20.651  -29.401 1.0000000000
5486  -27.140  -18.871  -31.221 1.0000000000
7030  -22.249  -16.171  -27.375 1.0000000000
7031  -22.073  -17.663  -26.608 1.0000000000
7032  -21.263  -16.752  -27.515 1.0000000000
7033  -21.057  -16.239  -28.303 1.0000000000
7034  -21.989  -16.086  -29.643 1.0000000000
7035  -21.520  -18.003  -27.874 1.0000000000
7036  -22.336  -19.893  -27.375 1.0000000000
7037  -22.887  -21.883  -26.952 1.0000000000
9903  -21.041  -13.422  -28.708 1.0000000000
9904  -20.640  -10.971  -30.154 1.0000000000
9905  -21.602  -9.371  -31.937 1.0000000000
9906  -21.978  -9.181  -32.713 1.0000000000
9912  -25.310  -16.635  -31.778 1.0000000000
10235  -22.585  -23.312  -25.269 1.0000000000
10945  -22.489  -21.798  -23.924 1.0000000000
10946  -22.277  -20.735  -24.788 1.0000000000
10947  -22.257  -21.368  -24.476 1.0000000000
10948  -22.072  -21.026  -25.043 1.0000000000
10949  -22.190  -21.974  -24.081 1.0000000000
13158  -20.742  -14.296  -29.245 1.0000000000
13159  -20.522  -13.421  -29.525 1.0000000000
13160  -20.785  -13.177  -30.079 1.0000000000
13161  -21.174  -12.128  -31.110 1.0000000000
13162  -21.488  -13.013  -30.896 1.0000000000
13163  -22.860  -13.164  -32.022 1.0000000000
13164  -21.987  -14.047  -30.819 1.0000000000
15557  -22.523  -18.889  -25.861 1.0000000000
15558  -21.736  -18.632  -26.424 1.0000000000
15559  -21.663  -17.783  -26.700 1.0000000000
15560  -21.338  -17.555  -27.233 1.0000000000
15561  -21.101  -16.476  -27.881 1.0000000000
15562  -21.230  -17.312  -27.695 1.0000000000
15563  -21.325  -17.149  -28.090 1.0000000000
15564  -21.477  -18.138  -27.342 1.0000000000
15565  -21.959  -20.575  -26.123 1.0000000000
15566  -21.927  -19.765  -26.820 1.0000000000
15567  -22.073  -20.590  -26.511 1.0000000000
15568  -22.579  -20.851  -27.150 1.0000000000
15569  -22.312  -21.510  -26.154 1.0000000000
22190  -21.783  -11.490  -29.902 1.0000000000
22192  -21.175  -10.865  -30.204 1.0000000000
22193  -21.557  -15.531  -27.736 1.0000000000
22194  -21.568  -14.828  -28.094 1.0000000000
22195  -21.045  -14.172  -28.414 1.0000000000
22196  -20.517  -11.714  -30.188 1.0000000000
22197  -20.461  -11.742  -29.800 1.0000000000
22198  -20.640  -10.836  -30.599 1.0000000000
22199  -21.187  -9.921  -31.035 1.0000000000
22200  -21.237  -9.921  -31.565 1.0000000000
22201  -21.706  -9.239  -32.183 1.0000000000
22202  -21.445  -9.890  -31.811 1.0000000000
22215  -22.571  -17.172  -29.572 1.0000000000
22216  -23.244  -16.294  -30.681 1.0000000000
22217  -24.118  -17.464  -30.623 1.0000000000
22219  -28.389  -17.777  -31.990 1.0000000000
23023  -22.202  -23.913  -24.655 1.0000000000
24309  -22.902  -20.744  -24.630 1.0000000000
24310  -22.388  -19.421  -25.602 1.0000000000
24311  -22.407  -20.176  -25.176 1.0000000000
24312  -22.022  -19.674  -25.701 1.0000000000
24313  -21.776  -19.391  -26.297 1.0000000000
24314  -21.675  -19.123  -26.712 1.0000000000
24315  -21.876  -20.029  -25.919 1.0000000000
24316  -21.938  -20.718  -25.645 1.0000000000
24317  -21.958  -21.354  -25.275 1.0000000000
28291  -21.906  -13.427  -28.749 1.0000000000
28292  -20.959  -14.694  -28.466 1.0000000000
28293  -20.611  -13.801  -28.766 1.0000000000
28294  -20.512  -13.585  -29.103 1.0000000000
28295  -20.451  -12.555  -29.824 1.0000000000
28296  -20.596  -11.544  -30.572 1.0000000000
28297  -21.213  -10.583  -31.529 1.0000000000
28298  -20.957  -11.320  -31.253 1.0000000000
28299  -21.730  -11.143  -32.132 1.0000000000
28305  -23.828  -19.419  -29.386 1.0000000000
28306  -24.960  -18.649  -30.509 1.0000000000
28307  -25.757  -19.825  -30.296 1.0000000000
31764  -22.172  -16.908  -26.998 1.0000000000
31765  -21.582  -16.346  -27.414 1.0000000000
31766  -22.043  -18.266  -26.295 1.0000000000
31767  -21.415  -17.060  -27.115 1.0000000000
31768  -21.306  -15.913  -27.752 1.0000000000
31769  -21.190  -15.658  -28.186 1.0000000000
31770  -20.913  -15.423  -28.621 1.0000000000
31771  -21.011  -15.201  -29.082 1.0000000000
31772  -21.511  -15.056  -29.769 1.0000000000
31773  -21.278  -16.056  -28.804 1.0000000000
31774  -21.632  -17.060  -28.657 1.0000000000
31775  -22.089  -18.042  -28.559 1.0000000000
31776  -21.714  -18.958  -27.090 1.0000000000
31777  -21.991  -18.884  -27.540 1.0000000000
31778  -22.521  -19.077  -28.395 1.0000000000
31779  -23.141  -20.214  -28.301 1.0000000000
31780  -23.625  -21.287  -28.109 1.0000000000
39946  -21.669  -14.165  -28.415 1.0000000000
39947  -21.052  -12.690  -29.146 1.0000000000
39948  -20.538  -12.927  -29.061 1.0000000000
39949  -20.629  -12.096  -29.415 1.0000000000
39950  -20.791  -11.428  -29.838 1.0000000000
39951  -20.931  -10.296  -30.581 1.0000000000
39952  -21.486  -9.397  -31.552 1.0000000000
39957  -21.937  -9.695  -32.434 1.0000000000
39972  -22.625  -15.141  -30.778 1.0000000000
39973  -24.380  -15.446  -31.893 1.0000000000
39975  -26.213  -17.759  -31.547 1.0000000000
39976  -27.595  -16.816  -32.454 1.0000000000
40938  -22.049  -21.998  -25.050 1.0000000000
40940  -22.148  -22.863  -24.761 1.0000000000
40941  -22.230  -22.194  -25.444 1.0000000000
40942  -22.707  -22.612  -26.146 1.0000000000
41665  -22.499  -22.065  -23.695 1.0000000000
41666  -22.361  -21.569  -24.200 1.0000000000
41667  -22.375  -21.835  -23.959 1.0000000000
41668  -22.266  -21.662  -24.232 1.0000000000
41669  -22.293  -22.131  -23.815 1.0000000000
43878  -20.910  -14.214  -29.534 1.0000000000
43879  -20.754  -13.718  -29.674 1.0000000000
43880  -20.903  -13.599  -29.973 1.0000000000
43881  -21.053  -13.082  -30.437 1.0000000000
43882  -21.236  -13.543  -30.367 1.0000000000
43883  -21.737  -13.536  -30.860 1.0000000000
43884  -21.414  -13.970  -30.284 1.0000000000
46278  -21.655  -18.473  -26.655 1.0000000000
46279  -21.624  -18.109  -26.744 1.0000000000
46280  -21.481  -17.931  -27.018 1.0000000000
46281  -21.260  -17.419  -27.450 1.0000000000
46282  -21.308  -17.801  -27.298 1.0000000000
46283  -21.274  -17.683  -27.520 1.0000000000
46284  -21.579  -18.204  -27.059 1.0000000000
46285  -21.996  -20.876  -25.826 1.0000000000
46286  -22.000  -20.581  -26.324 1.0000000000
46287  -22.131  -20.925  -26.066 1.0000000000
46288  -22.288  -21.023  -26.341 1.0000000000
46289  -22.140  -21.408  -25.939 1.0000000000
52910  -21.523  -11.789  -29.724 1.0000000000
52911  -21.421  -11.155  -30.064 1.0000000000
52912  -21.215  -11.435  -29.893 1.0000000000
52913  -21.327  -15.247  -27.924 1.0000000000
52914  -21.290  -14.832  -28.109 1.0000000000
52915  -21.053  -14.534  -28.264 1.0000000000
52916  -20.572  -11.243  -30.559 1.0000000000
52917  -20.519  -11.265  -30.387 1.0000000000
52918  -20.711  -10.770  -30.789 1.0000000000
52919  -20.993  -10.350  -31.083 1.0000000000
52920  -21.072  -10.356  -31.263 1.0000000000
52921  -21.305  -9.945  -31.653 1.0000000000
52922  -21.194  -10.313  -31.447 1.0000000000
52935  -22.913  -17.762  -29.566 1.0000000000
52936  -23.295  -17.324  -30.112 1.0000000000
52937  -23.655  -17.912  -30.049 1.0000000000
55875  -22.708  -21.020  -24.461 1.0000000000
55876  -22.626  -20.442  -24.908 1.0000000000
55877  -22.463  -20.740  -24.741 1.0000000000
55878  -22.139  -20.506  -25.058 1.0000000000
55879  -22.134  -20.229  -25.236 1.0000000000
55880  -22.018  -20.048  -25.511 1.0000000000
55881  -21.853  -19.517  -25.990 1.0000000000
55882  -21.920  -19.893  -25.810 1.0000000000
55883  -21.841  -19.750  -26.105 1.0000000000
55884  -21.931  -20.172  -25.628 1.0000000000
55885  -22.048  -21.289  -24.872 1.0000000000
55886  -21.993  -20.864  -25.350 1.0000000000
55887  -21.971  -21.136  -25.138 1.0000000000
55888  -21.935  -21.009  -25.385 1.0000000000
55889  -21.958  -21.451  -25.067 1.0000000000
62511  -22.380  -13.776  -28.590 1.0000000000
62512  -22.223  -14.114  -28.450 1.0000000000
62513  -20.750  -14.570  -28.666 1.0000000000
62514  -20.607  -14.105  -28.811 1.0000000000
62515  -20.598  -14.065  -28.975 1.0000000000
62516  -20.565  -12.863  -29.888 1.0000000000
62517  -20.486  -12.998  -29.669 1.0000000000
62518  -20.511  -12.468  -30.026 1.0000000000
62519  -20.519  -12.097  -30.188 1.0000000000
62520  -20.624  -11.979  -30.447 1.0000000000
62521  -20.716  -11.418  -30.890 1.0000000000
62522  -20.773  -11.776  -30.786 1.0000000000
62523  -21.525  -12.014  -31.503 1.0000000000
62524  -21.423  -11.631  -31.611 1.0000000000
62525  -21.988  -11.584  -32.069 1.0000000000
62527  -22.845  -11.726  -32.681 1.0000000000
62529  -23.105  -12.195  -32.555 1.0000000000
62530  -23.159  -13.710  -32.023 1.0000000000
62531  -23.839  -13.320  -32.620 1.0000000000
62534  -24.629  -14.450  -32.501 1.0000000000
62535  -24.136  -19.976  -29.263 1.0000000000
62536  -24.775  -19.640  -29.874 1.0000000000
62537  -25.006  -20.143  -29.719 1.0000000000
69709  -22.610  -17.599  -26.527 1.0000000000
69710  -22.272  -17.310  -26.744 1.0000000000
69711  -21.870  -16.615  -27.210 1.0000000000
69712  -21.864  -16.978  -27.058 1.0000000000
69713  -22.184  -19.187  -25.781 1.0000000000
69714  -22.182  -18.855  -25.932 1.0000000000
69715  -21.962  -18.595  -26.141 1.0000000000
69716  -21.339  -17.305  -27.135 1.0000000000
69717  -21.561  -17.438  -26.887 1.0000000000
69718  -21.295  -16.889  -27.313 1.0000000000
69719  -21.429  -16.470  -27.431 1.0000000000
69720  -21.343  -16.340  -27.608 1.0000000000
69721  -21.252  -15.806  -27.938 1.0000000000
69722  -21.332  -16.214  -27.793 1.0000000000
69723  -21.074  -16.353  -28.090 1.0000000000
69724  -20.997  -15.940  -28.243 1.0000000000
69725  -21.004  -15.838  -28.469 1.0000000000
69726  -20.903  -15.342  -28.820 1.0000000000
69727  -21.030  -15.722  -28.660 1.0000000000
69728  -21.137  -15.627  -28.931 1.0000000000
69729  -21.128  -16.138  -28.523 1.0000000000
69730  -21.406  -17.528  -27.932 1.0000000000
69731  -21.400  -17.060  -28.320 1.0000000000
69732  -21.602  -17.549  -28.283 1.0000000000
69733  -21.925  -17.607  -28.662 1.0000000000
69734  -21.788  -17.994  -28.203 1.0000000000
69735  -21.751  -19.487  -26.641 1.0000000000
69736  -21.635  -19.019  -26.927 1.0000000000
69737  -21.760  -19.398  -26.841 1.0000000000
69738  -22.060  -19.803  -27.067 1.0000000000
69739  -21.923  -19.378  -27.196 1.0000000000
69740  -22.151  -19.448  -27.524 1.0000000000
69741  -22.249  -18.963  -27.938 1.0000000000
69742  -22.409  -19.540  -27.930 1.0000000000
69743  -22.801  -19.646  -28.377 1.0000000000
69744  -22.656  -20.040  -27.827 1.0000000000
69745  -22.691  -21.350  -27.053 1.0000000000
69746  -23.004  -21.058  -27.601 1.0000000000
69747  -23.149  -21.555  -27.466 1.0000000000
69748  -23.756  -21.764  -27.879 1.0000000000
69749  -23.431  -22.118  -27.382 1.0000000000
89620  -22.274  -15.823  -27.541 1.0000000000
89621  -21.288  -14.151  -28.380 1.0000000000
89622  -21.570  -14.480  -28.250 1.0000000000
89623  -21.351  -13.774  -28.565 1.0000000000
89624  -21.375  -13.406  -28.715 1.0000000000
89625  -20.996  -13.064  -28.869 1.0000000000
89626  -20.459  -13.238  -29.061 1.0000000000
89627  -20.530  -13.340  -28.906 1.0000000000
89628  -20.433  -12.723  -29.234 1.0000000000
89629  -20.548  -11.334  -29.963 1.0000000000
89630  -20.506  -11.857  -29.569 1.0000000000
89631  -20.581  -11.490  -29.797 1.0000000000
89632  -20.701  -11.737  -29.615 1.0000000000
89633  -20.706  -11.162  -29.977 1.0000000000
89634  -20.833  -10.869  -30.208 1.0000000000
89635  -20.792  -10.677  -30.380 1.0000000000
89636  -21.296  -9.683  -31.484 1.0000000000
89637  -21.333  -9.636  -31.336 1.0000000000
89638  -21.535  -9.388  -31.756 1.0000000000
89639  -21.765  -9.042  -32.021 1.0000000000
89643  -21.864  -9.189  -32.424 1.0000000000
89647  -22.260  -8.743  -33.215 1.0000000000
89648  -21.452  -10.505  -31.866 1.0000000000
89649  -21.577  -10.151  -31.946 1.0000000000
89650  -21.812  -10.065  -32.350 1.0000000000
89685  -21.742  -15.579  -29.693 1.0000000000
89686  -21.999  -15.090  -30.244 1.0000000000
89687  -22.234  -15.620  -30.213 1.0000000000
89688  -24.291  -16.501  -31.334 1.0000000000
89689  -23.858  -15.884  -31.332 1.0000000000
89690  -24.892  -16.057  -31.846 1.0000000000
89692  -25.958  -16.190  -32.325 1.0000000000
89693  -25.878  -18.780  -30.929 1.0000000000
89694  -25.555  -18.216  -31.044 1.0000000000
89695  -26.655  -18.342  -31.468 1.0000000000
89696  -29.111  -17.206  -32.269 1.0000000000
89697  -28.086  -17.325  -32.245 1.0000000000
92100  -22.029  -22.023  -24.810 1.0000000000
92101  -21.989  -22.411  -24.785 1.0000000000
92105  -22.306  -23.617  -25.053 1.0000000000
92106  -22.082  -23.369  -24.783 1.0000000000
92107  -22.303  -23.061  -24.973 1.0000000000
92108  -22.207  -22.599  -25.263 1.0000000000
92109  -22.389  -22.776  -25.471 1.0000000000
92110  -22.401  -22.374  -25.753 1.0000000000
92111  -22.618  -22.969  -25.671 1.0000000000
93429  -22.616  -21.539  -24.114 1.0000000000
93430  -22.458  -21.015  -24.525 1.0000000000
93431  -22.443  -21.270  -24.385 1.0000000000
93432  -22.312  -21.018  -24.609 1.0000000000
93433  -22.199  -20.842  -24.868 1.0000000000
93434  -22.087  -20.670  -25.174 1.0000000000
93435  -22.160  -21.192  -24.747 1.0000000000
93436  -22.152  -21.473  -24.552 1.0000000000
93437  -22.101  -21.777  -24.422 1.0000000000
97412  -20.694  -14.380  -29.023 1.0000000000
97413  -20.581  -13.980  -29.120 1.0000000000
97414  -20.611  -13.845  -29.353 1.0000000000
97415  -20.675  -13.323  -29.797 1.0000000000
97416  -20.715  -12.759  -30.195 1.0000000000
97417  -20.842  -12.252  -30.659 1.0000000000
97418  -20.906  -12.642  -30.541 1.0000000000
97419  -21.258  -12.559  -30.936 1.0000000000
97420  -21.835  -12.534  -31.494 1.0000000000
97421  -22.487  -12.576  -32.037 1.0000000000
97422  -22.074  -13.055  -31.448 1.0000000000
97423  -22.378  -13.592  -31.404 1.0000000000
97424  -22.690  -14.155  -31.413 1.0000000000
97425  -24.798  -21.091  -29.009 1.0000000000
97426  -25.645  -20.784  -29.701 1.0000000000
101731  -22.390  -18.258  -26.231 1.0000000000
101732  -21.835  -18.754  -26.223 1.0000000000
101733  -21.817  -18.370  -26.341 1.0000000000
101734  -21.720  -18.243  -26.513 1.0000000000
101735  -21.522  -17.696  -26.953 1.0000000000
101736  -21.280  -17.192  -27.360 1.0000000000
101737  -21.187  -16.599  -27.710 1.0000000000
101738  -21.217  -17.057  -27.575 1.0000000000
101739  -21.163  -16.896  -27.796 1.0000000000
101740  -21.143  -16.756  -27.994 1.0000000000
101741  -21.151  -16.657  -28.169 1.0000000000
101742  -21.267  -17.235  -27.861 1.0000000000
101743  -21.328  -17.579  -27.731 1.0000000000
101744  -21.439  -18.062  -27.606 1.0000000000
101745  -21.852  -20.120  -26.246 1.0000000000
101746  -21.822  -19.761  -26.574 1.0000000000
101747  -21.887  -20.114  -26.411 1.0000000000
101748  -21.994  -20.132  -26.606 1.0000000000
101749  -22.192  -20.196  -26.841 1.0000000000
101750  -22.505  -20.320  -27.173 1.0000000000
101751  -22.313  -20.707  -26.811 1.0000000000
101752  -22.436  -21.161  -26.640 1.0000000000
101753  -22.549  -21.657  -26.451 1.0000000000
113669  -22.216  -11.818  -29.697 1.0000000000
113670  -22.013  -11.167  -30.045 1.0000000000
113672  -21.659  -10.835  -30.214 1.0000000000
113674  -21.296  -10.310  -30.650 1.0000000000
113675  -21.876  -15.841  -27.554 1.0000000000
113676  -21.834  -15.485  -27.742 1.0000000000
113677  -21.573  -15.175  -27.938 1.0000000000
113678  -21.273  -14.470  -28.276 1.0000000000
113679  -21.033  -13.793  -28.548 1.0000000000
113680  -20.431  -12.193  -29.796 1.0000000000
113681  -20.423  -12.125  -29.628 1.0000000000
113682  -20.491  -11.690  -30.018 1.0000000000
113683  -20.550  -11.269  -30.162 1.0000000000
113684  -20.603  -10.892  -30.343 1.0000000000
113685  -20.760  -10.485  -30.575 1.0000000000
113686  -20.926  -10.394  -30.805 1.0000000000
113687  -21.180  -9.941  -31.344 1.0000000000
113688  -21.393  -9.664  -31.725 1.0000000000
113689  -21.650  -9.236  -32.058 1.0000000000
113690  -21.406  -9.592  -31.812 1.0000000000
113691  -21.555  -9.540  -31.970 1.0000000000
113692  -21.765  -9.491  -32.214 1.0000000000
113693  -22.192  -10.337  -32.719 1.0000000000
113715  -22.280  -16.628  -29.595 1.0000000000
113716  -22.648  -16.238  -30.190 1.0000000000
113717  -22.794  -16.672  -30.069 1.0000000000
113718  -23.686  -16.916  -30.706 1.0000000000
113719  -24.766  -17.099  -31.195 1.0000000000
113721  -27.800  -18.356  -31.675 1.0000000000
113722  -28.826  -18.261  -31.707 1.0000000000
115169  -22.593  -24.238  -24.975 1.0000000000
115171  -22.951  -23.601  -25.724 1.0000000000
118161  -23.031  -20.445  -24.876 1.0000000000
118163  -22.611  -20.046  -25.166 1.0000000000
118164  -22.377  -19.788  -25.387 1.0000000000
118165  -22.165  -19.522  -25.625 1.0000000000
118166  -22.274  -20.475  -24.994 1.0000000000
118167  -22.205  -19.890  -25.438 1.0000000000
118168  -21.953  -19.222  -25.881 1.0000000000
118169  -21.851  -19.103  -26.093 1.0000000000
118170  -21.742  -18.979  -26.348 1.0000000000
118171  -21.654  -18.843  -26.603 1.0000000000
118172  -21.615  -18.671  -26.765 1.0000000000
118173  -21.717  -19.247  -26.524 1.0000000000
118174  -21.768  -19.605  -26.386 1.0000000000
118175  -21.830  -19.896  -26.166 1.0000000000
118176  -21.991  -20.505  -25.488 1.0000000000
118177  -21.896  -20.329  -25.795 1.0000000000
118178  -21.858  -20.205  -26.045 1.0000000000
118179  -21.952  -20.604  -25.888 1.0000000000
118180  -21.936  -20.904  -25.629 1.0000000000
118181  -21.977  -21.319  -25.501 1.0000000000
127453  -21.529  -12.696  -29.186 1.0000000000
127454  -21.002  -14.811  -28.288 1.0000000000
127455  -20.956  -14.368  -28.423 1.0000000000
127456  -20.777  -14.216  -28.635 1.0000000000
127457  -20.538  -13.708  -28.935 1.0000000000
127458  -20.437  -13.155  -29.244 1.0000000000
127459  -20.498  -13.524  -29.269 1.0000000000
127460  -20.442  -13.129  -29.451 1.0000000000
127461  -20.443  -12.598  -29.652 1.0000000000
127462  -20.475  -12.182  -29.984 1.0000000000
127463  -20.556  -11.706  -30.381 1.0000000000
127464  -20.633  -11.198  -30.726 1.0000000000
127465  -21.126  -10.744  -31.209 1.0000000000
127466  -20.864  -11.085  -31.039 1.0000000000
127467  -21.134  -10.959  -31.426 1.0000000000
127468  -21.353  -10.847  -31.778 1.0000000000
127469  -20.923  -11.641  -31.126 1.0000000000
127470  -21.388  -11.219  -31.693 1.0000000000
127471  -21.721  -10.769  -32.203 1.0000000000
127485  -23.541  -18.878  -29.477 1.0000000000
127486  -24.020  -18.462  -29.988 1.0000000000
127487  -24.347  -19.054  -29.968 1.0000000000
127488  -25.349  -19.227  -30.403 1.0000000000
127489  -26.438  -19.376  -30.808 1.0000000000
127492  -27.614  -19.433  -31.104 1.0000000000
136681  -22.709  -16.835  -27.004 1.0000000000
136684  -22.240  -16.534  -27.181 1.0000000000
136685  -21.888  -16.225  -27.372 1.0000000000
136686  -21.590  -15.904  -27.600 1.0000000000
136687  -21.358  -15.649  -27.767 1.0000000000
136688  -22.454  -19.138  -25.702 1.0000000000
136689  -22.229  -18.557  -26.094 1.0000000000
136690  -22.074  -17.930  -26.466 1.0000000000
136691  -21.853  -17.996  -26.512 1.0000000000
136692  -21.786  -17.603  -26.685 1.0000000000
136693  -21.774  -17.366  -26.841 1.0000000000
136694  -21.595  -16.677  -27.260 1.0000000000
136695  -21.411  -16.072  -27.583 1.0000000000
136696  -21.203  -15.458  -27.938 1.0000000000
136697  -21.149  -15.357  -28.135 1.0000000000
136698  -21.081  -15.206  -28.347 1.0000000000
136699  -20.984  -15.103  -28.535 1.0000000000
136700  -21.181  -16.093  -28.001 1.0000000000
136701  -21.021  -15.528  -28.419 1.0000000000
136702  -20.811  -14.950  -28.729 1.0000000000
136703  -20.777  -14.794  -28.895 1.0000000000
136704  -20.891  -14.719  -29.132 1.0000000000
136705  -21.024  -14.622  -29.421 1.0000000000
136706  -21.337  -14.583  -29.842 1.0000000000
136707  -21.169  -15.050  -29.314 1.0000000000
136708  -21.381  -15.590  -29.295 1.0000000000
136709  -21.537  -16.032  -29.158 1.0000000000
136710  -21.217  -16.579  -28.399 1.0000000000
136711  -21.397  -16.520  -28.713 1.0000000000
136712  -21.779  -16.542  -29.148 1.0000000000
136713  -22.002  -17.055  -29.051 1.0000000000
136714  -22.257  -17.639  -29.028 1.0000000000
136715  -22.558  -18.165  -29.018 1.0000000000
136716  -21.593  -18.560  -26.945 1.0000000000
136717  -21.617  -18.481  -27.146 1.0000000000
136718  -21.724  -18.454  -27.396 1.0000000000
136719  -21.804  -19.376  -26.989 1.0000000000
136720  -21.803  -18.901  -27.268 1.0000000000
136721  -21.725  -18.465  -27.741 1.0000000000
136722  -21.920  -18.502  -28.105 1.0000000000
136723  -22.369  -18.658  -28.601 1.0000000000
136724  -22.952  -18.780  -29.077 1.0000000000
136725  -23.125  -19.274  -28.909 1.0000000000
136726  -23.394  -19.807  -28.832 1.0000000000
136727  -23.895  -20.448  -28.903 1.0000000000
136728  -22.883  -20.500  -27.668 1.0000000000
136729  -23.298  -20.698  -28.175 1.0000000000
136730  -23.868  -20.880  -28.595 1.0000000000
143362  -23.040  -21.324  -24.196 1.0000000000
143366  -22.814  -21.821  -23.823 1.0000000000
143368  -22.659  -22.309  -23.441 1.0000000000
160794  -21.937  -15.203  -27.909 1.0000000000
160796  -22.116  -14.490  -28.290 1.0000000000
160797  -21.776  -13.773  -28.572 1.0000000000
160798  -21.483  -13.067  -28.924 1.0000000000
160799  -21.150  -12.383  -29.340 1.0000000000
160800  -20.866  -13.904  -28.594 1.0000000000
160801  -20.731  -13.519  -28.723 1.0000000000
160802  -20.672  -13.131  -28.897 1.0000000000
160803  -20.442  -12.244  -29.404 1.0000000000
160804  -20.540  -12.442  -29.226 1.0000000000
160805  -20.690  -12.737  -29.065 1.0000000000
160806  -20.801  -12.376  -29.287 1.0000000000
160807  -20.906  -12.070  -29.490 1.0000000000
160808  -21.035  -11.724  -29.698 1.0000000000
160809  -20.971  -11.133  -30.029 1.0000000000
160810  -21.059  -10.599  -30.427 1.0000000000
160812  -21.002  -10.065  -30.832 1.0000000000
160813  -21.220  -9.702  -31.136 1.0000000000
160814  -21.408  -9.457  -31.359 1.0000000000
160815  -21.676  -9.119  -31.726 1.0000000000
160827  -21.353  -10.223  -31.643 1.0000000000
160828  -21.670  -9.806  -32.048 1.0000000000
160829  -21.972  -9.422  -32.552 1.0000000000
160832  -22.199  -9.056  -33.074 1.0000000000
160872  -21.666  -14.487  -30.238 1.0000000000
160873  -22.206  -14.532  -30.728 1.0000000000
160874  -23.086  -14.742  -31.417 1.0000000000
160875  -22.979  -15.745  -30.762 1.0000000000
160876  -23.456  -15.293  -31.317 1.0000000000
160877  -24.081  -14.926  -32.013 1.0000000000
160881  -24.501  -18.053  -30.541 1.0000000000
160882  -25.073  -17.627  -31.177 1.0000000000
160883  -25.669  -17.187  -31.725 1.0000000000
160884  -27.248  -17.809  -31.883 1.0000000000
160885  -26.848  -17.285  -32.023 1.0000000000
160886  -26.438  -16.761  -32.206 1.0000000000
160887  -27.292  -16.316  -32.638 1.0000000000
163680  -22.425  -22.759  -23.150 1.0000000000
163761  -22.299  -22.544  -23.442 1.0000000000
163762  -22.202  -22.380  -23.721 1.0000000000
163769  -21.947  -21.651  -25.154 1.0000000000
163770  -21.986  -21.644  -25.372 1.0000000000
163774  -22.060  -23.678  -24.425 1.0000000000
163777  -22.053  -22.433  -25.055 1.0000000000
163778  -22.112  -22.047  -25.272 1.0000000000
163779  -22.131  -21.724  -25.590 1.0000000000
163780  -22.296  -21.861  -25.847 1.0000000000
163781  -22.433  -22.050  -26.218 1.0000000000
163782  -22.797  -22.278  -26.597 1.0000000000
