#!ascii label  , from subject 40tvs8ref_sym_20 vox2ras=TkReg
493
546  -62.247  -41.448  17.503 1.0000000000
547  -64.221  -36.266  12.187 1.0000000000
1206  -56.942  -41.926  21.061 1.0000000000
1207  -57.449  -39.695  17.024 1.0000000000
1208  -63.150  -38.921  14.649 1.0000000000
1209  -57.946  -37.478  14.340 1.0000000000
2281  -65.717  -43.195  14.334 1.0000000000
2282  -66.921  -40.305  11.472 1.0000000000
3125  -52.054  -40.162  18.947 1.0000000000
3126  -54.719  -40.360  18.983 1.0000000000
3127  -54.915  -39.220  17.075 1.0000000000
3128  -57.672  -38.663  15.712 1.0000000000
5058  -59.493  -41.642  19.070 1.0000000000
5060  -61.854  -42.495  19.442 1.0000000000
5062  -63.847  -43.127  17.664 1.0000000000
5063  -65.075  -44.536  15.785 1.0000000000
5064  -64.451  -41.954  16.166 1.0000000000
5065  -63.714  -37.623  13.385 1.0000000000
5066  -65.881  -39.254  13.596 1.0000000000
5067  -66.587  -37.884  12.405 1.0000000000
5068  -67.384  -38.824  10.046 1.0000000000
5069  -67.208  -36.328  11.080 1.0000000000
6780  -57.122  -40.930  18.835 1.0000000000
6781  -59.913  -40.426  17.035 1.0000000000
6782  -62.674  -40.177  15.976 1.0000000000
6783  -60.235  -39.240  15.694 1.0000000000
6784  -60.598  -38.027  14.481 1.0000000000
6785  -61.041  -36.779  13.202 1.0000000000
9406  -65.212  -40.598  14.859 1.0000000000
9407  -66.357  -41.803  12.879 1.0000000000
10805  -52.055  -39.597  17.975 1.0000000000
10806  -53.448  -39.718  17.977 1.0000000000
10807  -53.523  -39.080  17.048 1.0000000000
10808  -54.922  -38.713  16.326 1.0000000000
12738  -60.883  -41.459  18.263 1.0000000000
12739  -60.721  -41.981  19.262 1.0000000000
12740  -62.023  -42.032  18.489 1.0000000000
12741  -62.876  -42.756  18.599 1.0000000000
12742  -63.149  -42.195  17.622 1.0000000000
12743  -64.112  -42.577  16.897 1.0000000000
12744  -63.406  -41.590  16.864 1.0000000000
12745  -63.943  -36.964  12.760 1.0000000000
12746  -65.252  -37.642  12.928 1.0000000000
12747  -65.576  -36.909  12.333 1.0000000000
12748  -66.929  -37.138  11.734 1.0000000000
12749  -65.854  -36.171  11.761 1.0000000000
15138  -56.102  -40.000  17.965 1.0000000000
15139  -55.953  -40.598  18.941 1.0000000000
15140  -57.305  -40.327  17.904 1.0000000000
15141  -58.466  -40.694  17.901 1.0000000000
15142  -58.680  -40.060  16.967 1.0000000000
15143  -60.114  -39.849  16.336 1.0000000000
15144  -58.850  -39.487  16.280 1.0000000000
15145  -57.817  -38.097  15.055 1.0000000000
15146  -59.164  -38.342  15.084 1.0000000000
15147  -59.369  -37.746  14.458 1.0000000000
15148  -60.833  -37.455  13.881 1.0000000000
15149  -59.507  -37.114  13.751 1.0000000000
20950  -65.388  -43.858  15.046 1.0000000000
20952  -65.363  -44.475  14.017 1.0000000000
20954  -65.688  -43.779  13.217 1.0000000000
20955  -62.889  -39.540  15.297 1.0000000000
20956  -64.018  -40.254  15.485 1.0000000000
20957  -64.328  -39.619  14.817 1.0000000000
20958  -66.754  -39.764  12.698 1.0000000000
20959  -66.381  -40.498  13.340 1.0000000000
20960  -66.667  -41.025  12.169 1.0000000000
20961  -66.095  -42.128  11.747 1.0000000000
20962  -66.294  -41.320  11.058 1.0000000000
20964  -66.484  -40.611  10.360 1.0000000000
20965  -67.498  -37.997  9.305 1.0000000000
24059  -53.412  -40.268  18.961 1.0000000000
24060  -54.843  -39.833  18.007 1.0000000000
24061  -56.210  -39.395  17.081 1.0000000000
24062  -57.559  -39.167  16.347 1.0000000000
24063  -56.317  -38.907  16.376 1.0000000000
24064  -56.363  -38.410  15.638 1.0000000000
24065  -56.440  -37.827  14.904 1.0000000000
27536  -58.192  -41.778  19.975 1.0000000000
27537  -58.114  -42.199  21.077 1.0000000000
27538  -59.414  -42.077  20.098 1.0000000000
27539  -60.626  -42.406  20.293 1.0000000000
27543  -63.466  -43.704  18.564 1.0000000000
27544  -64.264  -44.347  17.543 1.0000000000
27545  -64.764  -45.163  16.563 1.0000000000
27546  -64.625  -43.780  16.766 1.0000000000
27547  -64.940  -43.161  16.019 1.0000000000
27548  -65.284  -42.517  15.321 1.0000000000
27549  -63.448  -38.290  14.013 1.0000000000
27550  -64.623  -38.955  14.193 1.0000000000
27551  -64.950  -38.284  13.606 1.0000000000
27552  -66.245  -38.586  13.012 1.0000000000
27553  -67.075  -39.074  12.023 1.0000000000
27554  -67.159  -39.559  10.790 1.0000000000
27555  -67.365  -38.344  11.347 1.0000000000
27556  -67.670  -37.582  10.640 1.0000000000
27557  -67.848  -36.767  9.892 1.0000000000
31178  -54.606  -40.860  20.030 1.0000000000
31179  -55.863  -41.128  19.988 1.0000000000
31180  -57.061  -41.427  19.891 1.0000000000
31181  -58.276  -41.262  18.893 1.0000000000
31182  -59.668  -41.067  18.023 1.0000000000
31183  -61.125  -40.862  17.212 1.0000000000
31184  -62.455  -40.847  16.689 1.0000000000
31185  -61.304  -40.286  16.483 1.0000000000
31186  -61.483  -39.667  15.817 1.0000000000
31187  -61.697  -39.049  15.146 1.0000000000
31188  -58.953  -38.903  15.667 1.0000000000
31189  -60.396  -38.634  15.094 1.0000000000
31190  -61.850  -38.404  14.503 1.0000000000
31191  -62.110  -37.795  13.898 1.0000000000
31192  -62.370  -37.172  13.262 1.0000000000
31193  -62.657  -36.496  12.611 1.0000000000
38458  -63.752  -40.911  16.172 1.0000000000
38459  -64.825  -41.294  15.487 1.0000000000
38460  -65.639  -41.843  14.666 1.0000000000
38461  -65.541  -39.937  14.250 1.0000000000
38462  -65.990  -41.198  14.019 1.0000000000
38463  -66.066  -42.510  13.613 1.0000000000
38464  -65.901  -42.978  12.499 1.0000000000
38481  -58.012  -36.809  13.552 1.0000000000
38482  -59.634  -36.377  12.991 1.0000000000
38483  -61.264  -36.034  12.443 1.0000000000
38484  -62.922  -35.729  11.960 1.0000000000
41525  -52.083  -39.297  17.487 1.0000000000
41526  -52.770  -39.356  17.508 1.0000000000
43458  -61.580  -41.431  17.883 1.0000000000
43459  -61.483  -41.735  18.405 1.0000000000
43460  -62.131  -41.749  17.996 1.0000000000
43461  -62.621  -42.085  18.062 1.0000000000
43462  -62.724  -41.806  17.562 1.0000000000
43463  -63.295  -41.891  17.233 1.0000000000
43464  -62.827  -41.500  17.181 1.0000000000
43465  -64.047  -36.620  12.450 1.0000000000
43466  -64.736  -36.893  12.570 1.0000000000
43467  -64.909  -36.554  12.277 1.0000000000
43468  -65.749  -36.531  12.042 1.0000000000
43469  -65.052  -36.186  12.022 1.0000000000
45858  -56.795  -39.827  17.480 1.0000000000
45859  -56.717  -40.146  17.928 1.0000000000
45860  -57.390  -40.013  17.451 1.0000000000
45861  -57.994  -40.195  17.416 1.0000000000
45862  -58.050  -39.889  16.985 1.0000000000
45863  -58.767  -39.776  16.624 1.0000000000
45864  -58.151  -39.598  16.631 1.0000000000
45865  -57.888  -37.799  14.704 1.0000000000
45866  -58.568  -37.931  14.747 1.0000000000
45867  -58.656  -37.616  14.419 1.0000000000
45868  -59.435  -37.442  14.120 1.0000000000
45869  -58.718  -37.294  14.048 1.0000000000
51670  -65.549  -43.532  14.683 1.0000000000
51671  -65.441  -44.167  14.539 1.0000000000
51672  -65.609  -43.833  14.131 1.0000000000
51673  -65.508  -44.104  13.630 1.0000000000
51674  -65.743  -43.495  13.767 1.0000000000
51675  -62.984  -39.227  14.976 1.0000000000
51676  -63.645  -39.537  15.052 1.0000000000
51677  -63.766  -39.238  14.732 1.0000000000
51678  -66.960  -40.054  12.092 1.0000000000
51679  -66.784  -40.425  12.438 1.0000000000
51680  -66.827  -40.673  11.821 1.0000000000
51681  -66.573  -41.241  11.592 1.0000000000
51682  -66.676  -40.873  11.224 1.0000000000
51683  -66.377  -40.949  10.702 1.0000000000
51684  -66.753  -40.489  10.888 1.0000000000
51685  -67.529  -37.613  8.942 1.0000000000
51686  -67.122  -38.123  8.727 1.0000000000
55455  -52.015  -40.423  19.471 1.0000000000
55456  -52.687  -40.462  19.485 1.0000000000
55457  -52.731  -40.216  18.956 1.0000000000
55458  -54.185  -39.459  17.518 1.0000000000
55459  -54.161  -39.770  17.994 1.0000000000
55460  -54.871  -39.531  17.530 1.0000000000
55461  -55.512  -39.614  17.542 1.0000000000
55462  -55.569  -39.289  17.071 1.0000000000
55463  -56.265  -39.157  16.725 1.0000000000
55464  -55.610  -39.055  16.721 1.0000000000
55466  -55.646  -38.562  15.976 1.0000000000
55468  -56.377  -38.141  15.269 1.0000000000
61253  -58.829  -41.709  19.490 1.0000000000
61254  -58.793  -41.930  20.023 1.0000000000
61255  -59.462  -41.866  19.573 1.0000000000
61256  -61.316  -42.208  19.375 1.0000000000
61257  -60.674  -42.204  19.786 1.0000000000
61258  -61.259  -42.418  19.866 1.0000000000
61259  -61.213  -42.599  20.316 1.0000000000
61260  -61.824  -42.682  19.877 1.0000000000
61262  -62.293  -42.841  19.469 1.0000000000
61263  -63.361  -42.922  18.150 1.0000000000
61264  -63.207  -43.181  18.609 1.0000000000
61265  -63.642  -43.424  18.122 1.0000000000
61266  -63.869  -44.001  18.068 1.0000000000
61267  -64.102  -43.695  17.601 1.0000000000
61268  -64.465  -44.065  17.145 1.0000000000
61269  -64.251  -43.444  17.218 1.0000000000
61270  -64.289  -42.260  16.527 1.0000000000
61271  -64.554  -42.845  16.466 1.0000000000
61272  -64.728  -42.519  16.111 1.0000000000
61273  -65.136  -42.839  15.661 1.0000000000
61274  -64.919  -42.171  15.763 1.0000000000
61275  -63.570  -37.966  13.701 1.0000000000
61276  -64.199  -38.268  13.803 1.0000000000
61277  -64.342  -37.955  13.469 1.0000000000
61278  -65.960  -37.727  12.705 1.0000000000
61279  -65.797  -38.072  13.034 1.0000000000
61280  -66.422  -38.243  12.720 1.0000000000
61281  -66.787  -38.799  12.599 1.0000000000
61282  -66.917  -38.456  12.245 1.0000000000
61283  -67.246  -38.707  11.684 1.0000000000
61284  -67.057  -38.091  11.931 1.0000000000
61285  -67.062  -36.747  11.404 1.0000000000
61286  -67.362  -37.335  11.228 1.0000000000
61287  -67.541  -36.926  10.916 1.0000000000
61288  -67.734  -37.173  10.270 1.0000000000
61289  -67.637  -36.526  10.539 1.0000000000
68453  -54.025  -40.542  19.491 1.0000000000
68454  -53.968  -40.780  20.049 1.0000000000
68455  -54.650  -40.620  19.507 1.0000000000
68456  -56.532  -40.769  18.910 1.0000000000
68457  -55.895  -40.873  19.469 1.0000000000
68458  -56.489  -41.038  19.410 1.0000000000
68459  -56.461  -41.283  19.939 1.0000000000
68460  -57.088  -41.184  19.364 1.0000000000
68461  -57.679  -41.348  19.371 1.0000000000
68462  -57.714  -41.081  18.856 1.0000000000
68463  -59.182  -40.569  17.453 1.0000000000
68464  -59.053  -40.876  17.945 1.0000000000
68465  -59.787  -40.747  17.510 1.0000000000
68466  -60.418  -40.951  17.608 1.0000000000
68467  -60.519  -40.628  17.112 1.0000000000
68468  -61.228  -40.571  16.834 1.0000000000
68469  -60.596  -40.352  16.747 1.0000000000
68470  -60.161  -39.559  16.015 1.0000000000
68471  -60.786  -39.763  16.071 1.0000000000
68472  -60.861  -39.465  15.737 1.0000000000
68473  -61.559  -39.374  15.478 1.0000000000
68474  -60.944  -39.141  15.418 1.0000000000
68475  -57.586  -38.922  16.027 1.0000000000
68476  -58.248  -39.036  15.968 1.0000000000
68477  -58.322  -38.774  15.682 1.0000000000
68478  -59.898  -38.182  14.785 1.0000000000
68479  -59.779  -38.475  15.092 1.0000000000
68480  -60.498  -38.337  14.795 1.0000000000
68481  -61.146  -38.521  14.800 1.0000000000
68482  -61.222  -38.202  14.500 1.0000000000
68483  -61.968  -38.097  14.207 1.0000000000
68484  -61.340  -37.898  14.195 1.0000000000
68485  -60.942  -37.126  13.539 1.0000000000
68486  -61.602  -37.304  13.568 1.0000000000
68487  -61.730  -36.976  13.231 1.0000000000
68488  -62.506  -36.838  12.927 1.0000000000
68489  -61.845  -36.632  12.893 1.0000000000
85846  -58.720  -42.332  21.094 1.0000000000
85890  -64.955  -44.869  16.149 1.0000000000
85892  -65.007  -45.234  15.694 1.0000000000
85905  -62.565  -40.513  16.333 1.0000000000
85906  -63.103  -40.855  16.441 1.0000000000
85907  -63.224  -40.513  16.098 1.0000000000
85908  -64.646  -40.400  15.184 1.0000000000
85909  -64.519  -40.712  15.512 1.0000000000
85910  -65.025  -40.942  15.165 1.0000000000
85911  -65.276  -41.552  15.102 1.0000000000
85912  -65.460  -41.217  14.781 1.0000000000
85913  -65.301  -39.073  13.939 1.0000000000
85914  -65.129  -39.421  14.244 1.0000000000
85915  -65.718  -39.598  13.904 1.0000000000
85916  -66.436  -41.166  13.118 1.0000000000
85917  -66.165  -40.849  13.673 1.0000000000
85918  -66.250  -41.521  13.465 1.0000000000
85919  -66.102  -41.855  13.820 1.0000000000
85920  -66.222  -42.166  13.234 1.0000000000
85921  -66.052  -42.808  13.037 1.0000000000
85922  -66.183  -42.422  12.661 1.0000000000
85923  -65.741  -42.168  11.248 1.0000000000
85935  -67.289  -39.193  10.412 1.0000000000
85937  -67.049  -39.371  9.803 1.0000000000
85966  -58.816  -36.590  13.267 1.0000000000
85971  -62.074  -35.900  12.162 1.0000000000
93176  -51.326  -39.831  18.444 1.0000000000
93177  -52.046  -39.885  18.459 1.0000000000
93178  -52.740  -39.956  18.446 1.0000000000
93179  -52.743  -39.662  17.972 1.0000000000
93180  -53.461  -39.410  17.503 1.0000000000
93181  -54.237  -39.144  17.059 1.0000000000
93182  -54.918  -38.972  16.709 1.0000000000
93183  -54.230  -38.878  16.667 1.0000000000
96656  -60.175  -41.557  18.658 1.0000000000
96657  -60.117  -41.812  19.171 1.0000000000
96658  -60.793  -41.764  18.788 1.0000000000
96659  -61.377  -42.005  18.902 1.0000000000
96660  -61.926  -42.281  18.967 1.0000000000
96661  -62.361  -42.613  19.005 1.0000000000
96662  -62.486  -42.374  18.554 1.0000000000
96663  -63.033  -42.487  18.142 1.0000000000
96664  -63.520  -42.631  17.680 1.0000000000
96665  -63.971  -42.873  17.269 1.0000000000
96666  -63.647  -42.346  17.285 1.0000000000
96667  -63.793  -42.054  16.899 1.0000000000
96668  -63.969  -41.751  16.539 1.0000000000
96669  -63.832  -37.288  13.073 1.0000000000
96670  -64.483  -37.627  13.157 1.0000000000
96671  -64.614  -37.257  12.860 1.0000000000
96672  -65.400  -37.267  12.630 1.0000000000
96673  -66.152  -37.373  12.388 1.0000000000
96674  -66.747  -37.526  12.059 1.0000000000
96675  -66.320  -37.008  12.079 1.0000000000
96676  -66.442  -36.619  11.777 1.0000000000
96677  -66.591  -36.214  11.474 1.0000000000
100976  -55.411  -40.179  18.474 1.0000000000
100977  -55.357  -40.452  18.954 1.0000000000
100978  -56.049  -40.279  18.414 1.0000000000
100979  -56.616  -40.470  18.415 1.0000000000
100980  -57.220  -40.632  18.364 1.0000000000
100981  -57.794  -40.807  18.361 1.0000000000
100982  -57.914  -40.503  17.860 1.0000000000
100983  -58.593  -40.383  17.414 1.0000000000
100984  -59.313  -40.250  16.974 1.0000000000
100985  -60.028  -40.144  16.673 1.0000000000
100986  -59.401  -39.955  16.638 1.0000000000
100987  -59.466  -39.666  16.303 1.0000000000
100988  -59.535  -39.367  15.980 1.0000000000
100989  -57.757  -38.390  15.388 1.0000000000
100990  -58.425  -38.515  15.392 1.0000000000
100991  -58.501  -38.229  15.069 1.0000000000
100992  -59.248  -38.056  14.768 1.0000000000
100993  -59.979  -37.878  14.458 1.0000000000
100994  -60.706  -37.738  14.173 1.0000000000
100995  -60.095  -37.591  14.160 1.0000000000
100996  -60.181  -37.295  13.833 1.0000000000
100997  -60.278  -36.935  13.470 1.0000000000
111438  -65.221  -44.215  15.426 1.0000000000
111440  -65.296  -44.512  14.936 1.0000000000
111442  -65.030  -45.056  13.983 1.0000000000
111444  -65.168  -44.657  13.581 1.0000000000
111445  -65.343  -44.283  13.185 1.0000000000
111446  -65.408  -43.856  12.812 1.0000000000
111447  -62.796  -39.827  15.623 1.0000000000
111448  -63.350  -40.175  15.745 1.0000000000
111449  -63.499  -39.858  15.387 1.0000000000
111450  -64.165  -39.938  15.149 1.0000000000
111451  -64.803  -40.080  14.887 1.0000000000
111452  -66.407  -39.481  13.216 1.0000000000
111453  -66.196  -39.839  13.493 1.0000000000
111454  -66.565  -40.144  13.023 1.0000000000
111455  -66.592  -40.783  12.780 1.0000000000
111456  -66.511  -41.391  12.524 1.0000000000
111457  -66.332  -42.001  12.282 1.0000000000
111458  -66.437  -41.601  11.945 1.0000000000
111459  -66.206  -41.744  11.402 1.0000000000
111460  -65.792  -41.734  10.929 1.0000000000
111462  -65.895  -41.331  10.591 1.0000000000
111465  -67.434  -38.408  9.680 1.0000000000
111466  -67.101  -38.966  9.413 1.0000000000
111467  -67.116  -38.544  9.066 1.0000000000
117576  -53.376  -40.489  19.474 1.0000000000
117577  -54.081  -40.300  18.945 1.0000000000
117578  -53.438  -40.016  18.470 1.0000000000
117579  -54.133  -40.058  18.477 1.0000000000
117580  -54.782  -40.108  18.487 1.0000000000
117581  -55.449  -39.906  18.018 1.0000000000
117582  -56.135  -39.711  17.535 1.0000000000
117583  -56.838  -39.524  17.062 1.0000000000
117584  -57.519  -39.414  16.682 1.0000000000
117585  -56.893  -39.282  16.719 1.0000000000
117586  -56.928  -39.042  16.383 1.0000000000
117587  -56.979  -38.792  16.030 1.0000000000
117588  -55.618  -38.815  16.362 1.0000000000
117589  -56.344  -38.668  16.004 1.0000000000
117590  -57.054  -38.524  15.692 1.0000000000
117591  -57.070  -38.260  15.349 1.0000000000
117592  -57.141  -37.964  14.984 1.0000000000
117593  -57.206  -37.654  14.625 1.0000000000
125690  -57.544  -41.835  20.497 1.0000000000
125691  -57.516  -42.065  21.070 1.0000000000
125692  -58.130  -41.999  20.529 1.0000000000
125693  -58.738  -42.142  20.578 1.0000000000
125694  -59.347  -42.293  20.632 1.0000000000
125695  -60.075  -42.025  19.678 1.0000000000
125696  -60.028  -42.237  20.210 1.0000000000
125698  -60.587  -42.571  20.774 1.0000000000
125707  -63.302  -43.974  18.981 1.0000000000
125711  -64.565  -45.471  16.957 1.0000000000
125712  -64.574  -44.745  17.054 1.0000000000
125713  -64.749  -44.458  16.658 1.0000000000
125714  -64.878  -44.141  16.268 1.0000000000
125715  -64.398  -43.154  16.842 1.0000000000
125716  -64.746  -43.468  16.378 1.0000000000
125717  -65.023  -43.825  15.904 1.0000000000
125718  -65.219  -43.525  15.543 1.0000000000
125719  -65.398  -43.206  15.198 1.0000000000
125720  -65.562  -42.875  14.852 1.0000000000
125721  -63.296  -38.600  14.329 1.0000000000
125722  -63.907  -38.908  14.424 1.0000000000
125723  -64.065  -38.561  14.110 1.0000000000
125724  -64.796  -38.610  13.903 1.0000000000
125725  -65.457  -38.735  13.642 1.0000000000
125726  -65.083  -37.991  13.261 1.0000000000
125727  -65.632  -38.399  13.339 1.0000000000
125728  -66.083  -38.914  13.327 1.0000000000
125729  -66.575  -39.151  12.892 1.0000000000
125730  -66.963  -39.414  12.383 1.0000000000
125731  -67.069  -39.695  11.756 1.0000000000
125732  -67.032  -39.939  11.136 1.0000000000
125733  -67.228  -39.347  11.418 1.0000000000
125734  -67.333  -38.967  11.073 1.0000000000
125735  -67.458  -38.602  10.720 1.0000000000
125736  -67.239  -37.709  11.589 1.0000000000
125737  -67.488  -37.965  10.993 1.0000000000
125738  -67.588  -38.234  10.360 1.0000000000
125739  -67.657  -37.811  9.981 1.0000000000
125740  -67.776  -37.427  9.609 1.0000000000
125741  -67.794  -37.044  9.208 1.0000000000
135094  -54.596  -41.097  20.576 1.0000000000
135095  -55.277  -40.716  19.480 1.0000000000
135096  -55.243  -40.980  20.015 1.0000000000
135097  -55.213  -41.228  20.587 1.0000000000
135100  -56.972  -41.671  20.489 1.0000000000
135101  -57.627  -41.614  19.938 1.0000000000
135102  -58.247  -41.539  19.430 1.0000000000
135103  -58.876  -41.456  18.970 1.0000000000
135104  -58.354  -40.992  18.401 1.0000000000
135105  -58.933  -41.175  18.448 1.0000000000
135106  -59.542  -41.378  18.545 1.0000000000
135107  -60.281  -41.262  18.133 1.0000000000
135108  -61.008  -41.165  17.744 1.0000000000
135109  -61.724  -41.112  17.384 1.0000000000
135110  -62.335  -41.151  17.081 1.0000000000
135111  -61.808  -40.842  16.957 1.0000000000
135112  -61.906  -40.533  16.577 1.0000000000
135113  -62.005  -40.216  16.222 1.0000000000
135114  -60.704  -40.065  16.402 1.0000000000
135115  -61.409  -39.959  16.158 1.0000000000
135116  -62.093  -39.896  15.888 1.0000000000
135117  -62.142  -39.592  15.549 1.0000000000
135118  -62.261  -39.280  15.220 1.0000000000
135119  -62.406  -38.964  14.891 1.0000000000
135120  -58.209  -39.316  16.302 1.0000000000
135121  -58.891  -39.195  15.957 1.0000000000
135122  -59.581  -39.058  15.673 1.0000000000
135123  -59.053  -38.620  15.393 1.0000000000
135124  -59.635  -38.755  15.399 1.0000000000
135125  -60.295  -38.924  15.389 1.0000000000
135126  -61.060  -38.821  15.099 1.0000000000
135127  -61.797  -38.731  14.830 1.0000000000
135128  -62.532  -38.636  14.556 1.0000000000
135129  -62.639  -38.332  14.252 1.0000000000
135130  -62.777  -38.014  13.947 1.0000000000
135131  -62.913  -37.687  13.630 1.0000000000
135132  -61.466  -37.615  13.885 1.0000000000
135133  -62.224  -37.483  13.579 1.0000000000
135134  -63.033  -37.377  13.312 1.0000000000
135135  -63.148  -37.051  12.970 1.0000000000
135136  -63.290  -36.721  12.669 1.0000000000
135137  -63.451  -36.375  12.368 1.0000000000
156334  -62.944  -41.184  16.800 1.0000000000
156335  -63.584  -41.262  16.515 1.0000000000
156336  -64.125  -41.422  16.187 1.0000000000
156337  -63.876  -40.581  15.821 1.0000000000
156338  -64.312  -41.064  15.842 1.0000000000
156339  -64.619  -41.620  15.821 1.0000000000
156340  -65.084  -41.876  15.418 1.0000000000
156341  -65.477  -42.165  14.990 1.0000000000
156342  -65.730  -42.512  14.513 1.0000000000
156343  -64.490  -39.283  14.497 1.0000000000
156344  -64.974  -39.752  14.564 1.0000000000
156345  -65.346  -40.282  14.550 1.0000000000
156346  -65.990  -40.200  13.822 1.0000000000
156347  -65.793  -40.521  14.197 1.0000000000
156348  -65.624  -40.880  14.466 1.0000000000
156349  -65.817  -41.519  14.332 1.0000000000
156350  -65.932  -42.171  14.174 1.0000000000
156351  -65.880  -42.848  13.975 1.0000000000
156352  -65.905  -43.158  13.404 1.0000000000
156353  -65.772  -43.358  12.873 1.0000000000
156355  -66.027  -42.565  12.092 1.0000000000
156370  -66.865  -40.113  10.534 1.0000000000
156395  -56.457  -37.505  14.509 1.0000000000
156404  -57.238  -36.986  13.847 1.0000000000
156405  -57.977  -37.150  13.948 1.0000000000
156406  -58.768  -36.968  13.650 1.0000000000
156407  -59.568  -36.744  13.369 1.0000000000
156408  -60.373  -36.552  13.094 1.0000000000
156409  -59.724  -36.007  12.601 1.0000000000
156410  -60.460  -36.185  12.728 1.0000000000
156411  -61.163  -36.407  12.830 1.0000000000
156412  -61.971  -36.270  12.554 1.0000000000
156413  -62.793  -36.136  12.283 1.0000000000
156414  -63.569  -35.992  12.053 1.0000000000
156440  -63.706  -35.587  11.724 1.0000000000
156441  -64.367  -35.878  11.857 1.0000000000
156444  -66.748  -35.795  11.155 1.0000000000
156448  -67.758  -36.125  10.173 1.0000000000
156449  -67.908  -36.390  9.504 1.0000000000
