#!ascii label  , from subject 40tvs8ref_sym_20 vox2ras=TkReg
564
117  -26.528  25.779  -16.153 1.0000000000
322  -18.954  26.499  -21.707 1.0000000000
515  -23.931  36.640  -13.269 1.0000000000
1130  -24.222  41.950  -13.458 1.0000000000
1131  -21.596  38.200  -17.980 1.0000000000
1732  -20.875  25.770  -16.032 1.0000000000
1734  -20.083  19.467  -20.461 1.0000000000
2187  -23.782  30.759  -12.234 1.0000000000
2188  -21.145  32.382  -17.355 1.0000000000
2189  -18.650  33.328  -22.372 1.0000000000
3847  -19.600  26.300  -18.713 1.0000000000
3848  -20.427  22.724  -18.181 1.0000000000
3849  -19.040  22.907  -20.574 1.0000000000
4826  -26.201  38.212  -11.587 1.0000000000
4828  -25.420  35.644  -10.085 1.0000000000
4829  -25.904  32.636  -10.383 1.0000000000
4830  -23.167  33.864  -12.120 1.0000000000
4831  -21.585  31.739  -14.123 1.0000000000
4832  -22.289  34.669  -15.232 1.0000000000
4834  -19.962  35.910  -19.911 1.0000000000
6053  -17.894  22.897  -23.190 1.0000000000
6642  -24.771  39.049  -14.294 1.0000000000
6643  -23.273  37.215  -16.277 1.0000000000
6644  -22.697  40.164  -15.615 1.0000000000
7882  -23.593  25.520  -15.123 1.0000000000
7884  -22.803  22.776  -17.228 1.0000000000
7885  -22.117  19.829  -19.438 1.0000000000
7887  -18.543  19.247  -22.344 1.0000000000
9121  -29.553  31.731  -11.211 1.0000000000
9122  -27.247  30.124  -12.527 1.0000000000
9123  -25.205  27.976  -13.511 1.0000000000
9124  -22.212  28.378  -13.842 1.0000000000
9125  -20.509  29.125  -16.277 1.0000000000
9126  -20.157  29.585  -19.605 1.0000000000
9127  -22.028  35.301  -18.294 1.0000000000
9128  -20.649  32.675  -20.332 1.0000000000
9129  -19.251  29.845  -22.289 1.0000000000
11527  -19.338  26.414  -20.303 1.0000000000
11528  -19.307  24.657  -19.653 1.0000000000
11529  -18.913  24.713  -21.095 1.0000000000
12506  -24.962  37.429  -12.262 1.0000000000
12507  -25.717  37.031  -10.694 1.0000000000
12508  -24.416  36.203  -11.556 1.0000000000
12509  -24.184  34.793  -11.045 1.0000000000
12510  -23.398  35.335  -12.579 1.0000000000
12511  -22.500  34.353  -13.598 1.0000000000
12512  -23.046  35.700  -14.234 1.0000000000
14908  -25.608  41.348  -13.145 1.0000000000
14909  -25.671  39.904  -13.343 1.0000000000
14910  -24.591  40.512  -14.100 1.0000000000
14911  -23.827  39.627  -15.107 1.0000000000
14912  -23.385  41.085  -14.490 1.0000000000
17302  -22.119  25.571  -15.318 1.0000000000
17303  -23.163  24.201  -16.154 1.0000000000
17304  -21.801  24.159  -16.381 1.0000000000
17305  -20.213  21.124  -19.293 1.0000000000
17306  -21.261  21.175  -18.592 1.0000000000
17307  -21.056  19.617  -19.809 1.0000000000
17311  -18.155  21.044  -22.751 1.0000000000
20245  -28.977  32.891  -9.804 1.0000000000
20246  -24.782  31.782  -11.318 1.0000000000
20247  -26.553  31.283  -11.322 1.0000000000
20248  -25.483  30.341  -12.070 1.0000000000
20249  -26.183  29.107  -13.028 1.0000000000
20250  -24.451  29.272  -12.711 1.0000000000
20251  -23.630  28.108  -13.377 1.0000000000
20252  -22.979  29.614  -13.003 1.0000000000
20253  -21.208  32.125  -15.661 1.0000000000
20254  -21.009  30.500  -15.148 1.0000000000
20255  -20.698  30.797  -16.731 1.0000000000
20256  -20.248  29.363  -17.894 1.0000000000
20257  -20.662  30.996  -18.454 1.0000000000
20258  -22.589  37.735  -17.260 1.0000000000
20259  -22.643  36.348  -17.284 1.0000000000
20260  -21.973  36.747  -18.305 1.0000000000
20261  -19.226  34.613  -21.090 1.0000000000
20262  -20.400  34.297  -20.178 1.0000000000
20263  -19.754  32.985  -21.348 1.0000000000
20264  -20.001  31.354  -21.350 1.0000000000
20265  -19.069  31.595  -22.408 1.0000000000
20266  -18.281  30.095  -23.391 1.0000000000
20267  -17.985  31.905  -23.550 1.0000000000
25357  -20.044  26.049  -17.217 1.0000000000
25358  -20.615  24.271  -17.068 1.0000000000
25359  -19.770  24.526  -18.256 1.0000000000
25360  -19.605  22.845  -19.278 1.0000000000
25361  -19.439  21.131  -20.281 1.0000000000
27121  -26.814  36.502  -9.379 1.0000000000
27122  -26.807  34.980  -9.167 1.0000000000
27123  -27.156  33.426  -9.585 1.0000000000
27124  -25.453  34.131  -9.942 1.0000000000
27125  -24.331  33.272  -10.926 1.0000000000
27126  -23.295  32.350  -12.039 1.0000000000
27127  -22.448  31.254  -12.948 1.0000000000
27128  -22.264  32.834  -13.218 1.0000000000
27129  -21.804  33.277  -14.646 1.0000000000
27130  -21.700  33.627  -16.278 1.0000000000
27132  -20.813  37.139  -18.931 1.0000000000
29482  -18.349  26.482  -22.940 1.0000000000
29483  -18.431  24.747  -22.464 1.0000000000
29484  -17.716  24.765  -23.673 1.0000000000
30857  -25.468  38.628  -13.008 1.0000000000
30858  -24.488  37.752  -13.897 1.0000000000
30859  -23.595  36.897  -14.857 1.0000000000
30860  -23.944  38.144  -15.271 1.0000000000
30861  -23.106  38.671  -16.199 1.0000000000
30862  -22.082  39.184  -16.786 1.0000000000
34012  -25.132  25.635  -15.413 1.0000000000
34014  -24.590  24.387  -16.447 1.0000000000
34015  -24.097  23.031  -17.454 1.0000000000
34017  -21.506  22.677  -17.465 1.0000000000
34018  -22.425  21.309  -18.303 1.0000000000
34023  -18.526  22.949  -21.935 1.0000000000
34024  -18.820  21.104  -21.491 1.0000000000
34025  -19.285  19.334  -21.342 1.0000000000
37584  -27.454  26.978  -15.620 1.0000000000
37606  -27.741  32.093  -10.499 1.0000000000
37607  -28.395  30.980  -11.913 1.0000000000
37608  -29.008  30.014  -13.358 1.0000000000
37609  -27.927  29.094  -13.815 1.0000000000
37610  -26.875  28.019  -14.189 1.0000000000
37611  -25.950  26.821  -14.703 1.0000000000
37612  -24.397  26.749  -14.197 1.0000000000
37613  -22.819  26.861  -14.243 1.0000000000
37614  -21.504  27.118  -14.824 1.0000000000
37615  -21.757  30.087  -13.850 1.0000000000
37616  -21.112  28.750  -14.861 1.0000000000
37617  -20.572  27.426  -16.012 1.0000000000
37618  -20.016  27.718  -17.484 1.0000000000
37619  -19.836  27.996  -19.095 1.0000000000
37620  -19.601  28.107  -20.706 1.0000000000
37621  -22.885  35.949  -15.843 1.0000000000
37622  -22.287  35.002  -16.858 1.0000000000
37623  -21.705  33.857  -17.970 1.0000000000
37624  -21.171  35.574  -19.227 1.0000000000
37625  -21.297  34.062  -19.317 1.0000000000
37626  -21.080  32.552  -19.027 1.0000000000
37627  -20.502  31.131  -20.063 1.0000000000
37628  -19.887  29.696  -21.053 1.0000000000
37629  -19.125  28.171  -22.003 1.0000000000
37630  -18.373  28.291  -23.181 1.0000000000
42247  -19.169  26.459  -21.032 1.0000000000
42248  -19.117  25.558  -20.717 1.0000000000
42249  -18.923  25.609  -21.401 1.0000000000
43226  -24.426  37.017  -12.729 1.0000000000
43227  -24.682  36.831  -11.884 1.0000000000
43228  -24.105  36.415  -12.388 1.0000000000
43229  -23.891  35.765  -12.065 1.0000000000
43230  -23.642  35.995  -12.911 1.0000000000
43231  -23.191  35.560  -13.418 1.0000000000
43232  -23.466  36.183  -13.746 1.0000000000
45626  -24.782  42.375  -12.998 1.0000000000
45627  -25.484  42.069  -12.848 1.0000000000
45628  -24.927  41.654  -13.326 1.0000000000
45629  -25.069  40.933  -13.601 1.0000000000
45630  -24.401  41.238  -13.808 1.0000000000
45631  -23.945  40.811  -14.296 1.0000000000
45632  -23.758  41.526  -13.982 1.0000000000
48022  -21.440  25.628  -15.609 1.0000000000
48023  -21.950  24.881  -15.852 1.0000000000
48024  -21.306  24.933  -16.125 1.0000000000
48025  -20.164  20.358  -19.875 1.0000000000
48026  -20.637  20.359  -19.515 1.0000000000
48027  -20.549  19.534  -20.088 1.0000000000
48028  -20.953  18.821  -20.376 1.0000000000
50964  -29.626  33.285  -9.518 1.0000000000
50966  -24.269  31.291  -11.796 1.0000000000
50967  -25.115  31.040  -11.674 1.0000000000
50968  -24.606  30.546  -12.027 1.0000000000
50969  -24.949  29.833  -12.414 1.0000000000
50970  -24.094  29.993  -12.439 1.0000000000
50971  -23.691  29.437  -12.784 1.0000000000
50972  -23.360  30.203  -12.599 1.0000000000
50973  -21.137  32.268  -16.483 1.0000000000
50974  -20.935  31.479  -16.170 1.0000000000
50975  -20.899  31.587  -17.026 1.0000000000
50976  -20.657  30.887  -17.591 1.0000000000
50977  -20.896  31.688  -17.892 1.0000000000
50978  -22.132  37.986  -17.628 1.0000000000
50979  -22.337  37.272  -17.796 1.0000000000
50980  -21.826  37.472  -18.164 1.0000000000
50981  -18.930  33.991  -21.730 1.0000000000
50982  -19.515  33.783  -21.237 1.0000000000
50983  -19.212  33.146  -21.838 1.0000000000
50984  -19.465  32.322  -21.892 1.0000000000
50985  -18.913  32.476  -22.399 1.0000000000
50986  -18.536  31.747  -22.961 1.0000000000
50987  -18.357  32.658  -22.978 1.0000000000
57622  -19.773  26.168  -17.939 1.0000000000
57623  -19.894  25.304  -17.734 1.0000000000
57624  -19.630  25.414  -18.471 1.0000000000
57625  -19.174  23.789  -20.120 1.0000000000
57626  -19.391  23.724  -19.405 1.0000000000
57627  -19.294  22.856  -19.900 1.0000000000
57628  -19.515  21.992  -19.765 1.0000000000
57629  -19.205  22.008  -20.374 1.0000000000
60558  -26.639  38.032  -10.882 1.0000000000
60559  -25.527  36.378  -10.286 1.0000000000
60560  -26.216  36.775  -9.982 1.0000000000
60561  -26.093  36.068  -9.682 1.0000000000
60562  -26.755  35.753  -9.209 1.0000000000
60563  -26.056  35.289  -9.524 1.0000000000
60564  -26.147  34.528  -9.539 1.0000000000
60565  -25.400  34.883  -9.959 1.0000000000
60566  -23.642  34.329  -11.531 1.0000000000
60567  -24.209  34.025  -10.889 1.0000000000
60568  -23.685  33.570  -11.463 1.0000000000
60569  -23.768  32.813  -11.457 1.0000000000
60570  -23.172  33.110  -12.017 1.0000000000
60571  -22.737  32.624  -12.569 1.0000000000
60572  -22.713  33.367  -12.675 1.0000000000
60573  -22.348  34.529  -14.412 1.0000000000
60574  -22.139  33.819  -14.138 1.0000000000
60575  -21.995  34.002  -14.898 1.0000000000
60576  -21.719  33.463  -15.439 1.0000000000
60577  -21.995  34.165  -15.749 1.0000000000
64822  -17.955  26.515  -23.544 1.0000000000
64823  -18.036  25.630  -23.300 1.0000000000
64824  -17.620  25.642  -23.908 1.0000000000
67766  -25.195  39.483  -13.813 1.0000000000
67767  -25.605  39.257  -13.237 1.0000000000
67768  -25.137  38.824  -13.681 1.0000000000
67769  -24.997  38.202  -13.426 1.0000000000
67770  -24.733  38.368  -14.197 1.0000000000
67771  -24.246  37.941  -14.624 1.0000000000
67772  -24.379  38.600  -14.802 1.0000000000
67773  -23.271  39.905  -15.368 1.0000000000
67774  -23.451  39.162  -15.638 1.0000000000
67775  -22.929  39.425  -15.950 1.0000000000
67776  -22.611  38.926  -16.509 1.0000000000
67777  -22.365  39.670  -16.188 1.0000000000
74947  -24.357  25.561  -15.220 1.0000000000
74948  -24.880  25.040  -15.909 1.0000000000
74949  -24.120  24.926  -15.714 1.0000000000
74950  -22.980  23.497  -16.688 1.0000000000
74951  -23.660  23.594  -16.786 1.0000000000
74952  -23.463  22.897  -17.291 1.0000000000
74955  -20.510  23.510  -17.621 1.0000000000
74956  -21.046  23.437  -17.212 1.0000000000
74957  -20.946  22.654  -17.765 1.0000000000
74958  -21.695  20.480  -18.955 1.0000000000
74959  -21.837  21.233  -18.390 1.0000000000
74960  -22.258  20.570  -18.862 1.0000000000
74962  -22.676  19.979  -19.427 1.0000000000
74964  -22.518  19.218  -19.940 1.0000000000
74970  -18.163  23.829  -22.829 1.0000000000
74971  -18.451  23.855  -22.193 1.0000000000
74972  -18.237  22.934  -22.574 1.0000000000
74973  -18.332  20.106  -22.539 1.0000000000
74974  -18.508  21.069  -22.110 1.0000000000
74975  -18.704  20.177  -21.917 1.0000000000
74976  -19.036  20.206  -21.393 1.0000000000
74977  -18.940  19.279  -21.858 1.0000000000
83775  -29.838  31.255  -11.986 1.0000000000
83776  -26.508  33.039  -9.962 1.0000000000
83777  -27.421  32.721  -9.971 1.0000000000
83778  -26.797  32.340  -10.368 1.0000000000
83779  -26.880  30.687  -11.886 1.0000000000
83780  -27.466  31.119  -11.567 1.0000000000
83781  -27.772  30.576  -12.236 1.0000000000
83782  -28.719  30.493  -12.659 1.0000000000
83783  -28.125  30.058  -12.909 1.0000000000
83784  -28.442  29.558  -13.586 1.0000000000
83785  -27.604  29.594  -13.138 1.0000000000
83786  -25.666  28.551  -13.265 1.0000000000
83787  -26.524  28.547  -13.566 1.0000000000
83788  -26.048  27.976  -13.805 1.0000000000
83789  -26.409  27.419  -14.430 1.0000000000
83790  -25.595  27.389  -14.078 1.0000000000
83791  -25.205  26.766  -14.372 1.0000000000
83792  -24.792  27.373  -13.840 1.0000000000
83793  -22.891  28.232  -13.542 1.0000000000
83794  -23.203  27.484  -13.777 1.0000000000
83795  -22.493  27.617  -13.965 1.0000000000
83796  -22.125  26.977  -14.462 1.0000000000
83797  -21.858  27.769  -14.318 1.0000000000
83798  -21.958  31.503  -13.485 1.0000000000
83799  -22.106  30.706  -13.406 1.0000000000
83800  -21.638  30.938  -13.967 1.0000000000
83801  -20.751  29.834  -15.700 1.0000000000
83802  -21.027  29.629  -14.990 1.0000000000
83803  -20.769  28.951  -15.541 1.0000000000
83804  -20.821  28.057  -15.413 1.0000000000
83805  -20.492  28.268  -16.098 1.0000000000
83806  -20.249  27.580  -16.720 1.0000000000
83807  -20.237  28.420  -16.833 1.0000000000
83808  -20.226  29.530  -18.766 1.0000000000
83809  -20.042  28.698  -18.504 1.0000000000
83810  -19.990  28.815  -19.352 1.0000000000
83811  -19.754  28.061  -19.955 1.0000000000
83812  -19.904  28.846  -20.185 1.0000000000
83813  -23.438  37.037  -15.593 1.0000000000
83814  -23.238  36.423  -15.371 1.0000000000
83815  -23.128  36.564  -16.108 1.0000000000
83816  -22.345  35.845  -17.788 1.0000000000
83817  -22.499  35.664  -17.087 1.0000000000
83818  -22.216  35.153  -17.625 1.0000000000
83819  -21.968  34.462  -17.407 1.0000000000
83820  -21.915  34.599  -18.192 1.0000000000
83821  -20.399  36.532  -19.387 1.0000000000
83822  -21.018  36.351  -19.086 1.0000000000
83823  -20.622  35.721  -19.536 1.0000000000
83824  -20.541  33.492  -20.299 1.0000000000
83825  -20.890  34.144  -19.814 1.0000000000
83826  -20.958  33.365  -19.821 1.0000000000
83827  -21.263  33.316  -19.237 1.0000000000
83828  -20.915  32.601  -19.728 1.0000000000
83829  -20.810  31.837  -19.549 1.0000000000
83830  -20.622  31.902  -20.248 1.0000000000
83831  -19.620  30.626  -21.820 1.0000000000
83832  -19.966  30.518  -21.220 1.0000000000
83833  -19.610  29.772  -21.696 1.0000000000
83834  -19.512  28.951  -21.537 1.0000000000
83835  -19.204  28.992  -22.144 1.0000000000
83836  -18.806  28.172  -22.600 1.0000000000
83837  -18.823  29.072  -22.705 1.0000000000
83839  -17.855  29.281  -23.890 1.0000000000
94477  -19.488  26.384  -19.514 1.0000000000
94478  -19.440  25.497  -19.211 1.0000000000
94479  -19.289  25.554  -19.958 1.0000000000
94480  -19.121  24.709  -20.377 1.0000000000
94481  -18.951  23.813  -20.813 1.0000000000
96238  -25.574  37.837  -11.891 1.0000000000
96239  -25.953  37.643  -11.113 1.0000000000
96240  -25.304  37.252  -11.469 1.0000000000
96241  -25.037  36.641  -11.091 1.0000000000
96242  -24.864  35.949  -10.776 1.0000000000
96243  -24.757  35.241  -10.540 1.0000000000
96244  -24.243  35.529  -11.267 1.0000000000
96245  -23.732  35.079  -11.776 1.0000000000
96246  -23.240  34.632  -12.303 1.0000000000
96247  -22.777  34.131  -12.834 1.0000000000
96248  -22.959  34.866  -13.103 1.0000000000
96249  -22.762  35.066  -13.921 1.0000000000
96250  -22.632  35.203  -14.725 1.0000000000
100563  -26.262  40.329  -12.946 1.0000000000
100564  -25.687  40.607  -13.347 1.0000000000
100565  -25.149  40.191  -13.775 1.0000000000
100566  -24.715  39.762  -14.281 1.0000000000
100567  -24.348  39.315  -14.787 1.0000000000
100568  -24.167  40.059  -14.562 1.0000000000
100569  -23.595  40.358  -14.788 1.0000000000
100570  -23.039  40.647  -15.033 1.0000000000
104872  -22.847  25.519  -15.158 1.0000000000
104873  -23.384  24.866  -15.647 1.0000000000
104874  -22.656  24.859  -15.689 1.0000000000
104875  -22.464  24.164  -16.216 1.0000000000
104876  -22.301  23.438  -16.739 1.0000000000
104877  -20.304  21.921  -18.728 1.0000000000
104878  -20.827  21.893  -18.321 1.0000000000
104879  -20.710  21.137  -18.901 1.0000000000
104880  -21.157  20.407  -19.198 1.0000000000
104881  -21.559  19.732  -19.533 1.0000000000
104883  -21.440  18.960  -20.144 1.0000000000
104886  -17.629  21.959  -23.542 1.0000000000
104887  -18.017  22.013  -22.951 1.0000000000
104889  -17.923  20.045  -23.138 1.0000000000
104890  -18.135  19.119  -22.939 1.0000000000
110169  -29.256  32.268  -10.466 1.0000000000
110170  -25.350  32.224  -10.858 1.0000000000
110171  -26.228  31.933  -10.819 1.0000000000
110172  -25.649  31.488  -11.229 1.0000000000
110173  -25.986  30.825  -11.709 1.0000000000
110174  -26.364  30.209  -12.243 1.0000000000
110175  -26.715  29.630  -12.777 1.0000000000
110176  -25.840  29.708  -12.538 1.0000000000
110177  -25.321  29.175  -12.792 1.0000000000
110178  -24.835  28.605  -13.084 1.0000000000
110179  -24.390  28.006  -13.359 1.0000000000
110180  -24.047  28.703  -13.033 1.0000000000
110181  -23.296  28.849  -13.114 1.0000000000
110182  -22.588  28.985  -13.402 1.0000000000
110183  -21.353  31.939  -14.864 1.0000000000
110184  -21.286  31.138  -14.611 1.0000000000
110185  -21.057  31.341  -15.361 1.0000000000
110186  -20.813  30.664  -15.898 1.0000000000
110187  -20.570  29.975  -16.488 1.0000000000
110188  -20.327  29.252  -17.053 1.0000000000
110189  -20.475  30.072  -17.322 1.0000000000
110190  -20.447  30.188  -18.170 1.0000000000
110191  -20.431  30.309  -19.025 1.0000000000
110192  -22.970  37.460  -16.837 1.0000000000
110193  -22.960  36.770  -16.781 1.0000000000
110194  -22.708  37.027  -17.367 1.0000000000
110195  -22.361  36.555  -17.851 1.0000000000
110196  -22.073  36.006  -18.367 1.0000000000
110197  -19.578  35.259  -20.477 1.0000000000
110198  -20.191  35.089  -20.058 1.0000000000
110199  -19.829  34.406  -20.612 1.0000000000
110200  -20.049  33.638  -20.757 1.0000000000
110201  -20.234  32.841  -20.847 1.0000000000
110202  -20.319  32.026  -20.850 1.0000000000
110203  -19.937  32.173  -21.383 1.0000000000
110204  -19.585  31.475  -21.880 1.0000000000
110205  -19.191  30.734  -22.365 1.0000000000
110206  -18.799  29.970  -22.812 1.0000000000
110207  -18.692  30.846  -22.892 1.0000000000
110208  -18.144  30.999  -23.489 1.0000000000
117258  -24.080  42.671  -13.162 1.0000000000
117259  -23.586  42.245  -13.628 1.0000000000
120607  -20.414  25.909  -16.583 1.0000000000
120608  -20.733  25.025  -16.523 1.0000000000
120609  -20.252  25.169  -17.058 1.0000000000
120610  -20.135  24.416  -17.581 1.0000000000
120611  -20.054  23.621  -18.144 1.0000000000
120612  -19.508  24.587  -18.935 1.0000000000
120613  -19.679  23.708  -18.760 1.0000000000
120614  -19.983  22.799  -18.694 1.0000000000
120615  -19.876  21.979  -19.213 1.0000000000
120616  -19.792  21.170  -19.743 1.0000000000
120617  -19.744  20.343  -20.308 1.0000000000
124720  -26.947  37.200  -9.756 1.0000000000
124724  -27.631  34.626  -8.959 1.0000000000
124725  -27.801  33.838  -9.206 1.0000000000
124726  -26.958  34.194  -9.297 1.0000000000
124727  -26.273  33.770  -9.654 1.0000000000
124728  -25.669  33.370  -10.115 1.0000000000
124729  -24.757  34.478  -10.418 1.0000000000
124730  -24.906  33.705  -10.419 1.0000000000
124731  -25.090  32.962  -10.543 1.0000000000
124732  -24.523  32.529  -11.066 1.0000000000
124733  -23.985  32.053  -11.606 1.0000000000
124734  -23.488  31.545  -12.089 1.0000000000
124735  -23.068  30.995  -12.534 1.0000000000
124736  -22.834  31.813  -12.488 1.0000000000
124737  -22.320  32.037  -13.040 1.0000000000
124738  -21.931  32.274  -13.673 1.0000000000
124739  -22.370  33.601  -13.384 1.0000000000
124740  -21.997  33.079  -13.916 1.0000000000
124741  -21.646  32.513  -14.392 1.0000000000
124742  -21.478  32.698  -15.172 1.0000000000
124743  -21.427  32.894  -15.978 1.0000000000
124744  -21.404  33.010  -16.827 1.0000000000
124745  -20.936  38.479  -18.239 1.0000000000
124746  -21.214  37.698  -18.467 1.0000000000
124749  -19.684  36.734  -19.734 1.0000000000
124752  -19.275  36.114  -20.325 1.0000000000
124753  -18.902  35.483  -20.951 1.0000000000
130492  -18.682  26.500  -22.338 1.0000000000
130493  -18.689  25.634  -22.080 1.0000000000
130494  -18.395  25.635  -22.702 1.0000000000
130495  -18.100  24.757  -23.086 1.0000000000
130496  -17.805  23.806  -23.431 1.0000000000
130498  -17.370  23.845  -24.036 1.0000000000
130499  -17.496  22.879  -23.775 1.0000000000
134222  -26.021  39.023  -12.607 1.0000000000
134223  -25.813  38.416  -12.293 1.0000000000
134224  -25.265  38.022  -12.656 1.0000000000
134225  -24.724  37.595  -13.080 1.0000000000
134226  -24.219  37.187  -13.582 1.0000000000
134227  -23.758  36.771  -14.082 1.0000000000
134228  -24.026  37.333  -14.380 1.0000000000
134229  -23.812  37.494  -15.097 1.0000000000
134230  -23.558  37.696  -15.734 1.0000000000
134231  -23.942  38.880  -15.266 1.0000000000
134232  -23.540  38.406  -15.784 1.0000000000
134233  -23.248  37.920  -16.294 1.0000000000
134234  -22.856  38.168  -16.758 1.0000000000
134235  -22.358  38.466  -17.060 1.0000000000
134236  -21.861  38.693  -17.419 1.0000000000
134238  -22.814  41.365  -14.711 1.0000000000
134242  -22.110  40.420  -15.871 1.0000000000
134243  -21.795  39.923  -16.501 1.0000000000
134244  -21.542  39.436  -17.134 1.0000000000
134245  -21.283  38.950  -17.732 1.0000000000
143122  -25.858  25.709  -15.755 1.0000000000
143124  -25.577  25.125  -16.201 1.0000000000
143125  -25.284  24.496  -16.707 1.0000000000
143126  -24.999  23.839  -17.209 1.0000000000
143127  -23.867  24.271  -16.268 1.0000000000
143128  -24.332  23.719  -16.953 1.0000000000
143129  -24.726  23.169  -17.679 1.0000000000
143133  -21.175  24.205  -16.659 1.0000000000
143134  -21.653  23.439  -16.918 1.0000000000
143135  -22.141  22.695  -17.295 1.0000000000
143136  -21.382  21.920  -18.034 1.0000000000
143137  -21.983  21.960  -17.846 1.0000000000
143138  -22.618  22.045  -17.763 1.0000000000
143151  -18.674  24.719  -21.787 1.0000000000
143152  -18.708  23.832  -21.513 1.0000000000
143153  -18.786  22.922  -21.250 1.0000000000
143154  -18.364  22.029  -22.339 1.0000000000
143155  -18.647  22.018  -21.692 1.0000000000
143156  -18.921  22.037  -21.025 1.0000000000
143157  -19.121  21.122  -20.886 1.0000000000
143158  -19.361  20.241  -20.815 1.0000000000
143159  -19.659  19.405  -20.879 1.0000000000
143167  -19.585  18.522  -21.403 1.0000000000
153713  -27.646  26.471  -16.359 1.0000000000
153714  -26.999  26.381  -15.872 1.0000000000
153778  -28.056  33.145  -9.624 1.0000000000
153779  -28.345  32.500  -10.114 1.0000000000
153780  -28.663  31.904  -10.785 1.0000000000
153781  -27.136  31.700  -10.909 1.0000000000
153782  -28.083  31.511  -11.176 1.0000000000
153783  -28.973  31.370  -11.540 1.0000000000
153784  -29.290  30.881  -12.289 1.0000000000
153787  -29.278  29.586  -14.069 1.0000000000
153789  -28.171  28.607  -14.471 1.0000000000
153790  -27.068  29.097  -13.368 1.0000000000
153791  -27.394  28.600  -13.952 1.0000000000
153792  -27.660  28.084  -14.647 1.0000000000
153793  -27.181  27.484  -14.855 1.0000000000
153794  -26.722  26.888  -15.143 1.0000000000
153795  -26.273  26.297  -15.423 1.0000000000
153796  -25.546  26.229  -15.055 1.0000000000
153797  -24.779  26.174  -14.788 1.0000000000
153798  -23.981  26.147  -14.638 1.0000000000
153799  -23.995  27.398  -13.728 1.0000000000
153800  -23.581  26.785  -14.159 1.0000000000
153801  -23.181  26.153  -14.555 1.0000000000
153802  -22.441  26.205  -14.740 1.0000000000
153803  -21.783  26.320  -15.019 1.0000000000
153804  -21.197  26.441  -15.442 1.0000000000
153805  -22.671  30.447  -12.924 1.0000000000
153806  -22.326  29.819  -13.364 1.0000000000
153807  -21.974  29.213  -13.820 1.0000000000
153808  -21.313  30.297  -14.476 1.0000000000
153809  -21.451  29.428  -14.353 1.0000000000
153810  -21.623  28.573  -14.272 1.0000000000
153811  -21.286  27.909  -14.813 1.0000000000
153812  -20.973  27.243  -15.385 1.0000000000
153813  -20.690  26.587  -15.982 1.0000000000
153814  -20.290  26.757  -16.598 1.0000000000
153815  -19.985  26.870  -17.315 1.0000000000
153816  -19.804  27.024  -18.081 1.0000000000
153817  -20.109  28.549  -17.654 1.0000000000
153818  -19.879  27.873  -18.289 1.0000000000
153819  -19.695  27.145  -18.885 1.0000000000
153820  -19.601  27.234  -19.696 1.0000000000
153821  -19.466  27.300  -20.490 1.0000000000
153822  -19.296  27.338  -21.215 1.0000000000
153823  -23.335  36.307  -14.574 1.0000000000
153824  -22.947  35.821  -15.054 1.0000000000
153825  -22.599  35.311  -15.541 1.0000000000
153826  -22.826  36.124  -16.594 1.0000000000
153827  -22.573  35.478  -16.330 1.0000000000
153828  -22.292  34.820  -16.054 1.0000000000
153829  -21.985  34.323  -16.577 1.0000000000
153830  -21.685  33.744  -17.122 1.0000000000
153831  -21.423  33.123  -17.682 1.0000000000
153832  -21.466  36.928  -18.661 1.0000000000
153833  -21.576  36.181  -18.765 1.0000000000
153834  -21.670  35.434  -18.830 1.0000000000
153835  -20.762  34.934  -19.687 1.0000000000
153836  -21.272  34.803  -19.309 1.0000000000
153837  -21.699  34.742  -18.819 1.0000000000
153838  -21.575  33.969  -18.700 1.0000000000
153839  -21.410  33.223  -18.509 1.0000000000
153840  -21.164  32.479  -18.239 1.0000000000
153841  -20.883  31.782  -18.748 1.0000000000
153842  -20.618  31.074  -19.304 1.0000000000
153843  -20.350  30.369  -19.889 1.0000000000
153844  -20.301  31.208  -20.736 1.0000000000
153845  -20.216  30.410  -20.561 1.0000000000
153846  -20.055  29.631  -20.367 1.0000000000
153847  -19.750  28.908  -20.889 1.0000000000
153848  -19.389  28.148  -21.381 1.0000000000
153849  -19.013  27.353  -21.848 1.0000000000
153850  -18.710  27.340  -22.476 1.0000000000
153851  -18.348  27.377  -23.095 1.0000000000
153853  -18.364  29.190  -23.264 1.0000000000
153854  -17.902  28.368  -23.769 1.0000000000
153860  -17.412  32.009  -24.173 1.0000000000
