#!ascii label  , from subject 40tvs8ref_sym_20 vox2ras=TkReg
263
413  -13.793  -72.353  41.414 1.0000000000
1925  -15.106  -70.480  37.514 1.0000000000
1926  -19.495  -74.810  33.054 1.0000000000
1927  -17.878  -74.711  37.379 1.0000000000
4229  -14.415  -71.322  39.458 1.0000000000
4230  -16.470  -72.461  37.449 1.0000000000
4231  -15.831  -72.947  39.472 1.0000000000
4272  -11.958  -71.609  41.555 1.0000000000
4273  -12.638  -70.423  39.716 1.0000000000
5242  -19.906  -77.933  33.253 1.0000000000
6282  -15.225  -73.665  41.440 1.0000000000
8381  -16.076  -69.714  35.474 1.0000000000
8382  -18.509  -71.791  33.246 1.0000000000
8383  -17.517  -71.964  35.354 1.0000000000
8384  -18.790  -74.602  35.226 1.0000000000
8385  -19.797  -77.465  35.474 1.0000000000
8386  -17.072  -74.940  39.593 1.0000000000
8387  -19.315  -77.170  37.726 1.0000000000
8437  -13.371  -69.316  37.778 1.0000000000
9622  -19.930  -75.543  30.321 1.0000000000
11909  -14.113  -71.830  40.457 1.0000000000
11910  -15.141  -72.135  39.486 1.0000000000
11911  -14.860  -72.525  40.479 1.0000000000
11952  -12.930  -71.933  41.559 1.0000000000
11953  -13.249  -71.329  40.627 1.0000000000
18449  -15.543  -70.080  36.510 1.0000000000
18450  -16.815  -70.744  35.505 1.0000000000
18451  -16.289  -71.057  36.517 1.0000000000
18452  -17.156  -73.569  37.403 1.0000000000
18453  -17.644  -73.381  36.315 1.0000000000
18454  -18.345  -74.629  36.288 1.0000000000
18455  -19.395  -76.019  35.303 1.0000000000
18456  -19.004  -75.945  36.420 1.0000000000
18458  -16.173  -74.124  40.519 1.0000000000
18580  -13.920  -70.299  38.668 1.0000000000
18581  -12.965  -69.857  38.770 1.0000000000
18582  -14.259  -69.766  37.719 1.0000000000
18583  -14.672  -69.330  36.711 1.0000000000
21487  -19.072  -73.335  33.101 1.0000000000
21488  -19.436  -73.508  31.784 1.0000000000
21489  -19.762  -75.164  31.707 1.0000000000
26045  -14.744  -70.891  38.517 1.0000000000
26046  -15.808  -71.380  37.517 1.0000000000
26047  -15.418  -71.761  38.474 1.0000000000
26048  -16.093  -72.729  38.448 1.0000000000
26049  -16.767  -73.708  38.438 1.0000000000
26124  -12.283  -70.977  40.659 1.0000000000
26125  -13.563  -70.803  39.676 1.0000000000
27868  -19.813  -76.333  33.103 1.0000000000
27869  -19.850  -76.693  31.767 1.0000000000
30018  -14.578  -72.982  41.406 1.0000000000
35431  -17.360  -70.525  34.426 1.0000000000
35432  -18.034  -71.860  34.264 1.0000000000
35433  -18.622  -73.256  34.164 1.0000000000
35434  -16.982  -72.182  36.392 1.0000000000
35435  -18.164  -73.265  35.209 1.0000000000
35436  -19.230  -74.685  34.141 1.0000000000
35437  -19.649  -76.138  34.226 1.0000000000
35438  -19.932  -77.657  34.348 1.0000000000
35440  -15.556  -73.274  40.485 1.0000000000
35441  -16.454  -73.874  39.505 1.0000000000
35442  -17.378  -74.851  38.496 1.0000000000
35444  -18.156  -75.921  38.660 1.0000000000
35445  -18.613  -75.929  37.540 1.0000000000
35446  -19.581  -77.283  36.606 1.0000000000
39103  -19.822  -77.269  30.317 1.0000000000
39104  -19.676  -77.735  28.932 1.0000000000
42629  -13.953  -72.083  40.968 1.0000000000
42630  -14.487  -72.178  40.478 1.0000000000
42631  -14.337  -72.410  40.994 1.0000000000
42671  -12.782  -72.241  42.018 1.0000000000
42672  -13.391  -72.118  41.504 1.0000000000
42673  -13.532  -71.828  41.039 1.0000000000
49169  -15.309  -70.267  37.025 1.0000000000
49170  -15.952  -70.556  36.533 1.0000000000
49171  -15.696  -70.739  37.016 1.0000000000
49172  -17.524  -74.144  37.362 1.0000000000
49173  -17.766  -74.076  36.800 1.0000000000
49174  -18.107  -74.641  36.830 1.0000000000
49175  -18.690  -75.268  36.353 1.0000000000
49176  -18.446  -75.265  36.905 1.0000000000
49300  -14.499  -70.344  38.113 1.0000000000
49301  -14.075  -70.046  38.196 1.0000000000
49302  -14.667  -70.093  37.641 1.0000000000
49303  -14.877  -69.880  37.119 1.0000000000
52207  -19.308  -74.082  33.060 1.0000000000
52208  -19.482  -74.239  32.392 1.0000000000
52209  -19.640  -74.962  32.402 1.0000000000
58769  -14.569  -71.110  38.987 1.0000000000
58770  -15.098  -71.320  38.498 1.0000000000
58771  -14.936  -71.504  38.962 1.0000000000
58772  -15.493  -72.518  39.472 1.0000000000
58773  -15.629  -72.390  38.976 1.0000000000
58774  -15.967  -72.831  38.948 1.0000000000
58775  -16.434  -73.198  38.437 1.0000000000
58776  -16.295  -73.294  38.967 1.0000000000
58893  -11.795  -71.949  42.019 1.0000000000
58897  -11.391  -71.481  41.467 1.0000000000
58899  -12.104  -71.284  41.090 1.0000000000
58900  -13.864  -71.291  40.069 1.0000000000
58901  -13.425  -71.075  40.162 1.0000000000
58902  -13.989  -71.046  39.583 1.0000000000
58903  -14.136  -70.792  39.116 1.0000000000
61807  -19.883  -77.122  33.166 1.0000000000
78389  -16.361  -69.534  34.973 1.0000000000
78391  -16.736  -70.070  34.966 1.0000000000
78392  -17.165  -71.323  35.449 1.0000000000
78393  -17.417  -71.227  34.912 1.0000000000
78394  -17.781  -71.885  34.822 1.0000000000
78395  -18.332  -72.562  34.204 1.0000000000
78396  -18.106  -72.590  34.724 1.0000000000
78397  -16.170  -71.889  37.494 1.0000000000
78398  -16.388  -71.754  36.959 1.0000000000
78399  -16.736  -72.323  36.910 1.0000000000
78400  -18.232  -73.911  35.761 1.0000000000
78401  -17.905  -73.283  35.755 1.0000000000
78402  -18.497  -73.933  35.210 1.0000000000
78403  -18.726  -73.932  34.673 1.0000000000
78404  -19.023  -74.632  34.689 1.0000000000
78405  -19.453  -75.383  34.190 1.0000000000
78406  -19.280  -75.323  34.738 1.0000000000
78407  -19.617  -76.741  35.357 1.0000000000
78408  -19.731  -76.802  34.805 1.0000000000
78409  -19.886  -77.553  34.900 1.0000000000
78410  -20.008  -78.413  34.450 1.0000000000
78411  -20.023  -78.301  35.007 1.0000000000
78412  -14.917  -73.340  41.405 1.0000000000
78413  -15.074  -73.103  40.968 1.0000000000
78414  -15.402  -73.444  40.967 1.0000000000
78415  -16.608  -74.492  40.056 1.0000000000
78416  -16.307  -73.991  40.013 1.0000000000
78417  -16.726  -74.433  39.553 1.0000000000
78418  -16.901  -74.356  39.006 1.0000000000
78419  -17.213  -74.893  39.066 1.0000000000
78425  -18.806  -76.528  38.200 1.0000000000
78426  -18.387  -75.930  38.105 1.0000000000
78427  -18.999  -76.551  37.635 1.0000000000
78428  -19.154  -76.584  37.071 1.0000000000
78429  -19.471  -77.214  37.149 1.0000000000
78780  -11.912  -70.574  40.149 1.0000000000
78783  -13.162  -69.585  38.286 1.0000000000
78789  -13.576  -69.055  37.308 1.0000000000
78790  -15.344  -69.461  36.090 1.0000000000
87502  -18.241  -71.026  33.336 1.0000000000
87504  -18.776  -71.816  32.645 1.0000000000
87505  -19.740  -74.467  31.014 1.0000000000
87506  -19.621  -73.628  31.126 1.0000000000
87507  -19.892  -74.672  30.338 1.0000000000
87510  -19.745  -77.759  31.154 1.0000000000
87511  -19.842  -76.951  31.066 1.0000000000
87514  -19.441  -78.548  28.999 1.0000000000
95165  -14.280  -71.578  39.956 1.0000000000
95166  -14.802  -71.698  39.452 1.0000000000
95167  -14.643  -71.945  39.967 1.0000000000
95168  -15.002  -72.317  39.977 1.0000000000
95169  -15.364  -72.672  39.969 1.0000000000
95242  -12.453  -71.769  41.579 1.0000000000
95243  -12.614  -71.439  41.119 1.0000000000
95244  -13.085  -71.601  41.113 1.0000000000
95245  -13.697  -71.554  40.557 1.0000000000
106937  -15.784  -69.898  35.993 1.0000000000
106938  -16.458  -70.229  35.480 1.0000000000
106939  -16.192  -70.386  36.029 1.0000000000
106940  -16.569  -70.875  36.056 1.0000000000
106941  -16.876  -71.405  36.000 1.0000000000
106942  -16.799  -73.003  37.447 1.0000000000
106943  -17.065  -72.897  36.876 1.0000000000
106944  -17.395  -73.475  36.848 1.0000000000
106945  -17.993  -74.005  36.272 1.0000000000
106946  -18.563  -74.589  35.732 1.0000000000
106947  -19.103  -75.299  35.259 1.0000000000
106948  -18.938  -75.279  35.833 1.0000000000
106949  -19.238  -75.965  35.868 1.0000000000
106950  -19.477  -76.659  35.948 1.0000000000
106952  -15.724  -73.831  40.982 1.0000000000
106954  -16.482  -74.610  40.544 1.0000000000
106955  -16.930  -75.014  40.094 1.0000000000
106960  -19.583  -77.807  37.821 1.0000000000
107172  -13.306  -70.299  39.191 1.0000000000
107173  -12.814  -70.118  39.246 1.0000000000
107174  -13.454  -70.052  38.736 1.0000000000
107175  -13.622  -69.774  38.275 1.0000000000
107176  -13.830  -69.517  37.764 1.0000000000
107177  -14.035  -69.285  37.282 1.0000000000
107178  -14.457  -69.539  37.198 1.0000000000
107179  -15.096  -69.675  36.603 1.0000000000
112405  -18.796  -72.574  33.168 1.0000000000
112406  -19.020  -72.603  32.548 1.0000000000
112407  -19.264  -73.422  32.449 1.0000000000
112408  -19.620  -74.349  31.721 1.0000000000
112409  -19.882  -75.342  31.020 1.0000000000
122213  -14.914  -70.684  38.016 1.0000000000
122214  -15.457  -70.916  37.513 1.0000000000
122215  -15.264  -71.103  38.019 1.0000000000
122216  -15.622  -71.565  38.006 1.0000000000
122217  -15.952  -72.074  37.987 1.0000000000
122218  -15.291  -71.944  38.971 1.0000000000
122219  -15.778  -72.226  38.488 1.0000000000
122220  -16.269  -72.594  37.969 1.0000000000
122221  -16.602  -73.119  37.950 1.0000000000
122222  -16.965  -73.640  37.914 1.0000000000
122223  -17.302  -74.213  37.902 1.0000000000
122396  -12.475  -70.706  40.191 1.0000000000
122397  -12.780  -71.144  40.657 1.0000000000
122398  -12.979  -70.874  40.191 1.0000000000
122399  -13.156  -70.582  39.690 1.0000000000
122400  -13.736  -70.528  39.156 1.0000000000
122401  -14.330  -70.555  38.610 1.0000000000
126466  -19.650  -75.522  33.082 1.0000000000
126467  -19.754  -75.707  32.412 1.0000000000
126468  -19.829  -76.504  32.443 1.0000000000
126469  -19.802  -77.546  31.818 1.0000000000
131946  -14.195  -72.653  41.415 1.0000000000
131947  -14.084  -72.879  41.839 1.0000000000
131948  -14.432  -73.231  41.830 1.0000000000
147296  -17.643  -70.438  33.921 1.0000000000
147297  -17.953  -71.113  33.849 1.0000000000
147298  -17.074  -70.625  34.956 1.0000000000
147299  -17.691  -71.169  34.371 1.0000000000
147300  -18.264  -71.834  33.760 1.0000000000
147301  -18.570  -72.572  33.672 1.0000000000
147302  -18.834  -73.296  33.637 1.0000000000
147303  -19.099  -73.999  33.600 1.0000000000
147304  -16.023  -71.220  37.013 1.0000000000
147305  -16.631  -71.601  36.463 1.0000000000
147306  -17.251  -72.030  35.901 1.0000000000
147307  -17.324  -72.788  36.319 1.0000000000
147308  -17.580  -72.664  35.787 1.0000000000
147309  -17.854  -72.624  35.261 1.0000000000
147310  -18.408  -73.239  34.688 1.0000000000
147311  -18.927  -73.939  34.130 1.0000000000
147312  -19.346  -74.726  33.605 1.0000000000
147313  -19.562  -75.469  33.635 1.0000000000
147314  -19.735  -76.226  33.677 1.0000000000
147315  -19.844  -77.013  33.729 1.0000000000
147316  -19.548  -76.063  34.749 1.0000000000
147317  -19.812  -76.911  34.273 1.0000000000
147318  -19.920  -77.799  33.809 1.0000000000
147319  -19.946  -78.578  33.921 1.0000000000
147322  -14.721  -72.769  40.987 1.0000000000
147323  -15.223  -72.892  40.479 1.0000000000
147324  -15.707  -73.100  39.995 1.0000000000
147325  -15.858  -73.666  40.483 1.0000000000
147326  -16.009  -73.525  39.994 1.0000000000
147327  -16.149  -73.413  39.496 1.0000000000
147328  -16.607  -73.805  38.975 1.0000000000
147329  -17.065  -74.296  38.449 1.0000000000
147330  -17.645  -74.780  37.944 1.0000000000
147336  -17.581  -75.401  39.127 1.0000000000
147337  -17.739  -75.357  38.580 1.0000000000
147338  -18.004  -75.346  38.015 1.0000000000
147339  -18.234  -75.293  37.465 1.0000000000
147340  -18.801  -75.925  36.991 1.0000000000
147341  -19.297  -76.626  36.525 1.0000000000
147342  -19.702  -77.359  36.059 1.0000000000
147768  -12.251  -69.978  39.225 1.0000000000
158257  -19.247  -72.680  31.912 1.0000000000
158263  -19.830  -75.923  31.719 1.0000000000
158264  -19.888  -76.167  31.005 1.0000000000
158265  -19.911  -76.430  30.313 1.0000000000
158266  -19.554  -78.312  29.714 1.0000000000
158267  -19.751  -77.500  29.629 1.0000000000
158268  -19.889  -76.652  29.600 1.0000000000
