#!ascii label  , from subject 40tvs8ref_sym_20 vox2ras=TkReg
327
308  -9.644  -36.369  43.944 1.0000000000
1285  -6.730  -39.062  42.790 1.0000000000
1708  -8.659  -40.422  45.500 1.0000000000
1709  -8.538  -42.726  42.495 1.0000000000
3205  -8.357  -40.021  40.772 1.0000000000
3806  -10.368  -41.245  46.221 1.0000000000
3807  -7.840  -42.039  45.944 1.0000000000
3808  -7.070  -41.691  44.190 1.0000000000
3809  -7.419  -43.500  44.138 1.0000000000
6921  -7.276  -37.505  44.525 1.0000000000
7823  -11.625  -37.583  43.734 1.0000000000
7825  -11.135  -39.602  44.926 1.0000000000
7826  -9.260  -38.501  44.763 1.0000000000
7827  -7.006  -39.722  44.553 1.0000000000
7828  -7.480  -41.041  42.459 1.0000000000
7829  -9.868  -41.751  40.821 1.0000000000
9708  -10.057  -44.563  42.857 1.0000000000
10885  -9.628  -40.310  39.841 1.0000000000
10886  -8.786  -39.386  39.769 1.0000000000
10887  -9.979  -39.735  38.843 1.0000000000
11486  -8.544  -42.294  46.632 1.0000000000
11487  -7.476  -42.814  46.109 1.0000000000
11488  -7.210  -42.756  45.086 1.0000000000
11489  -7.196  -43.649  45.078 1.0000000000
12975  -10.681  -35.933  43.386 1.0000000000
12977  -9.621  -35.307  43.566 1.0000000000
15375  -6.631  -38.309  43.953 1.0000000000
15376  -6.538  -37.108  44.106 1.0000000000
15377  -6.468  -37.937  43.004 1.0000000000
17173  -12.670  -37.257  43.108 1.0000000000
17174  -12.500  -38.278  43.728 1.0000000000
17178  -9.540  -40.856  45.841 1.0000000000
17179  -10.801  -40.464  45.555 1.0000000000
17180  -9.954  -39.989  45.329 1.0000000000
17181  -10.211  -39.039  44.820 1.0000000000
17182  -9.017  -39.468  45.164 1.0000000000
17183  -7.967  -39.004  45.031 1.0000000000
17184  -7.729  -40.020  45.149 1.0000000000
17185  -7.511  -42.343  43.208 1.0000000000
17186  -7.191  -41.416  43.281 1.0000000000
17187  -8.034  -41.904  42.379 1.0000000000
17188  -8.564  -41.425  41.606 1.0000000000
17189  -9.215  -42.288  41.659 1.0000000000
21706  -9.194  -44.883  43.697 1.0000000000
24201  -7.373  -39.633  41.706 1.0000000000
24202  -6.930  -38.584  41.753 1.0000000000
24203  -7.703  -39.043  40.724 1.0000000000
25282  -11.081  -41.624  46.707 1.0000000000
25283  -9.803  -41.966  46.821 1.0000000000
25284  -9.047  -41.594  46.313 1.0000000000
25285  -8.264  -41.244  45.768 1.0000000000
25286  -7.519  -40.969  45.111 1.0000000000
25287  -7.349  -41.844  45.160 1.0000000000
25288  -7.206  -42.604  44.165 1.0000000000
25289  -7.877  -43.156  43.272 1.0000000000
31509  -8.441  -36.876  44.386 1.0000000000
31510  -8.516  -35.774  44.097 1.0000000000
31511  -7.396  -36.374  44.358 1.0000000000
33850  -11.709  -36.552  43.210 1.0000000000
33851  -10.692  -36.965  43.802 1.0000000000
33855  -11.583  -40.921  45.921 1.0000000000
33856  -11.946  -40.141  45.172 1.0000000000
33857  -12.258  -39.243  44.409 1.0000000000
33858  -11.381  -38.616  44.267 1.0000000000
33859  -10.483  -38.031  44.265 1.0000000000
33860  -9.494  -37.451  44.341 1.0000000000
33861  -8.245  -37.921  44.757 1.0000000000
33862  -7.139  -38.595  44.613 1.0000000000
33863  -6.743  -39.419  43.719 1.0000000000
33864  -7.010  -40.707  44.361 1.0000000000
33865  -6.904  -40.452  43.466 1.0000000000
33866  -7.038  -40.089  42.575 1.0000000000
33867  -7.937  -40.596  41.659 1.0000000000
33868  -9.099  -40.907  40.760 1.0000000000
33869  -10.419  -41.172  39.936 1.0000000000
39360  -7.873  -44.438  44.254 1.0000000000
39361  -8.485  -44.072  43.396 1.0000000000
39362  -9.291  -43.675  42.603 1.0000000000
39364  -10.924  -44.184  41.998 1.0000000000
39365  -10.036  -43.225  41.824 1.0000000000
39366  -10.735  -42.756  40.970 1.0000000000
41605  -10.257  -40.460  39.385 1.0000000000
41606  -9.814  -40.017  39.343 1.0000000000
41608  -10.552  -39.929  38.388 1.0000000000
42207  -7.318  -43.220  46.086 1.0000000000
42208  -7.235  -43.235  45.578 1.0000000000
42209  -7.190  -43.654  45.585 1.0000000000
43695  -10.181  -36.123  43.687 1.0000000000
43696  -10.159  -35.613  43.474 1.0000000000
43697  -9.653  -35.820  43.754 1.0000000000
46095  -6.624  -38.713  43.396 1.0000000000
46096  -6.512  -38.129  43.509 1.0000000000
46097  -6.609  -38.506  42.896 1.0000000000
47898  -9.092  -40.655  45.684 1.0000000000
47899  -9.741  -40.442  45.596 1.0000000000
47900  -9.306  -40.193  45.461 1.0000000000
47901  -9.488  -39.719  45.239 1.0000000000
47902  -8.843  -39.950  45.335 1.0000000000
47903  -8.362  -39.718  45.222 1.0000000000
47904  -8.195  -40.199  45.332 1.0000000000
47905  -7.968  -42.541  42.834 1.0000000000
47906  -7.772  -42.145  42.813 1.0000000000
47907  -8.291  -42.317  42.424 1.0000000000
47908  -8.586  -42.079  42.004 1.0000000000
47909  -8.885  -42.502  42.071 1.0000000000
55695  -7.826  -39.871  41.233 1.0000000000
55696  -7.539  -39.374  41.215 1.0000000000
55697  -8.023  -39.546  40.728 1.0000000000
55698  -8.989  -39.084  39.268 1.0000000000
57496  -10.168  -42.149  47.076 1.0000000000
57497  -9.533  -42.312  47.051 1.0000000000
57498  -8.185  -42.151  46.298 1.0000000000
57499  -8.795  -41.935  46.481 1.0000000000
57500  -8.413  -41.798  46.169 1.0000000000
57501  -8.661  -41.431  46.027 1.0000000000
57502  -8.049  -41.674  45.866 1.0000000000
57503  -7.699  -41.519  45.555 1.0000000000
57504  -7.570  -41.948  45.577 1.0000000000
57505  -7.162  -43.171  44.586 1.0000000000
57506  -7.120  -42.685  44.629 1.0000000000
57507  -7.300  -43.054  44.145 1.0000000000
57508  -7.466  -42.906  43.688 1.0000000000
57509  -7.631  -43.342  43.713 1.0000000000
69165  -7.808  -37.180  44.538 1.0000000000
69166  -7.872  -36.618  44.416 1.0000000000
69167  -7.336  -36.948  44.444 1.0000000000
69169  -6.542  -36.516  44.087 1.0000000000
69173  -7.072  -38.325  41.240 1.0000000000
69174  -6.774  -38.064  41.822 1.0000000000
74560  -12.139  -37.423  43.421 1.0000000000
74561  -12.192  -36.886  43.142 1.0000000000
74562  -11.679  -37.051  43.462 1.0000000000
74563  -11.221  -36.761  43.521 1.0000000000
74564  -11.159  -37.267  43.750 1.0000000000
74573  -10.724  -41.428  46.460 1.0000000000
74574  -11.344  -41.275  46.309 1.0000000000
74575  -11.008  -41.088  46.109 1.0000000000
74576  -10.972  -40.044  45.241 1.0000000000
74577  -11.353  -40.299  45.391 1.0000000000
74578  -11.514  -39.883  45.042 1.0000000000
74579  -12.108  -39.708  44.800 1.0000000000
74580  -11.676  -39.423  44.675 1.0000000000
74581  -11.832  -38.951  44.313 1.0000000000
74582  -11.251  -39.121  44.595 1.0000000000
74583  -9.744  -38.792  44.789 1.0000000000
74584  -10.338  -38.549  44.550 1.0000000000
74585  -9.887  -38.253  44.539 1.0000000000
74586  -10.014  -37.745  44.295 1.0000000000
74587  -9.380  -37.991  44.555 1.0000000000
74588  -8.867  -37.689  44.567 1.0000000000
74589  -8.752  -38.230  44.762 1.0000000000
74590  -7.407  -39.342  44.883 1.0000000000
74591  -7.514  -38.793  44.853 1.0000000000
74592  -7.049  -39.170  44.607 1.0000000000
74593  -6.767  -39.047  44.274 1.0000000000
74594  -6.788  -39.567  44.164 1.0000000000
74595  -7.185  -41.313  44.687 1.0000000000
74596  -7.220  -40.853  44.749 1.0000000000
74597  -7.013  -41.214  44.258 1.0000000000
74598  -7.306  -41.241  42.856 1.0000000000
74599  -7.044  -40.941  43.356 1.0000000000
74600  -7.092  -40.779  42.907 1.0000000000
74601  -6.941  -40.286  43.019 1.0000000000
74602  -7.258  -40.586  42.499 1.0000000000
74603  -7.446  -40.360  42.099 1.0000000000
74604  -7.709  -40.838  42.060 1.0000000000
74605  -9.196  -41.596  41.199 1.0000000000
74606  -8.830  -41.181  41.183 1.0000000000
74607  -9.467  -41.326  40.780 1.0000000000
74608  -9.751  -41.040  40.347 1.0000000000
74609  -10.142  -41.460  40.394 1.0000000000
87998  -7.957  -35.485  44.164 1.0000000000
88156  -7.605  -44.523  44.714 1.0000000000
88157  -8.201  -44.795  44.392 1.0000000000
88158  -9.615  -44.728  43.276 1.0000000000
88159  -8.845  -44.492  43.517 1.0000000000
88160  -9.245  -44.301  43.126 1.0000000000
88161  -8.864  -43.881  42.989 1.0000000000
88162  -9.646  -44.113  42.708 1.0000000000
88168  -11.305  -43.986  41.560 1.0000000000
88169  -10.491  -43.704  41.897 1.0000000000
88170  -10.830  -43.509  41.468 1.0000000000
88171  -10.371  -42.994  41.403 1.0000000000
93321  -8.957  -40.164  40.300 1.0000000000
93322  -8.576  -39.697  40.267 1.0000000000
93323  -9.194  -39.861  39.787 1.0000000000
93324  -9.390  -39.549  39.307 1.0000000000
93325  -9.552  -39.289  38.783 1.0000000000
93327  -10.100  -39.501  38.323 1.0000000000
94404  -7.968  -42.526  46.428 1.0000000000
94405  -7.651  -42.419  46.044 1.0000000000
94406  -7.439  -42.365  45.561 1.0000000000
94407  -7.310  -42.802  45.573 1.0000000000
94408  -7.179  -43.213  45.066 1.0000000000
94409  -7.253  -43.599  44.584 1.0000000000
97083  -11.192  -35.760  43.057 1.0000000000
97085  -10.659  -35.420  43.163 1.0000000000
97087  -9.559  -34.798  43.397 1.0000000000
101403  -6.843  -37.861  44.357 1.0000000000
101404  -6.875  -37.297  44.335 1.0000000000
101405  -6.553  -37.729  44.052 1.0000000000
101406  -6.428  -37.542  43.609 1.0000000000
104639  -13.224  -37.091  42.796 1.0000000000
104641  -12.600  -37.772  43.402 1.0000000000
104642  -12.057  -37.937  43.700 1.0000000000
104648  -9.971  -41.056  45.998 1.0000000000
104649  -10.605  -40.867  45.885 1.0000000000
104650  -10.211  -40.664  45.711 1.0000000000
104651  -10.391  -40.227  45.420 1.0000000000
104652  -10.559  -39.780  45.133 1.0000000000
104653  -10.695  -39.319  44.850 1.0000000000
104654  -10.108  -39.514  45.058 1.0000000000
104655  -9.628  -39.252  45.021 1.0000000000
104656  -9.141  -39.001  44.970 1.0000000000
104657  -8.632  -38.741  44.937 1.0000000000
104658  -8.517  -39.226  45.091 1.0000000000
104659  -7.823  -39.501  45.132 1.0000000000
104660  -7.345  -39.851  44.880 1.0000000000
104661  -7.214  -42.048  43.686 1.0000000000
104662  -7.101  -41.581  43.731 1.0000000000
104663  -7.350  -41.916  43.240 1.0000000000
104664  -7.557  -41.717  42.818 1.0000000000
104665  -7.730  -41.467  42.425 1.0000000000
104666  -7.971  -41.245  42.029 1.0000000000
104667  -8.270  -41.657  41.998 1.0000000000
104668  -8.883  -41.841  41.594 1.0000000000
104669  -9.562  -42.017  41.248 1.0000000000
117909  -6.998  -39.364  42.217 1.0000000000
117910  -6.808  -38.824  42.258 1.0000000000
117911  -7.133  -39.107  41.716 1.0000000000
117912  -7.267  -38.843  41.216 1.0000000000
117913  -7.427  -38.555  40.733 1.0000000000
117914  -8.213  -39.227  40.239 1.0000000000
117915  -7.861  -38.749  40.240 1.0000000000
120431  -10.819  -41.972  47.036 1.0000000000
120432  -10.449  -41.785  46.781 1.0000000000
120433  -10.084  -41.596  46.545 1.0000000000
120434  -9.167  -42.124  46.780 1.0000000000
120435  -9.440  -41.777  46.566 1.0000000000
120436  -9.717  -41.417  46.298 1.0000000000
120437  -9.316  -41.237  46.076 1.0000000000
120438  -8.893  -41.039  45.862 1.0000000000
120439  -8.459  -40.848  45.645 1.0000000000
120440  -8.050  -40.649  45.410 1.0000000000
120441  -7.844  -41.085  45.489 1.0000000000
120442  -7.412  -41.409  45.120 1.0000000000
120443  -7.167  -41.759  44.670 1.0000000000
120444  -7.272  -42.295  45.126 1.0000000000
120445  -7.151  -42.211  44.665 1.0000000000
120446  -7.133  -42.150  44.173 1.0000000000
120447  -7.338  -42.487  43.667 1.0000000000
120448  -7.680  -42.744  43.228 1.0000000000
120449  -8.178  -42.929  42.892 1.0000000000
135993  -9.061  -36.611  44.176 1.0000000000
135994  -9.087  -36.061  44.021 1.0000000000
135995  -8.496  -36.319  44.237 1.0000000000
135996  -7.954  -36.045  44.302 1.0000000000
135998  -6.918  -36.729  44.305 1.0000000000
136004  -6.659  -38.302  42.364 1.0000000000
142651  -12.223  -36.376  42.877 1.0000000000
142653  -11.198  -36.265  43.284 1.0000000000
142654  -10.699  -36.441  43.594 1.0000000000
142655  -10.184  -36.651  43.871 1.0000000000
142665  -11.689  -41.507  46.554 1.0000000000
142666  -11.944  -41.163  46.129 1.0000000000
142668  -11.186  -40.681  45.730 1.0000000000
142669  -11.784  -40.545  45.549 1.0000000000
142670  -12.350  -40.401  45.338 1.0000000000
142671  -12.524  -39.985  44.942 1.0000000000
142672  -12.693  -39.545  44.541 1.0000000000
142673  -12.834  -39.066  44.127 1.0000000000
142674  -12.391  -38.765  44.050 1.0000000000
142675  -11.947  -38.436  43.996 1.0000000000
142676  -11.531  -38.110  43.968 1.0000000000
142677  -10.782  -38.824  44.566 1.0000000000
142678  -10.948  -38.329  44.253 1.0000000000
142679  -11.068  -37.794  43.990 1.0000000000
142680  -10.604  -37.496  44.014 1.0000000000
142681  -10.121  -37.210  44.069 1.0000000000
142682  -9.591  -36.904  44.133 1.0000000000
142683  -8.968  -37.154  44.369 1.0000000000
142684  -8.337  -37.415  44.565 1.0000000000
142685  -7.741  -37.699  44.657 1.0000000000
142686  -8.114  -38.469  44.908 1.0000000000
142687  -7.655  -38.217  44.769 1.0000000000
142688  -7.232  -38.028  44.583 1.0000000000
142689  -6.805  -38.439  44.349 1.0000000000
142690  -6.693  -38.877  43.831 1.0000000000
142691  -6.728  -39.255  43.255 1.0000000000
142692  -7.627  -40.506  45.127 1.0000000000
142693  -7.297  -40.351  44.835 1.0000000000
142694  -7.029  -40.201  44.473 1.0000000000
142695  -7.005  -41.082  43.783 1.0000000000
142696  -6.942  -40.602  43.909 1.0000000000
142697  -6.853  -40.084  44.043 1.0000000000
142698  -6.789  -39.934  43.599 1.0000000000
142699  -6.826  -39.772  43.134 1.0000000000
142700  -6.863  -39.589  42.668 1.0000000000
142701  -7.206  -39.868  42.156 1.0000000000
142702  -7.623  -40.123  41.679 1.0000000000
142703  -8.145  -40.329  41.228 1.0000000000
142704  -8.248  -41.025  41.634 1.0000000000
142705  -8.495  -40.765  41.210 1.0000000000
142706  -8.726  -40.472  40.758 1.0000000000
142707  -9.363  -40.622  40.287 1.0000000000
142708  -10.036  -40.739  39.883 1.0000000000
158847  -9.074  -35.522  43.846 1.0000000000
159036  -7.278  -44.124  45.126 1.0000000000
159037  -7.404  -44.085  44.634 1.0000000000
159038  -7.615  -44.006  44.164 1.0000000000
159039  -8.509  -44.673  43.957 1.0000000000
159040  -8.164  -44.281  43.818 1.0000000000
159041  -7.874  -43.835  43.741 1.0000000000
159042  -8.155  -43.638  43.333 1.0000000000
159043  -8.536  -43.440  42.906 1.0000000000
159044  -8.899  -43.204  42.551 1.0000000000
159047  -10.877  -44.855  42.609 1.0000000000
159050  -10.486  -44.390  42.424 1.0000000000
159051  -10.088  -43.900  42.307 1.0000000000
159052  -9.703  -43.450  42.234 1.0000000000
159053  -9.234  -42.986  42.170 1.0000000000
159054  -9.609  -42.757  41.745 1.0000000000
159055  -9.981  -42.503  41.323 1.0000000000
159056  -10.324  -42.241  40.897 1.0000000000
159057  -11.522  -43.063  40.592 1.0000000000
159058  -11.075  -42.522  40.526 1.0000000000
159061  -11.124  -41.431  39.481 1.0000000000
