#!ascii label  , from subject 40tvs8ref_sym_20 vox2ras=TkReg
236
127  -55.853  -40.586  35.046 1.0000000000
1197  -61.044  -41.933  34.149 1.0000000000
1199  -59.442  -42.737  30.193 1.0000000000
2277  -53.676  -41.977  30.628 1.0000000000
3115  -56.892  -39.590  36.626 1.0000000000
3116  -59.195  -40.630  36.529 1.0000000000
3117  -58.303  -41.491  34.795 1.0000000000
3118  -60.253  -42.407  32.155 1.0000000000
3119  -57.480  -42.143  32.852 1.0000000000
5056  -55.718  -42.847  28.063 1.0000000000
6766  -61.962  -42.986  29.813 1.0000000000
7703  -55.189  -38.179  36.022 1.0000000000
9384  -53.636  -39.188  34.535 1.0000000000
9392  -52.225  -40.149  32.750 1.0000000000
9393  -54.704  -41.412  32.973 1.0000000000
9394  -56.504  -42.530  30.474 1.0000000000
9395  -58.519  -43.033  27.923 1.0000000000
10795  -56.314  -40.098  35.905 1.0000000000
10796  -57.424  -40.679  35.873 1.0000000000
10797  -57.030  -41.097  35.006 1.0000000000
10798  -57.894  -41.855  33.833 1.0000000000
10799  -56.594  -41.496  34.077 1.0000000000
15108  -60.050  -41.390  35.414 1.0000000000
15109  -60.523  -40.961  36.298 1.0000000000
15110  -61.431  -41.635  35.088 1.0000000000
15114  -61.961  -42.319  32.891 1.0000000000
15115  -59.828  -42.591  31.173 1.0000000000
15116  -61.143  -42.671  30.931 1.0000000000
15117  -60.797  -42.840  29.935 1.0000000000
15119  -60.382  -42.964  29.016 1.0000000000
20923  -52.816  -41.224  31.832 1.0000000000
20924  -53.399  -40.863  32.902 1.0000000000
20925  -54.158  -41.745  31.809 1.0000000000
20926  -55.552  -42.095  31.748 1.0000000000
20927  -55.086  -42.319  30.592 1.0000000000
20928  -56.722  -42.995  26.795 1.0000000000
20929  -57.143  -42.982  27.941 1.0000000000
24041  -57.942  -40.159  36.648 1.0000000000
24042  -58.727  -41.082  35.702 1.0000000000
24043  -59.651  -41.786  34.482 1.0000000000
24044  -60.671  -42.210  33.133 1.0000000000
24045  -59.264  -42.059  33.531 1.0000000000
24046  -58.846  -42.330  32.543 1.0000000000
24047  -58.466  -42.500  31.525 1.0000000000
27532  -54.656  -42.522  29.367 1.0000000000
31146  -61.562  -42.512  31.883 1.0000000000
31147  -62.301  -42.870  30.801 1.0000000000
33526  -55.969  -38.934  36.442 1.0000000000
33527  -55.332  -39.488  35.745 1.0000000000
38393  -54.386  -38.691  35.307 1.0000000000
38394  -54.632  -39.987  34.900 1.0000000000
38419  -52.927  -39.664  33.655 1.0000000000
38420  -54.023  -40.446  33.909 1.0000000000
38421  -55.245  -41.055  34.029 1.0000000000
38422  -56.032  -41.859  32.950 1.0000000000
38423  -56.990  -42.351  31.638 1.0000000000
38424  -58.012  -42.656  30.306 1.0000000000
38425  -56.114  -42.745  29.239 1.0000000000
38426  -57.556  -42.861  29.122 1.0000000000
38427  -58.990  -42.896  29.008 1.0000000000
41515  -56.071  -40.340  35.489 1.0000000000
41516  -56.627  -40.628  35.504 1.0000000000
41517  -56.420  -40.857  35.046 1.0000000000
41518  -56.809  -41.298  34.567 1.0000000000
41519  -56.203  -41.073  34.586 1.0000000000
45828  -60.554  -41.701  34.779 1.0000000000
45829  -60.755  -41.521  35.253 1.0000000000
45830  -61.245  -41.796  34.609 1.0000000000
45832  -61.681  -42.029  33.980 1.0000000000
45834  -61.523  -42.119  33.495 1.0000000000
45835  -59.634  -42.678  30.691 1.0000000000
45836  -60.316  -42.708  30.517 1.0000000000
45837  -60.137  -42.786  30.040 1.0000000000
45838  -60.605  -42.902  29.476 1.0000000000
45839  -59.916  -42.851  29.590 1.0000000000
51642  -52.552  -41.392  31.267 1.0000000000
51643  -53.225  -41.631  31.256 1.0000000000
51644  -53.476  -41.503  31.828 1.0000000000
51645  -53.895  -41.872  31.220 1.0000000000
51646  -54.589  -42.046  31.210 1.0000000000
51647  -54.382  -42.184  30.615 1.0000000000
55426  -57.693  -39.657  37.014 1.0000000000
55427  -57.388  -39.909  36.649 1.0000000000
55428  -57.875  -41.103  35.370 1.0000000000
55429  -58.089  -40.883  35.816 1.0000000000
55430  -58.505  -41.301  35.277 1.0000000000
55431  -59.148  -41.456  35.126 1.0000000000
55432  -58.959  -41.652  34.643 1.0000000000
55433  -59.443  -41.940  34.005 1.0000000000
55434  -58.763  -41.806  34.184 1.0000000000
55435  -57.695  -42.004  33.343 1.0000000000
55436  -58.372  -42.116  33.202 1.0000000000
55437  -58.154  -42.246  32.712 1.0000000000
55438  -58.656  -42.413  32.037 1.0000000000
55439  -57.961  -42.341  32.186 1.0000000000
68363  -58.865  -40.187  36.983 1.0000000000
68366  -61.187  -41.123  36.182 1.0000000000
68367  -60.766  -40.733  36.720 1.0000000000
68385  -60.478  -42.317  32.642 1.0000000000
68386  -61.150  -42.371  32.489 1.0000000000
68387  -60.928  -42.458  31.987 1.0000000000
68388  -61.569  -42.828  30.373 1.0000000000
68389  -61.776  -42.746  30.871 1.0000000000
68390  -62.137  -42.932  30.309 1.0000000000
68392  -62.432  -43.136  29.749 1.0000000000
73795  -55.528  -37.902  36.312 1.0000000000
73796  -55.874  -38.286  36.562 1.0000000000
73797  -55.514  -38.579  36.268 1.0000000000
73798  -55.645  -39.214  36.109 1.0000000000
73799  -55.226  -38.864  35.947 1.0000000000
85745  -54.013  -38.941  34.931 1.0000000000
85746  -54.472  -39.352  35.146 1.0000000000
85747  -54.125  -39.599  34.736 1.0000000000
85806  -51.691  -39.739  32.659 1.0000000000
85808  -52.040  -39.493  33.074 1.0000000000
85810  -52.551  -39.931  33.194 1.0000000000
85811  -54.037  -41.180  32.909 1.0000000000
85812  -53.712  -40.659  33.400 1.0000000000
85813  -54.329  -40.957  33.461 1.0000000000
85814  -54.610  -40.755  33.983 1.0000000000
85815  -54.968  -41.240  33.495 1.0000000000
85816  -55.614  -41.492  33.516 1.0000000000
85817  -55.326  -41.649  32.976 1.0000000000
85818  -56.015  -42.339  31.101 1.0000000000
85819  -56.272  -42.230  31.698 1.0000000000
85820  -56.726  -42.431  31.072 1.0000000000
85821  -57.476  -42.529  30.965 1.0000000000
85822  -57.260  -42.605  30.399 1.0000000000
85823  -55.173  -42.723  28.720 1.0000000000
85824  -55.368  -42.638  29.295 1.0000000000
85825  -55.904  -42.820  28.641 1.0000000000
85826  -57.837  -43.018  27.899 1.0000000000
85827  -57.368  -42.949  28.526 1.0000000000
85828  -58.062  -42.976  28.527 1.0000000000
85829  -58.255  -42.883  29.077 1.0000000000
85830  -58.758  -42.996  28.474 1.0000000000
85831  -59.445  -43.011  28.444 1.0000000000
93159  -56.620  -39.848  36.278 1.0000000000
93160  -57.128  -40.153  36.276 1.0000000000
93161  -56.860  -40.403  35.904 1.0000000000
93162  -57.248  -40.881  35.442 1.0000000000
93163  -57.667  -41.313  34.910 1.0000000000
93164  -58.087  -41.671  34.333 1.0000000000
93165  -57.433  -41.509  34.468 1.0000000000
93166  -57.243  -41.684  33.987 1.0000000000
93167  -57.036  -41.857  33.509 1.0000000000
100922  -59.601  -41.033  36.000 1.0000000000
100923  -59.858  -40.816  36.423 1.0000000000
100924  -60.267  -41.186  35.875 1.0000000000
100925  -60.947  -41.330  35.740 1.0000000000
100935  -60.045  -42.502  31.626 1.0000000000
100936  -60.699  -42.539  31.491 1.0000000000
100937  -60.490  -42.624  31.021 1.0000000000
100938  -60.954  -42.757  30.439 1.0000000000
100939  -61.398  -42.897  29.873 1.0000000000
100940  -61.777  -43.033  29.321 1.0000000000
100941  -61.217  -42.952  29.390 1.0000000000
100942  -61.010  -43.008  28.924 1.0000000000
104183  -55.254  -37.499  36.009 1.0000000000
111352  -53.189  -38.748  34.306 1.0000000000
111388  -52.210  -40.909  31.808 1.0000000000
111389  -52.484  -40.730  32.344 1.0000000000
111390  -52.799  -40.525  32.835 1.0000000000
111391  -53.093  -41.061  32.376 1.0000000000
111392  -53.761  -41.352  32.386 1.0000000000
111393  -54.439  -41.586  32.383 1.0000000000
111394  -55.103  -41.785  32.377 1.0000000000
111395  -54.842  -41.911  31.804 1.0000000000
111396  -55.301  -42.197  31.165 1.0000000000
111397  -55.779  -42.429  30.526 1.0000000000
111398  -56.236  -42.932  27.425 1.0000000000
111399  -56.429  -42.922  28.007 1.0000000000
111400  -56.932  -43.004  27.371 1.0000000000
111401  -57.625  -43.042  27.318 1.0000000000
117534  -58.241  -39.928  37.002 1.0000000000
117535  -58.555  -40.407  36.606 1.0000000000
117536  -57.688  -40.411  36.262 1.0000000000
117537  -58.312  -40.637  36.222 1.0000000000
117538  -58.944  -40.867  36.114 1.0000000000
117539  -59.372  -41.249  35.566 1.0000000000
117540  -59.849  -41.590  34.956 1.0000000000
117541  -60.361  -41.882  34.307 1.0000000000
117542  -60.857  -42.070  33.641 1.0000000000
117543  -60.159  -42.022  33.814 1.0000000000
117544  -59.960  -42.138  33.326 1.0000000000
117545  -59.756  -42.248  32.841 1.0000000000
117546  -58.577  -41.965  33.726 1.0000000000
117547  -59.055  -42.198  33.044 1.0000000000
117548  -59.550  -42.367  32.346 1.0000000000
117549  -59.355  -42.468  31.859 1.0000000000
117550  -59.154  -42.560  31.365 1.0000000000
117551  -58.963  -42.637  30.851 1.0000000000
125679  -53.447  -42.094  30.017 1.0000000000
125680  -54.156  -42.272  29.998 1.0000000000
125681  -53.940  -42.364  29.395 1.0000000000
125686  -55.553  -42.857  27.462 1.0000000000
135006  -61.349  -42.234  32.988 1.0000000000
135007  -61.775  -42.430  32.380 1.0000000000
135009  -61.341  -42.593  31.399 1.0000000000
135010  -61.950  -42.676  31.336 1.0000000000
141716  -56.423  -39.270  36.558 1.0000000000
141717  -56.105  -39.542  36.226 1.0000000000
141718  -55.792  -39.800  35.855 1.0000000000
141719  -55.547  -40.054  35.437 1.0000000000
156140  -54.368  -38.038  35.365 1.0000000000
156141  -54.777  -38.457  35.688 1.0000000000
156142  -54.834  -39.097  35.547 1.0000000000
156143  -54.986  -39.720  35.319 1.0000000000
156144  -55.210  -40.289  35.002 1.0000000000
156218  -52.813  -38.990  33.909 1.0000000000
156219  -53.294  -39.423  34.101 1.0000000000
156220  -53.102  -40.294  33.322 1.0000000000
156221  -53.459  -40.063  33.798 1.0000000000
156222  -53.796  -39.851  34.280 1.0000000000
156223  -54.332  -40.223  34.405 1.0000000000
156224  -54.912  -40.538  34.496 1.0000000000
156225  -55.547  -40.825  34.549 1.0000000000
156226  -55.895  -41.298  34.055 1.0000000000
156227  -56.297  -41.702  33.516 1.0000000000
156228  -56.753  -42.022  32.903 1.0000000000
156229  -55.794  -41.978  32.338 1.0000000000
156230  -56.526  -42.135  32.284 1.0000000000
156231  -57.222  -42.268  32.243 1.0000000000
156232  -57.719  -42.448  31.574 1.0000000000
156233  -58.232  -42.589  30.918 1.0000000000
156234  -58.707  -42.704  30.243 1.0000000000
156235  -54.869  -42.423  29.969 1.0000000000
156236  -55.579  -42.542  29.915 1.0000000000
156237  -56.311  -42.646  29.853 1.0000000000
156238  -56.633  -42.894  28.576 1.0000000000
156239  -56.847  -42.819  29.181 1.0000000000
156240  -57.039  -42.718  29.798 1.0000000000
156241  -57.769  -42.753  29.718 1.0000000000
156242  -58.493  -42.783  29.645 1.0000000000
156243  -59.202  -42.814  29.607 1.0000000000
156244  -59.674  -42.926  29.027 1.0000000000
