#!ascii label  , from subject 40tvs8ref_sym_20 vox2ras=TkReg
240
564  -34.386  -75.515  34.270 1.0000000000
1249  -35.481  -77.817  39.660 1.0000000000
1250  -35.193  -81.292  33.954 1.0000000000
2331  -34.958  -73.006  39.625 1.0000000000
2332  -33.577  -70.158  34.956 1.0000000000
5186  -34.922  -76.794  36.866 1.0000000000
5187  -35.218  -75.421  39.518 1.0000000000
5188  -34.696  -74.251  36.950 1.0000000000
5189  -34.326  -71.712  37.257 1.0000000000
5190  -34.047  -72.884  34.500 1.0000000000
6857  -35.147  -79.631  36.875 1.0000000000
6858  -34.777  -78.274  34.102 1.0000000000
9551  -36.062  -76.179  42.312 1.0000000000
9555  -33.268  -69.383  37.747 1.0000000000
12866  -34.641  -76.220  35.508 1.0000000000
12867  -34.813  -75.515  36.886 1.0000000000
12868  -34.520  -74.874  35.562 1.0000000000
12869  -34.400  -73.580  35.739 1.0000000000
12870  -34.252  -74.186  34.331 1.0000000000
12871  -33.903  -73.456  33.193 1.0000000000
12872  -34.119  -74.804  32.993 1.0000000000
15267  -35.349  -81.127  36.862 1.0000000000
15268  -35.092  -80.524  35.462 1.0000000000
15269  -34.905  -79.015  35.507 1.0000000000
15270  -35.001  -79.769  34.014 1.0000000000
15271  -35.030  -79.051  32.677 1.0000000000
15272  -35.276  -80.562  32.515 1.0000000000
21316  -35.925  -78.153  40.965 1.0000000000
21317  -36.230  -77.280  42.239 1.0000000000
21318  -35.696  -77.035  41.030 1.0000000000
21319  -35.166  -74.167  39.550 1.0000000000
21320  -35.478  -74.733  40.801 1.0000000000
21326  -33.975  -70.917  36.071 1.0000000000
21327  -33.906  -70.500  37.426 1.0000000000
21328  -33.536  -69.726  36.333 1.0000000000
27766  -35.203  -77.336  38.235 1.0000000000
27767  -35.335  -76.598  39.629 1.0000000000
27768  -35.083  -76.028  38.238 1.0000000000
27769  -34.964  -74.840  38.243 1.0000000000
27770  -34.859  -73.637  38.306 1.0000000000
27771  -34.654  -72.402  38.401 1.0000000000
27772  -34.580  -73.020  37.084 1.0000000000
27773  -34.214  -72.258  35.907 1.0000000000
27774  -33.843  -71.524  34.700 1.0000000000
27775  -33.437  -70.705  33.614 1.0000000000
27776  -33.673  -72.089  33.395 1.0000000000
27777  -33.576  -72.612  32.054 1.0000000000
31356  -35.741  -79.073  39.581 1.0000000000
31358  -35.512  -80.103  38.213 1.0000000000
31359  -35.308  -78.713  38.249 1.0000000000
31360  -35.007  -78.168  36.879 1.0000000000
31361  -34.742  -77.549  35.512 1.0000000000
31362  -34.519  -76.887  34.146 1.0000000000
31363  -34.387  -76.147  32.865 1.0000000000
31364  -34.706  -77.591  32.794 1.0000000000
38894  -35.605  -75.884  40.909 1.0000000000
38895  -35.931  -75.044  42.169 1.0000000000
38903  -34.235  -71.223  38.588 1.0000000000
38904  -33.645  -70.150  38.837 1.0000000000
43586  -34.512  -75.888  34.884 1.0000000000
43587  -34.577  -75.552  35.506 1.0000000000
43588  -34.446  -75.199  34.910 1.0000000000
43589  -34.382  -74.534  34.929 1.0000000000
43590  -34.298  -74.850  34.277 1.0000000000
43591  -34.152  -74.500  33.668 1.0000000000
43592  -34.249  -75.161  33.647 1.0000000000
45986  -35.218  -81.730  34.666 1.0000000000
45988  -35.111  -80.929  34.710 1.0000000000
45989  -35.007  -80.148  34.749 1.0000000000
45990  -35.089  -80.520  33.990 1.0000000000
45991  -35.140  -80.169  33.281 1.0000000000
45992  -35.227  -80.918  33.240 1.0000000000
52036  -35.674  -78.023  40.358 1.0000000000
52037  -35.767  -77.628  41.070 1.0000000000
52038  -35.591  -77.407  40.400 1.0000000000
52039  -35.093  -73.584  39.576 1.0000000000
52045  -34.776  -72.411  39.684 1.0000000000
52046  -33.784  -70.564  35.505 1.0000000000
52047  -33.796  -70.320  36.176 1.0000000000
52048  -33.575  -69.923  35.651 1.0000000000
52049  -33.307  -69.317  35.838 1.0000000000
52050  -33.358  -69.517  35.134 1.0000000000
61636  -35.056  -77.080  37.507 1.0000000000
61637  -35.124  -76.686  38.212 1.0000000000
61638  -34.999  -76.422  37.536 1.0000000000
61639  -34.753  -74.890  36.893 1.0000000000
61640  -34.892  -75.160  37.566 1.0000000000
61641  -34.829  -74.556  37.574 1.0000000000
61642  -34.894  -74.256  38.261 1.0000000000
61643  -34.781  -73.952  37.625 1.0000000000
61644  -34.734  -73.346  37.680 1.0000000000
61645  -34.636  -73.665  37.017 1.0000000000
61646  -34.220  -73.240  35.094 1.0000000000
61647  -34.305  -72.925  35.797 1.0000000000
61648  -34.146  -72.577  35.195 1.0000000000
61649  -34.037  -71.904  35.300 1.0000000000
61650  -33.970  -72.218  34.600 1.0000000000
61651  -33.767  -71.825  34.025 1.0000000000
61652  -33.859  -72.503  33.925 1.0000000000
61654  -33.739  -73.036  32.627 1.0000000000
61656  -33.554  -72.917  31.305 1.0000000000
68834  -36.050  -79.120  40.127 1.0000000000
68835  -35.917  -79.661  39.483 1.0000000000
68839  -35.235  -80.364  36.886 1.0000000000
68840  -35.405  -80.607  37.539 1.0000000000
68841  -35.294  -79.887  37.553 1.0000000000
68842  -35.383  -79.416  38.246 1.0000000000
68843  -35.227  -79.154  37.545 1.0000000000
68844  -35.206  -78.398  37.531 1.0000000000
68845  -35.086  -78.890  36.853 1.0000000000
68846  -34.826  -78.637  34.804 1.0000000000
68847  -34.822  -78.285  35.512 1.0000000000
68848  -34.733  -77.902  34.829 1.0000000000
68849  -34.623  -77.230  34.836 1.0000000000
68850  -34.647  -77.563  34.124 1.0000000000
68851  -34.590  -77.227  33.475 1.0000000000
68852  -34.737  -77.932  33.443 1.0000000000
68853  -35.205  -79.446  31.880 1.0000000000
86989  -36.111  -76.749  42.324 1.0000000000
86991  -36.320  -76.249  42.937 1.0000000000
86994  -35.270  -75.996  39.567 1.0000000000
86995  -35.452  -76.245  40.264 1.0000000000
86996  -35.399  -75.671  40.208 1.0000000000
86997  -35.602  -74.339  41.466 1.0000000000
86998  -35.689  -74.896  41.484 1.0000000000
87016  -34.493  -72.059  37.834 1.0000000000
87017  -34.456  -71.795  38.490 1.0000000000
87018  -34.303  -71.455  37.924 1.0000000000
87019  -33.625  -69.942  37.562 1.0000000000
87020  -33.787  -70.326  38.132 1.0000000000
87021  -33.447  -69.801  38.296 1.0000000000
87022  -33.256  -69.661  39.045 1.0000000000
87023  -33.066  -69.289  38.498 1.0000000000
87025  -32.884  -68.906  37.984 1.0000000000
87038  -33.378  -71.005  32.965 1.0000000000
87039  -33.228  -70.267  33.096 1.0000000000
87053  -34.494  -76.484  32.176 1.0000000000
96886  -34.780  -76.517  36.176 1.0000000000
96887  -34.871  -76.139  36.875 1.0000000000
96888  -34.730  -75.862  36.163 1.0000000000
96889  -34.674  -75.214  36.210 1.0000000000
96890  -34.619  -74.554  36.266 1.0000000000
96891  -34.558  -73.920  36.351 1.0000000000
96892  -34.477  -74.224  35.658 1.0000000000
96893  -34.316  -73.885  35.028 1.0000000000
96894  -34.139  -73.537  34.409 1.0000000000
96895  -33.960  -73.167  33.843 1.0000000000
96896  -34.069  -73.829  33.767 1.0000000000
96897  -34.002  -74.134  33.064 1.0000000000
96898  -33.991  -74.412  32.383 1.0000000000
101207  -35.546  -81.799  36.770 1.0000000000
101208  -35.303  -81.589  36.146 1.0000000000
101209  -35.176  -80.856  36.180 1.0000000000
101210  -35.122  -80.072  36.202 1.0000000000
101211  -35.043  -79.342  36.182 1.0000000000
101212  -35.012  -79.745  35.495 1.0000000000
101213  -34.905  -79.378  34.780 1.0000000000
101214  -34.882  -79.006  34.066 1.0000000000
101215  -34.879  -78.672  33.406 1.0000000000
101216  -35.013  -79.410  33.344 1.0000000000
101217  -35.162  -79.793  32.600 1.0000000000
101218  -35.315  -80.208  31.795 1.0000000000
112096  -36.277  -78.177  41.415 1.0000000000
112098  -36.064  -77.703  41.600 1.0000000000
112099  -35.940  -77.212  41.684 1.0000000000
112100  -35.868  -76.645  41.686 1.0000000000
112101  -35.189  -74.797  39.511 1.0000000000
112102  -35.351  -75.109  40.152 1.0000000000
112103  -35.311  -74.518  40.163 1.0000000000
112114  -34.163  -71.343  36.633 1.0000000000
112115  -34.139  -71.092  37.304 1.0000000000
112116  -33.981  -70.710  36.725 1.0000000000
112117  -33.764  -70.132  36.841 1.0000000000
112118  -33.438  -69.549  37.031 1.0000000000
112120  -33.224  -69.153  36.541 1.0000000000
117763  -35.328  -81.697  33.194 1.0000000000
126226  -35.316  -77.572  38.935 1.0000000000
126227  -35.406  -77.164  39.624 1.0000000000
126228  -35.256  -76.922  38.918 1.0000000000
126229  -35.182  -76.321  38.934 1.0000000000
126230  -35.132  -75.727  38.912 1.0000000000
126231  -34.928  -75.780  37.573 1.0000000000
126232  -35.017  -75.442  38.256 1.0000000000
126233  -35.087  -75.118  38.919 1.0000000000
126234  -35.037  -74.501  38.894 1.0000000000
126235  -35.007  -73.937  38.903 1.0000000000
126236  -34.928  -73.334  38.954 1.0000000000
126237  -34.805  -72.729  39.001 1.0000000000
126238  -34.784  -73.025  38.346 1.0000000000
126239  -34.653  -72.714  37.734 1.0000000000
126240  -34.461  -72.344  37.188 1.0000000000
126241  -34.468  -73.283  36.421 1.0000000000
126242  -34.387  -72.635  36.523 1.0000000000
126243  -34.290  -71.981  36.584 1.0000000000
126244  -34.107  -71.592  35.986 1.0000000000
126245  -33.916  -71.213  35.399 1.0000000000
126246  -33.722  -70.841  34.820 1.0000000000
126247  -33.516  -70.435  34.284 1.0000000000
126248  -33.642  -71.126  34.157 1.0000000000
126249  -33.561  -71.408  33.509 1.0000000000
126250  -33.487  -71.679  32.871 1.0000000000
126251  -33.785  -72.786  33.278 1.0000000000
126252  -33.613  -72.350  32.757 1.0000000000
126253  -33.432  -71.944  32.193 1.0000000000
126254  -33.418  -72.212  31.476 1.0000000000
135575  -35.816  -78.596  40.304 1.0000000000
135576  -35.564  -78.475  39.629 1.0000000000
135580  -35.601  -81.297  37.469 1.0000000000
135582  -35.804  -80.205  38.794 1.0000000000
135583  -35.609  -79.602  38.905 1.0000000000
135584  -35.488  -78.940  38.950 1.0000000000
135585  -35.372  -78.253  38.963 1.0000000000
135586  -35.266  -78.003  38.261 1.0000000000
135587  -35.129  -77.741  37.536 1.0000000000
135588  -34.969  -77.462  36.845 1.0000000000
135589  -34.948  -78.609  36.190 1.0000000000
135590  -34.866  -77.877  36.181 1.0000000000
135591  -34.825  -77.179  36.186 1.0000000000
135592  -34.691  -76.880  35.508 1.0000000000
135593  -34.572  -76.577  34.867 1.0000000000
135594  -34.464  -76.199  34.230 1.0000000000
135595  -34.359  -75.839  33.603 1.0000000000
135596  -34.448  -76.518  33.503 1.0000000000
135597  -34.547  -76.861  32.830 1.0000000000
135598  -34.697  -77.219  32.135 1.0000000000
135599  -34.873  -78.319  32.742 1.0000000000
135606  -35.400  -80.999  31.695 1.0000000000
157640  -35.497  -76.818  40.329 1.0000000000
157641  -35.649  -76.457  40.958 1.0000000000
157642  -35.828  -76.060  41.614 1.0000000000
157643  -35.547  -75.322  40.860 1.0000000000
157644  -35.762  -75.506  41.565 1.0000000000
157645  -36.026  -75.610  42.249 1.0000000000
157668  -34.400  -71.533  39.178 1.0000000000
157669  -34.137  -71.002  39.278 1.0000000000
157670  -34.071  -70.899  37.998 1.0000000000
157671  -33.968  -70.695  38.681 1.0000000000
157672  -33.829  -70.485  39.396 1.0000000000
157673  -33.465  -70.003  39.589 1.0000000000
157712  -34.242  -75.471  32.957 1.0000000000
