#!ascii label  , from subject 40tvs8ref_sym_20 vox2ras=TkReg
365
545  -52.453  -42.197  25.814 1.0000000000
1204  -47.092  -40.647  25.942 1.0000000000
1205  -51.947  -41.060  21.154 1.0000000000
2276  -48.892  -39.306  30.472 1.0000000000
3124  -49.203  -40.850  21.006 1.0000000000
5051  -49.660  -41.572  25.911 1.0000000000
5052  -47.808  -40.163  28.360 1.0000000000
5053  -50.185  -41.484  28.451 1.0000000000
5054  -51.039  -40.977  30.739 1.0000000000
5055  -52.924  -42.326  28.206 1.0000000000
5057  -55.135  -42.705  25.675 1.0000000000
6774  -44.853  -39.172  25.953 1.0000000000
6775  -46.648  -40.746  23.505 1.0000000000
6776  -49.341  -41.358  23.470 1.0000000000
6777  -52.146  -41.668  23.473 1.0000000000
6778  -54.684  -42.101  23.346 1.0000000000
6779  -54.606  -41.311  21.140 1.0000000000
9388  -45.930  -38.229  27.897 1.0000000000
9389  -47.386  -37.200  29.421 1.0000000000
9390  -49.192  -36.237  30.648 1.0000000000
9391  -50.347  -38.308  32.133 1.0000000000
9397  -57.113  -42.701  23.290 1.0000000000
12731  -51.045  -41.878  25.880 1.0000000000
12732  -49.864  -41.580  27.169 1.0000000000
12733  -51.258  -41.951  27.133 1.0000000000
12734  -51.537  -41.928  28.320 1.0000000000
12735  -52.703  -42.337  26.963 1.0000000000
12736  -54.042  -42.638  26.926 1.0000000000
12737  -53.822  -42.481  25.746 1.0000000000
15131  -50.588  -40.985  21.094 1.0000000000
15132  -49.219  -41.172  22.249 1.0000000000
15133  -50.622  -41.282  22.268 1.0000000000
15134  -50.718  -41.537  23.479 1.0000000000
15135  -52.028  -41.364  22.309 1.0000000000
15136  -53.361  -41.493  22.304 1.0000000000
15137  -53.272  -41.142  21.198 1.0000000000
20911  -45.949  -39.958  25.954 1.0000000000
20912  -45.337  -38.711  27.014 1.0000000000
20913  -46.339  -39.648  27.129 1.0000000000
20914  -48.304  -39.787  29.463 1.0000000000
20915  -47.404  -38.797  29.140 1.0000000000
20916  -48.058  -38.297  30.052 1.0000000000
20917  -48.270  -36.718  30.094 1.0000000000
20918  -48.831  -37.753  30.856 1.0000000000
20919  -49.676  -37.246  31.510 1.0000000000
20920  -49.560  -38.808  31.358 1.0000000000
20921  -52.317  -41.568  30.682 1.0000000000
20922  -51.626  -40.549  31.766 1.0000000000
20933  -55.790  -42.057  22.180 1.0000000000
20934  -55.899  -42.416  23.291 1.0000000000
20935  -56.968  -42.375  22.184 1.0000000000
24056  -50.594  -40.596  19.985 1.0000000000
24057  -51.978  -40.667  20.017 1.0000000000
24058  -53.338  -40.710  20.028 1.0000000000
27523  -48.321  -41.197  25.934 1.0000000000
27524  -47.407  -40.475  27.147 1.0000000000
27525  -48.563  -41.125  27.179 1.0000000000
27526  -48.943  -40.905  28.451 1.0000000000
27527  -49.383  -40.601  29.607 1.0000000000
27528  -49.878  -40.182  30.685 1.0000000000
27529  -50.563  -41.285  29.600 1.0000000000
27530  -51.844  -41.809  29.554 1.0000000000
27531  -53.235  -42.208  29.413 1.0000000000
27533  -54.316  -42.643  28.170 1.0000000000
27534  -55.385  -42.826  26.834 1.0000000000
27535  -56.381  -42.880  25.629 1.0000000000
31166  -45.576  -40.182  24.765 1.0000000000
31167  -46.851  -40.754  24.747 1.0000000000
31168  -47.864  -40.948  22.226 1.0000000000
31169  -47.990  -41.104  23.452 1.0000000000
31170  -48.137  -41.181  24.697 1.0000000000
31171  -49.452  -41.499  24.729 1.0000000000
31172  -50.871  -41.755  24.656 1.0000000000
31173  -52.293  -41.959  24.629 1.0000000000
31174  -53.600  -42.208  24.572 1.0000000000
31175  -53.425  -41.861  23.441 1.0000000000
31176  -54.630  -41.734  22.228 1.0000000000
31177  -55.793  -41.611  21.102 1.0000000000
38404  -44.446  -37.775  26.789 1.0000000000
38405  -45.166  -37.204  27.578 1.0000000000
38406  -45.953  -36.638  28.272 1.0000000000
38407  -46.810  -39.247  28.159 1.0000000000
38408  -46.618  -37.727  28.696 1.0000000000
38409  -46.862  -36.113  28.826 1.0000000000
38410  -47.835  -35.628  29.278 1.0000000000
38411  -48.839  -35.195  29.678 1.0000000000
38416  -50.520  -39.759  31.681 1.0000000000
38417  -51.212  -39.282  32.527 1.0000000000
38431  -54.868  -42.457  24.529 1.0000000000
38432  -56.121  -42.704  24.428 1.0000000000
43451  -51.762  -42.038  25.839 1.0000000000
43452  -51.159  -41.938  26.497 1.0000000000
43453  -51.864  -42.107  26.454 1.0000000000
43454  -51.979  -42.150  27.036 1.0000000000
43455  -52.558  -42.275  26.405 1.0000000000
43456  -53.251  -42.420  26.370 1.0000000000
43457  -53.137  -42.343  25.786 1.0000000000
45851  -51.256  -41.028  21.134 1.0000000000
45852  -50.594  -41.135  21.665 1.0000000000
45853  -51.262  -41.186  21.738 1.0000000000
45854  -51.324  -41.324  22.294 1.0000000000
45855  -51.979  -41.213  21.712 1.0000000000
45856  -52.637  -41.259  21.751 1.0000000000
45857  -52.621  -41.086  21.149 1.0000000000
51631  -46.508  -40.324  25.928 1.0000000000
51632  -46.138  -39.823  26.534 1.0000000000
51633  -46.684  -40.214  26.542 1.0000000000
51634  -48.581  -39.550  29.976 1.0000000000
51635  -48.124  -39.068  29.836 1.0000000000
51636  -48.458  -38.801  30.294 1.0000000000
51637  -48.432  -38.012  30.475 1.0000000000
51638  -48.807  -38.521  30.755 1.0000000000
51639  -49.166  -38.285  31.141 1.0000000000
51640  -49.208  -39.067  30.932 1.0000000000
51641  -52.980  -41.789  30.654 1.0000000000
51653  -56.353  -42.004  21.633 1.0000000000
51654  -56.370  -42.218  22.167 1.0000000000
51655  -56.935  -42.156  21.625 1.0000000000
55452  -50.616  -40.342  19.427 1.0000000000
55453  -51.314  -40.393  19.481 1.0000000000
55454  -51.285  -40.640  20.006 1.0000000000
61231  -48.977  -41.399  25.937 1.0000000000
61232  -48.428  -41.169  26.542 1.0000000000
61233  -49.067  -41.411  26.564 1.0000000000
61234  -50.024  -41.543  27.827 1.0000000000
61235  -49.372  -41.294  27.842 1.0000000000
61236  -49.554  -41.212  28.475 1.0000000000
61237  -49.144  -40.781  29.056 1.0000000000
61238  -49.727  -41.104  29.071 1.0000000000
61239  -49.955  -40.955  29.617 1.0000000000
61240  -50.360  -41.396  29.015 1.0000000000
61241  -52.229  -42.130  28.269 1.0000000000
61242  -51.691  -41.900  28.951 1.0000000000
61243  -52.354  -42.099  28.903 1.0000000000
61244  -52.524  -42.024  29.482 1.0000000000
61245  -53.089  -42.292  28.833 1.0000000000
61246  -53.769  -42.451  28.814 1.0000000000
61247  -53.611  -42.496  28.182 1.0000000000
61248  -54.615  -42.686  26.294 1.0000000000
61249  -54.705  -42.751  26.921 1.0000000000
61250  -55.260  -42.774  26.261 1.0000000000
61251  -55.899  -42.862  26.231 1.0000000000
61252  -55.748  -42.799  25.650 1.0000000000
68428  -46.092  -40.511  24.137 1.0000000000
68429  -46.207  -40.482  24.754 1.0000000000
68430  -46.745  -40.756  24.138 1.0000000000
68431  -48.503  -40.770  21.015 1.0000000000
68432  -47.835  -40.826  21.611 1.0000000000
68433  -48.519  -40.920  21.607 1.0000000000
68434  -49.288  -41.269  22.835 1.0000000000
68435  -48.605  -41.157  22.836 1.0000000000
68436  -48.665  -41.241  23.462 1.0000000000
68437  -48.069  -41.150  24.082 1.0000000000
68438  -48.725  -41.304  24.093 1.0000000000
68439  -48.772  -41.356  24.709 1.0000000000
68440  -49.386  -41.431  24.086 1.0000000000
68441  -51.430  -41.613  23.490 1.0000000000
68442  -50.783  -41.652  24.081 1.0000000000
68443  -51.498  -41.735  24.076 1.0000000000
68444  -51.585  -41.845  24.671 1.0000000000
68445  -52.195  -41.820  24.053 1.0000000000
68446  -52.842  -41.923  24.026 1.0000000000
68447  -52.785  -41.750  23.458 1.0000000000
68448  -53.993  -41.402  21.716 1.0000000000
68449  -54.012  -41.606  22.268 1.0000000000
68450  -54.615  -41.521  21.687 1.0000000000
68451  -55.204  -41.673  21.658 1.0000000000
68452  -55.208  -41.450  21.122 1.0000000000
85771  -44.335  -38.734  25.933 1.0000000000
85772  -44.135  -38.029  26.340 1.0000000000
85773  -44.589  -38.487  26.454 1.0000000000
85774  -45.634  -38.494  27.460 1.0000000000
85775  -45.199  -37.978  27.350 1.0000000000
85776  -45.534  -37.714  27.751 1.0000000000
85777  -45.535  -36.924  27.951 1.0000000000
85778  -45.864  -37.409  28.149 1.0000000000
85779  -47.589  -40.334  27.758 1.0000000000
85780  -47.056  -39.919  27.692 1.0000000000
85781  -47.285  -39.738  28.256 1.0000000000
85782  -47.340  -38.006  29.330 1.0000000000
85783  -46.983  -38.266  28.916 1.0000000000
85784  -46.995  -37.442  29.062 1.0000000000
85785  -46.693  -36.882  28.816 1.0000000000
85786  -47.119  -36.611  29.118 1.0000000000
85787  -47.329  -35.866  29.057 1.0000000000
85788  -47.564  -36.397  29.413 1.0000000000
85789  -48.723  -36.470  30.375 1.0000000000
85790  -48.522  -35.930  29.930 1.0000000000
85791  -48.991  -35.714  30.155 1.0000000000
85793  -49.495  -35.505  30.373 1.0000000000
85796  -49.979  -37.765  31.849 1.0000000000
85798  -50.430  -37.518  32.161 1.0000000000
85800  -50.756  -38.063  32.483 1.0000000000
85801  -50.460  -40.590  30.745 1.0000000000
85802  -50.180  -39.962  31.199 1.0000000000
85803  -50.722  -40.380  31.264 1.0000000000
85804  -51.921  -40.354  32.265 1.0000000000
85805  -51.369  -39.940  32.199 1.0000000000
85807  -51.570  -39.019  32.913 1.0000000000
85838  -54.134  -42.142  23.967 1.0000000000
85839  -54.253  -42.325  24.554 1.0000000000
85840  -54.752  -42.295  23.930 1.0000000000
85841  -56.513  -42.568  23.276 1.0000000000
85842  -56.004  -42.577  23.866 1.0000000000
85843  -56.630  -42.709  23.840 1.0000000000
85844  -56.752  -42.803  24.386 1.0000000000
96643  -50.357  -41.732  25.880 1.0000000000
96644  -49.760  -41.601  26.521 1.0000000000
96645  -50.455  -41.773  26.525 1.0000000000
96646  -50.546  -41.783  27.164 1.0000000000
96647  -50.698  -41.758  27.796 1.0000000000
96648  -50.849  -41.720  28.390 1.0000000000
96649  -51.388  -41.951  27.729 1.0000000000
96650  -52.098  -42.144  27.642 1.0000000000
96651  -52.817  -42.344  27.577 1.0000000000
96652  -53.473  -42.512  27.554 1.0000000000
96653  -53.383  -42.500  26.937 1.0000000000
96654  -53.931  -42.577  26.326 1.0000000000
96655  -54.484  -42.605  25.714 1.0000000000
100962  -46.565  -40.742  22.869 1.0000000000
100963  -49.912  -40.932  21.064 1.0000000000
100964  -49.215  -41.016  21.629 1.0000000000
100965  -49.908  -41.096  21.662 1.0000000000
100966  -49.928  -41.234  22.239 1.0000000000
100967  -49.971  -41.363  22.861 1.0000000000
100968  -50.024  -41.452  23.466 1.0000000000
100969  -50.680  -41.406  22.820 1.0000000000
100970  -51.375  -41.481  22.889 1.0000000000
100971  -52.082  -41.521  22.899 1.0000000000
100972  -52.755  -41.580  22.887 1.0000000000
100973  -52.669  -41.410  22.351 1.0000000000
100974  -53.308  -41.321  21.761 1.0000000000
100975  -53.971  -41.206  21.159 1.0000000000
111367  -45.395  -39.579  25.959 1.0000000000
111368  -45.090  -38.969  26.499 1.0000000000
111369  -45.622  -39.392  26.527 1.0000000000
111370  -45.834  -39.180  27.085 1.0000000000
111371  -46.094  -38.960  27.562 1.0000000000
111372  -48.022  -39.983  28.933 1.0000000000
111373  -47.550  -39.530  28.804 1.0000000000
111374  -47.837  -39.313  29.341 1.0000000000
111375  -47.723  -38.540  29.601 1.0000000000
111376  -47.711  -37.754  29.745 1.0000000000
111377  -47.829  -36.973  29.789 1.0000000000
111378  -48.111  -37.526  30.146 1.0000000000
111379  -48.536  -37.237  30.495 1.0000000000
111380  -48.967  -36.986  30.816 1.0000000000
111381  -49.421  -36.743  31.108 1.0000000000
111382  -49.236  -37.500  31.211 1.0000000000
111383  -49.547  -38.026  31.509 1.0000000000
111384  -49.941  -38.552  31.758 1.0000000000
111385  -51.664  -41.287  30.717 1.0000000000
111386  -51.321  -40.768  31.270 1.0000000000
111387  -51.930  -41.101  31.266 1.0000000000
111407  -55.248  -42.068  22.736 1.0000000000
111408  -55.288  -42.266  23.310 1.0000000000
111409  -55.840  -42.235  22.713 1.0000000000
111410  -56.425  -42.395  22.704 1.0000000000
111411  -56.993  -42.544  22.720 1.0000000000
117570  -49.909  -40.753  20.466 1.0000000000
117571  -50.590  -40.819  20.512 1.0000000000
117572  -51.242  -40.877  20.557 1.0000000000
117573  -51.947  -40.896  20.562 1.0000000000
117574  -52.647  -40.897  20.579 1.0000000000
117575  -52.655  -40.685  20.022 1.0000000000
125659  -47.688  -40.940  25.925 1.0000000000
125660  -47.252  -40.572  26.548 1.0000000000
125661  -47.825  -40.892  26.546 1.0000000000
125662  -47.969  -40.822  27.163 1.0000000000
125663  -48.157  -40.696  27.813 1.0000000000
125664  -49.199  -41.372  27.179 1.0000000000
125665  -48.746  -41.027  27.832 1.0000000000
125666  -48.358  -40.551  28.419 1.0000000000
125667  -48.553  -40.403  28.995 1.0000000000
125668  -48.823  -40.216  29.545 1.0000000000
125669  -49.083  -40.011  30.091 1.0000000000
125670  -49.356  -39.781  30.596 1.0000000000
125671  -49.614  -40.400  30.154 1.0000000000
125672  -50.198  -40.776  30.184 1.0000000000
125673  -50.803  -41.129  30.190 1.0000000000
125674  -51.027  -41.664  28.966 1.0000000000
125675  -51.210  -41.564  29.590 1.0000000000
125676  -51.419  -41.442  30.165 1.0000000000
125677  -52.053  -41.699  30.125 1.0000000000
125678  -52.737  -41.931  30.054 1.0000000000
125682  -54.462  -42.600  28.776 1.0000000000
125683  -55.019  -42.767  28.127 1.0000000000
125684  -54.163  -42.654  27.547 1.0000000000
125685  -54.855  -42.766  27.512 1.0000000000
125687  -56.053  -42.919  26.829 1.0000000000
125688  -56.544  -42.954  26.230 1.0000000000
125689  -57.031  -42.963  25.598 1.0000000000
135059  -44.977  -39.873  24.788 1.0000000000
135060  -45.170  -39.742  25.368 1.0000000000
135061  -45.748  -40.084  25.371 1.0000000000
135062  -46.345  -40.401  25.348 1.0000000000
135063  -46.948  -40.695  25.333 1.0000000000
135066  -47.245  -40.895  22.858 1.0000000000
135067  -48.545  -41.056  22.220 1.0000000000
135068  -47.920  -41.032  22.849 1.0000000000
135069  -47.324  -40.942  23.491 1.0000000000
135070  -47.404  -40.968  24.099 1.0000000000
135071  -47.503  -40.983  24.703 1.0000000000
135072  -47.571  -40.963  25.322 1.0000000000
135073  -48.212  -41.200  25.319 1.0000000000
135074  -48.883  -41.407  25.334 1.0000000000
135075  -49.571  -41.532  25.318 1.0000000000
135076  -50.067  -41.549  24.117 1.0000000000
135077  -50.161  -41.631  24.702 1.0000000000
135078  -50.271  -41.681  25.274 1.0000000000
135079  -50.954  -41.808  25.268 1.0000000000
135080  -51.649  -41.942  25.246 1.0000000000
135081  -52.359  -42.091  25.214 1.0000000000
135082  -53.028  -42.234  25.188 1.0000000000
135083  -52.931  -42.094  24.601 1.0000000000
135084  -53.489  -42.044  23.998 1.0000000000
135085  -54.061  -41.973  23.403 1.0000000000
135086  -53.402  -41.671  22.871 1.0000000000
135087  -54.024  -41.785  22.860 1.0000000000
135088  -54.661  -41.913  22.782 1.0000000000
135089  -55.224  -41.883  22.193 1.0000000000
135090  -55.779  -41.841  21.648 1.0000000000
135091  -56.366  -41.773  21.092 1.0000000000
135092  -53.298  -40.932  20.589 1.0000000000
135093  -53.943  -41.000  20.586 1.0000000000
135098  -55.840  -41.368  20.527 1.0000000000
135099  -56.411  -41.514  20.498 1.0000000000
156173  -44.035  -37.292  26.622 1.0000000000
156174  -44.436  -36.981  27.001 1.0000000000
156175  -44.874  -38.248  26.916 1.0000000000
156176  -44.797  -37.488  27.201 1.0000000000
156177  -44.830  -36.684  27.366 1.0000000000
156179  -45.658  -36.140  28.004 1.0000000000
156180  -46.135  -35.872  28.273 1.0000000000
156181  -46.843  -40.091  27.117 1.0000000000
156182  -46.559  -39.446  27.631 1.0000000000
156183  -46.368  -38.743  28.035 1.0000000000
156184  -47.104  -39.025  28.666 1.0000000000
156185  -46.668  -38.510  28.505 1.0000000000
156186  -46.253  -37.986  28.328 1.0000000000
156187  -46.265  -37.153  28.505 1.0000000000
156188  -46.401  -36.371  28.568 1.0000000000
156189  -46.623  -35.614  28.512 1.0000000000
156190  -47.125  -35.374  28.736 1.0000000000
156192  -48.169  -34.935  29.060 1.0000000000
156193  -48.048  -36.149  29.687 1.0000000000
156194  -48.343  -35.410  29.484 1.0000000000
156195  -48.707  -34.746  29.224 1.0000000000
156208  -49.691  -39.524  31.079 1.0000000000
156209  -50.019  -39.285  31.543 1.0000000000
156210  -50.386  -39.051  31.955 1.0000000000
156211  -51.039  -40.162  31.738 1.0000000000
156212  -50.861  -39.512  32.100 1.0000000000
156213  -50.743  -38.802  32.355 1.0000000000
156214  -51.138  -38.557  32.724 1.0000000000
156253  -53.717  -42.371  25.153 1.0000000000
156254  -54.369  -42.488  25.135 1.0000000000
156255  -54.992  -42.602  25.096 1.0000000000
156256  -55.375  -42.440  23.903 1.0000000000
156257  -55.490  -42.590  24.491 1.0000000000
156258  -55.616  -42.712  25.057 1.0000000000
156259  -56.235  -42.807  25.035 1.0000000000
156262  -57.526  -42.291  21.634 1.0000000000
156264  -57.594  -42.699  22.772 1.0000000000
156267  -57.714  -42.813  23.323 1.0000000000
