#!ascii label  , from subject 40tvs8ref_sym_20 vox2ras=TkReg
282
559  -47.411  -35.804  1.193 1.0000000000
1517  -51.621  -35.443  -7.409 1.0000000000
2315  -49.372  -38.588  -4.591 1.0000000000
2316  -46.487  -33.629  -2.419 1.0000000000
3488  -49.110  -33.522  -7.270 1.0000000000
5142  -46.730  -38.415  -0.134 1.0000000000
5143  -48.735  -39.868  -2.848 1.0000000000
5144  -46.831  -37.421  -2.089 1.0000000000
5145  -47.241  -36.345  -3.980 1.0000000000
5146  -46.777  -34.749  -0.592 1.0000000000
6831  -49.879  -34.080  1.801 1.0000000000
9502  -52.226  -40.304  -4.304 1.0000000000
9503  -53.077  -38.802  -5.688 1.0000000000
9504  -50.369  -37.114  -6.110 1.0000000000
9505  -47.983  -35.034  -5.733 1.0000000000
9506  -46.703  -32.423  -4.370 1.0000000000
9507  -48.754  -32.643  0.567 1.0000000000
12822  -46.788  -37.018  0.543 1.0000000000
12823  -46.697  -37.920  -1.099 1.0000000000
12824  -46.620  -36.517  -0.383 1.0000000000
12825  -46.525  -36.057  -1.347 1.0000000000
12826  -47.058  -35.263  0.344 1.0000000000
16223  -52.899  -36.297  -7.298 1.0000000000
21190  -49.013  -39.276  -3.742 1.0000000000
21191  -50.401  -40.186  -3.676 1.0000000000
21192  -50.765  -39.494  -4.484 1.0000000000
21193  -52.619  -39.612  -5.011 1.0000000000
21194  -51.202  -38.773  -5.237 1.0000000000
21195  -51.721  -37.976  -5.956 1.0000000000
21196  -49.858  -37.895  -5.384 1.0000000000
21197  -46.629  -34.999  -3.264 1.0000000000
21198  -47.531  -35.710  -4.853 1.0000000000
21199  -46.854  -34.428  -4.243 1.0000000000
21200  -47.160  -33.781  -5.159 1.0000000000
21201  -46.543  -33.075  -3.433 1.0000000000
21202  -51.327  -33.426  1.832 1.0000000000
21203  -49.285  -33.378  1.154 1.0000000000
21204  -50.795  -32.639  1.296 1.0000000000
24710  -50.314  -34.520  -7.462 1.0000000000
24711  -51.765  -34.238  -8.031 1.0000000000
24712  -50.520  -33.403  -8.088 1.0000000000
27688  -47.260  -39.833  -0.664 1.0000000000
27689  -48.453  -40.467  -1.945 1.0000000000
27690  -47.414  -39.306  -1.663 1.0000000000
27691  -47.575  -38.738  -2.594 1.0000000000
27692  -47.808  -38.150  -3.525 1.0000000000
27693  -48.170  -37.544  -4.415 1.0000000000
27694  -46.999  -36.917  -3.049 1.0000000000
27695  -46.515  -35.526  -2.286 1.0000000000
27696  -46.582  -34.205  -1.500 1.0000000000
31299  -48.512  -34.857  1.604 1.0000000000
38742  -50.071  -40.828  -2.912 1.0000000000
38743  -51.784  -40.999  -3.569 1.0000000000
38744  -53.620  -41.089  -4.107 1.0000000000
38745  -54.056  -40.362  -4.794 1.0000000000
38746  -54.518  -39.633  -5.442 1.0000000000
38748  -53.649  -38.000  -6.372 1.0000000000
38749  -52.287  -37.161  -6.670 1.0000000000
38750  -50.962  -36.296  -6.815 1.0000000000
38751  -48.591  -36.868  -5.236 1.0000000000
38752  -49.118  -36.118  -6.040 1.0000000000
38753  -49.728  -35.334  -6.792 1.0000000000
38754  -48.523  -34.269  -6.553 1.0000000000
38755  -47.576  -33.042  -6.004 1.0000000000
38757  -47.974  -34.239  0.847 1.0000000000
38758  -47.542  -33.607  0.085 1.0000000000
38759  -47.156  -32.985  -0.708 1.0000000000
38761  -48.274  -31.946  -0.114 1.0000000000
38762  -46.888  -32.327  -1.557 1.0000000000
38763  -46.742  -31.713  -2.495 1.0000000000
43541  -47.181  -36.633  1.350 1.0000000000
43542  -47.037  -36.372  0.890 1.0000000000
43543  -46.663  -36.752  0.093 1.0000000000
43544  -46.870  -36.086  0.458 1.0000000000
43545  -46.767  -35.864  -0.017 1.0000000000
43546  -47.232  -35.517  0.779 1.0000000000
46943  -52.261  -35.875  -7.355 1.0000000000
46944  -52.987  -35.722  -7.599 1.0000000000
46945  -52.340  -35.288  -7.661 1.0000000000
51910  -49.183  -38.932  -4.157 1.0000000000
51911  -49.852  -39.406  -4.139 1.0000000000
51912  -50.047  -39.053  -4.555 1.0000000000
51913  -50.954  -39.145  -4.888 1.0000000000
51914  -50.260  -38.713  -4.987 1.0000000000
51915  -50.533  -38.335  -5.340 1.0000000000
51916  -49.619  -38.254  -5.002 1.0000000000
51917  -46.501  -34.325  -2.859 1.0000000000
51918  -46.707  -34.724  -3.747 1.0000000000
51919  -46.527  -34.063  -3.353 1.0000000000
51920  -46.650  -33.761  -3.856 1.0000000000
51921  -46.510  -33.369  -2.942 1.0000000000
51922  -52.061  -33.125  1.838 1.0000000000
51923  -51.043  -33.028  1.543 1.0000000000
51924  -51.822  -32.716  1.581 1.0000000000
56543  -49.687  -34.034  -7.395 1.0000000000
56544  -50.398  -33.940  -7.758 1.0000000000
56545  -49.807  -33.487  -7.702 1.0000000000
61503  -46.731  -37.944  0.691 1.0000000000
61507  -46.930  -39.147  -0.413 1.0000000000
61508  -47.337  -39.577  -1.171 1.0000000000
61509  -46.989  -38.894  -0.917 1.0000000000
61510  -46.770  -37.684  -1.579 1.0000000000
61511  -47.075  -38.378  -1.870 1.0000000000
61512  -47.134  -38.102  -2.343 1.0000000000
61513  -47.675  -38.427  -3.058 1.0000000000
61514  -47.220  -37.804  -2.844 1.0000000000
61515  -47.362  -37.558  -3.315 1.0000000000
61516  -46.893  -37.173  -2.599 1.0000000000
61517  -46.576  -35.388  -0.963 1.0000000000
61518  -46.539  -35.807  -1.830 1.0000000000
61519  -46.544  -35.132  -1.436 1.0000000000
61520  -46.483  -34.870  -1.897 1.0000000000
61521  -46.674  -34.472  -1.035 1.0000000000
71717  -52.519  -34.130  -8.293 1.0000000000
86610  -48.584  -40.194  -2.401 1.0000000000
86611  -49.231  -40.689  -2.454 1.0000000000
86612  -49.393  -40.371  -2.898 1.0000000000
86613  -51.292  -40.259  -4.028 1.0000000000
86614  -51.106  -40.586  -3.636 1.0000000000
86615  -51.988  -40.649  -3.941 1.0000000000
86616  -52.684  -41.040  -3.837 1.0000000000
86617  -52.935  -40.688  -4.190 1.0000000000
86618  -53.850  -40.726  -4.441 1.0000000000
86619  -53.137  -40.342  -4.550 1.0000000000
86620  -52.849  -39.224  -5.334 1.0000000000
86621  -53.577  -39.625  -5.231 1.0000000000
86622  -53.811  -39.230  -5.540 1.0000000000
86623  -54.755  -39.227  -5.745 1.0000000000
86624  -54.053  -38.819  -5.871 1.0000000000
86625  -54.324  -38.411  -6.199 1.0000000000
86626  -53.355  -38.419  -6.018 1.0000000000
86627  -51.037  -37.576  -6.063 1.0000000000
86628  -51.995  -37.570  -6.320 1.0000000000
86629  -51.313  -37.160  -6.412 1.0000000000
86630  -51.617  -36.766  -6.770 1.0000000000
86631  -50.662  -36.713  -6.477 1.0000000000
86632  -47.672  -36.965  -4.227 1.0000000000
86633  -48.375  -37.216  -4.824 1.0000000000
86634  -47.844  -36.640  -4.665 1.0000000000
86635  -47.770  -35.361  -5.286 1.0000000000
86636  -48.275  -35.936  -5.493 1.0000000000
86637  -48.531  -35.570  -5.906 1.0000000000
86638  -49.402  -35.741  -6.429 1.0000000000
86639  -48.798  -35.219  -6.307 1.0000000000
86640  -49.082  -34.830  -6.688 1.0000000000
86641  -48.249  -34.656  -6.140 1.0000000000
86642  -46.878  -33.112  -4.763 1.0000000000
86643  -47.353  -33.416  -5.567 1.0000000000
86644  -47.045  -32.764  -5.224 1.0000000000
86646  -46.816  -32.098  -4.859 1.0000000000
86647  -49.170  -34.458  1.721 1.0000000000
86648  -48.248  -34.553  1.235 1.0000000000
86649  -48.884  -34.130  1.371 1.0000000000
86650  -49.023  -33.019  0.845 1.0000000000
86651  -48.338  -33.455  0.676 1.0000000000
86652  -48.083  -33.104  0.346 1.0000000000
86653  -47.339  -33.280  -0.287 1.0000000000
86654  -47.865  -32.761  -0.006 1.0000000000
86659  -48.950  -31.498  0.085 1.0000000000
86661  -47.461  -32.085  -0.783 1.0000000000
86663  -46.815  -32.025  -2.005 1.0000000000
96807  -46.867  -37.281  1.020 1.0000000000
96808  -46.677  -37.706  0.183 1.0000000000
96809  -46.739  -38.175  -0.623 1.0000000000
96810  -46.615  -37.450  -0.293 1.0000000000
96811  -46.592  -37.220  -0.751 1.0000000000
96812  -46.606  -36.978  -1.264 1.0000000000
96813  -46.627  -36.742  -1.752 1.0000000000
96814  -46.569  -36.291  -0.869 1.0000000000
96815  -46.663  -35.636  -0.485 1.0000000000
96816  -46.877  -35.008  -0.114 1.0000000000
102929  -53.558  -36.720  -7.204 1.0000000000
111870  -48.861  -39.569  -3.286 1.0000000000
111871  -49.545  -40.063  -3.299 1.0000000000
111872  -49.691  -39.752  -3.725 1.0000000000
111873  -50.574  -39.851  -4.085 1.0000000000
111874  -51.501  -39.915  -4.393 1.0000000000
111875  -52.420  -39.956  -4.662 1.0000000000
111876  -51.690  -39.562  -4.764 1.0000000000
111877  -51.902  -39.215  -5.111 1.0000000000
111878  -52.122  -38.803  -5.470 1.0000000000
111879  -52.386  -38.383  -5.833 1.0000000000
111880  -51.464  -38.373  -5.600 1.0000000000
111881  -50.783  -37.957  -5.700 1.0000000000
111882  -50.100  -37.509  -5.745 1.0000000000
111883  -46.858  -35.683  -3.621 1.0000000000
111884  -47.370  -36.041  -4.406 1.0000000000
111885  -46.991  -35.397  -4.099 1.0000000000
111886  -47.142  -35.073  -4.570 1.0000000000
111887  -47.342  -34.759  -5.042 1.0000000000
111888  -47.530  -34.426  -5.499 1.0000000000
111889  -46.999  -34.123  -4.751 1.0000000000
111890  -46.738  -33.442  -4.337 1.0000000000
111891  -46.601  -32.736  -3.893 1.0000000000
111892  -50.594  -33.738  1.830 1.0000000000
111893  -49.584  -33.741  1.474 1.0000000000
111894  -50.304  -33.374  1.532 1.0000000000
111895  -50.035  -32.993  1.240 1.0000000000
111896  -49.764  -32.607  0.980 1.0000000000
119096  -50.976  -35.006  -7.458 1.0000000000
119097  -51.678  -34.843  -7.712 1.0000000000
119098  -51.031  -34.371  -7.761 1.0000000000
119099  -51.122  -33.815  -8.084 1.0000000000
119102  -50.631  -32.857  -8.315 1.0000000000
126047  -48.299  -40.746  -1.491 1.0000000000
126048  -47.782  -40.182  -1.371 1.0000000000
126049  -47.898  -39.908  -1.838 1.0000000000
126050  -47.992  -39.635  -2.340 1.0000000000
126051  -47.007  -38.641  -1.409 1.0000000000
126052  -47.491  -39.033  -2.131 1.0000000000
126053  -48.122  -39.323  -2.757 1.0000000000
126054  -48.233  -39.022  -3.210 1.0000000000
126055  -48.383  -38.734  -3.670 1.0000000000
126056  -48.557  -38.405  -4.103 1.0000000000
126057  -48.754  -38.096  -4.556 1.0000000000
126058  -47.988  -37.858  -3.968 1.0000000000
126059  -47.492  -37.288  -3.774 1.0000000000
126060  -47.105  -36.658  -3.541 1.0000000000
126061  -46.655  -36.500  -2.230 1.0000000000
126062  -46.714  -36.238  -2.705 1.0000000000
126063  -46.772  -35.956  -3.160 1.0000000000
126064  -46.565  -35.267  -2.774 1.0000000000
126065  -46.483  -34.601  -2.384 1.0000000000
126066  -46.520  -33.919  -1.956 1.0000000000
135423  -47.925  -35.297  1.441 1.0000000000
135424  -48.785  -35.175  1.959 1.0000000000
135430  -51.583  -33.792  2.114 1.0000000000
139174  -52.415  -34.684  -7.967 1.0000000000
157182  -49.061  -40.984  -2.015 1.0000000000
157183  -49.886  -41.141  -2.470 1.0000000000
157184  -50.725  -41.263  -2.840 1.0000000000
157185  -50.236  -40.500  -3.287 1.0000000000
157186  -50.916  -40.928  -3.247 1.0000000000
157188  -52.465  -41.385  -3.460 1.0000000000
157189  -53.380  -41.441  -3.731 1.0000000000
157191  -54.522  -41.138  -4.303 1.0000000000
157192  -54.754  -40.773  -4.646 1.0000000000
157194  -53.330  -40.000  -4.903 1.0000000000
157195  -54.284  -40.013  -5.120 1.0000000000
157196  -55.211  -40.027  -5.321 1.0000000000
157201  -54.613  -38.004  -6.534 1.0000000000
157203  -52.675  -37.979  -6.201 1.0000000000
157204  -52.980  -37.568  -6.552 1.0000000000
157206  -52.600  -36.734  -7.002 1.0000000000
157207  -51.944  -36.311  -7.076 1.0000000000
157208  -51.286  -35.861  -7.108 1.0000000000
157209  -48.989  -37.758  -4.949 1.0000000000
157210  -49.209  -37.402  -5.336 1.0000000000
157211  -49.440  -37.015  -5.731 1.0000000000
157212  -48.016  -36.299  -5.072 1.0000000000
157213  -48.842  -36.516  -5.667 1.0000000000
157214  -49.737  -36.628  -6.111 1.0000000000
157215  -50.026  -36.222  -6.490 1.0000000000
157216  -50.335  -35.811  -6.824 1.0000000000
157217  -50.668  -35.403  -7.153 1.0000000000
157218  -50.024  -34.931  -7.134 1.0000000000
157219  -49.386  -34.428  -7.067 1.0000000000
157220  -48.787  -33.887  -6.936 1.0000000000
157221  -47.778  -34.056  -5.922 1.0000000000
157222  -48.017  -33.673  -6.302 1.0000000000
157223  -48.278  -33.320  -6.696 1.0000000000
157224  -47.844  -32.692  -6.450 1.0000000000
157227  -47.706  -35.006  1.050 1.0000000000
157228  -47.482  -34.727  0.629 1.0000000000
157229  -47.228  -34.436  0.193 1.0000000000
157230  -48.553  -33.781  1.018 1.0000000000
157231  -47.734  -33.923  0.471 1.0000000000
157232  -47.108  -34.154  -0.229 1.0000000000
157233  -46.951  -33.853  -0.638 1.0000000000
157234  -46.810  -33.577  -1.098 1.0000000000
157235  -46.705  -33.282  -1.545 1.0000000000
157236  -51.569  -32.311  1.342 1.0000000000
157238  -49.461  -32.230  0.708 1.0000000000
157240  -49.195  -31.862  0.407 1.0000000000
157241  -48.496  -32.288  0.228 1.0000000000
157242  -47.662  -32.425  -0.396 1.0000000000
157243  -47.020  -32.659  -1.142 1.0000000000
157244  -46.611  -32.949  -2.005 1.0000000000
157245  -46.594  -32.678  -2.469 1.0000000000
157246  -46.535  -32.368  -2.938 1.0000000000
157247  -46.593  -32.051  -3.444 1.0000000000
157248  -47.083  -31.096  -2.111 1.0000000000
