#!ascii label  , from subject 40tvs8ref_sym_20 vox2ras=TkReg
336
264  -46.677  22.733  22.074 1.0000000000
743  -44.129  18.739  23.340 1.0000000000
1150  -54.931  18.782  20.994 1.0000000000
1626  -46.772  15.059  23.478 1.0000000000
1627  -50.261  18.785  23.413 1.0000000000
1628  -52.129  22.788  20.908 1.0000000000
3669  -43.814  14.886  23.950 1.0000000000
3670  -45.620  20.736  23.027 1.0000000000
3671  -47.272  18.616  23.506 1.0000000000
3672  -48.686  20.782  22.765 1.0000000000
3673  -51.511  21.001  22.487 1.0000000000
3674  -49.461  22.713  21.509 1.0000000000
5945  -42.407  16.794  23.687 1.0000000000
6678  -53.629  17.033  20.983 1.0000000000
7634  -49.443  15.471  22.271 1.0000000000
7635  -45.559  16.692  23.845 1.0000000000
7636  -48.635  16.858  23.733 1.0000000000
7637  -51.311  17.025  22.824 1.0000000000
7638  -53.000  18.944  22.705 1.0000000000
7639  -54.088  21.190  21.805 1.0000000000
7640  -54.534  23.075  20.063 1.0000000000
11349  -42.278  14.864  24.047 1.0000000000
11350  -46.168  21.767  22.586 1.0000000000
11351  -47.133  20.713  22.910 1.0000000000
11352  -47.667  21.792  22.445 1.0000000000
11353  -49.135  21.816  22.247 1.0000000000
11354  -48.100  22.728  21.840 1.0000000000
14970  -54.393  17.778  21.063 1.0000000000
16765  -45.847  14.283  23.151 1.0000000000
16767  -47.214  14.509  22.568 1.0000000000
16769  -48.202  15.248  22.946 1.0000000000
16770  -43.256  17.781  23.470 1.0000000000
16771  -44.057  16.708  23.804 1.0000000000
16772  -44.927  17.683  23.601 1.0000000000
16773  -48.774  18.695  23.535 1.0000000000
16774  -47.947  17.678  23.739 1.0000000000
16775  -49.473  17.774  23.676 1.0000000000
16776  -49.998  16.924  23.417 1.0000000000
16777  -50.875  17.848  23.379 1.0000000000
16778  -52.248  17.897  22.869 1.0000000000
16779  -51.721  18.899  23.145 1.0000000000
16780  -51.861  21.958  21.778 1.0000000000
16781  -52.838  21.108  22.217 1.0000000000
16782  -53.180  22.086  21.486 1.0000000000
16783  -54.405  22.167  21.033 1.0000000000
16784  -53.383  22.947  20.552 1.0000000000
23958  -55.361  19.814  20.545 1.0000000000
25036  -44.426  14.088  23.555 1.0000000000
25037  -45.317  14.941  23.804 1.0000000000
25038  -44.946  19.707  23.258 1.0000000000
25039  -45.742  18.619  23.434 1.0000000000
25040  -46.496  19.641  23.228 1.0000000000
25041  -48.025  19.668  23.235 1.0000000000
25042  -49.514  19.801  23.164 1.0000000000
25043  -50.948  19.922  22.987 1.0000000000
25044  -50.096  20.902  22.611 1.0000000000
25045  -50.535  21.883  22.021 1.0000000000
25046  -50.833  22.735  21.166 1.0000000000
29230  -39.913  15.922  23.983 1.0000000000
29231  -41.529  15.869  23.919 1.0000000000
29232  -40.796  16.916  23.685 1.0000000000
29233  -41.618  17.896  23.400 1.0000000000
29234  -42.454  18.871  23.286 1.0000000000
29237  -43.269  19.889  23.155 1.0000000000
29238  -44.067  20.804  23.085 1.0000000000
29239  -44.703  21.797  22.770 1.0000000000
29240  -45.223  22.766  22.274 1.0000000000
33338  -50.576  15.595  21.328 1.0000000000
33339  -43.130  15.794  23.921 1.0000000000
33340  -44.718  15.770  23.969 1.0000000000
33341  -46.209  15.835  23.908 1.0000000000
33342  -46.468  17.643  23.689 1.0000000000
33343  -47.140  16.763  23.907 1.0000000000
33344  -47.707  15.950  23.693 1.0000000000
33345  -49.083  16.049  23.273 1.0000000000
33346  -50.355  16.191  22.598 1.0000000000
33347  -51.618  16.297  21.691 1.0000000000
33348  -52.584  17.044  21.991 1.0000000000
33349  -53.447  17.886  22.094 1.0000000000
33350  -54.133  18.872  22.017 1.0000000000
33351  -52.361  19.993  22.752 1.0000000000
33352  -53.621  20.036  22.399 1.0000000000
33353  -54.682  19.976  21.672 1.0000000000
33354  -55.097  21.101  21.061 1.0000000000
33355  -55.396  22.054  20.239 1.0000000000
42068  -41.801  14.434  24.104 1.0000000000
42069  -41.426  14.887  24.089 1.0000000000
42070  -46.419  22.264  22.346 1.0000000000
42071  -46.907  21.776  22.518 1.0000000000
42072  -47.154  22.255  22.258 1.0000000000
42073  -47.912  22.263  22.168 1.0000000000
42074  -47.389  22.738  21.957 1.0000000000
45690  -54.684  18.254  21.037 1.0000000000
47485  -46.303  14.670  23.311 1.0000000000
47486  -46.524  14.395  22.878 1.0000000000
47487  -47.007  14.762  23.073 1.0000000000
47488  -47.714  14.870  22.770 1.0000000000
47489  -47.491  15.159  23.244 1.0000000000
47490  -43.695  18.244  23.389 1.0000000000
47491  -44.125  17.706  23.563 1.0000000000
47492  -44.533  18.198  23.462 1.0000000000
47493  -49.521  18.730  23.501 1.0000000000
47494  -49.142  18.211  23.631 1.0000000000
47495  -49.880  18.246  23.558 1.0000000000
47496  -50.195  17.789  23.547 1.0000000000
47497  -50.613  18.286  23.449 1.0000000000
47498  -51.290  18.362  23.275 1.0000000000
47499  -50.982  18.855  23.276 1.0000000000
47500  -52.025  22.391  21.357 1.0000000000
47501  -52.542  22.026  21.651 1.0000000000
47502  -52.675  22.449  21.224 1.0000000000
47503  -53.300  22.511  21.037 1.0000000000
47504  -52.759  22.851  20.754 1.0000000000
55290  -55.541  20.322  20.199 1.0000000000
57085  -43.372  14.439  23.942 1.0000000000
57086  -43.686  14.027  23.725 1.0000000000
57087  -44.122  14.470  23.815 1.0000000000
57088  -44.875  14.514  23.687 1.0000000000
57089  -44.569  14.897  23.911 1.0000000000
57090  -45.307  20.220  23.169 1.0000000000
57091  -45.733  19.665  23.249 1.0000000000
57092  -46.098  20.184  23.140 1.0000000000
57093  -47.898  20.742  22.854 1.0000000000
57094  -47.599  20.176  23.084 1.0000000000
57095  -48.368  20.235  23.023 1.0000000000
57096  -48.782  19.749  23.201 1.0000000000
57097  -49.120  20.338  22.954 1.0000000000
57098  -49.825  20.386  22.875 1.0000000000
57099  -49.388  20.855  22.692 1.0000000000
57100  -49.311  22.281  21.938 1.0000000000
57101  -49.835  21.852  22.128 1.0000000000
57102  -50.018  22.295  21.762 1.0000000000
57103  -50.704  22.320  21.611 1.0000000000
57104  -50.164  22.716  21.326 1.0000000000
64282  -39.575  16.479  23.902 1.0000000000
64283  -40.342  16.418  23.851 1.0000000000
64286  -40.799  17.965  23.452 1.0000000000
64287  -41.204  18.445  23.353 1.0000000000
64288  -42.017  18.376  23.337 1.0000000000
64289  -41.624  18.944  23.286 1.0000000000
64298  -43.662  20.363  23.090 1.0000000000
64303  -44.983  22.284  22.520 1.0000000000
67950  -53.201  16.656  20.873 1.0000000000
73349  -50.033  15.535  21.818 1.0000000000
73350  -41.978  16.332  23.809 1.0000000000
73351  -42.335  15.815  23.918 1.0000000000
73352  -42.822  16.280  23.823 1.0000000000
73353  -44.821  16.707  23.813 1.0000000000
73354  -44.380  16.230  23.875 1.0000000000
73355  -45.145  16.238  23.919 1.0000000000
73356  -45.452  15.798  23.989 1.0000000000
73357  -45.888  16.257  23.929 1.0000000000
73358  -46.481  18.587  23.461 1.0000000000
73359  -46.111  18.116  23.549 1.0000000000
73360  -46.887  18.109  23.610 1.0000000000
73361  -48.318  17.263  23.786 1.0000000000
73362  -47.549  17.220  23.816 1.0000000000
73363  -47.897  16.821  23.841 1.0000000000
73364  -47.446  16.347  23.863 1.0000000000
73365  -48.216  16.424  23.763 1.0000000000
73366  -48.393  16.013  23.490 1.0000000000
73367  -48.878  16.441  23.565 1.0000000000
73368  -50.641  16.973  23.170 1.0000000000
73369  -50.209  16.536  23.091 1.0000000000
73370  -50.820  16.619  22.726 1.0000000000
73371  -50.988  16.281  22.161 1.0000000000
73372  -51.500  16.647  22.342 1.0000000000
73373  -52.110  16.663  21.861 1.0000000000
73374  -51.974  17.050  22.431 1.0000000000
73375  -52.646  18.412  22.817 1.0000000000
73376  -52.882  17.889  22.518 1.0000000000
73377  -53.256  18.394  22.458 1.0000000000
73378  -53.850  18.356  22.117 1.0000000000
73379  -53.607  18.916  22.409 1.0000000000
73380  -51.247  20.475  22.756 1.0000000000
73381  -51.647  19.974  22.883 1.0000000000
73382  -51.961  20.511  22.640 1.0000000000
73383  -53.472  21.184  22.042 1.0000000000
73384  -53.254  20.607  22.343 1.0000000000
73385  -53.849  20.619  22.124 1.0000000000
73386  -54.172  20.028  22.091 1.0000000000
73387  -54.426  20.592  21.835 1.0000000000
73388  -54.881  20.548  21.378 1.0000000000
73389  -54.617  21.152  21.481 1.0000000000
73390  -54.507  22.626  20.561 1.0000000000
73391  -54.952  22.165  20.701 1.0000000000
73392  -55.012  22.600  20.217 1.0000000000
94157  -43.063  14.871  24.007 1.0000000000
94158  -45.901  21.242  22.811 1.0000000000
94159  -46.396  20.698  22.964 1.0000000000
94160  -46.653  21.248  22.749 1.0000000000
94161  -47.407  21.272  22.685 1.0000000000
94162  -48.190  21.311  22.617 1.0000000000
94163  -48.924  21.315  22.525 1.0000000000
94164  -48.433  21.804  22.359 1.0000000000
94165  -48.623  22.273  22.053 1.0000000000
94166  -48.766  22.729  21.701 1.0000000000
100674  -54.019  17.397  21.051 1.0000000000
103907  -46.038  14.016  22.702 1.0000000000
103908  -46.720  14.137  22.378 1.0000000000
103909  -47.341  14.274  22.011 1.0000000000
103911  -47.843  14.624  22.232 1.0000000000
103913  -48.808  15.352  22.612 1.0000000000
103914  -42.840  17.291  23.575 1.0000000000
103915  -43.250  16.744  23.754 1.0000000000
103916  -43.677  17.236  23.648 1.0000000000
103917  -44.482  17.205  23.702 1.0000000000
103918  -45.285  17.175  23.741 1.0000000000
103919  -48.053  18.665  23.554 1.0000000000
103920  -47.641  18.145  23.650 1.0000000000
103921  -48.366  18.175  23.652 1.0000000000
103922  -48.719  17.725  23.709 1.0000000000
103923  -49.054  17.305  23.707 1.0000000000
103924  -49.322  16.886  23.617 1.0000000000
103925  -49.746  17.331  23.599 1.0000000000
103926  -50.448  17.382  23.452 1.0000000000
103927  -51.098  17.426  23.173 1.0000000000
103928  -51.786  17.456  22.880 1.0000000000
103929  -51.540  17.879  23.165 1.0000000000
103930  -51.994  18.376  23.078 1.0000000000
103931  -52.371  18.913  22.948 1.0000000000
103932  -51.696  21.501  22.149 1.0000000000
103933  -52.188  21.062  22.358 1.0000000000
103934  -52.376  21.560  22.022 1.0000000000
103935  -53.029  21.633  21.895 1.0000000000
103936  -53.657  21.682  21.681 1.0000000000
103937  -54.284  21.726  21.456 1.0000000000
103938  -53.810  22.137  21.284 1.0000000000
103939  -53.944  22.571  20.839 1.0000000000
103940  -53.953  23.018  20.330 1.0000000000
117342  -55.163  19.290  20.838 1.0000000000
117343  -55.205  18.682  20.298 1.0000000000
117344  -55.385  19.184  20.093 1.0000000000
119857  -43.968  13.674  23.400 1.0000000000
119859  -45.130  14.177  23.362 1.0000000000
119860  -45.605  14.577  23.530 1.0000000000
119861  -46.058  14.990  23.665 1.0000000000
119862  -44.544  19.232  23.296 1.0000000000
119863  -44.957  18.673  23.395 1.0000000000
119864  -45.366  19.151  23.343 1.0000000000
119865  -46.110  19.121  23.335 1.0000000000
119866  -46.873  19.110  23.353 1.0000000000
119867  -46.847  20.173  23.108 1.0000000000
119868  -47.265  19.650  23.239 1.0000000000
119869  -47.656  19.131  23.372 1.0000000000
119870  -48.413  19.178  23.398 1.0000000000
119871  -49.151  19.232  23.387 1.0000000000
119872  -49.897  19.278  23.323 1.0000000000
119873  -50.632  19.361  23.198 1.0000000000
119874  -50.253  19.854  23.096 1.0000000000
119875  -50.536  20.413  22.824 1.0000000000
119876  -50.802  20.946  22.552 1.0000000000
119877  -49.630  21.359  22.425 1.0000000000
119878  -50.334  21.403  22.336 1.0000000000
119879  -51.026  21.468  22.283 1.0000000000
119880  -51.205  21.917  21.896 1.0000000000
119881  -51.369  22.342  21.474 1.0000000000
119882  -51.488  22.738  21.049 1.0000000000
129810  -40.732  15.909  23.931 1.0000000000
129811  -41.181  16.370  23.818 1.0000000000
129812  -41.627  16.845  23.678 1.0000000000
129813  -40.400  17.475  23.586 1.0000000000
129814  -41.196  17.416  23.511 1.0000000000
129815  -42.018  17.339  23.524 1.0000000000
129816  -42.428  17.837  23.402 1.0000000000
129817  -42.844  18.323  23.340 1.0000000000
129818  -43.302  18.832  23.301 1.0000000000
129826  -42.877  19.398  23.231 1.0000000000
129827  -43.717  19.327  23.253 1.0000000000
129828  -44.105  19.802  23.194 1.0000000000
129829  -44.509  20.256  23.172 1.0000000000
129830  -44.846  20.767  23.071 1.0000000000
129831  -43.617  21.344  22.992 1.0000000000
129832  -44.405  21.300  22.961 1.0000000000
129833  -45.159  21.272  22.898 1.0000000000
129834  -45.450  21.761  22.649 1.0000000000
129835  -45.699  22.264  22.422 1.0000000000
129836  -45.935  22.739  22.174 1.0000000000
141170  -51.090  15.593  20.808 1.0000000000
141171  -41.889  15.332  24.014 1.0000000000
141172  -42.703  15.326  23.989 1.0000000000
141173  -43.483  15.334  23.974 1.0000000000
141174  -43.604  16.238  23.862 1.0000000000
141175  -43.945  15.767  23.922 1.0000000000
141176  -44.293  15.313  23.960 1.0000000000
141177  -45.020  15.345  23.954 1.0000000000
141178  -45.773  15.379  23.912 1.0000000000
141179  -46.508  15.431  23.762 1.0000000000
141180  -45.338  18.153  23.501 1.0000000000
141181  -45.720  17.652  23.645 1.0000000000
141182  -46.023  17.173  23.779 1.0000000000
141183  -47.217  17.651  23.730 1.0000000000
141184  -46.781  17.188  23.835 1.0000000000
141185  -46.348  16.727  23.886 1.0000000000
141186  -46.690  16.296  23.929 1.0000000000
141187  -46.983  15.872  23.862 1.0000000000
141188  -47.235  15.492  23.620 1.0000000000
141189  -47.936  15.579  23.387 1.0000000000
141190  -48.622  15.657  23.091 1.0000000000
141191  -49.260  15.722  22.836 1.0000000000
141192  -49.556  16.472  23.378 1.0000000000
141193  -49.726  16.120  22.961 1.0000000000
141194  -49.886  15.809  22.429 1.0000000000
141195  -50.511  15.882  21.989 1.0000000000
141196  -51.095  15.941  21.511 1.0000000000
141199  -52.705  16.670  21.394 1.0000000000
141200  -53.133  17.073  21.508 1.0000000000
141201  -52.453  17.457  22.510 1.0000000000
141202  -53.027  17.476  22.062 1.0000000000
141203  -53.552  17.467  21.606 1.0000000000
141204  -53.945  17.864  21.631 1.0000000000
141205  -54.295  18.302  21.595 1.0000000000
141206  -54.577  18.806  21.547 1.0000000000
141207  -51.333  19.420  23.092 1.0000000000
141208  -52.037  19.445  22.958 1.0000000000
141209  -52.710  19.442  22.830 1.0000000000
141210  -52.628  20.568  22.518 1.0000000000
141211  -53.009  20.022  22.596 1.0000000000
141212  -53.331  19.470  22.563 1.0000000000
141213  -53.912  19.460  22.287 1.0000000000
141214  -54.433  19.421  21.906 1.0000000000
141215  -54.832  19.373  21.391 1.0000000000
141216  -55.067  19.914  21.165 1.0000000000
141217  -55.268  20.462  20.867 1.0000000000
141218  -55.465  20.956  20.496 1.0000000000
141219  -54.788  21.687  21.111 1.0000000000
141220  -55.285  21.578  20.673 1.0000000000
141221  -55.671  21.455  20.114 1.0000000000
154629  -44.700  23.344  22.161 1.0000000000
154630  -45.373  23.306  22.002 1.0000000000
154658  -46.786  23.278  21.720 1.0000000000
154660  -48.146  23.227  21.407 1.0000000000
154665  -50.166  23.202  20.824 1.0000000000
154666  -50.831  23.180  20.698 1.0000000000
154667  -51.449  23.216  20.515 1.0000000000
154678  -53.269  23.440  19.970 1.0000000000
