#!ascii label  , from subject 40tvs8ref_sym_20 vox2ras=TkReg
351
540  -32.318  15.894  2.247 1.0000000000
1189  -29.396  22.236  5.689 1.0000000000
1190  -30.289  22.826  1.901 1.0000000000
1191  -29.730  29.145  2.972 1.0000000000
3108  -28.977  21.543  7.698 1.0000000000
3109  -28.638  25.514  6.929 1.0000000000
3110  -28.690  25.896  4.715 1.0000000000
3111  -29.764  28.850  5.319 1.0000000000
5005  -31.413  15.232  3.976 1.0000000000
5012  -28.794  26.046  0.551 1.0000000000
5013  -30.419  22.673  0.125 1.0000000000
6748  -30.144  18.324  5.956 1.0000000000
6749  -31.018  19.082  4.227 1.0000000000
6750  -32.007  19.652  2.498 1.0000000000
6751  -29.942  22.698  3.779 1.0000000000
6752  -28.741  26.085  2.569 1.0000000000
6753  -29.858  29.181  0.636 1.0000000000
9344  -32.953  20.006  0.807 1.0000000000
9345  -33.399  20.000  -0.915 1.0000000000
10788  -28.691  25.201  8.045 1.0000000000
10789  -29.096  27.075  7.382 1.0000000000
10790  -28.985  27.319  6.232 1.0000000000
10791  -29.845  28.646  6.454 1.0000000000
12685  -31.794  15.573  3.089 1.0000000000
12691  -32.873  16.054  1.451 1.0000000000
12692  -29.009  27.689  -0.524 1.0000000000
12693  -28.740  25.923  -0.473 1.0000000000
15085  -29.142  21.919  6.675 1.0000000000
15086  -29.544  19.945  6.834 1.0000000000
15087  -29.875  20.297  5.928 1.0000000000
15088  -30.545  18.741  5.085 1.0000000000
15089  -30.250  20.681  4.980 1.0000000000
15090  -30.652  20.928  4.121 1.0000000000
15091  -29.682  22.464  4.728 1.0000000000
15092  -28.961  27.657  3.972 1.0000000000
15093  -28.708  26.045  3.663 1.0000000000
15094  -28.977  27.719  2.844 1.0000000000
15095  -28.988  27.785  1.714 1.0000000000
15096  -29.777  29.190  1.807 1.0000000000
20797  -31.343  21.398  2.315 1.0000000000
20798  -32.484  19.859  1.642 1.0000000000
20799  -31.617  21.444  1.448 1.0000000000
20800  -30.297  22.471  -0.706 1.0000000000
20801  -31.891  21.348  -0.296 1.0000000000
20802  -31.832  21.087  -1.093 1.0000000000
20803  -33.300  19.760  -1.709 1.0000000000
24026  -28.910  21.127  8.704 1.0000000000
24027  -28.690  23.186  8.497 1.0000000000
24028  -28.684  23.549  7.418 1.0000000000
24029  -28.769  23.877  6.329 1.0000000000
24030  -28.915  24.052  5.282 1.0000000000
24031  -28.661  25.683  5.793 1.0000000000
24032  -28.941  27.486  5.123 1.0000000000
24033  -29.734  29.012  4.167 1.0000000000
27441  -31.082  14.841  4.839 1.0000000000
27454  -29.286  24.341  1.339 1.0000000000
27455  -30.396  22.800  0.975 1.0000000000
27456  -29.274  24.273  0.395 1.0000000000
27457  -29.196  24.116  -0.515 1.0000000000
31104  -29.312  19.533  7.818 1.0000000000
31105  -29.794  17.936  6.849 1.0000000000
31106  -30.390  16.385  5.835 1.0000000000
31107  -30.753  16.789  4.969 1.0000000000
31108  -31.171  17.137  4.103 1.0000000000
31109  -31.680  17.481  3.270 1.0000000000
31110  -32.267  17.859  2.507 1.0000000000
31111  -31.505  19.359  3.355 1.0000000000
31112  -31.012  21.183  3.215 1.0000000000
31113  -30.169  22.794  2.847 1.0000000000
31114  -29.022  24.273  4.269 1.0000000000
31115  -29.152  24.361  3.256 1.0000000000
31116  -29.238  24.382  2.295 1.0000000000
31117  -28.768  26.089  1.558 1.0000000000
31118  -28.976  27.751  0.613 1.0000000000
31119  -29.906  29.091  -0.533 1.0000000000
38016  -30.994  29.962  4.921 1.0000000000
38017  -30.949  30.118  3.783 1.0000000000
38018  -30.989  30.195  2.641 1.0000000000
38021  -31.060  30.173  1.444 1.0000000000
38022  -31.204  30.131  0.209 1.0000000000
38023  -31.298  30.028  -0.923 1.0000000000
38270  -32.869  18.055  1.668 1.0000000000
38271  -33.500  18.296  0.856 1.0000000000
38272  -34.074  18.439  0.031 1.0000000000
38273  -31.853  21.427  0.551 1.0000000000
38274  -33.327  20.071  -0.087 1.0000000000
38275  -34.536  18.526  -0.791 1.0000000000
38276  -34.746  18.526  -1.647 1.0000000000
41508  -29.164  26.918  7.963 1.0000000000
41509  -29.504  27.746  7.516 1.0000000000
41510  -29.418  27.909  6.945 1.0000000000
43405  -32.024  15.722  2.653 1.0000000000
43406  -32.166  14.768  2.607 1.0000000000
43407  -32.383  14.905  2.170 1.0000000000
43409  -32.647  15.096  1.761 1.0000000000
43410  -32.869  15.129  1.364 1.0000000000
43411  -32.613  15.960  1.825 1.0000000000
45805  -29.263  22.092  6.192 1.0000000000
45806  -29.502  21.118  6.320 1.0000000000
45807  -29.651  21.282  5.835 1.0000000000
45808  -30.063  20.464  5.463 1.0000000000
45809  -29.826  21.441  5.356 1.0000000000
45810  -29.997  21.589  4.873 1.0000000000
45811  -29.541  22.330  5.195 1.0000000000
45812  -29.295  28.463  3.498 1.0000000000
45813  -28.948  27.696  3.431 1.0000000000
45814  -29.297  28.478  2.913 1.0000000000
45815  -29.303  28.512  2.346 1.0000000000
45816  -29.776  29.151  2.392 1.0000000000
51517  -30.843  22.101  2.127 1.0000000000
51518  -31.466  21.415  1.888 1.0000000000
51519  -30.953  22.118  1.698 1.0000000000
51520  -30.207  22.358  -1.123 1.0000000000
51521  -31.020  21.760  -0.891 1.0000000000
51523  -31.676  20.932  -1.491 1.0000000000
55405  -28.661  25.358  7.500 1.0000000000
55406  -28.623  24.376  7.750 1.0000000000
55407  -28.617  24.544  7.216 1.0000000000
55408  -28.720  23.723  6.884 1.0000000000
55409  -28.628  24.695  6.641 1.0000000000
55410  -28.680  24.783  6.081 1.0000000000
55411  -28.631  25.614  6.360 1.0000000000
55412  -29.315  28.121  5.814 1.0000000000
55413  -28.971  27.387  5.670 1.0000000000
55414  -29.285  28.223  5.261 1.0000000000
55415  -29.285  28.287  4.679 1.0000000000
55416  -29.731  28.948  4.752 1.0000000000
61095  -31.236  15.067  4.411 1.0000000000
61117  -28.962  25.189  0.983 1.0000000000
61118  -29.312  24.314  0.856 1.0000000000
61119  -28.937  25.152  0.505 1.0000000000
61121  -28.831  25.016  -0.489 1.0000000000
61122  -28.811  24.936  -0.964 1.0000000000
61123  -29.101  24.019  -0.961 1.0000000000
68295  -28.908  21.381  8.196 1.0000000000
68296  -29.073  20.367  8.254 1.0000000000
68297  -29.148  20.537  7.791 1.0000000000
68298  -29.850  19.162  6.423 1.0000000000
68299  -29.666  18.939  6.878 1.0000000000
68300  -29.973  18.127  6.415 1.0000000000
68301  -30.061  17.144  6.338 1.0000000000
68302  -30.251  17.345  5.892 1.0000000000
68303  -30.565  16.579  5.393 1.0000000000
68304  -30.434  17.560  5.471 1.0000000000
68305  -30.775  18.913  4.635 1.0000000000
68306  -30.865  17.927  4.597 1.0000000000
68307  -31.107  18.112  4.159 1.0000000000
68308  -31.419  17.327  3.667 1.0000000000
68309  -31.349  18.274  3.732 1.0000000000
68310  -31.615  18.396  3.330 1.0000000000
68311  -31.250  19.205  3.780 1.0000000000
68312  -30.354  21.835  3.978 1.0000000000
68313  -30.841  21.069  3.668 1.0000000000
68314  -30.492  21.920  3.512 1.0000000000
68315  -30.640  22.006  3.077 1.0000000000
68316  -30.059  22.748  3.307 1.0000000000
68317  -28.761  24.978  5.015 1.0000000000
68318  -28.973  24.184  4.782 1.0000000000
68319  -28.778  25.082  4.507 1.0000000000
68320  -28.749  26.063  3.110 1.0000000000
68321  -28.866  25.180  3.453 1.0000000000
68322  -28.887  25.169  2.931 1.0000000000
68323  -29.206  24.362  2.772 1.0000000000
68324  -28.927  25.200  2.439 1.0000000000
68325  -28.922  25.208  1.966 1.0000000000
68326  -28.761  26.091  2.064 1.0000000000
68327  -29.345  28.555  1.171 1.0000000000
68328  -28.992  27.790  1.140 1.0000000000
68329  -29.347  28.521  0.610 1.0000000000
68330  -29.357  28.476  0.042 1.0000000000
68331  -29.848  29.155  0.058 1.0000000000
84803  -31.016  29.884  5.503 1.0000000000
84808  -30.978  30.150  3.215 1.0000000000
84809  -31.761  30.539  2.377 1.0000000000
84816  -31.818  30.492  1.227 1.0000000000
84818  -31.128  30.162  0.828 1.0000000000
84823  -31.363  29.966  -1.540 1.0000000000
85432  -32.182  18.744  2.500 1.0000000000
85433  -32.551  17.929  2.064 1.0000000000
85434  -32.466  18.877  2.084 1.0000000000
85435  -32.715  19.931  1.237 1.0000000000
85436  -33.057  19.121  1.261 1.0000000000
85437  -33.300  19.199  0.857 1.0000000000
85438  -33.813  18.435  0.481 1.0000000000
85439  -33.546  19.268  0.425 1.0000000000
85440  -30.421  22.747  0.550 1.0000000000
85441  -31.104  22.093  0.786 1.0000000000
85442  -31.145  22.047  0.354 1.0000000000
85443  -32.664  20.688  -0.593 1.0000000000
85444  -32.652  20.754  -0.173 1.0000000000
85445  -33.388  20.043  -0.512 1.0000000000
85446  -33.969  19.315  -0.433 1.0000000000
85447  -34.084  19.306  -0.841 1.0000000000
85448  -34.648  18.539  -1.213 1.0000000000
85449  -34.086  19.263  -1.252 1.0000000000
93146  -28.772  24.976  8.619 1.0000000000
93148  -28.850  26.155  7.744 1.0000000000
93149  -28.787  26.313  7.187 1.0000000000
93150  -28.751  26.436  6.609 1.0000000000
93151  -29.037  27.212  6.797 1.0000000000
93152  -29.358  28.036  6.363 1.0000000000
93153  -29.762  28.753  5.894 1.0000000000
96561  -31.594  15.395  3.542 1.0000000000
96573  -33.186  16.203  1.097 1.0000000000
96574  -28.794  26.912  0.047 1.0000000000
96575  -28.759  25.988  0.044 1.0000000000
96576  -28.808  26.836  -0.484 1.0000000000
100881  -29.058  21.737  7.200 1.0000000000
100882  -29.248  20.722  7.279 1.0000000000
100883  -29.357  20.920  6.782 1.0000000000
100884  -29.695  20.153  6.385 1.0000000000
100885  -30.036  19.317  5.982 1.0000000000
100886  -30.338  18.516  5.522 1.0000000000
100887  -30.224  19.484  5.518 1.0000000000
100888  -30.425  19.723  5.060 1.0000000000
100889  -30.646  19.896  4.620 1.0000000000
100890  -30.866  20.017  4.208 1.0000000000
100891  -30.471  20.818  4.547 1.0000000000
100892  -30.164  21.715  4.424 1.0000000000
100893  -29.797  22.614  4.246 1.0000000000
100894  -28.736  26.788  4.378 1.0000000000
100895  -28.707  25.979  4.189 1.0000000000
100896  -28.760  26.851  3.834 1.0000000000
100897  -28.778  26.887  3.284 1.0000000000
100898  -28.765  26.922  2.729 1.0000000000
100899  -28.787  26.960  2.166 1.0000000000
100900  -28.959  27.737  2.308 1.0000000000
100901  -29.344  28.521  1.761 1.0000000000
100902  -29.843  29.192  1.208 1.0000000000
111163  -31.731  20.544  2.441 1.0000000000
111164  -32.265  19.777  2.091 1.0000000000
111165  -31.910  20.630  2.024 1.0000000000
111166  -32.103  20.683  1.605 1.0000000000
111167  -32.275  20.727  1.149 1.0000000000
111168  -30.370  22.598  -0.300 1.0000000000
111169  -31.144  21.970  -0.069 1.0000000000
111170  -31.090  21.894  -0.483 1.0000000000
111171  -31.886  21.232  -0.694 1.0000000000
111172  -32.649  20.564  -0.989 1.0000000000
111173  -33.381  19.925  -1.302 1.0000000000
111174  -32.573  20.433  -1.380 1.0000000000
111175  -32.443  20.264  -1.760 1.0000000000
117500  -28.922  20.867  9.204 1.0000000000
117501  -28.817  21.910  9.123 1.0000000000
117502  -28.787  22.150  8.618 1.0000000000
117503  -28.758  22.364  8.100 1.0000000000
117504  -28.628  24.209  8.319 1.0000000000
117505  -28.658  23.379  7.942 1.0000000000
117506  -28.817  22.546  7.577 1.0000000000
117507  -28.876  22.730  7.066 1.0000000000
117508  -28.938  22.905  6.523 1.0000000000
117509  -29.038  23.045  5.997 1.0000000000
117510  -29.134  23.137  5.497 1.0000000000
117511  -28.848  23.954  5.795 1.0000000000
117512  -28.710  24.862  5.541 1.0000000000
117513  -28.675  25.785  5.232 1.0000000000
117514  -28.748  26.504  6.034 1.0000000000
117515  -28.722  26.582  5.477 1.0000000000
117516  -28.748  26.692  4.907 1.0000000000
117517  -28.945  27.572  4.539 1.0000000000
117518  -29.276  28.385  4.102 1.0000000000
117519  -29.741  29.083  3.577 1.0000000000
125469  -30.965  14.618  5.277 1.0000000000
125500  -29.746  23.581  1.639 1.0000000000
125501  -30.343  22.829  1.435 1.0000000000
125502  -29.793  23.544  1.164 1.0000000000
125503  -29.791  23.514  0.709 1.0000000000
125504  -29.792  23.448  0.275 1.0000000000
125505  -28.915  25.091  -0.009 1.0000000000
125506  -29.244  24.202  -0.063 1.0000000000
125507  -29.752  23.349  -0.138 1.0000000000
125508  -29.686  23.272  -0.585 1.0000000000
125509  -29.591  23.161  -1.011 1.0000000000
134893  -29.231  19.317  8.262 1.0000000000
134895  -29.399  19.734  7.327 1.0000000000
134896  -29.527  18.730  7.333 1.0000000000
134897  -29.665  17.725  7.293 1.0000000000
134901  -30.743  15.605  5.342 1.0000000000
134902  -30.897  15.826  4.908 1.0000000000
134903  -31.063  16.037  4.486 1.0000000000
134904  -30.639  17.763  5.037 1.0000000000
134905  -30.933  16.952  4.536 1.0000000000
134906  -31.266  16.187  4.046 1.0000000000
134907  -31.473  16.360  3.609 1.0000000000
134908  -31.720  16.540  3.182 1.0000000000
134909  -32.002  16.719  2.776 1.0000000000
134910  -32.293  16.893  2.374 1.0000000000
134911  -31.958  17.646  2.872 1.0000000000
134912  -31.883  18.569  2.921 1.0000000000
134913  -31.768  19.515  2.941 1.0000000000
134914  -31.104  20.157  3.768 1.0000000000
134915  -31.305  20.293  3.311 1.0000000000
134916  -31.537  20.425  2.873 1.0000000000
134917  -31.180  21.291  2.748 1.0000000000
134918  -30.752  22.073  2.591 1.0000000000
134919  -30.257  22.818  2.381 1.0000000000
134920  -29.244  23.257  5.003 1.0000000000
134921  -29.318  23.413  4.521 1.0000000000
134922  -29.423  23.502  4.028 1.0000000000
134923  -28.817  25.129  3.982 1.0000000000
134924  -29.086  24.323  3.770 1.0000000000
134925  -29.518  23.536  3.538 1.0000000000
134926  -29.577  23.570  3.064 1.0000000000
134927  -29.677  23.587  2.592 1.0000000000
134928  -29.709  23.592  2.123 1.0000000000
134929  -29.252  24.398  1.821 1.0000000000
134930  -28.935  25.227  1.469 1.0000000000
134931  -28.758  26.083  1.065 1.0000000000
134932  -28.775  26.993  1.634 1.0000000000
134933  -28.784  26.957  1.098 1.0000000000
134934  -28.802  26.927  0.581 1.0000000000
134935  -29.013  27.714  0.037 1.0000000000
134936  -29.383  28.433  -0.538 1.0000000000
155011  -30.370  29.357  5.721 1.0000000000
155012  -30.323  29.471  5.163 1.0000000000
155013  -31.680  30.449  4.068 1.0000000000
155014  -30.950  30.071  4.346 1.0000000000
155015  -30.312  29.537  4.576 1.0000000000
155016  -30.297  29.610  4.001 1.0000000000
155017  -30.295  29.670  3.416 1.0000000000
155018  -30.332  29.697  2.830 1.0000000000
155025  -31.787  30.519  1.812 1.0000000000
155026  -31.034  30.168  2.050 1.0000000000
155027  -30.342  29.726  2.251 1.0000000000
155028  -30.389  29.719  1.637 1.0000000000
155029  -30.440  29.737  1.031 1.0000000000
155030  -30.473  29.722  0.451 1.0000000000
155031  -32.089  30.382  -0.592 1.0000000000
155032  -31.236  30.114  -0.354 1.0000000000
155033  -30.513  29.680  -0.128 1.0000000000
155034  -30.542  29.658  -0.736 1.0000000000
155035  -30.612  29.550  -1.327 1.0000000000
155768  -32.585  16.950  1.973 1.0000000000
155769  -32.892  17.059  1.590 1.0000000000
155770  -33.227  17.211  1.202 1.0000000000
155771  -32.737  18.989  1.663 1.0000000000
155772  -33.184  18.199  1.266 1.0000000000
155773  -33.549  17.318  0.806 1.0000000000
155774  -33.877  17.405  0.405 1.0000000000
155777  -31.024  22.122  1.230 1.0000000000
155778  -31.757  21.449  0.992 1.0000000000
155779  -32.467  20.789  0.695 1.0000000000
155780  -31.920  21.405  0.128 1.0000000000
155781  -32.586  20.772  0.249 1.0000000000
155782  -33.138  20.044  0.346 1.0000000000
155783  -33.783  19.292  -0.009 1.0000000000
155784  -34.363  18.475  -0.380 1.0000000000
155786  -35.037  17.773  -1.186 1.0000000000
155787  -35.178  17.782  -1.613 1.0000000000
155788  -35.335  17.783  -2.010 1.0000000000
155789  -34.100  19.198  -1.675 1.0000000000
