#!ascii label  , from subject 40tvs8ref_sym_20 vox2ras=TkReg
437
63  -50.547  -29.423  20.928 1.0000000000
403  -48.154  -22.887  20.739 1.0000000000
1898  -53.916  -25.992  20.549 1.0000000000
1900  -52.418  -22.458  20.961 1.0000000000
1901  -49.334  -26.467  21.051 1.0000000000
3120  -52.850  -29.004  21.359 1.0000000000
4168  -56.132  -25.631  20.623 1.0000000000
4169  -55.248  -23.952  20.767 1.0000000000
4173  -50.081  -21.052  19.783 1.0000000000
4174  -52.189  -20.732  20.138 1.0000000000
4175  -50.314  -22.719  20.746 1.0000000000
4176  -50.906  -24.515  21.040 1.0000000000
4177  -48.727  -24.658  21.323 1.0000000000
4178  -47.164  -26.620  21.630 1.0000000000
4179  -46.562  -24.771  21.594 1.0000000000
6250  -47.869  -21.358  19.510 1.0000000000
6251  -45.971  -22.996  20.630 1.0000000000
7704  -48.297  -29.833  20.648 1.0000000000
8305  -54.654  -27.465  20.814 1.0000000000
8306  -52.367  -27.776  20.607 1.0000000000
8311  -54.298  -20.309  20.612 1.0000000000
8312  -54.552  -22.157  21.105 1.0000000000
8313  -53.070  -24.232  20.871 1.0000000000
8314  -51.601  -26.263  20.698 1.0000000000
8315  -49.973  -28.022  20.576 1.0000000000
8316  -47.707  -28.334  20.853 1.0000000000
10800  -51.721  -29.263  21.109 1.0000000000
11848  -56.336  -23.796  20.804 1.0000000000
11849  -55.940  -22.888  21.002 1.0000000000
11853  -49.067  -21.978  20.270 1.0000000000
11854  -50.140  -21.847  20.335 1.0000000000
11855  -49.241  -22.813  20.735 1.0000000000
11856  -49.488  -23.690  21.020 1.0000000000
11857  -48.419  -23.727  21.145 1.0000000000
11858  -47.650  -24.696  21.484 1.0000000000
11859  -47.331  -23.817  21.201 1.0000000000
14256  -48.983  -20.550  18.986 1.0000000000
14258  -46.762  -21.454  19.324 1.0000000000
16920  -47.168  -30.026  20.663 1.0000000000
18265  -55.047  -25.834  20.582 1.0000000000
18266  -55.459  -26.594  20.684 1.0000000000
18267  -54.334  -26.817  20.614 1.0000000000
18268  -53.507  -27.639  20.678 1.0000000000
18269  -53.177  -26.938  20.533 1.0000000000
18281  -52.258  -21.546  20.610 1.0000000000
18282  -53.239  -20.492  20.326 1.0000000000
18283  -53.308  -21.362  20.806 1.0000000000
18284  -54.364  -21.215  21.023 1.0000000000
18285  -53.496  -22.377  21.039 1.0000000000
18286  -53.803  -23.226  21.007 1.0000000000
18287  -52.736  -23.392  21.036 1.0000000000
18288  -50.134  -25.532  21.041 1.0000000000
18289  -51.251  -25.399  20.880 1.0000000000
18290  -50.462  -26.393  20.826 1.0000000000
18291  -50.822  -27.176  20.638 1.0000000000
18292  -49.653  -27.288  20.695 1.0000000000
18293  -48.834  -28.193  20.656 1.0000000000
18294  -48.547  -27.372  20.941 1.0000000000
18295  -46.095  -26.644  21.861 1.0000000000
18296  -46.337  -27.559  21.539 1.0000000000
24048  -54.003  -28.807  21.540 1.0000000000
25934  -57.207  -25.462  20.792 1.0000000000
25935  -56.806  -24.649  20.737 1.0000000000
25936  -55.683  -24.776  20.647 1.0000000000
25937  -54.593  -24.957  20.624 1.0000000000
25943  -51.232  -20.209  19.270 1.0000000000
25944  -52.299  -20.019  19.499 1.0000000000
25945  -51.147  -20.890  19.913 1.0000000000
25946  -51.199  -21.697  20.420 1.0000000000
25947  -51.400  -22.593  20.840 1.0000000000
25948  -51.676  -23.504  21.019 1.0000000000
25949  -50.598  -23.571  20.983 1.0000000000
25950  -49.810  -24.607  21.127 1.0000000000
25951  -49.061  -25.593  21.294 1.0000000000
25952  -48.278  -26.525  21.330 1.0000000000
25953  -47.971  -25.640  21.546 1.0000000000
25954  -46.859  -25.676  21.819 1.0000000000
29942  -50.160  -20.387  19.118 1.0000000000
29943  -48.981  -21.230  19.669 1.0000000000
29944  -47.970  -22.092  20.182 1.0000000000
29945  -47.087  -22.932  20.722 1.0000000000
29946  -46.890  -22.173  20.081 1.0000000000
33528  -49.415  -29.600  20.781 1.0000000000
35205  -56.546  -26.411  20.806 1.0000000000
35206  -55.805  -27.267  20.940 1.0000000000
35207  -54.931  -28.026  21.148 1.0000000000
35208  -53.788  -28.253  21.002 1.0000000000
35209  -52.638  -28.424  20.851 1.0000000000
35210  -51.467  -28.618  20.715 1.0000000000
35223  -53.364  -19.772  19.698 1.0000000000
35224  -54.445  -19.557  19.968 1.0000000000
35225  -55.436  -19.362  20.300 1.0000000000
35226  -55.341  -20.161  20.868 1.0000000000
35227  -55.457  -21.048  21.159 1.0000000000
35228  -55.657  -21.979  21.160 1.0000000000
35229  -54.866  -23.084  20.992 1.0000000000
35230  -54.144  -24.087  20.798 1.0000000000
35231  -53.441  -25.093  20.636 1.0000000000
35232  -51.980  -24.384  20.982 1.0000000000
35233  -52.336  -25.271  20.799 1.0000000000
35234  -52.742  -26.129  20.598 1.0000000000
35235  -51.979  -27.041  20.594 1.0000000000
35236  -51.153  -27.918  20.592 1.0000000000
35237  -50.288  -28.732  20.620 1.0000000000
35238  -49.127  -28.954  20.586 1.0000000000
35239  -48.007  -29.121  20.675 1.0000000000
35240  -46.873  -29.266  20.792 1.0000000000
35241  -47.436  -27.481  21.190 1.0000000000
35242  -46.606  -28.441  21.131 1.0000000000
35247  -46.246  -23.807  21.225 1.0000000000
41520  -51.130  -29.354  21.020 1.0000000000
41521  -51.249  -29.706  21.346 1.0000000000
42568  -56.463  -22.812  21.027 1.0000000000
42569  -56.319  -22.347  21.112 1.0000000000
42573  -48.591  -22.436  20.502 1.0000000000
42574  -49.132  -22.404  20.528 1.0000000000
42575  -48.702  -22.855  20.757 1.0000000000
42576  -48.830  -23.274  20.965 1.0000000000
42577  -48.276  -23.302  20.973 1.0000000000
42578  -47.882  -23.760  21.168 1.0000000000
42579  -47.747  -23.334  20.969 1.0000000000
48985  -54.486  -25.909  20.576 1.0000000000
48986  -54.696  -26.328  20.599 1.0000000000
48987  -54.132  -26.416  20.570 1.0000000000
48988  -53.754  -26.869  20.567 1.0000000000
48989  -53.560  -26.470  20.543 1.0000000000
49001  -52.324  -21.990  20.794 1.0000000000
49002  -52.783  -21.441  20.702 1.0000000000
49003  -52.854  -21.945  20.872 1.0000000000
49004  -53.376  -21.865  20.949 1.0000000000
49005  -52.964  -22.455  20.993 1.0000000000
49006  -53.114  -22.923  21.053 1.0000000000
49007  -52.560  -22.956  21.021 1.0000000000
49008  -49.741  -26.013  21.067 1.0000000000
49009  -50.290  -25.958  20.950 1.0000000000
49010  -49.900  -26.440  20.911 1.0000000000
49011  -50.066  -26.838  20.743 1.0000000000
49012  -49.508  -26.893  20.860 1.0000000000
49013  -49.097  -27.338  20.814 1.0000000000
49014  -48.958  -26.921  20.992 1.0000000000
49016  -45.660  -27.149  21.892 1.0000000000
55440  -53.429  -28.902  21.441 1.0000000000
55441  -53.522  -29.227  21.852 1.0000000000
58584  -57.124  -24.131  20.806 1.0000000000
58585  -55.789  -23.869  20.782 1.0000000000
58586  -56.013  -24.289  20.711 1.0000000000
58587  -55.465  -24.368  20.692 1.0000000000
58588  -55.140  -24.868  20.613 1.0000000000
58589  -54.909  -24.463  20.667 1.0000000000
58598  -50.642  -20.626  19.535 1.0000000000
58599  -51.183  -20.534  19.606 1.0000000000
58600  -50.616  -20.957  19.850 1.0000000000
58601  -50.245  -22.298  20.556 1.0000000000
58602  -50.673  -21.781  20.348 1.0000000000
58603  -50.768  -22.205  20.586 1.0000000000
58604  -51.287  -22.139  20.663 1.0000000000
58605  -50.868  -22.652  20.791 1.0000000000
58606  -51.021  -23.107  20.852 1.0000000000
58607  -50.437  -23.129  20.890 1.0000000000
58608  -49.097  -24.167  21.206 1.0000000000
58609  -49.619  -24.165  21.123 1.0000000000
58610  -49.264  -24.639  21.226 1.0000000000
58611  -49.439  -25.105  21.204 1.0000000000
58612  -48.892  -25.139  21.326 1.0000000000
58613  -48.507  -25.619  21.408 1.0000000000
58614  -48.361  -25.159  21.409 1.0000000000
58615  -47.126  -24.744  21.555 1.0000000000
58616  -47.248  -25.191  21.656 1.0000000000
58617  -46.721  -25.234  21.728 1.0000000000
65806  -50.754  -19.967  18.868 1.0000000000
65808  -48.409  -20.937  19.251 1.0000000000
65809  -48.972  -20.870  19.350 1.0000000000
65810  -48.436  -21.297  19.598 1.0000000000
65811  -48.469  -21.667  19.923 1.0000000000
65812  -47.916  -21.726  19.858 1.0000000000
65813  -47.451  -22.120  20.126 1.0000000000
65814  -47.372  -21.767  19.776 1.0000000000
73800  -48.866  -29.703  20.676 1.0000000000
73801  -48.912  -30.122  20.894 1.0000000000
77835  -56.669  -25.541  20.697 1.0000000000
77836  -56.880  -25.953  20.786 1.0000000000
77837  -56.335  -26.039  20.692 1.0000000000
77838  -55.090  -27.061  20.722 1.0000000000
77839  -55.641  -26.946  20.794 1.0000000000
77840  -55.236  -27.366  20.863 1.0000000000
77841  -55.375  -27.647  21.031 1.0000000000
77842  -54.818  -27.760  20.943 1.0000000000
77843  -54.367  -28.142  21.077 1.0000000000
77844  -54.232  -27.863  20.893 1.0000000000
77845  -52.971  -27.701  20.626 1.0000000000
77846  -53.082  -28.022  20.747 1.0000000000
77847  -52.521  -28.106  20.698 1.0000000000
77848  -52.069  -28.522  20.772 1.0000000000
77849  -51.928  -28.197  20.645 1.0000000000
77881  -52.227  -20.370  19.829 1.0000000000
77882  -52.806  -19.914  19.613 1.0000000000
77883  -52.761  -20.264  19.930 1.0000000000
77884  -53.792  -20.387  20.472 1.0000000000
77885  -53.841  -20.021  20.158 1.0000000000
77886  -54.354  -19.927  20.295 1.0000000000
77887  -54.954  -19.465  20.116 1.0000000000
77888  -54.856  -19.833  20.449 1.0000000000
77889  -55.366  -19.752  20.613 1.0000000000
77890  -54.795  -20.233  20.768 1.0000000000
77891  -54.449  -21.697  21.077 1.0000000000
77892  -54.915  -21.144  21.070 1.0000000000
77893  -55.021  -21.609  21.127 1.0000000000
77894  -55.545  -21.507  21.197 1.0000000000
77895  -55.123  -22.071  21.155 1.0000000000
77896  -55.257  -22.555  21.078 1.0000000000
77897  -54.696  -22.625  21.074 1.0000000000
77898  -53.441  -23.733  20.932 1.0000000000
77899  -53.961  -23.670  20.919 1.0000000000
77900  -53.603  -24.161  20.840 1.0000000000
77901  -53.792  -24.594  20.724 1.0000000000
77902  -53.239  -24.676  20.781 1.0000000000
77903  -51.285  -24.015  21.020 1.0000000000
77904  -51.809  -23.949  21.025 1.0000000000
77905  -51.434  -24.453  21.022 1.0000000000
77906  -51.411  -25.858  20.794 1.0000000000
77907  -51.793  -25.338  20.847 1.0000000000
77908  -51.975  -25.779  20.755 1.0000000000
77909  -52.539  -25.709  20.686 1.0000000000
77910  -52.171  -26.206  20.658 1.0000000000
77911  -52.371  -26.610  20.574 1.0000000000
77912  -51.791  -26.656  20.635 1.0000000000
77913  -50.404  -27.586  20.614 1.0000000000
77914  -50.988  -27.543  20.593 1.0000000000
77915  -50.568  -27.951  20.591 1.0000000000
77916  -50.727  -28.313  20.590 1.0000000000
77917  -50.142  -28.370  20.571 1.0000000000
77918  -49.723  -28.806  20.607 1.0000000000
77919  -49.566  -28.462  20.562 1.0000000000
77920  -48.244  -28.280  20.729 1.0000000000
77921  -48.427  -28.660  20.664 1.0000000000
77922  -47.849  -28.743  20.729 1.0000000000
77923  -47.439  -29.215  20.695 1.0000000000
77924  -47.318  -28.809  20.802 1.0000000000
77925  -47.720  -26.566  21.534 1.0000000000
77926  -47.867  -26.994  21.274 1.0000000000
77927  -47.299  -27.059  21.425 1.0000000000
77928  -45.902  -28.054  21.509 1.0000000000
77929  -46.475  -28.013  21.334 1.0000000000
77930  -46.033  -28.499  21.287 1.0000000000
77940  -46.519  -22.998  20.718 1.0000000000
77941  -46.674  -23.361  20.989 1.0000000000
77942  -46.102  -23.397  20.959 1.0000000000
93168  -52.278  -29.134  21.247 1.0000000000
95054  -56.877  -23.711  20.851 1.0000000000
95056  -56.108  -23.348  20.892 1.0000000000
95057  -55.593  -23.416  20.895 1.0000000000
95063  -49.549  -21.493  20.043 1.0000000000
95064  -50.098  -21.424  20.063 1.0000000000
95065  -49.602  -21.927  20.305 1.0000000000
95066  -49.681  -22.351  20.528 1.0000000000
95067  -49.789  -22.769  20.717 1.0000000000
95068  -49.884  -23.191  20.886 1.0000000000
95069  -49.363  -23.233  20.886 1.0000000000
95070  -48.950  -23.703  21.108 1.0000000000
95071  -48.567  -24.183  21.259 1.0000000000
95072  -48.209  -24.678  21.377 1.0000000000
95073  -48.044  -24.190  21.330 1.0000000000
95074  -47.506  -24.242  21.371 1.0000000000
95075  -46.936  -24.282  21.413 1.0000000000
99389  -48.999  -20.207  18.647 1.0000000000
99390  -48.392  -20.602  18.873 1.0000000000
99391  -47.830  -21.007  19.149 1.0000000000
99392  -47.292  -21.425  19.410 1.0000000000
99394  -46.728  -21.073  18.973 1.0000000000
104184  -47.727  -29.950  20.644 1.0000000000
104186  -47.218  -30.467  20.720 1.0000000000
106605  -55.590  -25.725  20.598 1.0000000000
106606  -55.800  -26.118  20.646 1.0000000000
106607  -55.254  -26.221  20.613 1.0000000000
106608  -54.904  -26.704  20.642 1.0000000000
106609  -54.491  -27.158  20.705 1.0000000000
106610  -54.079  -27.563  20.757 1.0000000000
106611  -53.919  -27.244  20.629 1.0000000000
106612  -53.350  -27.302  20.577 1.0000000000
106613  -52.767  -27.359  20.566 1.0000000000
106633  -52.210  -21.125  20.408 1.0000000000
106634  -52.736  -20.625  20.227 1.0000000000
106635  -52.725  -21.007  20.489 1.0000000000
106636  -53.259  -20.903  20.594 1.0000000000
106637  -53.783  -20.776  20.757 1.0000000000
106638  -54.294  -20.739  20.866 1.0000000000
106639  -53.823  -21.272  20.911 1.0000000000
106640  -53.912  -21.784  21.011 1.0000000000
106641  -54.029  -22.261  21.062 1.0000000000
106642  -54.161  -22.694  21.073 1.0000000000
106643  -53.651  -22.796  21.050 1.0000000000
106644  -53.293  -23.324  21.027 1.0000000000
106645  -52.905  -23.811  20.974 1.0000000000
106646  -50.526  -25.044  21.034 1.0000000000
106647  -51.071  -24.959  20.977 1.0000000000
106648  -50.679  -25.448  20.941 1.0000000000
106649  -50.854  -25.900  20.864 1.0000000000
106650  -51.036  -26.340  20.777 1.0000000000
106651  -51.221  -26.745  20.674 1.0000000000
106652  -50.649  -26.796  20.712 1.0000000000
106653  -50.238  -27.221  20.609 1.0000000000
106654  -49.805  -27.667  20.599 1.0000000000
106655  -49.404  -28.108  20.575 1.0000000000
106656  -49.233  -27.740  20.652 1.0000000000
106657  -48.677  -27.786  20.780 1.0000000000
106658  -48.124  -27.851  20.902 1.0000000000
106659  -46.633  -26.624  21.745 1.0000000000
106660  -46.749  -27.098  21.588 1.0000000000
106661  -46.219  -27.096  21.717 1.0000000000
121954  -56.995  -25.050  20.731 1.0000000000
121955  -56.454  -25.126  20.674 1.0000000000
121956  -56.576  -24.234  20.752 1.0000000000
121957  -56.234  -24.708  20.687 1.0000000000
121958  -55.898  -25.197  20.625 1.0000000000
121959  -55.373  -25.313  20.586 1.0000000000
121960  -54.818  -25.387  20.587 1.0000000000
121961  -54.261  -25.466  20.571 1.0000000000
121973  -51.839  -19.800  19.072 1.0000000000
121975  -51.765  -20.115  19.391 1.0000000000
121976  -51.711  -20.456  19.721 1.0000000000
121977  -51.666  -20.795  20.014 1.0000000000
121978  -50.619  -21.362  20.104 1.0000000000
121979  -51.136  -21.280  20.164 1.0000000000
121980  -51.670  -21.197  20.275 1.0000000000
121981  -51.720  -21.628  20.516 1.0000000000
121982  -51.802  -22.059  20.754 1.0000000000
121983  -51.910  -22.525  20.910 1.0000000000
121984  -52.042  -22.986  20.992 1.0000000000
121985  -51.530  -23.054  20.954 1.0000000000
121986  -51.154  -23.566  20.953 1.0000000000
121987  -50.753  -24.052  21.056 1.0000000000
121988  -50.022  -23.620  21.020 1.0000000000
121989  -50.195  -24.073  21.090 1.0000000000
121990  -50.371  -24.550  21.101 1.0000000000
121991  -49.979  -25.076  21.100 1.0000000000
121992  -49.600  -25.576  21.164 1.0000000000
121993  -49.210  -26.039  21.199 1.0000000000
121994  -48.823  -26.494  21.173 1.0000000000
121995  -48.677  -26.051  21.353 1.0000000000
121996  -48.125  -26.083  21.484 1.0000000000
121997  -47.585  -26.114  21.626 1.0000000000
121998  -47.795  -25.171  21.536 1.0000000000
121999  -47.416  -25.654  21.670 1.0000000000
122000  -47.029  -26.145  21.778 1.0000000000
122001  -46.487  -26.160  21.855 1.0000000000
122002  -45.931  -26.188  21.978 1.0000000000
131739  -50.705  -20.292  19.210 1.0000000000
131740  -50.092  -20.712  19.473 1.0000000000
131741  -49.584  -20.471  19.053 1.0000000000
131742  -49.547  -20.800  19.387 1.0000000000
131743  -49.513  -21.139  19.726 1.0000000000
131744  -49.020  -21.589  19.981 1.0000000000
131745  -48.525  -22.029  20.231 1.0000000000
131746  -48.051  -22.478  20.474 1.0000000000
131747  -47.626  -22.904  20.735 1.0000000000
131748  -47.510  -22.499  20.455 1.0000000000
131749  -46.977  -22.549  20.418 1.0000000000
131750  -46.414  -22.599  20.370 1.0000000000
131751  -46.810  -21.825  19.702 1.0000000000
131752  -46.330  -22.227  19.995 1.0000000000
131753  -45.863  -22.617  20.255 1.0000000000
141720  -49.976  -29.500  20.865 1.0000000000
141721  -50.041  -29.913  21.132 1.0000000000
146625  -57.426  -25.853  20.874 1.0000000000
146627  -56.752  -26.743  20.956 1.0000000000
146628  -56.002  -26.507  20.733 1.0000000000
146629  -56.197  -26.849  20.871 1.0000000000
146630  -56.354  -27.163  21.033 1.0000000000
146631  -55.942  -27.546  21.103 1.0000000000
146634  -54.471  -28.414  21.315 1.0000000000
146635  -53.905  -28.536  21.251 1.0000000000
146636  -53.318  -28.622  21.175 1.0000000000
146637  -53.662  -27.952  20.826 1.0000000000
146638  -53.202  -28.332  20.947 1.0000000000
146639  -52.746  -28.732  21.072 1.0000000000
146640  -52.179  -28.843  20.972 1.0000000000
146641  -51.602  -28.942  20.872 1.0000000000
146642  -51.014  -29.016  20.798 1.0000000000
146679  -52.911  -19.576  19.255 1.0000000000
146681  -53.970  -19.338  19.502 1.0000000000
146682  -53.315  -20.122  20.018 1.0000000000
146683  -53.906  -19.669  19.830 1.0000000000
146684  -54.506  -19.227  19.623 1.0000000000
146685  -55.035  -19.117  19.758 1.0000000000
146686  -55.541  -19.005  19.950 1.0000000000
146689  -55.866  -19.611  20.766 1.0000000000
146690  -55.856  -20.077  20.981 1.0000000000
146691  -54.836  -20.676  20.963 1.0000000000
146692  -55.366  -20.600  21.054 1.0000000000
146693  -55.895  -20.514  21.156 1.0000000000
146696  -56.181  -21.876  21.194 1.0000000000
146697  -55.794  -22.434  21.086 1.0000000000
146698  -55.412  -22.966  21.003 1.0000000000
146699  -55.054  -23.498  20.891 1.0000000000
146700  -54.318  -23.164  21.003 1.0000000000
146701  -54.507  -23.593  20.892 1.0000000000
146702  -54.700  -24.030  20.772 1.0000000000
146703  -54.361  -24.540  20.696 1.0000000000
146704  -54.012  -25.027  20.614 1.0000000000
146705  -53.670  -25.537  20.563 1.0000000000
146706  -52.187  -23.449  21.024 1.0000000000
146707  -52.350  -23.880  21.028 1.0000000000
146708  -52.528  -24.302  20.926 1.0000000000
146709  -51.624  -24.892  20.933 1.0000000000
146710  -52.165  -24.819  20.897 1.0000000000
146711  -52.710  -24.749  20.819 1.0000000000
146712  -52.896  -25.196  20.711 1.0000000000
146713  -53.101  -25.623  20.604 1.0000000000
146714  -53.322  -26.058  20.555 1.0000000000
146715  -52.953  -26.539  20.546 1.0000000000
146716  -52.552  -26.995  20.548 1.0000000000
146717  -52.154  -27.419  20.577 1.0000000000
146718  -51.402  -27.106  20.613 1.0000000000
146719  -51.574  -27.478  20.596 1.0000000000
146720  -51.748  -27.846  20.606 1.0000000000
146721  -51.305  -28.283  20.625 1.0000000000
146722  -50.878  -28.682  20.636 1.0000000000
146723  -50.419  -29.086  20.737 1.0000000000
146724  -49.854  -29.161  20.705 1.0000000000
146725  -49.283  -29.268  20.651 1.0000000000
146726  -48.696  -29.404  20.624 1.0000000000
146727  -49.007  -28.583  20.579 1.0000000000
146728  -48.562  -29.045  20.623 1.0000000000
146729  -48.133  -29.507  20.637 1.0000000000
146730  -47.588  -29.592  20.645 1.0000000000
146731  -47.019  -29.656  20.689 1.0000000000
146733  -48.431  -26.951  21.122 1.0000000000
146734  -48.000  -27.425  21.077 1.0000000000
146735  -47.564  -27.913  21.035 1.0000000000
146736  -46.885  -27.532  21.350 1.0000000000
146737  -47.008  -27.968  21.159 1.0000000000
146738  -47.141  -28.397  20.990 1.0000000000
146739  -46.728  -28.865  20.944 1.0000000000
146751  -47.215  -23.344  20.988 1.0000000000
146752  -46.786  -23.806  21.225 1.0000000000
146753  -46.370  -24.281  21.440 1.0000000000
146754  -45.682  -23.823  21.213 1.0000000000
