#!ascii label  , from subject 40tvs8ref_sym_20 vox2ras=TkReg
538
371  -21.935  -31.219  71.248 1.0000000000
717  -18.237  -33.196  77.555 1.0000000000
857  -21.941  -31.563  64.141 1.0000000000
858  -25.719  -30.414  69.687 1.0000000000
870  -18.038  -32.802  64.884 1.0000000000
1823  -21.831  -32.768  75.501 1.0000000000
1841  -14.199  -33.773  66.398 1.0000000000
1842  -18.133  -32.491  72.006 1.0000000000
2777  -21.917  -31.384  60.682 1.0000000000
2778  -23.939  -30.912  63.233 1.0000000000
2790  -19.857  -31.767  61.111 1.0000000000
4007  -22.165  -31.176  74.857 1.0000000000
4008  -23.663  -32.431  74.888 1.0000000000
4009  -23.924  -30.837  74.123 1.0000000000
4011  -27.755  -30.318  72.492 1.0000000000
4046  -13.982  -32.099  63.853 1.0000000000
4047  -20.015  -32.103  67.897 1.0000000000
4048  -18.138  -32.869  68.429 1.0000000000
4049  -20.034  -31.759  71.510 1.0000000000
4050  -20.244  -31.441  75.340 1.0000000000
6149  -21.911  -31.467  67.639 1.0000000000
6150  -23.804  -30.840  70.419 1.0000000000
6151  -23.826  -30.955  66.662 1.0000000000
6152  -25.834  -30.477  66.052 1.0000000000
6172  -15.848  -32.032  62.699 1.0000000000
6173  -17.808  -31.929  61.747 1.0000000000
6174  -19.995  -32.173  64.419 1.0000000000
8104  -25.780  -30.594  73.259 1.0000000000
8148  -12.352  -34.165  67.403 1.0000000000
8149  -14.405  -34.309  69.737 1.0000000000
8150  -16.112  -33.346  65.488 1.0000000000
8151  -16.255  -33.610  69.034 1.0000000000
8152  -16.254  -33.274  72.641 1.0000000000
8153  -18.226  -32.004  75.862 1.0000000000
8154  -20.115  -32.860  76.609 1.0000000000
11687  -22.015  -31.084  73.201 1.0000000000
11688  -23.040  -30.991  74.431 1.0000000000
11689  -22.917  -30.938  72.736 1.0000000000
11727  -20.952  -31.645  69.528 1.0000000000
11728  -20.026  -31.973  69.650 1.0000000000
11729  -21.007  -31.472  71.382 1.0000000000
11730  -21.096  -31.323  73.316 1.0000000000
13667  -17.327  -32.549  77.629 1.0000000000
14087  -21.946  -31.520  65.857 1.0000000000
14088  -22.863  -31.201  67.059 1.0000000000
14089  -22.906  -31.242  65.425 1.0000000000
14090  -24.913  -30.668  62.882 1.0000000000
14091  -24.870  -30.708  64.632 1.0000000000
14125  -16.787  -31.033  61.173 1.0000000000
14126  -17.773  -31.081  60.587 1.0000000000
14127  -20.935  -31.825  62.459 1.0000000000
14128  -19.942  -32.089  62.659 1.0000000000
14129  -20.949  -31.872  64.208 1.0000000000
14130  -20.960  -31.845  65.955 1.0000000000
17785  -24.751  -30.627  70.060 1.0000000000
17786  -24.787  -30.601  71.921 1.0000000000
17787  -25.761  -30.410  71.531 1.0000000000
17892  -13.145  -33.188  65.529 1.0000000000
17893  -12.233  -33.289  66.124 1.0000000000
17894  -13.279  -33.948  66.833 1.0000000000
17895  -13.401  -34.425  68.442 1.0000000000
17896  -14.309  -34.160  68.003 1.0000000000
17897  -16.939  -32.658  63.549 1.0000000000
17898  -15.963  -32.863  63.986 1.0000000000
17899  -17.052  -33.065  65.142 1.0000000000
17900  -18.147  -32.727  70.183 1.0000000000
17901  -17.182  -33.250  68.700 1.0000000000
17902  -17.187  -33.127  70.500 1.0000000000
17903  -16.266  -33.495  70.850 1.0000000000
17904  -17.161  -32.888  72.372 1.0000000000
17905  -17.168  -32.574  74.233 1.0000000000
17906  -18.133  -32.209  73.906 1.0000000000
17907  -21.285  -31.754  76.200 1.0000000000
17908  -20.314  -31.830  76.569 1.0000000000
17909  -21.009  -32.772  76.127 1.0000000000
23429  -21.935  -31.532  62.340 1.0000000000
23430  -22.941  -31.246  63.602 1.0000000000
23431  -22.961  -31.206  61.870 1.0000000000
23452  -18.762  -31.170  60.105 1.0000000000
23453  -19.774  -31.218  59.708 1.0000000000
23454  -20.900  -31.621  60.820 1.0000000000
25643  -22.208  -31.744  75.817 1.0000000000
25644  -22.729  -32.580  75.131 1.0000000000
25645  -23.093  -31.550  75.367 1.0000000000
25646  -23.963  -31.434  75.022 1.0000000000
25647  -24.822  -31.356  74.688 1.0000000000
25648  -26.775  -30.215  69.312 1.0000000000
25649  -26.760  -30.199  71.234 1.0000000000
25713  -13.097  -32.133  64.537 1.0000000000
25714  -14.064  -33.075  64.956 1.0000000000
25715  -19.058  -32.522  66.362 1.0000000000
25716  -18.101  -32.897  66.620 1.0000000000
25717  -19.060  -32.492  68.088 1.0000000000
25718  -19.071  -32.338  69.917 1.0000000000
25719  -19.097  -32.113  71.765 1.0000000000
25720  -19.143  -31.853  73.668 1.0000000000
25721  -20.125  -31.545  73.474 1.0000000000
25722  -21.228  -31.280  75.126 1.0000000000
29705  -21.908  -31.360  69.418 1.0000000000
29706  -22.851  -31.048  70.789 1.0000000000
29707  -22.869  -31.111  68.999 1.0000000000
29708  -23.817  -30.899  68.541 1.0000000000
29709  -24.793  -30.645  68.217 1.0000000000
29710  -23.875  -30.961  64.994 1.0000000000
29711  -24.836  -30.717  66.407 1.0000000000
29712  -25.793  -30.428  67.848 1.0000000000
29760  -16.818  -31.981  62.194 1.0000000000
29761  -17.926  -32.509  63.238 1.0000000000
29762  -18.827  -31.875  61.425 1.0000000000
29763  -18.921  -32.304  62.926 1.0000000000
29764  -18.998  -32.501  64.593 1.0000000000
29765  -20.002  -32.171  66.152 1.0000000000
29766  -20.970  -31.786  67.719 1.0000000000
34618  -23.832  -30.770  72.361 1.0000000000
34619  -24.838  -30.771  73.656 1.0000000000
34620  -25.688  -31.199  74.343 1.0000000000
34621  -26.739  -30.402  72.874 1.0000000000
34622  -26.575  -31.105  73.859 1.0000000000
34751  -12.488  -34.697  68.959 1.0000000000
34752  -13.493  -34.639  70.142 1.0000000000
34753  -14.435  -34.295  71.594 1.0000000000
34754  -14.913  -32.079  63.251 1.0000000000
34755  -15.007  -32.966  64.424 1.0000000000
34756  -15.147  -33.564  65.952 1.0000000000
34757  -17.158  -33.250  66.833 1.0000000000
34758  -16.210  -33.601  67.215 1.0000000000
34759  -15.242  -33.880  67.600 1.0000000000
34760  -15.331  -33.954  69.374 1.0000000000
34761  -15.341  -33.892  71.169 1.0000000000
34762  -15.329  -33.714  73.051 1.0000000000
34763  -16.230  -32.979  74.596 1.0000000000
34764  -17.205  -32.310  76.201 1.0000000000
34765  -18.319  -32.241  77.255 1.0000000000
34766  -19.242  -31.712  75.577 1.0000000000
34767  -19.360  -32.002  76.995 1.0000000000
34768  -19.195  -32.993  77.102 1.0000000000
42407  -21.964  -31.145  72.229 1.0000000000
42408  -22.453  -30.980  72.954 1.0000000000
42409  -22.392  -31.038  72.011 1.0000000000
42447  -21.449  -31.414  70.415 1.0000000000
42448  -20.978  -31.570  70.421 1.0000000000
42449  -21.472  -31.325  71.364 1.0000000000
42450  -21.498  -31.250  72.274 1.0000000000
44387  -17.843  -32.775  77.743 1.0000000000
44389  -17.739  -33.391  77.659 1.0000000000
44807  -21.949  -31.539  64.978 1.0000000000
44808  -22.414  -31.396  65.619 1.0000000000
44809  -22.437  -31.394  64.785 1.0000000000
44811  -25.394  -30.560  63.587 1.0000000000
44845  -17.329  -30.509  60.428 1.0000000000
44847  -21.449  -31.698  63.299 1.0000000000
44848  -20.948  -31.871  63.350 1.0000000000
44849  -21.444  -31.707  64.124 1.0000000000
44850  -21.438  -31.706  64.963 1.0000000000
48497  -21.510  -33.303  74.979 1.0000000000
48505  -25.257  -30.515  69.816 1.0000000000
48506  -25.242  -30.501  70.749 1.0000000000
48507  -25.730  -30.401  70.601 1.0000000000
48612  -13.659  -33.531  65.870 1.0000000000
48613  -13.205  -33.603  66.147 1.0000000000
48614  -13.723  -33.873  66.638 1.0000000000
48615  -13.803  -34.115  67.413 1.0000000000
48616  -14.262  -34.011  67.145 1.0000000000
48617  -17.507  -32.780  64.148 1.0000000000
48618  -16.994  -32.887  64.277 1.0000000000
48619  -17.570  -32.927  64.981 1.0000000000
48620  -18.138  -32.609  71.088 1.0000000000
48621  -17.665  -32.914  70.354 1.0000000000
48622  -17.661  -32.802  71.231 1.0000000000
48623  -17.180  -33.016  71.448 1.0000000000
48624  -17.668  -32.665  72.192 1.0000000000
48625  -17.657  -32.527  73.141 1.0000000000
48626  -18.130  -32.366  72.943 1.0000000000
48627  -21.668  -32.208  76.106 1.0000000000
48628  -21.196  -32.223  76.298 1.0000000000
48629  -21.439  -32.769  75.782 1.0000000000
48630  -21.103  -33.319  75.251 1.0000000000
54407  -21.941  -31.477  61.487 1.0000000000
54408  -22.455  -31.371  62.131 1.0000000000
54409  -22.455  -31.321  61.258 1.0000000000
54449  -21.415  -31.504  60.789 1.0000000000
54450  -21.443  -31.613  61.607 1.0000000000
58097  -22.208  -31.408  75.440 1.0000000000
58098  -22.662  -31.666  75.592 1.0000000000
58099  -22.692  -31.277  75.290 1.0000000000
58100  -23.491  -30.939  74.266 1.0000000000
58101  -23.557  -31.125  74.919 1.0000000000
58102  -23.968  -31.073  74.691 1.0000000000
58103  -24.408  -31.344  74.889 1.0000000000
58104  -24.403  -31.005  74.458 1.0000000000
58106  -27.256  -30.101  70.117 1.0000000000
58214  -13.520  -32.138  64.189 1.0000000000
58215  -13.547  -32.651  64.665 1.0000000000
58216  -14.010  -32.627  64.357 1.0000000000
58217  -19.528  -32.330  67.100 1.0000000000
58218  -19.064  -32.509  67.229 1.0000000000
58219  -19.540  -32.296  67.969 1.0000000000
58220  -20.031  -31.885  70.565 1.0000000000
58221  -19.542  -32.170  69.801 1.0000000000
58222  -19.541  -32.059  70.739 1.0000000000
58223  -19.083  -32.238  70.812 1.0000000000
58224  -19.572  -31.937  71.648 1.0000000000
58225  -19.609  -31.800  72.570 1.0000000000
58226  -20.067  -31.651  72.504 1.0000000000
58227  -21.618  -31.156  74.142 1.0000000000
58228  -21.166  -31.274  74.263 1.0000000000
58229  -21.690  -31.189  74.995 1.0000000000
58230  -21.740  -31.420  75.630 1.0000000000
65297  -21.905  -31.421  68.524 1.0000000000
65298  -22.389  -31.253  69.150 1.0000000000
65299  -22.379  -31.318  68.279 1.0000000000
65300  -23.346  -31.065  66.984 1.0000000000
65301  -23.323  -31.038  67.840 1.0000000000
65302  -23.818  -30.932  67.565 1.0000000000
65303  -24.281  -30.767  68.342 1.0000000000
65304  -24.292  -30.800  67.446 1.0000000000
65305  -23.427  -31.095  63.461 1.0000000000
65306  -23.412  -31.094  64.330 1.0000000000
65307  -23.905  -30.932  64.061 1.0000000000
65308  -25.344  -30.586  65.324 1.0000000000
65309  -24.856  -30.719  65.522 1.0000000000
65310  -25.319  -30.593  66.162 1.0000000000
65311  -25.300  -30.591  67.026 1.0000000000
65312  -25.808  -30.451  66.946 1.0000000000
65412  -17.294  -31.593  61.425 1.0000000000
65413  -16.771  -31.540  61.648 1.0000000000
65414  -17.305  -31.980  61.998 1.0000000000
65415  -17.358  -32.311  62.627 1.0000000000
65416  -17.866  -32.259  62.482 1.0000000000
65417  -19.306  -31.549  60.510 1.0000000000
65418  -18.791  -31.548  60.733 1.0000000000
65419  -19.355  -31.862  61.264 1.0000000000
65420  -19.969  -32.149  63.563 1.0000000000
65421  -19.445  -32.203  62.824 1.0000000000
65422  -19.483  -32.292  63.640 1.0000000000
65423  -18.963  -32.426  63.759 1.0000000000
65424  -19.499  -32.343  64.492 1.0000000000
65425  -19.506  -32.362  65.342 1.0000000000
65426  -20.004  -32.181  65.253 1.0000000000
65427  -21.438  -31.669  66.752 1.0000000000
65428  -20.970  -31.826  66.797 1.0000000000
65429  -21.441  -31.633  67.649 1.0000000000
65430  -21.450  -31.574  68.543 1.0000000000
76375  -23.209  -32.496  75.068 1.0000000000
76376  -22.873  -33.055  74.528 1.0000000000
76390  -23.320  -30.936  70.601 1.0000000000
76391  -23.326  -30.894  71.550 1.0000000000
76392  -23.808  -30.800  71.395 1.0000000000
76393  -25.289  -30.547  72.605 1.0000000000
76394  -24.814  -30.648  72.799 1.0000000000
76395  -25.290  -30.659  73.372 1.0000000000
76396  -25.260  -30.945  74.013 1.0000000000
76397  -25.742  -30.844  73.874 1.0000000000
76398  -27.255  -30.173  71.957 1.0000000000
76399  -26.736  -30.264  72.063 1.0000000000
76400  -27.227  -30.374  72.704 1.0000000000
76403  -26.889  -31.515  73.898 1.0000000000
76404  -26.414  -31.551  74.052 1.0000000000
76715  -12.289  -33.762  66.728 1.0000000000
76717  -11.862  -33.840  67.058 1.0000000000
76719  -11.923  -34.252  67.692 1.0000000000
76720  -11.977  -34.569  68.409 1.0000000000
76721  -12.418  -34.479  68.173 1.0000000000
76722  -13.904  -34.409  69.068 1.0000000000
76723  -13.445  -34.556  69.275 1.0000000000
76724  -13.949  -34.481  69.924 1.0000000000
76725  -13.976  -34.510  70.867 1.0000000000
76726  -14.424  -34.323  70.682 1.0000000000
76727  -15.403  -31.525  62.450 1.0000000000
76729  -15.378  -32.066  62.949 1.0000000000
76730  -16.037  -33.138  64.707 1.0000000000
76731  -15.489  -32.907  64.210 1.0000000000
76732  -15.560  -33.222  64.925 1.0000000000
76733  -15.082  -33.298  65.182 1.0000000000
76734  -15.624  -33.473  65.728 1.0000000000
76735  -18.127  -32.900  67.534 1.0000000000
76736  -17.631  -33.070  66.725 1.0000000000
76737  -17.649  -33.078  67.634 1.0000000000
76738  -16.730  -33.425  68.833 1.0000000000
76739  -16.719  -33.448  67.918 1.0000000000
76740  -16.243  -33.614  68.080 1.0000000000
76741  -15.735  -33.744  67.397 1.0000000000
76742  -15.762  -33.802  68.330 1.0000000000
76743  -15.291  -33.937  68.468 1.0000000000
76744  -15.799  -33.794  69.168 1.0000000000
76745  -16.261  -33.396  71.757 1.0000000000
76746  -15.792  -33.713  71.004 1.0000000000
76747  -15.798  -33.619  71.939 1.0000000000
76748  -15.335  -33.817  72.069 1.0000000000
76749  -15.803  -33.484  72.904 1.0000000000
76750  -15.784  -33.328  73.850 1.0000000000
76751  -16.243  -33.132  73.639 1.0000000000
76752  -17.696  -32.210  75.113 1.0000000000
76753  -17.184  -32.432  75.220 1.0000000000
76754  -17.742  -32.154  76.017 1.0000000000
76755  -17.794  -32.193  76.856 1.0000000000
76756  -18.291  -32.029  76.732 1.0000000000
76757  -19.688  -31.575  74.574 1.0000000000
76758  -19.179  -31.754  74.632 1.0000000000
76759  -19.744  -31.542  75.504 1.0000000000
76760  -20.284  -32.291  76.845 1.0000000000
76761  -19.832  -31.946  76.748 1.0000000000
76762  -19.795  -32.381  76.970 1.0000000000
76763  -19.316  -32.458  77.202 1.0000000000
76764  -19.666  -32.914  76.920 1.0000000000
76765  -19.428  -33.495  76.436 1.0000000000
94763  -22.092  -31.054  74.077 1.0000000000
94764  -22.633  -31.081  74.635 1.0000000000
94765  -22.546  -30.993  73.838 1.0000000000
94766  -22.983  -30.928  73.653 1.0000000000
94767  -23.412  -30.847  73.459 1.0000000000
94835  -20.496  -31.874  68.667 1.0000000000
94836  -20.020  -32.034  68.742 1.0000000000
94837  -20.499  -31.792  69.596 1.0000000000
94838  -20.524  -31.700  70.543 1.0000000000
94839  -20.540  -31.602  71.485 1.0000000000
94840  -20.578  -31.500  72.445 1.0000000000
94841  -21.035  -31.376  72.357 1.0000000000
94842  -21.553  -31.187  73.217 1.0000000000
98327  -16.790  -32.487  77.191 1.0000000000
99083  -21.932  -31.498  66.733 1.0000000000
99084  -22.389  -31.357  67.401 1.0000000000
99085  -22.411  -31.379  66.518 1.0000000000
99086  -22.882  -31.227  66.242 1.0000000000
99087  -23.367  -31.083  66.052 1.0000000000
99088  -24.428  -30.807  62.981 1.0000000000
99089  -24.387  -30.837  63.895 1.0000000000
99090  -24.890  -30.689  63.757 1.0000000000
99092  -25.866  -30.485  65.167 1.0000000000
99093  -26.333  -30.368  65.898 1.0000000000
99151  -16.404  -30.426  61.082 1.0000000000
99152  -16.862  -30.498  60.755 1.0000000000
99153  -17.286  -31.071  60.874 1.0000000000
99154  -17.777  -31.551  61.160 1.0000000000
99155  -20.441  -31.849  61.667 1.0000000000
99156  -19.902  -31.959  61.875 1.0000000000
99157  -20.451  -31.946  62.562 1.0000000000
99158  -20.461  -32.003  63.414 1.0000000000
99159  -20.467  -32.029  64.243 1.0000000000
99160  -20.471  -32.022  65.097 1.0000000000
99161  -20.953  -31.861  65.076 1.0000000000
99162  -21.436  -31.689  65.858 1.0000000000
105739  -24.251  -30.722  70.211 1.0000000000
105740  -24.263  -30.717  71.165 1.0000000000
105741  -24.758  -30.608  70.978 1.0000000000
105742  -25.259  -30.502  71.689 1.0000000000
105743  -25.806  -30.465  72.486 1.0000000000
105744  -28.180  -30.546  73.010 1.0000000000
105745  -27.663  -30.601  73.154 1.0000000000
105932  -12.651  -32.740  65.345 1.0000000000
105934  -12.684  -33.257  65.861 1.0000000000
105935  -12.740  -33.707  66.438 1.0000000000
105936  -12.820  -34.059  67.125 1.0000000000
105937  -12.882  -34.342  67.876 1.0000000000
105938  -13.334  -34.233  67.598 1.0000000000
105939  -13.868  -34.288  68.212 1.0000000000
105940  -14.361  -34.255  68.861 1.0000000000
105941  -16.380  -32.414  63.050 1.0000000000
105942  -15.905  -32.487  63.314 1.0000000000
105943  -16.444  -32.745  63.748 1.0000000000
105944  -16.509  -33.022  64.521 1.0000000000
105945  -16.571  -33.211  65.286 1.0000000000
105946  -18.144  -32.820  69.292 1.0000000000
105947  -17.659  -33.056  68.540 1.0000000000
105948  -17.670  -32.998  69.443 1.0000000000
105949  -17.191  -33.215  69.577 1.0000000000
105950  -16.746  -33.374  69.708 1.0000000000
105951  -16.250  -33.568  69.984 1.0000000000
105952  -16.745  -33.298  70.630 1.0000000000
105953  -16.727  -33.199  71.578 1.0000000000
105954  -16.716  -33.072  72.521 1.0000000000
105955  -16.710  -32.934  73.461 1.0000000000
105956  -17.160  -32.730  73.274 1.0000000000
105957  -17.665  -32.373  74.146 1.0000000000
105958  -18.172  -32.077  74.908 1.0000000000
105959  -20.787  -31.491  75.921 1.0000000000
105960  -20.297  -31.559  76.055 1.0000000000
105961  -20.807  -31.764  76.432 1.0000000000
105962  -20.743  -32.254  76.535 1.0000000000
105963  -20.571  -32.798  76.353 1.0000000000
105965  -20.701  -33.338  75.591 1.0000000000
115518  -17.982  -33.876  77.088 1.0000000000
116105  -21.938  -31.560  63.254 1.0000000000
116106  -22.456  -31.390  63.944 1.0000000000
116107  -22.460  -31.395  63.030 1.0000000000
116108  -22.950  -31.233  62.728 1.0000000000
116109  -23.449  -31.067  62.604 1.0000000000
116113  -24.450  -30.773  62.186 1.0000000000
116159  -18.762  -30.754  59.610 1.0000000000
116160  -19.277  -31.185  59.883 1.0000000000
116161  -19.817  -31.526  60.369 1.0000000000
116163  -20.354  -31.493  60.217 1.0000000000
116164  -20.397  -31.712  60.930 1.0000000000
116165  -20.917  -31.742  61.618 1.0000000000
116166  -21.463  -31.678  62.448 1.0000000000
121271  -22.071  -32.234  75.808 1.0000000000
121272  -22.353  -32.637  75.404 1.0000000000
121273  -22.552  -32.122  75.637 1.0000000000
121274  -23.000  -32.022  75.431 1.0000000000
121275  -23.426  -31.967  75.298 1.0000000000
121276  -23.094  -31.211  75.006 1.0000000000
121277  -23.542  -31.493  75.256 1.0000000000
121278  -23.883  -31.895  75.119 1.0000000000
121280  -24.698  -31.809  74.760 1.0000000000
121281  -25.111  -31.717  74.623 1.0000000000
121282  -26.249  -30.289  69.540 1.0000000000
121283  -26.250  -30.295  70.454 1.0000000000
121284  -26.765  -30.201  70.284 1.0000000000
121285  -27.255  -30.133  71.035 1.0000000000
121286  -27.811  -30.113  71.791 1.0000000000
121289  -28.266  -30.254  72.339 1.0000000000
121434  -12.734  -31.534  64.537 1.0000000000
121436  -13.108  -32.714  65.005 1.0000000000
121437  -13.596  -33.114  65.214 1.0000000000
121438  -14.131  -33.447  65.635 1.0000000000
121439  -18.552  -32.692  65.541 1.0000000000
121440  -18.073  -32.869  65.758 1.0000000000
121441  -18.567  -32.696  66.447 1.0000000000
121442  -18.582  -32.686  67.324 1.0000000000
121443  -18.601  -32.662  68.239 1.0000000000
121444  -19.550  -32.244  68.862 1.0000000000
121445  -19.066  -32.421  68.987 1.0000000000
121446  -18.621  -32.628  69.127 1.0000000000
121447  -18.622  -32.528  70.023 1.0000000000
121448  -18.616  -32.416  70.943 1.0000000000
121449  -18.617  -32.293  71.899 1.0000000000
121450  -18.629  -32.152  72.827 1.0000000000
121451  -19.118  -31.982  72.726 1.0000000000
121452  -19.638  -31.670  73.582 1.0000000000
121453  -20.183  -31.459  74.428 1.0000000000
121454  -20.634  -31.397  73.423 1.0000000000
121455  -20.709  -31.321  74.426 1.0000000000
121456  -20.757  -31.352  75.244 1.0000000000
121457  -21.275  -31.389  75.808 1.0000000000
121458  -21.738  -31.761  76.011 1.0000000000
131093  -21.912  -31.292  70.319 1.0000000000
131094  -22.390  -31.113  71.055 1.0000000000
131095  -22.391  -31.188  70.080 1.0000000000
131096  -22.867  -31.082  69.922 1.0000000000
131097  -23.333  -30.980  69.708 1.0000000000
131098  -22.863  -31.146  68.015 1.0000000000
131099  -23.312  -31.009  68.697 1.0000000000
131100  -23.805  -30.870  69.475 1.0000000000
131101  -24.279  -30.733  69.252 1.0000000000
131102  -24.763  -30.638  69.141 1.0000000000
131103  -25.272  -30.530  68.906 1.0000000000
131104  -22.938  -31.246  64.491 1.0000000000
131105  -23.390  -31.093  65.178 1.0000000000
131106  -23.846  -30.966  65.817 1.0000000000
131107  -24.373  -30.837  64.780 1.0000000000
131108  -24.347  -30.835  65.651 1.0000000000
131109  -24.321  -30.821  66.540 1.0000000000
131110  -24.818  -30.690  67.307 1.0000000000
131111  -25.289  -30.554  67.981 1.0000000000
131112  -25.761  -30.417  68.762 1.0000000000
131113  -26.263  -30.304  68.615 1.0000000000
131240  -16.332  -31.040  61.478 1.0000000000
131242  -16.329  -32.015  62.438 1.0000000000
131243  -16.865  -32.356  62.848 1.0000000000
131244  -17.438  -32.582  63.344 1.0000000000
131245  -17.994  -32.686  64.026 1.0000000000
131246  -18.273  -31.135  60.346 1.0000000000
131247  -18.288  -31.568  60.909 1.0000000000
131248  -18.343  -31.907  61.569 1.0000000000
131249  -19.398  -32.059  62.043 1.0000000000
131250  -18.881  -32.132  62.136 1.0000000000
131251  -18.385  -32.192  62.306 1.0000000000
131252  -18.433  -32.436  63.132 1.0000000000
131253  -18.490  -32.575  63.909 1.0000000000
131254  -18.527  -32.651  64.714 1.0000000000
131255  -19.030  -32.523  65.469 1.0000000000
131256  -19.514  -32.354  66.211 1.0000000000
131257  -20.005  -32.149  67.025 1.0000000000
131258  -20.476  -32.016  65.969 1.0000000000
131259  -20.487  -32.001  66.856 1.0000000000
131260  -20.505  -31.944  67.775 1.0000000000
131261  -20.960  -31.728  68.631 1.0000000000
131262  -21.444  -31.500  69.456 1.0000000000
144880  -22.874  -30.979  71.767 1.0000000000
144881  -23.364  -30.864  72.518 1.0000000000
144882  -23.875  -30.776  73.264 1.0000000000
144883  -24.286  -30.723  72.095 1.0000000000
144884  -24.329  -30.743  72.979 1.0000000000
144885  -24.376  -30.809  73.827 1.0000000000
144886  -24.868  -30.973  74.369 1.0000000000
144887  -25.210  -31.294  74.441 1.0000000000
144889  -26.276  -30.297  71.367 1.0000000000
144890  -26.281  -30.363  72.249 1.0000000000
144891  -26.255  -30.520  73.029 1.0000000000
144893  -26.691  -30.703  73.476 1.0000000000
144894  -26.210  -30.747  73.717 1.0000000000
144895  -26.126  -31.121  74.086 1.0000000000
144896  -25.975  -31.591  74.215 1.0000000000
145278  -12.037  -34.826  69.199 1.0000000000
145279  -12.557  -34.850  69.747 1.0000000000
145280  -12.947  -34.560  68.658 1.0000000000
145281  -12.991  -34.700  69.502 1.0000000000
145284  -13.988  -34.514  71.811 1.0000000000
145288  -14.412  -32.093  63.543 1.0000000000
145289  -15.417  -32.524  63.534 1.0000000000
145290  -14.941  -32.559  63.806 1.0000000000
145291  -14.442  -32.613  64.122 1.0000000000
145292  -14.514  -33.034  64.729 1.0000000000
145293  -14.581  -33.402  65.435 1.0000000000
145294  -14.660  -33.681  66.183 1.0000000000
145295  -17.608  -33.032  65.819 1.0000000000
145296  -17.108  -33.186  65.994 1.0000000000
145297  -16.631  -33.345  66.158 1.0000000000
145298  -17.169  -33.266  67.772 1.0000000000
145299  -16.679  -33.424  67.041 1.0000000000
145300  -16.168  -33.500  66.328 1.0000000000
145301  -15.679  -33.645  66.573 1.0000000000
145302  -15.192  -33.775  66.745 1.0000000000
145303  -14.714  -33.884  66.976 1.0000000000
145304  -14.766  -34.019  67.778 1.0000000000
145305  -14.822  -34.086  68.636 1.0000000000
145306  -14.857  -34.128  69.538 1.0000000000
145307  -15.808  -33.766  70.071 1.0000000000
145308  -15.342  -33.939  70.246 1.0000000000
145309  -14.883  -34.131  70.442 1.0000000000
145310  -14.875  -34.105  71.371 1.0000000000
145311  -14.883  -34.015  72.318 1.0000000000
145312  -14.885  -33.901  73.285 1.0000000000
145314  -15.755  -33.147  74.825 1.0000000000
145316  -16.707  -32.782  74.428 1.0000000000
145317  -16.713  -32.609  75.373 1.0000000000
145319  -17.265  -32.352  76.998 1.0000000000
145320  -17.836  -32.360  77.507 1.0000000000
145321  -18.309  -32.649  77.540 1.0000000000
145322  -18.646  -32.021  73.803 1.0000000000
145323  -18.689  -31.902  74.788 1.0000000000
145324  -18.735  -31.841  75.761 1.0000000000
145325  -19.803  -31.633  76.283 1.0000000000
145326  -19.315  -31.778  76.375 1.0000000000
145327  -18.781  -31.917  76.509 1.0000000000
145328  -18.833  -32.139  77.071 1.0000000000
145329  -18.844  -32.518  77.434 1.0000000000
145330  -18.702  -33.081  77.309 1.0000000000
