#!ascii label  , from subject 40tvs8ref_sym_20 vox2ras=TkReg
173
1098  -7.622  -4.448  60.892 1.0000000000
1099  -8.106  0.641  58.964 1.0000000000
1100  -7.287  -4.942  56.065 1.0000000000
3019  -7.496  -4.715  58.383 1.0000000000
6584  -7.291  -1.808  62.748 1.0000000000
6585  -7.605  0.891  61.641 1.0000000000
6586  -7.576  -1.970  60.048 1.0000000000
6587  -7.703  -2.251  57.572 1.0000000000
6588  -7.795  -2.539  55.235 1.0000000000
12415  -7.076  2.450  63.599 1.0000000000
14813  -7.459  -3.081  61.846 1.0000000000
14814  -7.460  -1.879  61.424 1.0000000000
14815  -7.509  -3.225  60.557 1.0000000000
14816  -7.362  -4.826  57.204 1.0000000000
14817  -7.505  -3.470  57.974 1.0000000000
14818  -7.445  -3.596  56.796 1.0000000000
14819  -7.713  -2.370  56.361 1.0000000000
14820  -7.516  -3.728  55.693 1.0000000000
14821  -7.685  -3.869  54.663 1.0000000000
14822  -7.460  -5.101  55.011 1.0000000000
19966  -7.875  0.777  60.302 1.0000000000
19967  -7.842  2.200  60.992 1.0000000000
19968  -8.135  2.037  59.628 1.0000000000
23864  -7.721  -5.919  59.913 1.0000000000
23865  -7.576  -4.568  59.623 1.0000000000
23866  -7.603  -6.068  58.712 1.0000000000
23867  -7.445  -6.146  57.624 1.0000000000
23868  -7.339  -6.284  56.470 1.0000000000
23869  -7.356  -6.418  55.353 1.0000000000
26956  -8.239  0.445  57.663 1.0000000000
26957  -8.376  1.877  58.274 1.0000000000
30723  -7.258  0.948  62.963 1.0000000000
30724  -7.376  -0.481  62.279 1.0000000000
30725  -7.635  -0.552  60.918 1.0000000000
30726  -7.800  -0.651  59.587 1.0000000000
30727  -7.523  -3.336  59.228 1.0000000000
30728  -7.679  -2.090  58.782 1.0000000000
30729  -7.925  -0.830  58.256 1.0000000000
30730  -7.965  -1.012  57.006 1.0000000000
30731  -8.026  -1.168  55.812 1.0000000000
33150  -7.352  -3.001  63.100 1.0000000000
33151  -7.577  -4.316  62.123 1.0000000000
33154  -7.852  -5.780  61.064 1.0000000000
37267  -7.462  2.311  62.302 1.0000000000
43134  -6.891  2.484  64.299 1.0000000000
45533  -7.540  -3.749  61.380 1.0000000000
45534  -7.506  -3.140  61.200 1.0000000000
45535  -7.556  -3.825  60.751 1.0000000000
45536  -7.290  -4.880  56.642 1.0000000000
45537  -7.410  -4.201  57.043 1.0000000000
45538  -7.394  -4.278  56.449 1.0000000000
45539  -7.457  -3.651  56.228 1.0000000000
45540  -7.393  -4.336  55.850 1.0000000000
45541  -7.454  -4.406  55.360 1.0000000000
45542  -7.346  -5.007  55.539 1.0000000000
50686  -7.996  0.705  59.633 1.0000000000
50687  -8.010  1.404  59.966 1.0000000000
50688  -8.142  1.334  59.297 1.0000000000
55134  -7.671  -6.002  59.283 1.0000000000
55135  -7.687  -6.766  58.867 1.0000000000
55138  -7.443  -6.913  57.211 1.0000000000
55139  -7.374  -6.231  57.055 1.0000000000
55141  -7.361  -7.051  56.118 1.0000000000
60286  -8.290  0.341  57.018 1.0000000000
67478  -7.188  -1.127  63.153 1.0000000000
67479  -7.240  -0.451  62.897 1.0000000000
67480  -7.317  -1.161  62.497 1.0000000000
67481  -7.547  -1.920  60.720 1.0000000000
67482  -7.548  -1.239  61.165 1.0000000000
67483  -7.610  -1.286  60.503 1.0000000000
67484  -7.725  -0.592  60.244 1.0000000000
67485  -7.676  -1.324  59.841 1.0000000000
67486  -7.554  -4.650  59.013 1.0000000000
67487  -7.545  -3.951  59.467 1.0000000000
67488  -7.513  -4.012  58.831 1.0000000000
67489  -7.599  -2.826  57.799 1.0000000000
67490  -7.595  -2.763  58.414 1.0000000000
67491  -7.705  -2.153  58.212 1.0000000000
67492  -7.789  -1.458  58.514 1.0000000000
67493  -7.810  -1.553  57.898 1.0000000000
67494  -7.954  -0.916  57.629 1.0000000000
67495  -7.826  -1.642  57.299 1.0000000000
67496  -7.762  -2.461  55.782 1.0000000000
67497  -7.845  -1.779  56.095 1.0000000000
67498  -7.886  -1.856  55.521 1.0000000000
67499  -8.078  -1.252  55.252 1.0000000000
67500  -7.952  -1.941  54.966 1.0000000000
67508  -7.485  -7.159  55.031 1.0000000000
72904  -7.293  -2.973  63.700 1.0000000000
72906  -7.461  -3.640  62.616 1.0000000000
72907  -7.538  -4.274  62.719 1.0000000000
82936  -7.433  0.912  62.292 1.0000000000
82937  -7.376  1.603  62.608 1.0000000000
82938  -7.549  1.574  61.963 1.0000000000
82940  -7.774  2.909  61.269 1.0000000000
96074  -6.988  3.206  63.961 1.0000000000
96075  -7.201  3.149  63.255 1.0000000000
100391  -7.388  -2.452  62.321 1.0000000000
100392  -7.378  -1.845  62.098 1.0000000000
100393  -7.436  -2.488  61.655 1.0000000000
100394  -7.478  -2.549  60.999 1.0000000000
100395  -7.508  -2.619  60.361 1.0000000000
100396  -7.432  -4.765  57.787 1.0000000000
100397  -7.460  -4.081  58.199 1.0000000000
100398  -7.426  -4.120  57.615 1.0000000000
100399  -7.477  -3.533  57.381 1.0000000000
100400  -7.553  -2.917  57.165 1.0000000000
100401  -7.700  -2.315  56.953 1.0000000000
100402  -7.561  -2.977  56.586 1.0000000000
100403  -7.608  -3.051  56.030 1.0000000000
100404  -7.678  -3.138  55.485 1.0000000000
100405  -7.718  -3.207  54.973 1.0000000000
100406  -7.591  -3.800  55.186 1.0000000000
100407  -7.568  -4.471  54.842 1.0000000000
109666  -7.744  0.842  60.967 1.0000000000
109667  -7.718  1.550  61.318 1.0000000000
109668  -7.870  1.493  60.654 1.0000000000
109669  -7.996  2.111  60.302 1.0000000000
109670  -8.123  2.748  59.968 1.0000000000
117122  -7.677  -5.168  60.376 1.0000000000
117123  -7.604  -4.514  60.250 1.0000000000
117124  -7.632  -5.235  59.753 1.0000000000
117125  -7.596  -5.303  59.148 1.0000000000
117126  -7.555  -5.378  58.576 1.0000000000
117127  -7.588  -6.815  58.324 1.0000000000
117128  -7.523  -6.105  58.167 1.0000000000
117129  -7.462  -5.417  57.997 1.0000000000
117130  -7.375  -5.471  57.417 1.0000000000
117131  -7.313  -5.528  56.842 1.0000000000
117132  -7.284  -5.576  56.271 1.0000000000
117133  -7.289  -5.644  55.726 1.0000000000
117134  -7.333  -6.339  55.912 1.0000000000
117135  -7.400  -7.105  55.567 1.0000000000
124336  -8.178  0.549  58.309 1.0000000000
124337  -8.244  1.267  58.633 1.0000000000
124338  -8.322  1.180  57.981 1.0000000000
124339  -8.472  1.769  57.618 1.0000000000
133858  -7.157  0.274  63.282 1.0000000000
133859  -7.324  0.236  62.607 1.0000000000
133860  -7.486  0.213  61.951 1.0000000000
133861  -7.434  -1.208  61.855 1.0000000000
133862  -7.516  -0.510  61.605 1.0000000000
133863  -7.633  0.178  61.295 1.0000000000
133864  -7.750  0.112  60.620 1.0000000000
133865  -7.849  0.064  59.953 1.0000000000
133866  -7.943  0.000  59.298 1.0000000000
133867  -7.549  -3.891  60.102 1.0000000000
133868  -7.518  -3.281  59.888 1.0000000000
133869  -7.538  -2.679  59.684 1.0000000000
133870  -7.506  -3.406  58.563 1.0000000000
133871  -7.569  -2.716  59.046 1.0000000000
133872  -7.630  -2.024  59.396 1.0000000000
133873  -7.763  -1.377  59.151 1.0000000000
133874  -7.875  -0.736  58.913 1.0000000000
133875  -8.033  -0.097  58.641 1.0000000000
133876  -8.095  -0.184  58.004 1.0000000000
133877  -8.125  -0.291  57.358 1.0000000000
133879  -7.835  -1.700  56.683 1.0000000000
133880  -7.988  -1.090  56.403 1.0000000000
133881  -8.166  -0.442  56.144 1.0000000000
133895  -7.364  -5.722  55.189 1.0000000000
140626  -7.308  -2.404  62.945 1.0000000000
140627  -7.409  -3.037  62.476 1.0000000000
140628  -7.505  -3.686  61.990 1.0000000000
140629  -7.628  -4.380  61.517 1.0000000000
140637  -7.719  -5.032  61.612 1.0000000000
140638  -7.725  -5.102  61.011 1.0000000000
140639  -7.796  -5.847  60.483 1.0000000000
140640  -7.873  -6.610  60.021 1.0000000000
152767  -7.206  1.666  63.278 1.0000000000
152768  -7.299  2.398  62.975 1.0000000000
152770  -7.647  2.250  61.645 1.0000000000
152776  -8.264  1.958  58.955 1.0000000000
