#!ascii label  , from subject 40tvs8ref_sym_20 vox2ras=TkReg
275
826  -11.621  -94.412  4.450 1.0000000000
827  -9.151  -90.973  -0.280 1.0000000000
828  -10.912  -94.224  -2.470 1.0000000000
2355  -7.121  -98.439  5.536 1.0000000000
2746  -12.984  -95.416  4.375 1.0000000000
2747  -12.604  -93.489  1.056 1.0000000000
3919  -6.731  -91.971  -2.701 1.0000000000
5240  -6.326  -96.518  6.018 1.0000000000
6094  -10.720  -93.387  5.010 1.0000000000
6095  -10.920  -90.973  2.825 1.0000000000
6096  -11.491  -92.266  1.716 1.0000000000
6097  -9.875  -92.558  -1.527 1.0000000000
6098  -7.448  -93.958  -3.990 1.0000000000
9619  -8.692  -95.176  6.233 1.0000000000
9620  -9.449  -96.547  5.439 1.0000000000
9621  -10.975  -97.589  5.980 1.0000000000
10427  -13.817  -94.815  2.649 1.0000000000
11599  -5.354  -92.501  -3.712 1.0000000000
13996  -11.080  -93.939  4.611 1.0000000000
13997  -11.362  -92.753  3.416 1.0000000000
13998  -11.839  -93.271  3.171 1.0000000000
13999  -12.042  -93.564  -0.854 1.0000000000
14000  -11.522  -92.875  -0.485 1.0000000000
14001  -10.442  -93.352  -2.049 1.0000000000
14002  -8.680  -93.243  -2.843 1.0000000000
14003  -9.174  -94.171  -3.406 1.0000000000
17514  -10.173  -90.832  1.085 1.0000000000
17515  -10.192  -89.977  1.931 1.0000000000
17516  -9.031  -90.132  0.478 1.0000000000
21480  -8.707  -94.268  7.234 1.0000000000
21481  -7.384  -94.864  7.281 1.0000000000
21482  -6.609  -97.589  5.484 1.0000000000
21483  -7.779  -96.832  5.587 1.0000000000
21484  -8.295  -97.634  5.378 1.0000000000
21485  -10.126  -97.156  5.572 1.0000000000
21486  -8.973  -98.184  5.711 1.0000000000
23374  -12.206  -94.914  4.349 1.0000000000
23375  -12.421  -93.812  2.958 1.0000000000
23376  -13.093  -94.383  2.796 1.0000000000
23377  -13.248  -94.077  0.792 1.0000000000
23378  -12.556  -94.307  -1.141 1.0000000000
25485  -8.006  -91.390  -1.532 1.0000000000
25486  -7.765  -90.472  -0.707 1.0000000000
25487  -6.360  -90.912  -1.784 1.0000000000
27864  -6.181  -95.338  6.980 1.0000000000
27866  -5.148  -97.014  5.824 1.0000000000
27867  -5.417  -98.211  5.547 1.0000000000
29578  -10.765  -92.607  5.804 1.0000000000
29579  -11.241  -91.311  4.770 1.0000000000
29580  -11.128  -92.147  3.940 1.0000000000
29581  -11.041  -91.683  2.125 1.0000000000
29582  -10.472  -91.497  0.514 1.0000000000
29583  -12.040  -92.846  1.359 1.0000000000
29584  -10.983  -92.161  0.001 1.0000000000
29585  -9.462  -91.711  -0.872 1.0000000000
29586  -8.277  -92.269  -2.209 1.0000000000
29587  -7.021  -92.916  -3.385 1.0000000000
34281  -11.119  -90.065  3.675 1.0000000000
39091  -9.891  -93.520  6.727 1.0000000000
39092  -9.864  -94.332  5.873 1.0000000000
39093  -10.183  -94.942  5.390 1.0000000000
39094  -7.528  -95.899  6.204 1.0000000000
39095  -8.963  -95.940  5.669 1.0000000000
39096  -10.647  -95.486  5.241 1.0000000000
39097  -11.311  -96.031  5.215 1.0000000000
39098  -12.116  -96.509  5.422 1.0000000000
39178  -9.875  -98.725  6.341 1.0000000000
40560  -11.384  -95.273  -2.766 1.0000000000
40563  -9.645  -95.285  -3.847 1.0000000000
42319  -4.717  -92.767  -4.178 1.0000000000
44716  -11.340  -94.168  4.502 1.0000000000
44717  -11.514  -93.603  3.939 1.0000000000
44718  -11.787  -93.825  3.835 1.0000000000
44719  -11.501  -93.847  -1.736 1.0000000000
44720  -11.282  -93.428  -1.527 1.0000000000
44721  -10.674  -93.781  -2.292 1.0000000000
44722  -9.807  -93.737  -2.780 1.0000000000
44723  -10.060  -94.197  -2.974 1.0000000000
48234  -9.672  -90.875  0.379 1.0000000000
48235  -9.612  -90.485  0.765 1.0000000000
48236  -9.056  -90.576  0.089 1.0000000000
52200  -7.502  -94.292  7.918 1.0000000000
52201  -6.857  -94.536  7.807 1.0000000000
52202  -6.847  -98.019  5.439 1.0000000000
52203  -7.437  -97.663  5.428 1.0000000000
52204  -7.714  -98.042  5.453 1.0000000000
52205  -8.626  -97.950  5.522 1.0000000000
52206  -8.040  -98.385  5.611 1.0000000000
54316  -12.575  -95.189  4.343 1.0000000000
54317  -12.727  -94.636  3.646 1.0000000000
54318  -13.115  -94.877  3.628 1.0000000000
54320  -13.671  -94.406  1.729 1.0000000000
54322  -12.980  -94.134  -0.195 1.0000000000
54323  -13.264  -94.443  -0.310 1.0000000000
57834  -7.388  -91.655  -2.102 1.0000000000
57835  -7.192  -91.181  -1.673 1.0000000000
57836  -6.566  -91.447  -2.247 1.0000000000
61803  -4.480  -96.506  6.140 1.0000000000
61804  -4.561  -97.219  5.901 1.0000000000
61805  -5.229  -97.650  5.628 1.0000000000
61806  -4.680  -97.903  5.756 1.0000000000
65026  -10.694  -93.040  5.369 1.0000000000
65027  -10.969  -92.420  4.863 1.0000000000
65028  -10.951  -92.786  4.477 1.0000000000
65029  -11.530  -92.460  2.582 1.0000000000
65030  -11.310  -92.190  2.767 1.0000000000
65031  -11.252  -91.958  1.884 1.0000000000
65032  -10.838  -91.522  1.283 1.0000000000
65033  -11.052  -91.828  1.045 1.0000000000
65034  -12.645  -93.588  2.027 1.0000000000
65035  -12.365  -93.285  2.165 1.0000000000
65036  -12.316  -93.174  1.229 1.0000000000
65037  -10.718  -92.695  -1.065 1.0000000000
65038  -11.209  -92.516  -0.263 1.0000000000
65039  -10.441  -92.305  -0.766 1.0000000000
65040  -10.202  -91.922  -0.455 1.0000000000
65041  -9.641  -92.123  -1.172 1.0000000000
65042  -8.906  -91.980  -1.588 1.0000000000
65043  -9.058  -92.424  -1.896 1.0000000000
65044  -8.072  -93.596  -3.424 1.0000000000
65045  -7.813  -93.102  -3.129 1.0000000000
65046  -7.207  -93.423  -3.684 1.0000000000
75579  -11.143  -91.114  3.791 1.0000000000
75580  -11.254  -90.670  4.229 1.0000000000
75581  -10.984  -90.527  3.246 1.0000000000
75583  -10.327  -89.487  2.314 1.0000000000
75587  -7.068  -90.118  -0.823 1.0000000000
87480  -10.016  -93.007  7.296 1.0000000000
87482  -8.637  -94.750  6.654 1.0000000000
87483  -9.264  -94.386  6.518 1.0000000000
87484  -9.299  -94.766  6.136 1.0000000000
87485  -9.964  -94.637  5.601 1.0000000000
87486  -9.413  -95.125  5.831 1.0000000000
87487  -6.242  -95.951  6.434 1.0000000000
87488  -6.808  -95.721  6.556 1.0000000000
87489  -6.900  -96.234  6.105 1.0000000000
87490  -8.591  -96.747  5.483 1.0000000000
87491  -8.347  -96.393  5.638 1.0000000000
87492  -9.186  -96.257  5.509 1.0000000000
87493  -9.816  -95.773  5.463 1.0000000000
87494  -10.065  -96.011  5.413 1.0000000000
87495  -10.939  -95.766  5.217 1.0000000000
87496  -10.379  -96.323  5.415 1.0000000000
87497  -10.565  -97.389  5.753 1.0000000000
87498  -11.151  -96.830  5.627 1.0000000000
87499  -11.581  -97.032  5.804 1.0000000000
87698  -8.896  -99.011  6.129 1.0000000000
91163  -9.813  -95.859  -3.985 1.0000000000
92494  -13.357  -95.634  4.349 1.0000000000
92495  -13.492  -95.083  3.590 1.0000000000
94605  -6.029  -92.235  -3.211 1.0000000000
94606  -5.869  -91.727  -2.744 1.0000000000
98920  -10.854  -93.675  4.751 1.0000000000
98921  -11.070  -93.073  4.211 1.0000000000
98922  -11.268  -93.355  4.054 1.0000000000
98923  -11.580  -93.047  3.304 1.0000000000
98924  -11.763  -92.741  2.458 1.0000000000
98925  -12.393  -93.481  0.080 1.0000000000
98926  -12.122  -93.156  0.269 1.0000000000
98927  -11.798  -93.226  -0.672 1.0000000000
98928  -11.014  -93.066  -1.303 1.0000000000
98929  -10.163  -92.958  -1.797 1.0000000000
98930  -9.264  -92.883  -2.232 1.0000000000
98931  -9.611  -93.283  -2.453 1.0000000000
98932  -8.950  -93.693  -3.122 1.0000000000
98933  -8.326  -94.104  -3.722 1.0000000000
105252  -10.599  -90.869  1.903 1.0000000000
105253  -10.609  -90.452  2.297 1.0000000000
105254  -10.126  -90.439  1.490 1.0000000000
105255  -9.634  -90.030  1.180 1.0000000000
105256  -9.079  -89.628  0.858 1.0000000000
112394  -8.042  -94.573  7.288 1.0000000000
112395  -8.041  -95.079  6.727 1.0000000000
112396  -6.447  -97.059  5.710 1.0000000000
112397  -7.034  -96.741  5.778 1.0000000000
112398  -7.207  -97.231  5.542 1.0000000000
112399  -8.020  -97.260  5.426 1.0000000000
112400  -8.871  -97.079  5.445 1.0000000000
112401  -9.765  -96.853  5.472 1.0000000000
112402  -9.183  -97.399  5.504 1.0000000000
112403  -9.555  -97.692  5.641 1.0000000000
112404  -9.974  -97.918  5.849 1.0000000000
115978  -11.896  -94.646  4.391 1.0000000000
115979  -12.079  -94.087  3.754 1.0000000000
115980  -12.360  -94.342  3.692 1.0000000000
115981  -12.723  -94.092  2.866 1.0000000000
115982  -12.955  -93.881  1.917 1.0000000000
115983  -13.477  -94.611  2.740 1.0000000000
115984  -13.306  -94.155  1.823 1.0000000000
115985  -12.888  -93.790  0.889 1.0000000000
115986  -12.664  -93.798  -0.078 1.0000000000
115987  -12.289  -93.927  -1.013 1.0000000000
115988  -11.743  -94.217  -1.866 1.0000000000
120903  -8.608  -91.154  -0.957 1.0000000000
120904  -8.476  -90.738  -0.566 1.0000000000
120905  -7.835  -90.951  -1.126 1.0000000000
120906  -7.088  -90.677  -1.247 1.0000000000
120907  -6.304  -90.358  -1.326 1.0000000000
120909  -5.612  -90.629  -1.760 1.0000000000
126456  -6.195  -94.691  7.619 1.0000000000
126457  -5.621  -94.840  7.405 1.0000000000
126458  -5.616  -95.508  6.813 1.0000000000
126459  -5.675  -96.171  6.267 1.0000000000
126462  -5.734  -96.784  5.910 1.0000000000
126463  -5.850  -97.362  5.657 1.0000000000
126464  -6.032  -97.893  5.506 1.0000000000
126465  -6.253  -98.369  5.477 1.0000000000
130752  -11.070  -91.956  5.320 1.0000000000
130753  -11.145  -91.751  4.336 1.0000000000
130754  -11.114  -91.537  3.392 1.0000000000
130755  -11.184  -92.477  3.619 1.0000000000
130756  -11.159  -91.897  3.040 1.0000000000
130757  -10.932  -91.361  2.455 1.0000000000
130758  -10.682  -91.214  1.568 1.0000000000
130759  -10.293  -91.167  0.785 1.0000000000
130760  -9.797  -91.224  0.072 1.0000000000
130761  -12.131  -93.533  3.057 1.0000000000
130762  -12.057  -92.967  2.277 1.0000000000
130763  -11.762  -92.562  1.535 1.0000000000
130764  -11.844  -92.819  0.450 1.0000000000
130765  -11.575  -92.483  0.630 1.0000000000
130766  -11.322  -92.172  0.853 1.0000000000
130767  -10.711  -91.829  0.248 1.0000000000
130768  -9.985  -91.564  -0.182 1.0000000000
130769  -9.286  -91.350  -0.616 1.0000000000
130770  -8.765  -91.562  -1.285 1.0000000000
130771  -8.146  -91.816  -1.883 1.0000000000
130772  -7.503  -92.121  -2.495 1.0000000000
130773  -8.446  -92.758  -2.531 1.0000000000
130774  -7.651  -92.584  -2.809 1.0000000000
130775  -6.862  -92.451  -3.075 1.0000000000
130776  -6.192  -92.714  -3.599 1.0000000000
130777  -5.543  -92.994  -4.114 1.0000000000
143895  -11.441  -90.855  5.206 1.0000000000
143897  -11.334  -89.608  4.077 1.0000000000
143898  -10.705  -89.967  2.711 1.0000000000
143899  -10.872  -89.473  3.104 1.0000000000
143904  -8.405  -90.294  -0.138 1.0000000000
143905  -8.406  -89.754  0.257 1.0000000000
158228  -10.373  -93.082  6.323 1.0000000000
158229  -10.321  -93.526  5.844 1.0000000000
158230  -9.325  -93.946  7.024 1.0000000000
158231  -9.840  -93.965  6.248 1.0000000000
158232  -10.359  -93.873  5.504 1.0000000000
158233  -10.478  -94.162  5.259 1.0000000000
158234  -10.684  -94.426  5.078 1.0000000000
158235  -10.936  -94.675  4.961 1.0000000000
158236  -6.789  -95.134  7.150 1.0000000000
158237  -7.448  -95.415  6.675 1.0000000000
158238  -8.116  -95.541  6.263 1.0000000000
158239  -7.625  -96.376  5.842 1.0000000000
158240  -8.217  -95.970  5.898 1.0000000000
158241  -8.809  -95.563  5.910 1.0000000000
158242  -9.588  -95.473  5.592 1.0000000000
158243  -10.410  -95.208  5.289 1.0000000000
158244  -11.182  -94.925  4.911 1.0000000000
158245  -11.430  -95.213  4.875 1.0000000000
158246  -11.797  -95.475  4.841 1.0000000000
158247  -12.186  -95.719  4.872 1.0000000000
158248  -10.743  -96.603  5.490 1.0000000000
158249  -11.697  -96.276  5.293 1.0000000000
158250  -12.583  -95.956  4.928 1.0000000000
158478  -6.540  -98.941  5.633 1.0000000000
158488  -8.451  -98.715  5.831 1.0000000000
158489  -9.417  -98.448  6.001 1.0000000000
158490  -10.431  -98.149  6.186 1.0000000000
158491  -10.348  -98.992  6.660 1.0000000000
158492  -10.894  -98.427  6.470 1.0000000000
162634  -12.837  -94.740  -1.279 1.0000000000
162635  -12.032  -94.730  -2.033 1.0000000000
162636  -11.168  -94.728  -2.642 1.0000000000
162643  -10.710  -95.839  -3.423 1.0000000000
162644  -10.507  -95.300  -3.347 1.0000000000
162645  -10.312  -94.732  -3.192 1.0000000000
162646  -9.429  -94.709  -3.662 1.0000000000
