#!ascii label  , from subject 40tvs8ref_sym_20 vox2ras=TkReg
229
1202  -50.744  -31.203  25.127 1.0000000000
1657  -45.983  -32.397  23.870 1.0000000000
2275  -46.390  -35.107  28.158 1.0000000000
3121  -53.140  -30.175  23.280 1.0000000000
3122  -50.852  -30.599  22.672 1.0000000000
5049  -45.853  -33.314  26.399 1.0000000000
5050  -44.533  -36.165  27.096 1.0000000000
6771  -53.058  -30.916  25.652 1.0000000000
6772  -50.636  -32.221  27.438 1.0000000000
7705  -48.485  -31.203  22.038 1.0000000000
7706  -46.191  -31.683  21.592 1.0000000000
9385  -48.325  -31.725  24.530 1.0000000000
9386  -48.133  -32.597  27.040 1.0000000000
9387  -48.569  -34.297  28.809 1.0000000000
10801  -51.902  -29.889  21.945 1.0000000000
10802  -50.762  -30.132  21.626 1.0000000000
12729  -44.035  -35.219  26.436 1.0000000000
15123  -51.961  -30.725  24.166 1.0000000000
15124  -53.076  -30.548  24.474 1.0000000000
15125  -51.911  -31.025  25.393 1.0000000000
15126  -51.814  -31.500  26.566 1.0000000000
15127  -50.627  -31.587  26.391 1.0000000000
16921  -47.267  -30.863  20.926 1.0000000000
16922  -46.156  -31.021  20.914 1.0000000000
20903  -47.272  -31.804  22.895 1.0000000000
20904  -48.442  -31.498  23.216 1.0000000000
20905  -47.155  -32.053  24.192 1.0000000000
20906  -46.038  -34.133  27.367 1.0000000000
20907  -47.009  -32.913  26.768 1.0000000000
20908  -47.132  -33.748  27.698 1.0000000000
20909  -48.326  -33.376  27.937 1.0000000000
20910  -47.438  -34.664  28.521 1.0000000000
24049  -54.212  -29.451  22.434 1.0000000000
24050  -53.024  -29.648  22.228 1.0000000000
24051  -51.990  -30.356  23.009 1.0000000000
24052  -50.816  -30.953  23.864 1.0000000000
27518  -44.793  -33.186  24.830 1.0000000000
27519  -45.894  -32.739  25.172 1.0000000000
27520  -44.805  -33.801  26.009 1.0000000000
27521  -45.002  -34.611  26.941 1.0000000000
27522  -45.395  -35.621  27.695 1.0000000000
31157  -54.284  -29.988  23.501 1.0000000000
31158  -54.252  -30.431  24.646 1.0000000000
33529  -49.528  -30.418  21.349 1.0000000000
33530  -48.384  -30.626  21.111 1.0000000000
33531  -47.343  -31.473  21.791 1.0000000000
33532  -46.141  -32.097  22.668 1.0000000000
33533  -45.095  -31.914  21.473 1.0000000000
33534  -45.057  -32.399  22.422 1.0000000000
33535  -44.966  -32.753  23.546 1.0000000000
38395  -49.657  -30.912  22.351 1.0000000000
38396  -49.622  -31.205  23.521 1.0000000000
38397  -49.538  -31.436  24.845 1.0000000000
38398  -47.002  -32.368  25.556 1.0000000000
38399  -48.229  -32.024  25.842 1.0000000000
38400  -49.414  -31.782  26.191 1.0000000000
38401  -49.391  -32.395  27.230 1.0000000000
38402  -49.530  -33.178  28.194 1.0000000000
41522  -50.639  -29.840  21.225 1.0000000000
45843  -51.374  -30.970  24.621 1.0000000000
45844  -51.943  -30.882  24.772 1.0000000000
45845  -51.328  -31.113  25.260 1.0000000000
45846  -51.264  -31.298  25.898 1.0000000000
45847  -50.706  -31.367  25.761 1.0000000000
47641  -46.662  -30.536  20.743 1.0000000000
47642  -46.104  -30.640  20.732 1.0000000000
51623  -46.627  -32.094  23.392 1.0000000000
51624  -47.231  -31.939  23.518 1.0000000000
51625  -46.588  -32.216  24.018 1.0000000000
51626  -46.185  -34.613  27.773 1.0000000000
51627  -46.544  -33.931  27.528 1.0000000000
51628  -46.722  -34.404  27.997 1.0000000000
51629  -47.271  -34.196  28.117 1.0000000000
51630  -46.905  -34.892  28.376 1.0000000000
55442  -52.948  -29.332  21.765 1.0000000000
55443  -51.381  -30.264  22.284 1.0000000000
55444  -51.946  -30.146  22.465 1.0000000000
55445  -51.423  -30.472  22.848 1.0000000000
55446  -51.415  -30.662  23.428 1.0000000000
55447  -50.861  -30.793  23.244 1.0000000000
61223  -44.241  -33.724  25.225 1.0000000000
61224  -44.783  -33.461  25.444 1.0000000000
61226  -44.262  -35.664  26.791 1.0000000000
61227  -44.505  -34.921  26.708 1.0000000000
61228  -44.717  -35.390  27.074 1.0000000000
61229  -45.186  -35.109  27.326 1.0000000000
61230  -44.959  -35.884  27.409 1.0000000000
68408  -53.675  -29.843  22.844 1.0000000000
68409  -54.250  -29.753  22.950 1.0000000000
68410  -53.713  -30.077  23.402 1.0000000000
68411  -53.075  -30.715  25.070 1.0000000000
68412  -53.676  -30.477  24.564 1.0000000000
68413  -53.654  -30.671  25.157 1.0000000000
68414  -54.260  -30.630  25.202 1.0000000000
68415  -53.659  -30.882  25.707 1.0000000000
68418  -51.194  -31.843  27.026 1.0000000000
73802  -48.350  -30.238  20.800 1.0000000000
73803  -46.723  -31.306  21.236 1.0000000000
73804  -47.314  -31.202  21.296 1.0000000000
73805  -46.760  -31.594  21.701 1.0000000000
73806  -46.750  -31.794  22.225 1.0000000000
73807  -46.194  -31.925  22.091 1.0000000000
73809  -45.075  -31.569  21.106 1.0000000000
73810  -44.568  -32.037  21.426 1.0000000000
73813  -44.465  -32.753  22.849 1.0000000000
73814  -45.002  -32.589  22.956 1.0000000000
73815  -44.427  -32.945  23.426 1.0000000000
85748  -49.014  -30.832  21.670 1.0000000000
85749  -49.609  -30.700  21.813 1.0000000000
85750  -49.062  -31.051  22.196 1.0000000000
85751  -48.390  -31.610  23.859 1.0000000000
85752  -49.033  -31.351  23.338 1.0000000000
85753  -48.978  -31.461  24.001 1.0000000000
85754  -49.590  -31.319  24.172 1.0000000000
85755  -48.929  -31.578  24.701 1.0000000000
85756  -45.870  -32.990  25.806 1.0000000000
85757  -46.446  -32.547  25.390 1.0000000000
85758  -46.419  -32.785  26.016 1.0000000000
85759  -47.568  -32.767  26.910 1.0000000000
85760  -47.587  -32.434  26.330 1.0000000000
85761  -48.145  -32.262  26.461 1.0000000000
85762  -48.802  -31.894  26.025 1.0000000000
85763  -48.750  -32.150  26.599 1.0000000000
85764  -49.372  -32.067  26.737 1.0000000000
85765  -48.742  -32.469  27.108 1.0000000000
85766  -48.435  -33.841  28.382 1.0000000000
85767  -48.925  -33.249  28.053 1.0000000000
85768  -49.017  -33.732  28.554 1.0000000000
85770  -49.126  -34.145  28.976 1.0000000000
93169  -52.367  -29.452  21.668 1.0000000000
93170  -51.834  -29.583  21.474 1.0000000000
93171  -51.341  -30.003  21.764 1.0000000000
93172  -50.799  -30.379  22.121 1.0000000000
96640  -43.592  -35.511  26.138 1.0000000000
100949  -52.556  -30.453  23.749 1.0000000000
100950  -53.144  -30.368  23.880 1.0000000000
100951  -52.518  -30.634  24.339 1.0000000000
100952  -52.515  -30.797  24.915 1.0000000000
100953  -52.492  -30.964  25.500 1.0000000000
100954  -52.434  -31.175  26.090 1.0000000000
100955  -51.837  -31.239  26.001 1.0000000000
100956  -51.205  -31.553  26.493 1.0000000000
100957  -50.606  -31.884  26.920 1.0000000000
104185  -47.778  -30.366  20.721 1.0000000000
104187  -46.717  -30.969  20.881 1.0000000000
104188  -46.173  -31.376  21.199 1.0000000000
111353  -47.889  -31.505  22.451 1.0000000000
111354  -48.487  -31.368  22.628 1.0000000000
111355  -47.873  -31.653  23.037 1.0000000000
111356  -47.805  -31.785  23.681 1.0000000000
111357  -47.745  -31.874  24.368 1.0000000000
111358  -45.927  -33.672  26.920 1.0000000000
111359  -46.436  -33.101  26.562 1.0000000000
111360  -46.464  -33.492  27.053 1.0000000000
111361  -47.033  -33.333  27.264 1.0000000000
111362  -47.612  -33.149  27.409 1.0000000000
111363  -48.228  -32.949  27.495 1.0000000000
111364  -47.728  -33.537  27.819 1.0000000000
111365  -47.839  -34.010  28.256 1.0000000000
111366  -48.000  -34.467  28.665 1.0000000000
117553  -54.715  -29.048  22.018 1.0000000000
117554  -54.108  -29.131  21.953 1.0000000000
117555  -53.611  -29.543  22.331 1.0000000000
117556  -53.092  -29.933  22.733 1.0000000000
117557  -52.452  -29.780  22.122 1.0000000000
117558  -52.525  -30.063  22.613 1.0000000000
117559  -52.588  -30.261  23.142 1.0000000000
117560  -52.001  -30.547  23.582 1.0000000000
117561  -51.397  -30.827  24.017 1.0000000000
117562  -50.781  -31.076  24.515 1.0000000000
125648  -45.375  -32.749  24.352 1.0000000000
125649  -45.932  -32.549  24.524 1.0000000000
125650  -45.336  -32.944  25.014 1.0000000000
125651  -45.328  -33.210  25.630 1.0000000000
125652  -45.325  -33.552  26.193 1.0000000000
125653  -44.352  -34.481  26.295 1.0000000000
125654  -44.865  -34.195  26.503 1.0000000000
125655  -45.397  -33.922  26.707 1.0000000000
125656  -45.525  -34.357  27.162 1.0000000000
125657  -45.687  -34.846  27.565 1.0000000000
125658  -45.870  -35.351  27.929 1.0000000000
135035  -54.788  -29.359  22.532 1.0000000000
135038  -53.704  -30.283  23.978 1.0000000000
135039  -54.310  -30.214  24.042 1.0000000000
135047  -52.429  -31.451  26.645 1.0000000000
141722  -49.480  -30.016  21.012 1.0000000000
141723  -48.965  -30.522  21.231 1.0000000000
141724  -48.460  -30.967  21.534 1.0000000000
141725  -47.835  -30.765  20.957 1.0000000000
141726  -47.892  -31.095  21.404 1.0000000000
141727  -47.904  -31.328  21.912 1.0000000000
141728  -47.322  -31.652  22.331 1.0000000000
141729  -46.700  -31.952  22.791 1.0000000000
141730  -46.053  -32.260  23.253 1.0000000000
141732  -45.628  -31.465  21.150 1.0000000000
141733  -45.644  -31.805  21.518 1.0000000000
141734  -44.540  -32.338  21.837 1.0000000000
141735  -45.091  -32.184  21.924 1.0000000000
141736  -45.641  -32.055  21.996 1.0000000000
141737  -45.597  -32.248  22.531 1.0000000000
141738  -45.539  -32.416  23.100 1.0000000000
141739  -45.458  -32.580  23.715 1.0000000000
141740  -44.865  -32.953  24.194 1.0000000000
156145  -50.126  -30.268  21.504 1.0000000000
156146  -50.207  -30.547  21.967 1.0000000000
156147  -50.254  -30.768  22.504 1.0000000000
156148  -49.065  -31.214  22.763 1.0000000000
156149  -49.648  -31.074  22.917 1.0000000000
156150  -50.237  -30.935  23.091 1.0000000000
156151  -50.231  -31.073  23.685 1.0000000000
156152  -50.184  -31.186  24.330 1.0000000000
156153  -50.141  -31.315  24.994 1.0000000000
156154  -46.497  -32.343  24.691 1.0000000000
156155  -47.066  -32.187  24.880 1.0000000000
156156  -47.625  -32.023  25.051 1.0000000000
156157  -47.002  -32.591  26.181 1.0000000000
156158  -47.614  -32.190  25.702 1.0000000000
156159  -48.246  -31.863  25.189 1.0000000000
156160  -48.866  -31.712  25.386 1.0000000000
156161  -49.474  -31.584  25.530 1.0000000000
156162  -50.088  -31.482  25.664 1.0000000000
156163  -50.033  -31.699  26.294 1.0000000000
156164  -49.997  -31.978  26.848 1.0000000000
156165  -50.008  -32.310  27.333 1.0000000000
156166  -48.832  -32.813  27.574 1.0000000000
156167  -49.450  -32.761  27.716 1.0000000000
156168  -50.072  -32.661  27.838 1.0000000000
156178  -45.232  -36.399  27.710 1.0000000000
156191  -47.628  -35.138  28.903 1.0000000000
