#!ascii label  , from subject 40tvs8ref_sym_20 vox2ras=TkReg
680
80  -37.788  0.611  -4.871 1.0000000000
201  -36.727  4.250  -10.606 1.0000000000
960  -37.369  -6.619  -7.566 1.0000000000
961  -39.837  -9.787  -13.991 1.0000000000
962  -37.949  -4.330  -10.524 1.0000000000
963  -35.179  4.203  -13.709 1.0000000000
964  -37.906  0.183  -16.457 1.0000000000
1513  -37.439  2.927  -7.556 1.0000000000
1973  -38.474  -2.143  -13.332 1.0000000000
2880  -37.327  -3.236  -6.048 1.0000000000
2881  -37.607  -5.445  -9.060 1.0000000000
2882  -37.471  -2.138  -7.413 1.0000000000
4328  -37.122  3.759  -9.034 1.0000000000
4329  -37.761  0.010  -10.285 1.0000000000
4330  -37.696  0.891  -11.629 1.0000000000
4332  -39.127  -1.896  -18.249 1.0000000000
6336  -37.618  -9.619  -9.156 1.0000000000
6337  -39.284  -11.123  -12.355 1.0000000000
6338  -38.004  -8.520  -10.752 1.0000000000
6339  -38.450  -7.347  -12.378 1.0000000000
6340  -38.804  -6.251  -13.958 1.0000000000
6341  -36.118  4.426  -12.087 1.0000000000
6342  -37.383  1.566  -13.242 1.0000000000
6343  -36.576  2.110  -14.936 1.0000000000
6344  -36.723  0.774  -18.065 1.0000000000
7368  -37.731  4.933  -4.442 1.0000000000
7369  -37.659  1.887  -6.197 1.0000000000
7370  -37.426  6.136  -5.690 1.0000000000
7371  -36.936  7.031  -7.139 1.0000000000
7372  -36.459  7.636  -8.575 1.0000000000
7374  -35.579  11.192  -8.535 1.0000000000
7375  -35.722  7.764  -10.060 1.0000000000
7376  -34.800  7.410  -11.615 1.0000000000
8507  -37.656  -0.973  -8.818 1.0000000000
8508  -38.298  -3.307  -11.923 1.0000000000
8509  -39.092  -5.003  -15.499 1.0000000000
8510  -38.440  -1.006  -14.818 1.0000000000
8511  -39.241  -3.473  -16.824 1.0000000000
9329  -37.418  -7.008  -5.871 1.0000000000
9330  -37.441  -3.533  -4.422 1.0000000000
9331  -38.090  0.387  -3.344 1.0000000000
9340  -37.447  4.679  -3.032 1.0000000000
10560  -37.449  -1.432  -5.426 1.0000000000
10561  -37.387  -2.655  -6.722 1.0000000000
10562  -37.495  -0.822  -5.977 1.0000000000
12008  -36.942  3.976  -9.846 1.0000000000
12009  -37.390  2.191  -10.329 1.0000000000
12010  -37.255  2.495  -11.083 1.0000000000
14400  -37.430  -8.172  -8.298 1.0000000000
14401  -37.814  -9.092  -10.000 1.0000000000
14402  -37.582  -7.577  -9.066 1.0000000000
14403  -37.790  -4.874  -9.895 1.0000000000
14404  -37.925  -6.416  -10.698 1.0000000000
14405  -38.115  -5.911  -11.501 1.0000000000
14406  -38.638  -6.827  -13.188 1.0000000000
14407  -38.290  -5.354  -12.174 1.0000000000
14408  -35.671  4.365  -12.908 1.0000000000
14409  -36.403  3.098  -13.415 1.0000000000
14410  -35.882  3.068  -14.270 1.0000000000
16200  -37.194  6.940  -4.312 1.0000000000
16201  -37.592  5.582  -5.090 1.0000000000
16202  -37.132  7.616  -4.977 1.0000000000
16204  -36.945  8.672  -6.424 1.0000000000
16205  -36.746  9.007  -7.200 1.0000000000
16206  -36.665  7.384  -7.822 1.0000000000
16207  -36.518  9.306  -7.900 1.0000000000
16214  -35.648  9.559  -9.288 1.0000000000
16215  -35.178  9.536  -9.994 1.0000000000
16216  -35.277  7.613  -10.811 1.0000000000
16217  -34.630  9.298  -10.697 1.0000000000
18728  -39.570  -10.478  -13.163 1.0000000000
18743  -37.577  2.431  -6.888 1.0000000000
18744  -37.505  0.269  -7.433 1.0000000000
18745  -37.473  0.844  -8.072 1.0000000000
18746  -38.097  -1.153  -11.669 1.0000000000
18747  -38.040  -1.669  -11.043 1.0000000000
18748  -38.401  -2.757  -12.617 1.0000000000
18749  -38.630  -4.243  -13.659 1.0000000000
18750  -38.721  -3.621  -14.363 1.0000000000
18751  -37.645  0.729  -14.843 1.0000000000
18752  -37.913  0.255  -14.010 1.0000000000
18753  -38.281  -0.410  -15.602 1.0000000000
18754  -39.822  -2.793  -19.369 1.0000000000
18755  -39.228  -2.667  -17.520 1.0000000000
18756  -39.954  -3.700  -18.708 1.0000000000
18757  -39.918  -4.543  -18.012 1.0000000000
20765  -37.645  -1.623  -3.809 1.0000000000
20790  -36.782  6.759  -2.853 1.0000000000
23616  -37.362  -4.973  -6.807 1.0000000000
23617  -37.463  -6.033  -8.306 1.0000000000
23618  -37.410  -4.344  -7.516 1.0000000000
23619  -37.553  -3.808  -8.276 1.0000000000
23620  -37.666  -3.325  -9.023 1.0000000000
23621  -34.642  3.814  -14.535 1.0000000000
23622  -35.316  2.798  -15.120 1.0000000000
26213  -40.105  -9.112  -14.858 1.0000000000
26222  -37.229  3.425  -8.220 1.0000000000
26223  -37.510  1.396  -8.886 1.0000000000
26224  -37.477  1.782  -9.615 1.0000000000
26225  -37.762  0.479  -10.935 1.0000000000
26226  -38.132  -0.665  -12.437 1.0000000000
26227  -38.152  -0.191  -18.066 1.0000000000
26228  -38.579  -0.855  -17.312 1.0000000000
26229  -38.825  -1.100  -18.940 1.0000000000
30146  -38.286  -10.449  -10.832 1.0000000000
30147  -38.528  -9.872  -11.610 1.0000000000
30148  -38.767  -9.262  -12.365 1.0000000000
30149  -37.727  -7.012  -9.829 1.0000000000
30150  -38.235  -7.929  -11.515 1.0000000000
30151  -39.045  -8.701  -13.232 1.0000000000
30152  -39.218  -8.076  -14.036 1.0000000000
30153  -39.430  -7.507  -14.917 1.0000000000
30154  -39.610  -6.843  -15.718 1.0000000000
30155  -36.447  4.358  -11.328 1.0000000000
30156  -37.065  2.708  -11.860 1.0000000000
30157  -36.775  2.943  -12.605 1.0000000000
30158  -37.034  1.866  -14.112 1.0000000000
30159  -37.232  1.154  -15.686 1.0000000000
30160  -35.961  2.004  -15.805 1.0000000000
30161  -36.663  1.308  -16.592 1.0000000000
30162  -37.429  0.646  -17.297 1.0000000000
30163  -37.502  0.264  -18.805 1.0000000000
32616  -38.012  2.724  -4.630 1.0000000000
32617  -37.757  1.289  -5.499 1.0000000000
32618  -37.892  3.405  -5.318 1.0000000000
32619  -37.751  3.964  -5.973 1.0000000000
32620  -37.582  4.507  -6.607 1.0000000000
32621  -37.048  8.233  -5.671 1.0000000000
32622  -37.193  6.637  -6.378 1.0000000000
32623  -37.202  5.021  -7.206 1.0000000000
32624  -36.973  5.362  -7.930 1.0000000000
32625  -36.708  5.632  -8.722 1.0000000000
32626  -36.506  5.924  -9.447 1.0000000000
32632  -36.192  11.144  -7.923 1.0000000000
32633  -36.230  9.421  -8.603 1.0000000000
32634  -36.142  7.742  -9.322 1.0000000000
32635  -36.177  5.975  -10.228 1.0000000000
32636  -35.809  5.952  -10.951 1.0000000000
32637  -35.470  5.835  -11.820 1.0000000000
32638  -34.975  5.645  -12.590 1.0000000000
32639  -34.122  9.055  -11.417 1.0000000000
32640  -34.316  7.136  -12.339 1.0000000000
32641  -34.514  5.376  -13.330 1.0000000000
35789  -37.515  -0.243  -6.687 1.0000000000
35790  -37.584  -1.545  -8.120 1.0000000000
35791  -37.833  -2.773  -9.661 1.0000000000
35792  -37.704  -0.464  -9.536 1.0000000000
35793  -37.971  -2.299  -10.388 1.0000000000
35794  -38.139  -3.854  -11.237 1.0000000000
35795  -38.477  -4.809  -12.901 1.0000000000
35796  -38.930  -5.605  -14.673 1.0000000000
35797  -39.747  -6.117  -16.513 1.0000000000
35798  -37.596  1.192  -12.465 1.0000000000
35799  -38.074  -0.213  -13.199 1.0000000000
35800  -38.512  -1.551  -14.066 1.0000000000
35801  -38.793  -1.554  -16.496 1.0000000000
35802  -38.831  -2.229  -15.717 1.0000000000
35803  -38.801  -2.977  -15.048 1.0000000000
35804  -39.193  -4.254  -16.183 1.0000000000
35805  -39.845  -5.369  -17.292 1.0000000000
38226  -37.331  -8.383  -7.444 1.0000000000
38227  -37.349  -6.834  -6.666 1.0000000000
38229  -37.439  -5.317  -5.099 1.0000000000
38230  -37.384  -5.091  -5.926 1.0000000000
38231  -37.344  -3.376  -5.204 1.0000000000
38232  -37.460  -1.467  -4.561 1.0000000000
38233  -37.928  0.509  -4.156 1.0000000000
38259  -38.086  2.550  -3.160 1.0000000000
38260  -38.031  2.741  -3.890 1.0000000000
38261  -37.656  4.818  -3.755 1.0000000000
38262  -37.002  6.813  -3.614 1.0000000000
41280  -37.614  -0.411  -5.096 1.0000000000
41281  -37.472  -1.149  -5.717 1.0000000000
41282  -37.601  -0.089  -5.346 1.0000000000
42728  -36.835  4.096  -10.224 1.0000000000
42729  -37.082  3.215  -10.459 1.0000000000
42730  -36.995  3.315  -10.831 1.0000000000
45120  -37.408  -7.428  -7.935 1.0000000000
45121  -37.528  -7.890  -8.699 1.0000000000
45122  -37.439  -7.090  -8.264 1.0000000000
45123  -37.870  -4.611  -10.226 1.0000000000
45124  -37.941  -5.392  -10.682 1.0000000000
45125  -38.030  -5.070  -10.987 1.0000000000
45126  -38.214  -5.603  -11.822 1.0000000000
45127  -38.098  -4.823  -11.302 1.0000000000
45128  -35.436  4.281  -13.345 1.0000000000
45129  -35.800  3.690  -13.570 1.0000000000
45130  -35.545  3.596  -14.005 1.0000000000
46920  -36.902  8.006  -4.277 1.0000000000
46921  -37.165  7.253  -4.653 1.0000000000
46925  -36.712  9.972  -7.204 1.0000000000
46926  -36.630  9.163  -7.533 1.0000000000
46936  -34.913  9.382  -10.354 1.0000000000
46937  -34.514  10.163  -10.277 1.0000000000
49448  -39.688  -10.116  -13.542 1.0000000000
49463  -37.507  2.694  -7.209 1.0000000000
49464  -37.492  1.628  -7.442 1.0000000000
49465  -37.430  1.857  -7.795 1.0000000000
49466  -38.290  -1.673  -12.467 1.0000000000
49467  -38.259  -1.988  -12.129 1.0000000000
49468  -38.452  -2.441  -12.933 1.0000000000
49469  -38.563  -3.191  -13.442 1.0000000000
49470  -38.602  -2.886  -13.813 1.0000000000
49471  -37.776  0.424  -15.658 1.0000000000
49472  -37.976  0.165  -15.220 1.0000000000
49473  -38.117  -0.088  -16.033 1.0000000000
49475  -39.896  -3.231  -19.013 1.0000000000
49476  -40.342  -3.629  -19.572 1.0000000000
54720  -37.339  -4.118  -6.434 1.0000000000
54721  -37.381  -4.686  -7.170 1.0000000000
54722  -37.351  -3.812  -6.772 1.0000000000
54723  -37.418  -2.358  -7.042 1.0000000000
54724  -37.453  -3.246  -7.457 1.0000000000
54725  -37.480  -2.977  -7.796 1.0000000000
54726  -37.590  -3.552  -8.657 1.0000000000
54727  -37.556  -2.743  -8.217 1.0000000000
59063  -37.176  3.605  -8.647 1.0000000000
59064  -37.342  2.562  -8.916 1.0000000000
59065  -37.294  2.753  -9.309 1.0000000000
59066  -37.550  1.488  -10.973 1.0000000000
59067  -37.595  1.323  -10.615 1.0000000000
59068  -37.747  0.699  -11.289 1.0000000000
59069  -37.941  -0.108  -11.662 1.0000000000
59070  -37.916  0.125  -12.012 1.0000000000
59071  -38.242  -0.347  -18.821 1.0000000000
59072  -38.495  -0.653  -18.477 1.0000000000
59073  -38.593  -0.754  -19.219 1.0000000000
66242  -37.888  -10.045  -10.000 1.0000000000
66243  -37.922  -8.787  -10.363 1.0000000000
66244  -38.139  -9.505  -10.839 1.0000000000
66245  -38.233  -9.216  -11.181 1.0000000000
66246  -38.643  -9.566  -11.981 1.0000000000
66247  -38.349  -8.922  -11.570 1.0000000000
66248  -37.536  -5.717  -8.655 1.0000000000
66249  -37.563  -6.546  -9.071 1.0000000000
66250  -37.660  -6.244  -9.435 1.0000000000
66251  -38.158  -6.874  -11.513 1.0000000000
66252  -38.058  -7.205  -11.095 1.0000000000
66253  -38.337  -7.628  -11.955 1.0000000000
66254  -38.608  -8.376  -12.396 1.0000000000
66255  -38.710  -8.060  -12.815 1.0000000000
66256  -39.143  -8.414  -13.651 1.0000000000
66257  -38.807  -7.815  -13.258 1.0000000000
66258  -38.723  -6.568  -13.583 1.0000000000
66259  -38.992  -7.228  -14.051 1.0000000000
66260  -39.087  -6.917  -14.467 1.0000000000
66261  -39.534  -7.168  -15.351 1.0000000000
66262  -39.158  -6.590  -14.829 1.0000000000
66263  -36.287  4.415  -11.697 1.0000000000
66264  -36.597  3.623  -11.920 1.0000000000
66265  -36.441  3.700  -12.315 1.0000000000
66266  -36.506  2.589  -14.145 1.0000000000
66267  -36.724  2.512  -13.699 1.0000000000
66268  -36.822  2.018  -14.512 1.0000000000
66269  -37.137  1.472  -14.915 1.0000000000
66270  -36.903  1.618  -15.342 1.0000000000
66272  -35.645  2.349  -15.448 1.0000000000
66275  -36.328  1.316  -16.971 1.0000000000
66276  -36.704  1.021  -17.353 1.0000000000
66277  -37.039  0.964  -16.930 1.0000000000
66278  -37.090  0.752  -17.724 1.0000000000
66279  -37.478  0.450  -18.096 1.0000000000
66280  -37.109  0.542  -18.426 1.0000000000
71640  -37.965  3.871  -4.544 1.0000000000
71641  -37.950  3.100  -4.971 1.0000000000
71642  -37.868  4.196  -4.875 1.0000000000
71643  -37.523  5.842  -5.401 1.0000000000
71644  -37.711  4.765  -5.533 1.0000000000
71645  -37.626  5.021  -5.819 1.0000000000
71646  -37.687  4.221  -6.295 1.0000000000
71647  -37.541  5.312  -6.137 1.0000000000
71650  -36.923  9.222  -5.709 1.0000000000
71651  -36.934  7.852  -6.779 1.0000000000
71652  -37.068  7.663  -6.401 1.0000000000
71653  -37.062  6.848  -6.768 1.0000000000
71654  -37.206  5.819  -6.791 1.0000000000
71655  -37.067  6.037  -7.148 1.0000000000
71656  -37.081  5.239  -7.551 1.0000000000
71657  -36.980  6.171  -7.519 1.0000000000
71658  -36.556  7.508  -8.199 1.0000000000
71659  -36.663  6.523  -8.235 1.0000000000
71660  -36.563  6.649  -8.611 1.0000000000
71661  -36.611  5.773  -9.084 1.0000000000
71662  -36.463  6.800  -8.965 1.0000000000
71674  -35.140  11.931  -8.459 1.0000000000
71676  -35.490  11.940  -8.166 1.0000000000
71678  -35.856  11.174  -8.204 1.0000000000
71679  -36.221  10.310  -8.279 1.0000000000
71680  -35.941  10.401  -8.578 1.0000000000
71681  -35.712  8.674  -9.684 1.0000000000
71682  -35.909  8.657  -9.293 1.0000000000
71683  -35.950  7.795  -9.679 1.0000000000
71684  -36.149  6.856  -9.738 1.0000000000
71685  -35.945  6.867  -10.112 1.0000000000
71686  -36.009  5.995  -10.594 1.0000000000
71687  -35.741  6.841  -10.474 1.0000000000
71688  -35.059  7.556  -11.221 1.0000000000
71689  -35.353  6.712  -11.280 1.0000000000
71690  -35.132  6.633  -11.703 1.0000000000
71691  -35.217  5.773  -12.213 1.0000000000
71692  -34.876  6.494  -12.101 1.0000000000
71694  -33.980  9.980  -11.000 1.0000000000
71695  -33.723  9.841  -11.316 1.0000000000
71698  -34.095  6.900  -12.683 1.0000000000
71699  -34.412  6.218  -12.827 1.0000000000
71701  -34.271  5.168  -13.694 1.0000000000
79223  -39.159  -11.417  -11.999 1.0000000000
79225  -39.753  -11.643  -12.702 1.0000000000
79268  -37.684  1.583  -5.851 1.0000000000
79269  -37.588  0.490  -6.039 1.0000000000
79270  -37.576  0.778  -6.398 1.0000000000
79271  -37.564  -0.350  -8.097 1.0000000000
79272  -37.566  -0.629  -7.769 1.0000000000
79273  -37.637  -1.250  -8.484 1.0000000000
79274  -37.685  -2.157  -8.890 1.0000000000
79275  -37.755  -1.868  -9.232 1.0000000000
79276  -37.616  0.668  -9.599 1.0000000000
79277  -37.595  0.458  -9.175 1.0000000000
79278  -37.730  -0.172  -9.908 1.0000000000
79279  -38.186  -2.503  -11.478 1.0000000000
79280  -38.019  -1.988  -10.723 1.0000000000
79281  -38.141  -2.837  -11.144 1.0000000000
79282  -38.071  -3.090  -10.800 1.0000000000
79283  -38.218  -3.558  -11.553 1.0000000000
79284  -38.295  -4.331  -12.021 1.0000000000
79285  -38.370  -4.030  -12.366 1.0000000000
79286  -38.839  -4.660  -14.573 1.0000000000
79287  -38.752  -4.940  -14.165 1.0000000000
79288  -39.042  -5.304  -15.121 1.0000000000
79289  -39.319  -5.910  -15.622 1.0000000000
79290  -39.397  -5.593  -16.057 1.0000000000
79291  -37.233  2.086  -12.527 1.0000000000
79292  -37.355  1.931  -12.125 1.0000000000
79293  -37.506  1.374  -12.851 1.0000000000
79294  -38.184  -0.370  -14.392 1.0000000000
79295  -37.992  0.005  -13.585 1.0000000000
79296  -38.258  -0.634  -13.984 1.0000000000
79297  -38.303  -0.884  -13.597 1.0000000000
79298  -38.494  -1.285  -14.419 1.0000000000
79299  -38.860  -1.390  -17.796 1.0000000000
79300  -38.707  -1.224  -16.921 1.0000000000
79301  -38.938  -1.766  -17.371 1.0000000000
79302  -39.238  -3.073  -17.177 1.0000000000
79303  -38.997  -2.493  -16.622 1.0000000000
79304  -39.021  -2.847  -16.269 1.0000000000
79305  -38.833  -2.581  -15.377 1.0000000000
79306  -38.986  -3.243  -15.899 1.0000000000
79307  -38.968  -3.640  -15.611 1.0000000000
79308  -39.212  -3.881  -16.514 1.0000000000
79310  -39.886  -4.968  -17.650 1.0000000000
79312  -40.312  -5.793  -17.817 1.0000000000
85322  -37.377  -7.803  -6.230 1.0000000000
85323  -37.322  -8.499  -7.053 1.0000000000
85324  -37.350  -7.717  -6.663 1.0000000000
85325  -37.325  -7.616  -7.041 1.0000000000
85326  -37.382  -6.935  -6.281 1.0000000000
85330  -37.471  -3.602  -4.024 1.0000000000
85332  -37.427  -4.413  -4.736 1.0000000000
85333  -37.413  -5.200  -5.519 1.0000000000
85334  -37.406  -4.308  -5.138 1.0000000000
85335  -37.365  -4.236  -5.549 1.0000000000
85336  -37.391  -3.441  -4.795 1.0000000000
85337  -37.861  -0.615  -3.514 1.0000000000
85338  -37.555  -1.539  -4.183 1.0000000000
85339  -37.768  -0.526  -3.908 1.0000000000
85340  -37.685  -0.467  -4.296 1.0000000000
85341  -38.016  0.474  -3.719 1.0000000000
85406  -37.775  3.544  -2.681 1.0000000000
85407  -37.810  3.652  -3.066 1.0000000000
85408  -38.098  2.715  -3.504 1.0000000000
85409  -37.845  3.829  -3.438 1.0000000000
85410  -37.880  3.817  -3.821 1.0000000000
85411  -37.578  4.787  -3.391 1.0000000000
85413  -36.900  6.743  -3.245 1.0000000000
92736  -37.364  -2.351  -5.709 1.0000000000
92737  -37.362  -2.958  -6.403 1.0000000000
92738  -37.397  -2.104  -6.082 1.0000000000
92739  -37.415  -1.745  -6.346 1.0000000000
92740  -37.454  -1.500  -6.665 1.0000000000
95342  -37.027  3.862  -9.461 1.0000000000
95343  -37.237  2.964  -9.688 1.0000000000
95344  -37.170  3.075  -10.086 1.0000000000
95345  -37.324  2.340  -10.692 1.0000000000
95346  -37.489  1.671  -11.334 1.0000000000
99648  -37.500  -8.910  -8.719 1.0000000000
99649  -37.691  -9.343  -9.534 1.0000000000
99650  -37.571  -8.634  -9.107 1.0000000000
99651  -37.688  -8.326  -9.498 1.0000000000
99652  -37.763  -8.040  -9.885 1.0000000000
99653  -37.683  -5.163  -9.509 1.0000000000
99654  -37.744  -5.974  -9.869 1.0000000000
99655  -37.841  -5.657  -10.306 1.0000000000
99656  -38.026  -6.164  -11.123 1.0000000000
99657  -38.254  -6.640  -11.946 1.0000000000
99658  -38.540  -7.089  -12.808 1.0000000000
99659  -38.356  -6.350  -12.331 1.0000000000
99660  -38.447  -6.107  -12.706 1.0000000000
99661  -38.521  -5.864  -13.094 1.0000000000
99662  -35.918  4.351  -12.493 1.0000000000
99663  -36.283  3.652  -12.708 1.0000000000
99664  -36.030  3.737  -13.113 1.0000000000
99665  -36.127  3.159  -13.803 1.0000000000
99666  -36.219  2.587  -14.568 1.0000000000
99672  -36.684  0.538  -18.657 1.0000000000
102888  -37.472  5.939  -4.362 1.0000000000
102889  -37.675  5.260  -4.774 1.0000000000
102890  -37.446  6.272  -4.694 1.0000000000
102891  -37.379  6.603  -5.018 1.0000000000
102892  -37.312  6.903  -5.312 1.0000000000
102894  -36.945  9.460  -6.084 1.0000000000
102895  -36.908  9.666  -6.461 1.0000000000
102896  -36.835  8.857  -6.788 1.0000000000
102897  -36.777  8.046  -7.132 1.0000000000
102898  -36.793  7.161  -7.497 1.0000000000
102899  -36.689  8.215  -7.482 1.0000000000
102900  -36.575  8.355  -7.863 1.0000000000
102901  -36.474  8.461  -8.227 1.0000000000
102912  -35.630  10.401  -8.909 1.0000000000
102914  -35.430  9.549  -9.656 1.0000000000
102915  -35.478  8.641  -10.035 1.0000000000
102916  -35.493  7.739  -10.391 1.0000000000
102917  -35.226  8.542  -10.396 1.0000000000
102918  -34.989  8.490  -10.772 1.0000000000
102919  -34.739  8.377  -11.127 1.0000000000
107438  -39.439  -10.799  -12.762 1.0000000000
107439  -39.897  -11.297  -13.097 1.0000000000
107465  -37.652  2.172  -6.583 1.0000000000
107466  -37.554  1.068  -6.725 1.0000000000
107467  -37.533  1.350  -7.121 1.0000000000
107468  -37.508  0.598  -7.740 1.0000000000
107469  -37.556  -0.089  -8.422 1.0000000000
107470  -37.920  -0.595  -10.972 1.0000000000
107471  -37.891  -0.831  -10.638 1.0000000000
107472  -38.071  -1.436  -11.366 1.0000000000
107473  -38.223  -2.255  -11.812 1.0000000000
107474  -38.357  -3.032  -12.295 1.0000000000
107475  -38.456  -3.780  -12.774 1.0000000000
107476  -38.519  -3.508  -13.140 1.0000000000
107477  -38.679  -3.955  -14.012 1.0000000000
107478  -38.837  -4.342  -14.868 1.0000000000
107479  -37.514  1.102  -14.029 1.0000000000
107480  -37.652  0.902  -13.611 1.0000000000
107481  -37.808  0.504  -14.407 1.0000000000
107482  -38.099  -0.102  -14.811 1.0000000000
107483  -38.375  -0.701  -15.206 1.0000000000
107484  -39.445  -2.360  -18.798 1.0000000000
107485  -39.189  -2.278  -17.882 1.0000000000
107486  -39.505  -2.762  -18.435 1.0000000000
107487  -39.548  -3.194  -18.072 1.0000000000
107488  -39.569  -3.644  -17.784 1.0000000000
107489  -39.532  -4.068  -17.439 1.0000000000
107490  -39.929  -4.142  -18.370 1.0000000000
111099  -37.470  -7.079  -5.412 1.0000000000
111105  -37.504  -2.608  -4.120 1.0000000000
111107  -37.989  -0.720  -3.154 1.0000000000
111108  -38.179  0.268  -2.996 1.0000000000
111149  -36.992  5.668  -2.541 1.0000000000
111150  -37.174  5.779  -2.913 1.0000000000
111152  -36.222  7.793  -2.446 1.0000000000
116544  -37.369  -5.796  -7.158 1.0000000000
116545  -37.408  -6.306  -7.898 1.0000000000
116546  -37.398  -5.510  -7.538 1.0000000000
116547  -37.439  -5.228  -7.897 1.0000000000
116548  -37.493  -4.893  -8.256 1.0000000000
116549  -37.395  -3.524  -7.109 1.0000000000
116550  -37.473  -4.068  -7.859 1.0000000000
116551  -37.566  -4.619  -8.671 1.0000000000
116552  -37.661  -4.358  -9.178 1.0000000000
116553  -37.722  -4.105  -9.462 1.0000000000
116554  -37.797  -3.876  -9.810 1.0000000000
116555  -34.933  4.080  -14.085 1.0000000000
116556  -35.287  3.485  -14.385 1.0000000000
116557  -34.987  3.294  -14.806 1.0000000000
116558  -35.019  2.585  -15.483 1.0000000000
122603  -39.960  -9.442  -14.412 1.0000000000
122605  -40.631  -9.529  -15.216 1.0000000000
122624  -37.324  3.184  -7.874 1.0000000000
122625  -37.442  2.142  -8.193 1.0000000000
122626  -37.378  2.374  -8.536 1.0000000000
122627  -37.499  1.561  -9.277 1.0000000000
122628  -37.634  0.860  -9.971 1.0000000000
122629  -37.448  1.993  -9.961 1.0000000000
122630  -37.609  1.115  -10.290 1.0000000000
122631  -37.784  0.215  -10.648 1.0000000000
122632  -37.933  -0.357  -11.317 1.0000000000
122633  -38.119  -0.930  -12.051 1.0000000000
122634  -38.321  -1.421  -12.875 1.0000000000
122635  -38.029  0.003  -17.269 1.0000000000
122636  -38.251  -0.291  -16.855 1.0000000000
122637  -38.403  -0.467  -17.659 1.0000000000
122638  -38.713  -1.010  -18.135 1.0000000000
122639  -39.013  -1.500  -18.619 1.0000000000
122640  -38.952  -1.145  -19.661 1.0000000000
122643  -39.670  -2.334  -19.594 1.0000000000
122644  -40.129  -2.718  -20.161 1.0000000000
132291  -38.623  -11.102  -11.255 1.0000000000
132292  -38.743  -10.822  -11.600 1.0000000000
132293  -38.026  -9.789  -10.443 1.0000000000
132294  -38.425  -10.177  -11.260 1.0000000000
132295  -38.882  -10.519  -12.009 1.0000000000
132296  -39.022  -10.230  -12.395 1.0000000000
132297  -39.138  -9.881  -12.773 1.0000000000
132298  -39.249  -9.559  -13.148 1.0000000000
132299  -37.497  -6.800  -8.658 1.0000000000
132300  -37.650  -7.321  -9.497 1.0000000000
132301  -37.821  -7.746  -10.270 1.0000000000
132302  -37.831  -6.735  -10.236 1.0000000000
132303  -37.946  -7.467  -10.653 1.0000000000
132304  -38.109  -8.192  -11.104 1.0000000000
132305  -38.468  -8.616  -11.941 1.0000000000
132306  -38.892  -8.977  -12.773 1.0000000000
132307  -39.375  -9.250  -13.587 1.0000000000
132308  -39.527  -8.940  -14.032 1.0000000000
132309  -39.623  -8.624  -14.450 1.0000000000
132310  -39.743  -8.280  -14.892 1.0000000000
132311  -38.887  -7.494  -13.634 1.0000000000
132312  -39.324  -7.783  -14.469 1.0000000000
132317  -36.595  4.279  -10.976 1.0000000000
132318  -36.889  3.444  -11.242 1.0000000000
132319  -36.754  3.528  -11.579 1.0000000000
132320  -36.921  2.834  -12.216 1.0000000000
132321  -37.099  2.228  -12.909 1.0000000000
132322  -36.588  3.058  -12.993 1.0000000000
132323  -36.917  2.362  -13.340 1.0000000000
132324  -37.216  1.715  -13.688 1.0000000000
132325  -37.326  1.286  -14.475 1.0000000000
132326  -37.436  0.949  -15.251 1.0000000000
132327  -37.562  0.684  -16.078 1.0000000000
132328  -35.613  2.948  -14.709 1.0000000000
132329  -35.934  2.497  -15.026 1.0000000000
132330  -36.269  2.085  -15.384 1.0000000000
132331  -35.963  1.603  -16.564 1.0000000000
132332  -36.303  1.674  -16.188 1.0000000000
132333  -36.619  1.656  -15.801 1.0000000000
132334  -36.973  1.269  -16.167 1.0000000000
132335  -37.335  0.881  -16.484 1.0000000000
132336  -37.674  0.469  -16.858 1.0000000000
132337  -37.780  0.265  -17.662 1.0000000000
132338  -37.875  0.066  -18.481 1.0000000000
132340  -37.101  0.337  -19.058 1.0000000000
139080  -37.928  1.657  -4.746 1.0000000000
139081  -37.774  0.988  -5.117 1.0000000000
139082  -37.913  2.018  -5.051 1.0000000000
139083  -37.848  2.328  -5.402 1.0000000000
139084  -37.774  2.657  -5.739 1.0000000000
139085  -37.836  4.493  -5.223 1.0000000000
139086  -37.813  3.725  -5.636 1.0000000000
139087  -37.748  2.961  -6.087 1.0000000000
139088  -37.705  3.193  -6.436 1.0000000000
139089  -37.611  3.458  -6.740 1.0000000000
139090  -37.530  3.733  -7.079 1.0000000000
139092  -37.120  7.940  -5.299 1.0000000000
139093  -37.225  7.207  -5.647 1.0000000000
139094  -37.017  8.428  -6.050 1.0000000000
139095  -37.121  7.449  -6.008 1.0000000000
139096  -37.313  6.421  -6.016 1.0000000000
139097  -37.385  5.611  -6.424 1.0000000000
139098  -37.443  4.771  -6.921 1.0000000000
139099  -37.352  3.971  -7.344 1.0000000000
139100  -37.192  4.238  -7.660 1.0000000000
139101  -37.099  4.437  -8.037 1.0000000000
139102  -37.014  4.566  -8.425 1.0000000000
139103  -36.810  6.310  -7.892 1.0000000000
139104  -36.834  5.482  -8.328 1.0000000000
139105  -36.902  4.659  -8.851 1.0000000000
139106  -36.808  4.783  -9.263 1.0000000000
139107  -36.712  4.929  -9.615 1.0000000000
139108  -36.603  5.070  -10.003 1.0000000000
139126  -36.435  11.046  -7.592 1.0000000000
139127  -36.420  10.266  -7.904 1.0000000000
139128  -36.380  9.430  -8.254 1.0000000000
139129  -36.342  8.587  -8.632 1.0000000000
139130  -35.920  9.538  -8.924 1.0000000000
139131  -36.159  8.599  -8.949 1.0000000000
139132  -36.360  7.761  -9.021 1.0000000000
139133  -36.327  6.855  -9.424 1.0000000000
139134  -36.353  5.935  -9.892 1.0000000000
139135  -36.447  5.056  -10.420 1.0000000000
139136  -36.302  5.141  -10.770 1.0000000000
139137  -36.132  5.159  -11.130 1.0000000000
139138  -35.961  5.179  -11.511 1.0000000000
139139  -35.549  6.794  -10.859 1.0000000000
139140  -35.650  5.920  -11.371 1.0000000000
139141  -35.780  5.085  -11.925 1.0000000000
139142  -35.557  5.067  -12.331 1.0000000000
139143  -35.314  4.976  -12.753 1.0000000000
139144  -35.071  4.895  -13.131 1.0000000000
139146  -34.379  9.176  -11.060 1.0000000000
139147  -34.475  8.228  -11.514 1.0000000000
139148  -33.854  8.855  -11.768 1.0000000000
139149  -34.227  8.118  -11.858 1.0000000000
139150  -34.548  7.273  -11.990 1.0000000000
139151  -34.641  6.381  -12.455 1.0000000000
139152  -34.737  5.549  -12.951 1.0000000000
139153  -34.829  4.781  -13.486 1.0000000000
139154  -34.576  4.589  -13.913 1.0000000000
139155  -34.346  4.383  -14.234 1.0000000000
148355  -37.620  0.220  -5.667 1.0000000000
148356  -37.513  -0.527  -6.334 1.0000000000
148357  -37.479  -1.201  -7.030 1.0000000000
148358  -37.533  0.020  -7.064 1.0000000000
148359  -37.525  -0.919  -7.398 1.0000000000
148360  -37.536  -1.850  -7.788 1.0000000000
148361  -37.629  -2.472  -8.576 1.0000000000
148362  -37.752  -3.080  -9.389 1.0000000000
148363  -37.903  -3.642  -10.167 1.0000000000
148364  -37.492  1.133  -8.464 1.0000000000
148365  -37.562  0.162  -8.771 1.0000000000
148366  -37.651  -0.735  -9.168 1.0000000000
148367  -37.871  -1.084  -10.306 1.0000000000
148368  -37.840  -1.408  -9.963 1.0000000000
148369  -37.789  -1.622  -9.594 1.0000000000
148370  -37.903  -2.493  -9.997 1.0000000000
148371  -37.986  -3.338  -10.448 1.0000000000
148372  -38.044  -4.122  -10.905 1.0000000000
148373  -38.193  -4.593  -11.674 1.0000000000
148374  -38.377  -5.114  -12.544 1.0000000000
148375  -38.610  -5.556  -13.450 1.0000000000
148376  -38.547  -4.513  -13.260 1.0000000000
148377  -38.684  -5.240  -13.799 1.0000000000
148378  -38.890  -5.942  -14.337 1.0000000000
148379  -39.235  -6.260  -15.212 1.0000000000
148380  -39.689  -6.472  -16.109 1.0000000000
148382  -37.181  2.599  -11.445 1.0000000000
148383  -37.430  1.813  -11.750 1.0000000000
148384  -37.661  1.040  -12.059 1.0000000000
148385  -37.742  0.667  -13.236 1.0000000000
148386  -37.833  0.462  -12.831 1.0000000000
148387  -37.886  0.294  -12.417 1.0000000000
148388  -38.107  -0.431  -12.804 1.0000000000
148389  -38.338  -1.158  -13.271 1.0000000000
148390  -38.515  -1.859  -13.736 1.0000000000
148391  -38.432  -0.654  -16.469 1.0000000000
148392  -38.561  -0.988  -16.039 1.0000000000
148393  -38.629  -1.305  -15.646 1.0000000000
148394  -38.993  -2.120  -17.006 1.0000000000
148395  -38.825  -1.905  -16.128 1.0000000000
148396  -38.660  -1.648  -15.262 1.0000000000
148397  -38.672  -1.908  -14.872 1.0000000000
148398  -38.659  -2.248  -14.512 1.0000000000
148399  -38.641  -2.580  -14.194 1.0000000000
148400  -38.771  -3.298  -14.714 1.0000000000
148401  -38.930  -3.978  -15.270 1.0000000000
148402  -39.143  -4.611  -15.832 1.0000000000
148403  -39.507  -4.462  -17.090 1.0000000000
148404  -39.478  -4.824  -16.737 1.0000000000
148405  -39.420  -5.237  -16.397 1.0000000000
148406  -39.801  -5.793  -16.930 1.0000000000
155635  -37.503  -9.729  -8.689 1.0000000000
155638  -37.429  -9.029  -8.286 1.0000000000
155639  -37.360  -8.273  -7.844 1.0000000000
155640  -37.357  -7.527  -7.471 1.0000000000
155641  -37.358  -6.703  -7.095 1.0000000000
155644  -37.476  -6.275  -5.100 1.0000000000
155647  -37.437  -6.183  -5.511 1.0000000000
155648  -37.404  -6.092  -5.907 1.0000000000
155649  -37.375  -5.934  -6.280 1.0000000000
155650  -37.363  -5.848  -6.719 1.0000000000
155651  -37.362  -5.024  -6.356 1.0000000000
155652  -37.333  -4.187  -5.967 1.0000000000
155653  -37.312  -3.299  -5.609 1.0000000000
155654  -37.423  -2.544  -4.498 1.0000000000
155655  -37.359  -2.471  -4.887 1.0000000000
155656  -37.351  -2.399  -5.274 1.0000000000
155657  -37.454  -1.448  -4.983 1.0000000000
155658  -37.635  -0.458  -4.729 1.0000000000
155659  -37.872  0.538  -4.523 1.0000000000
155734  -38.263  1.311  -2.893 1.0000000000
155737  -38.191  1.439  -3.252 1.0000000000
155738  -38.198  1.504  -3.661 1.0000000000
155739  -38.062  1.588  -4.028 1.0000000000
155740  -37.987  1.658  -4.377 1.0000000000
155741  -38.008  2.735  -4.268 1.0000000000
155742  -37.912  3.827  -4.183 1.0000000000
155743  -37.701  4.902  -4.101 1.0000000000
155744  -37.287  5.757  -3.316 1.0000000000
155745  -37.357  5.801  -3.679 1.0000000000
155746  -37.428  5.919  -4.010 1.0000000000
155747  -37.099  6.899  -3.958 1.0000000000
155748  -36.794  7.987  -3.932 1.0000000000
