#!ascii label  , from subject 40tvs8ref_sym_20 vox2ras=TkReg
164
312  -8.504  -67.796  30.170 1.0000000000
791  -6.705  -70.438  34.189 1.0000000000
1713  -3.702  -68.269  32.323 1.0000000000
3813  -7.545  -69.030  32.140 1.0000000000
3814  -4.131  -70.762  32.803 1.0000000000
3815  -4.844  -70.219  30.506 1.0000000000
3817  -5.934  -69.255  28.331 1.0000000000
6033  -9.858  -67.926  33.968 1.0000000000
6034  -10.919  -66.494  31.780 1.0000000000
7835  -3.878  -70.906  35.388 1.0000000000
7836  -4.272  -67.839  35.001 1.0000000000
11493  -7.977  -68.410  31.152 1.0000000000
11494  -6.204  -69.768  31.340 1.0000000000
11495  -6.713  -69.149  30.354 1.0000000000
11496  -5.380  -69.799  29.428 1.0000000000
11497  -7.279  -68.548  29.308 1.0000000000
11498  -7.685  -67.994  28.473 1.0000000000
11499  -8.975  -67.259  29.330 1.0000000000
13896  -10.326  -67.208  32.854 1.0000000000
17198  -6.262  -71.193  35.253 1.0000000000
17199  -4.642  -71.718  35.755 1.0000000000
17200  -4.981  -71.444  34.464 1.0000000000
17201  -3.477  -69.835  32.505 1.0000000000
17202  -3.609  -69.644  33.861 1.0000000000
17203  -3.956  -68.023  33.688 1.0000000000
25295  -7.118  -69.690  33.185 1.0000000000
25296  -5.398  -70.889  33.331 1.0000000000
25297  -5.772  -70.351  32.322 1.0000000000
25298  -4.461  -70.555  31.620 1.0000000000
25299  -3.575  -69.924  31.123 1.0000000000
25300  -3.585  -68.459  30.909 1.0000000000
25301  -3.746  -70.016  29.826 1.0000000000
29434  -7.909  -69.885  35.165 1.0000000000
29436  -9.428  -68.690  35.025 1.0000000000
29437  -8.311  -69.107  34.109 1.0000000000
29438  -8.710  -68.409  33.053 1.0000000000
29439  -9.150  -67.732  31.982 1.0000000000
29440  -9.694  -67.077  30.970 1.0000000000
29441  -10.211  -66.590  30.064 1.0000000000
29442  -11.425  -66.020  30.879 1.0000000000
33884  -3.940  -70.950  34.033 1.0000000000
33885  -3.872  -69.466  35.190 1.0000000000
42213  -8.238  -68.104  30.655 1.0000000000
42214  -7.376  -68.781  30.761 1.0000000000
42215  -7.630  -68.477  30.251 1.0000000000
42216  -6.997  -68.831  29.844 1.0000000000
42217  -7.915  -68.140  29.745 1.0000000000
42218  -8.134  -67.870  29.340 1.0000000000
42219  -8.734  -67.537  29.741 1.0000000000
47918  -6.508  -70.808  34.714 1.0000000000
47919  -5.603  -71.376  34.831 1.0000000000
47920  -5.822  -71.056  34.275 1.0000000000
47921  -3.518  -69.091  32.420 1.0000000000
47922  -3.604  -68.981  33.103 1.0000000000
47923  -3.844  -68.152  33.019 1.0000000000
47924  -4.283  -67.214  33.581 1.0000000000
47925  -4.164  -67.313  32.910 1.0000000000
57518  -7.331  -69.350  32.656 1.0000000000
57519  -6.474  -70.023  32.731 1.0000000000
57520  -6.661  -69.723  32.235 1.0000000000
57521  -5.520  -70.045  30.942 1.0000000000
57522  -5.316  -70.294  31.444 1.0000000000
57523  -4.646  -70.409  31.065 1.0000000000
57524  -3.927  -70.359  31.335 1.0000000000
57525  -4.056  -70.309  30.696 1.0000000000
57526  -3.673  -69.935  30.481 1.0000000000
57527  -4.227  -70.233  30.109 1.0000000000
57528  -5.654  -69.569  28.874 1.0000000000
57529  -4.718  -69.980  28.976 1.0000000000
57530  -4.953  -69.756  28.403 1.0000000000
64717  -8.496  -69.638  35.613 1.0000000000
64723  -9.645  -68.309  34.488 1.0000000000
64724  -8.881  -68.861  34.592 1.0000000000
64725  -9.088  -68.500  34.059 1.0000000000
64726  -8.515  -68.744  33.592 1.0000000000
64727  -9.302  -68.133  33.505 1.0000000000
64728  -10.603  -66.880  32.313 1.0000000000
64729  -9.737  -67.446  32.420 1.0000000000
64730  -10.011  -67.096  31.883 1.0000000000
64731  -9.401  -67.392  31.477 1.0000000000
64732  -10.299  -66.759  31.378 1.0000000000
64733  -10.566  -66.508  30.927 1.0000000000
64734  -11.165  -66.252  31.340 1.0000000000
74636  -4.178  -71.399  35.518 1.0000000000
74637  -4.144  -71.384  36.214 1.0000000000
74638  -3.946  -70.807  36.077 1.0000000000
74641  -4.703  -70.963  33.010 1.0000000000
74642  -4.570  -71.101  33.606 1.0000000000
74643  -4.047  -70.842  33.416 1.0000000000
74644  -3.860  -68.733  34.455 1.0000000000
74645  -3.699  -69.550  34.553 1.0000000000
74646  -4.048  -68.648  35.110 1.0000000000
74647  -4.232  -68.529  35.760 1.0000000000
74664  -3.857  -67.574  30.843 1.0000000000
94415  -7.755  -68.736  31.634 1.0000000000
94416  -6.872  -69.428  31.743 1.0000000000
94417  -7.120  -69.089  31.261 1.0000000000
94418  -6.462  -69.436  30.870 1.0000000000
94419  -5.776  -69.792  30.426 1.0000000000
94420  -5.104  -70.050  29.981 1.0000000000
94421  -6.052  -69.498  29.900 1.0000000000
94422  -6.341  -69.229  29.357 1.0000000000
94423  -6.621  -68.925  28.838 1.0000000000
94424  -6.830  -68.624  28.408 1.0000000000
94425  -7.465  -68.284  28.902 1.0000000000
94426  -8.323  -67.626  28.920 1.0000000000
98740  -10.083  -67.563  33.397 1.0000000000
98741  -10.950  -67.035  33.250 1.0000000000
104684  -6.023  -71.582  35.817 1.0000000000
104685  -5.184  -71.873  36.060 1.0000000000
104686  -5.357  -71.687  35.425 1.0000000000
104687  -4.761  -71.679  35.069 1.0000000000
104688  -4.246  -71.419  34.849 1.0000000000
104689  -3.687  -70.394  32.630 1.0000000000
104690  -3.663  -70.371  33.291 1.0000000000
104691  -3.488  -69.759  33.179 1.0000000000
104692  -3.713  -68.857  33.777 1.0000000000
104693  -4.121  -67.884  34.342 1.0000000000
104694  -4.549  -67.008  34.868 1.0000000000
104695  -4.411  -67.062  34.238 1.0000000000
120461  -6.915  -70.077  33.672 1.0000000000
120462  -6.043  -70.705  33.743 1.0000000000
120463  -6.270  -70.381  33.226 1.0000000000
120464  -5.573  -70.627  32.805 1.0000000000
120465  -4.894  -70.753  32.448 1.0000000000
120466  -5.988  -70.054  31.837 1.0000000000
120467  -5.114  -70.533  31.957 1.0000000000
120468  -4.269  -70.714  32.163 1.0000000000
120469  -3.703  -70.493  31.950 1.0000000000
120470  -3.465  -69.905  31.811 1.0000000000
120471  -3.449  -69.185  31.691 1.0000000000
120472  -3.630  -68.350  31.620 1.0000000000
120473  -3.443  -69.278  31.003 1.0000000000
120474  -3.517  -69.340  30.314 1.0000000000
120476  -4.467  -70.138  29.560 1.0000000000
130358  -6.908  -70.953  35.705 1.0000000000
130359  -7.112  -70.558  35.195 1.0000000000
130360  -7.341  -70.148  34.664 1.0000000000
130367  -8.666  -69.254  35.118 1.0000000000
130368  -8.110  -69.476  34.622 1.0000000000
130369  -7.553  -69.744  34.118 1.0000000000
130370  -7.727  -69.381  33.647 1.0000000000
130371  -7.919  -69.027  33.127 1.0000000000
130372  -8.131  -68.705  32.587 1.0000000000
130373  -9.499  -67.768  32.962 1.0000000000
130374  -8.912  -68.058  32.528 1.0000000000
130375  -8.350  -68.375  32.045 1.0000000000
130376  -8.568  -68.055  31.559 1.0000000000
130377  -8.812  -67.731  31.062 1.0000000000
130378  -9.099  -67.425  30.556 1.0000000000
130379  -9.342  -67.190  30.122 1.0000000000
130380  -9.958  -66.831  30.502 1.0000000000
130381  -10.821  -66.280  30.466 1.0000000000
130383  -12.027  -65.815  31.256 1.0000000000
142742  -4.516  -71.846  36.404 1.0000000000
142748  -5.184  -71.159  33.890 1.0000000000
142749  -4.374  -71.339  34.181 1.0000000000
142750  -3.879  -70.965  34.695 1.0000000000
142751  -3.680  -70.350  33.942 1.0000000000
142752  -3.699  -70.342  34.599 1.0000000000
142753  -3.781  -70.259  35.268 1.0000000000
142775  -3.942  -67.448  31.556 1.0000000000
142821  -9.573  -66.958  29.695 1.0000000000
142822  -9.855  -66.677  29.246 1.0000000000
