#!ascii label  , from subject 40tvs8ref_sym_20 vox2ras=TkReg
155
581  -4.868  -41.240  33.428 1.0000000000
1956  -8.304  -36.514  28.355 1.0000000000
2380  -4.098  -36.519  30.430 1.0000000000
2381  -5.110  -40.750  29.048 1.0000000000
4296  -8.365  -34.554  29.366 1.0000000000
5307  -3.932  -38.874  31.942 1.0000000000
5308  -4.541  -38.671  29.703 1.0000000000
5309  -3.920  -41.133  31.243 1.0000000000
9698  -5.917  -34.476  30.150 1.0000000000
9699  -6.775  -36.578  29.639 1.0000000000
9700  -7.376  -38.600  28.948 1.0000000000
12987  -4.314  -40.092  32.761 1.0000000000
12988  -3.877  -40.006  31.600 1.0000000000
12989  -4.147  -41.255  32.545 1.0000000000
18651  -8.080  -37.395  27.783 1.0000000000
21682  -4.802  -35.429  30.110 1.0000000000
21683  -6.363  -35.516  29.920 1.0000000000
21684  -5.225  -36.510  29.798 1.0000000000
21685  -4.839  -39.708  29.368 1.0000000000
21686  -5.941  -38.596  29.293 1.0000000000
21687  -6.190  -39.637  28.948 1.0000000000
21688  -7.572  -39.569  28.534 1.0000000000
21689  -6.444  -40.639  28.561 1.0000000000
26166  -8.388  -35.568  28.887 1.0000000000
27985  -3.802  -37.639  31.076 1.0000000000
27986  -4.297  -37.579  30.069 1.0000000000
27987  -3.885  -38.764  30.684 1.0000000000
27988  -4.018  -39.873  30.304 1.0000000000
27989  -4.193  -40.921  29.916 1.0000000000
39333  -7.451  -34.554  29.999 1.0000000000
39334  -7.747  -35.583  29.620 1.0000000000
39335  -8.015  -36.608  29.232 1.0000000000
39336  -5.564  -37.571  29.570 1.0000000000
39337  -7.146  -37.610  29.348 1.0000000000
39338  -8.206  -37.579  28.758 1.0000000000
39339  -8.200  -38.495  28.229 1.0000000000
39340  -8.124  -39.346  27.687 1.0000000000
39413  -4.606  -42.685  33.317 1.0000000000
39414  -4.154  -42.613  32.218 1.0000000000
39415  -4.051  -42.444  30.782 1.0000000000
43705  -4.988  -40.655  33.484 1.0000000000
43706  -4.701  -40.076  33.222 1.0000000000
43707  -4.567  -40.666  33.127 1.0000000000
43708  -4.228  -40.666  32.642 1.0000000000
43709  -4.447  -41.261  33.069 1.0000000000
49369  -8.057  -36.361  27.892 1.0000000000
49371  -8.212  -36.957  28.066 1.0000000000
52401  -4.227  -35.438  30.378 1.0000000000
52402  -4.403  -35.991  30.207 1.0000000000
52403  -5.028  -35.981  29.969 1.0000000000
52404  -4.554  -36.540  30.027 1.0000000000
52405  -4.976  -40.244  29.205 1.0000000000
52406  -5.485  -39.669  29.138 1.0000000000
52407  -5.629  -40.192  28.962 1.0000000000
52408  -6.343  -40.146  28.764 1.0000000000
52409  -5.776  -40.692  28.777 1.0000000000
58971  -8.355  -35.056  29.123 1.0000000000
62002  -3.833  -38.251  31.501 1.0000000000
62003  -3.832  -38.199  30.878 1.0000000000
62004  -3.824  -38.837  31.309 1.0000000000
62005  -3.889  -40.568  31.423 1.0000000000
62006  -3.856  -39.937  30.922 1.0000000000
62007  -3.924  -40.507  30.754 1.0000000000
62008  -4.106  -40.423  30.123 1.0000000000
62009  -3.992  -41.060  30.567 1.0000000000
88087  -6.466  -34.015  30.230 1.0000000000
88088  -7.252  -34.028  30.151 1.0000000000
88089  -6.714  -34.528  30.115 1.0000000000
88090  -6.582  -36.055  29.766 1.0000000000
88091  -7.129  -35.591  29.800 1.0000000000
88092  -7.295  -36.093  29.648 1.0000000000
88093  -7.908  -36.087  29.458 1.0000000000
88094  -7.467  -36.601  29.518 1.0000000000
88095  -4.414  -38.125  29.904 1.0000000000
88096  -4.843  -37.570  29.748 1.0000000000
88097  -4.987  -38.126  29.599 1.0000000000
88098  -6.689  -38.628  29.137 1.0000000000
88099  -6.557  -38.102  29.324 1.0000000000
88100  -7.308  -38.108  29.165 1.0000000000
88101  -7.775  -37.604  29.106 1.0000000000
88102  -7.884  -38.083  28.887 1.0000000000
88103  -8.171  -38.027  28.482 1.0000000000
88104  -7.921  -38.567  28.648 1.0000000000
88105  -7.633  -40.034  28.282 1.0000000000
88106  -8.046  -39.460  28.180 1.0000000000
88107  -8.040  -39.920  27.901 1.0000000000
88290  -4.532  -43.379  33.186 1.0000000000
88291  -4.336  -42.652  32.838 1.0000000000
88294  -4.121  -43.227  31.303 1.0000000000
88295  -4.162  -43.099  30.533 1.0000000000
88296  -4.185  -42.302  30.073 1.0000000000
95286  -8.311  -34.064  29.620 1.0000000000
97105  -4.097  -39.497  32.380 1.0000000000
97106  -3.906  -39.450  31.779 1.0000000000
97107  -4.047  -40.064  32.221 1.0000000000
97108  -3.984  -40.636  32.075 1.0000000000
97109  -3.986  -41.202  31.917 1.0000000000
107300  -7.767  -37.242  27.341 1.0000000000
107301  -7.988  -37.812  27.504 1.0000000000
112756  -5.357  -34.940  30.104 1.0000000000
112757  -6.146  -34.989  30.040 1.0000000000
112758  -5.568  -35.459  29.984 1.0000000000
112759  -5.806  -35.988  29.850 1.0000000000
112760  -6.006  -36.528  29.714 1.0000000000
112761  -4.701  -39.190  29.557 1.0000000000
112762  -5.188  -38.618  29.461 1.0000000000
112763  -5.314  -39.120  29.279 1.0000000000
112764  -6.066  -39.132  29.124 1.0000000000
112765  -6.793  -39.114  28.962 1.0000000000
112766  -7.470  -39.081  28.754 1.0000000000
112767  -6.907  -39.610  28.765 1.0000000000
112768  -7.004  -40.094  28.554 1.0000000000
112769  -7.104  -40.579  28.331 1.0000000000
122496  -8.339  -36.053  28.624 1.0000000000
126739  -3.893  -37.056  30.737 1.0000000000
126740  -4.164  -37.048  30.227 1.0000000000
126741  -3.935  -37.594  30.517 1.0000000000
126742  -4.006  -38.134  30.321 1.0000000000
126743  -4.104  -38.698  30.139 1.0000000000
126744  -3.845  -39.387  31.125 1.0000000000
126745  -3.918  -39.302  30.453 1.0000000000
126746  -4.213  -39.258  29.946 1.0000000000
126747  -4.318  -39.790  29.759 1.0000000000
126748  -4.459  -40.306  29.583 1.0000000000
126749  -4.574  -40.821  29.403 1.0000000000
158957  -8.030  -34.565  29.752 1.0000000000
158958  -6.918  -35.042  29.974 1.0000000000
158959  -7.629  -35.071  29.827 1.0000000000
158960  -8.123  -35.065  29.529 1.0000000000
158961  -8.191  -35.575  29.307 1.0000000000
158962  -8.263  -36.096  29.084 1.0000000000
158963  -8.314  -36.570  28.842 1.0000000000
158964  -4.712  -37.044  29.886 1.0000000000
158965  -5.404  -37.026  29.679 1.0000000000
158966  -6.187  -37.046  29.590 1.0000000000
158967  -5.770  -38.081  29.450 1.0000000000
158968  -6.398  -37.589  29.486 1.0000000000
158969  -6.960  -37.104  29.520 1.0000000000
158970  -7.648  -37.118  29.315 1.0000000000
158971  -8.111  -37.099  28.992 1.0000000000
158972  -8.327  -37.039  28.577 1.0000000000
158973  -8.260  -37.473  28.284 1.0000000000
158974  -8.212  -37.904  28.010 1.0000000000
158975  -8.137  -38.351  27.726 1.0000000000
158976  -7.988  -39.041  28.421 1.0000000000
158977  -8.174  -38.917  27.952 1.0000000000
158978  -8.047  -38.785  27.449 1.0000000000
158979  -7.954  -39.209  27.168 1.0000000000
159197  -4.736  -41.956  33.385 1.0000000000
159198  -4.358  -41.969  32.964 1.0000000000
159199  -4.142  -41.947  32.395 1.0000000000
159200  -4.010  -41.873  31.728 1.0000000000
159202  -4.034  -42.525  31.517 1.0000000000
159203  -3.976  -41.780  31.019 1.0000000000
159204  -4.048  -41.673  30.295 1.0000000000
