#!ascii label  , from subject 40tvs8ref_sym_20 vox2ras=TkReg
179
357  -15.372  -39.770  -6.528 1.0000000000
837  -16.996  -45.750  -8.878 1.0000000000
2010  -14.772  -48.095  -6.151 1.0000000000
4408  -15.136  -49.358  -4.945 1.0000000000
4409  -13.766  -53.078  -4.644 1.0000000000
4410  -15.500  -52.920  -6.230 1.0000000000
6113  -15.604  -41.002  -7.835 1.0000000000
6114  -15.691  -38.615  -7.482 1.0000000000
6115  -16.293  -39.588  -9.087 1.0000000000
8607  -16.418  -44.110  -6.483 1.0000000000
8608  -15.558  -42.273  -6.928 1.0000000000
8609  -15.808  -47.162  -7.620 1.0000000000
8610  -17.474  -52.137  -7.531 1.0000000000
12088  -13.316  -53.136  -3.745 1.0000000000
14027  -16.018  -42.982  -8.494 1.0000000000
14028  -15.915  -40.303  -8.436 1.0000000000
14029  -16.474  -42.163  -9.060 1.0000000000
18980  -14.739  -48.617  -5.450 1.0000000000
18981  -16.079  -46.906  -5.986 1.0000000000
18982  -15.627  -46.044  -6.369 1.0000000000
18983  -15.887  -43.045  -6.652 1.0000000000
18984  -15.427  -45.195  -6.854 1.0000000000
18985  -15.445  -44.407  -7.394 1.0000000000
18986  -15.188  -47.661  -6.909 1.0000000000
18988  -16.510  -52.597  -6.909 1.0000000000
23393  -18.243  -48.497  -8.808 1.0000000000
23394  -17.659  -44.850  -9.425 1.0000000000
26365  -14.168  -51.481  -3.913 1.0000000000
26366  -13.953  -50.962  -4.568 1.0000000000
26367  -14.216  -50.664  -5.421 1.0000000000
26368  -14.900  -50.431  -6.292 1.0000000000
26369  -14.556  -53.042  -5.500 1.0000000000
29621  -15.508  -40.024  -7.192 1.0000000000
29622  -15.488  -39.186  -6.956 1.0000000000
29623  -15.683  -39.406  -7.701 1.0000000000
29624  -15.949  -38.734  -8.375 1.0000000000
36081  -15.574  -41.100  -6.460 1.0000000000
36082  -15.469  -40.528  -6.780 1.0000000000
36083  -15.477  -41.623  -7.320 1.0000000000
36084  -15.665  -43.725  -7.958 1.0000000000
36085  -16.426  -46.522  -8.292 1.0000000000
36086  -15.810  -50.155  -7.028 1.0000000000
36087  -16.723  -49.742  -7.688 1.0000000000
36088  -17.508  -49.223  -8.282 1.0000000000
36089  -18.380  -51.562  -8.050 1.0000000000
42347  -15.249  -39.746  -6.161 1.0000000000
44747  -16.452  -44.357  -8.774 1.0000000000
44748  -16.189  -42.606  -8.831 1.0000000000
44749  -16.715  -43.911  -9.082 1.0000000000
49700  -14.694  -48.336  -5.769 1.0000000000
49701  -15.210  -47.395  -5.940 1.0000000000
49702  -15.119  -47.034  -6.224 1.0000000000
49703  -15.503  -45.624  -6.600 1.0000000000
49704  -15.129  -46.715  -6.548 1.0000000000
49705  -15.208  -46.420  -6.857 1.0000000000
49706  -14.936  -47.858  -6.531 1.0000000000
59298  -14.416  -51.850  -3.686 1.0000000000
59299  -13.725  -52.445  -3.433 1.0000000000
59300  -13.449  -53.114  -4.142 1.0000000000
59301  -13.643  -52.073  -4.141 1.0000000000
59302  -13.762  -51.962  -4.573 1.0000000000
59303  -14.032  -50.797  -4.975 1.0000000000
59304  -13.973  -51.881  -5.027 1.0000000000
59305  -14.317  -51.839  -5.476 1.0000000000
59306  -14.137  -53.056  -5.092 1.0000000000
65117  -15.523  -40.401  -7.470 1.0000000000
65118  -15.554  -39.718  -7.454 1.0000000000
65119  -15.618  -40.087  -7.762 1.0000000000
65120  -16.105  -39.944  -8.758 1.0000000000
65121  -15.922  -39.393  -8.394 1.0000000000
65122  -16.108  -39.021  -8.778 1.0000000000
65123  -16.124  -38.387  -8.750 1.0000000000
65124  -16.274  -38.708  -9.104 1.0000000000
65125  -17.986  -44.447  -9.684 1.0000000000
75850  -15.568  -38.917  -7.191 1.0000000000
79978  -16.420  -45.515  -6.374 1.0000000000
79984  -16.190  -42.863  -6.411 1.0000000000
79985  -15.707  -42.652  -6.783 1.0000000000
79986  -15.727  -41.939  -6.543 1.0000000000
79987  -15.566  -41.558  -6.662 1.0000000000
79988  -15.514  -40.785  -6.603 1.0000000000
79989  -15.493  -41.261  -6.865 1.0000000000
79990  -15.477  -40.960  -7.059 1.0000000000
79991  -15.469  -41.935  -7.114 1.0000000000
79992  -15.463  -45.787  -7.523 1.0000000000
79993  -15.545  -44.065  -7.674 1.0000000000
79994  -15.683  -45.428  -7.844 1.0000000000
79995  -15.928  -45.066  -8.164 1.0000000000
79996  -16.131  -46.872  -7.969 1.0000000000
79997  -15.173  -51.664  -6.294 1.0000000000
79998  -15.329  -50.297  -6.671 1.0000000000
79999  -15.672  -51.569  -6.650 1.0000000000
80000  -16.994  -52.374  -7.227 1.0000000000
80001  -16.649  -51.223  -7.346 1.0000000000
80002  -17.104  -51.002  -7.667 1.0000000000
80003  -17.141  -49.524  -8.009 1.0000000000
80004  -17.558  -50.717  -7.954 1.0000000000
80005  -17.992  -50.396  -8.222 1.0000000000
80006  -17.945  -51.859  -7.821 1.0000000000
95486  -13.198  -54.256  -3.770 1.0000000000
95487  -13.523  -54.273  -4.214 1.0000000000
95488  -13.914  -54.293  -4.661 1.0000000000
98975  -15.750  -41.874  -8.173 1.0000000000
98976  -15.760  -40.693  -8.154 1.0000000000
98977  -15.925  -41.434  -8.469 1.0000000000
98978  -16.124  -41.096  -8.775 1.0000000000
98979  -16.318  -40.788  -9.097 1.0000000000
105416  -15.680  -38.373  -7.519 1.0000000000
107890  -14.901  -48.960  -5.176 1.0000000000
107891  -15.599  -48.178  -5.475 1.0000000000
107892  -15.367  -47.780  -5.689 1.0000000000
107893  -15.806  -46.465  -6.158 1.0000000000
107894  -16.141  -45.019  -6.513 1.0000000000
107895  -16.120  -43.577  -6.560 1.0000000000
107896  -15.876  -44.531  -6.670 1.0000000000
107897  -15.705  -44.051  -6.814 1.0000000000
107898  -15.581  -43.599  -6.973 1.0000000000
107899  -15.493  -43.202  -7.172 1.0000000000
107900  -15.396  -44.779  -7.123 1.0000000000
107901  -15.310  -46.113  -7.170 1.0000000000
107902  -15.490  -47.413  -7.266 1.0000000000
107903  -15.818  -54.080  -6.156 1.0000000000
107904  -16.006  -52.800  -6.575 1.0000000000
107906  -16.816  -53.707  -6.757 1.0000000000
116021  -17.672  -47.203  -8.879 1.0000000000
116022  -17.362  -45.333  -9.203 1.0000000000
116023  -18.021  -46.699  -9.159 1.0000000000
116024  -18.360  -46.203  -9.386 1.0000000000
122955  -14.653  -50.467  -4.427 1.0000000000
122956  -13.613  -52.227  -3.748 1.0000000000
122957  -14.000  -51.171  -4.218 1.0000000000
122958  -14.455  -50.106  -4.686 1.0000000000
122959  -14.302  -49.817  -4.983 1.0000000000
122960  -14.354  -49.578  -5.365 1.0000000000
122961  -14.499  -49.388  -5.785 1.0000000000
122962  -14.717  -49.219  -6.216 1.0000000000
122963  -14.515  -50.577  -5.883 1.0000000000
122964  -14.727  -51.764  -5.910 1.0000000000
122965  -15.013  -52.995  -5.877 1.0000000000
122966  -14.347  -54.287  -5.078 1.0000000000
130865  -15.488  -39.881  -6.859 1.0000000000
130866  -15.425  -39.510  -6.764 1.0000000000
130867  -15.527  -39.577  -7.098 1.0000000000
130868  -15.602  -39.249  -7.335 1.0000000000
130869  -15.711  -38.923  -7.615 1.0000000000
130870  -15.763  -39.755  -8.063 1.0000000000
130871  -15.812  -39.069  -8.017 1.0000000000
130872  -15.848  -38.586  -7.912 1.0000000000
130876  -16.977  -43.457  -9.335 1.0000000000
130877  -16.704  -41.775  -9.382 1.0000000000
130881  -16.458  -39.241  -9.414 1.0000000000
149197  -15.369  -39.964  -6.354 1.0000000000
149210  -16.398  -47.401  -5.877 1.0000000000
149219  -15.947  -42.381  -6.470 1.0000000000
149220  -15.687  -41.437  -6.344 1.0000000000
149221  -15.512  -40.806  -6.227 1.0000000000
149222  -15.486  -40.528  -6.365 1.0000000000
149224  -15.478  -40.093  -6.664 1.0000000000
149225  -15.478  -40.285  -6.970 1.0000000000
149226  -15.504  -40.670  -7.249 1.0000000000
149227  -15.527  -41.295  -7.565 1.0000000000
149228  -15.495  -42.892  -7.404 1.0000000000
149229  -15.533  -42.562  -7.651 1.0000000000
149230  -15.617  -42.200  -7.913 1.0000000000
149231  -15.838  -43.342  -8.222 1.0000000000
149232  -16.193  -44.722  -8.483 1.0000000000
149233  -16.714  -46.133  -8.595 1.0000000000
149234  -15.034  -49.012  -6.617 1.0000000000
149235  -15.443  -48.853  -6.990 1.0000000000
149236  -15.883  -48.694  -7.350 1.0000000000
149237  -16.169  -51.413  -7.005 1.0000000000
149238  -16.276  -49.959  -7.357 1.0000000000
149239  -16.280  -48.498  -7.678 1.0000000000
149240  -16.645  -48.226  -7.993 1.0000000000
149241  -16.999  -47.895  -8.311 1.0000000000
149242  -17.344  -47.556  -8.619 1.0000000000
149243  -17.886  -48.884  -8.557 1.0000000000
149244  -18.396  -50.066  -8.477 1.0000000000
149246  -18.264  -52.940  -7.587 1.0000000000
