#!ascii label  , from subject 40tvs8ref_sym_20 vox2ras=TkReg
354
131  -45.375  -71.660  0.009 1.0000000000
1373  -46.417  -76.905  1.116 1.0000000000
1375  -45.757  -75.748  -2.225 1.0000000000
2294  -44.560  -74.060  3.701 1.0000000000
2297  -44.776  -68.057  2.649 1.0000000000
3293  -45.490  -74.406  0.441 1.0000000000
3294  -46.030  -76.356  -0.618 1.0000000000
3295  -45.727  -73.746  -1.039 1.0000000000
5090  -46.188  -76.271  4.261 1.0000000000
5091  -44.436  -74.738  5.827 1.0000000000
5098  -42.870  -68.868  4.226 1.0000000000
7079  -47.606  -79.453  1.870 1.0000000000
7081  -46.792  -79.178  -0.047 1.0000000000
7082  -45.912  -78.693  -1.922 1.0000000000
7946  -46.783  -69.106  -0.028 1.0000000000
7947  -46.191  -71.031  -1.274 1.0000000000
9438  -47.358  -77.815  2.976 1.0000000000
9439  -45.841  -75.597  2.256 1.0000000000
9440  -44.761  -72.956  1.647 1.0000000000
9447  -42.928  -72.134  5.080 1.0000000000
9448  -43.732  -71.108  3.036 1.0000000000
9449  -45.001  -69.919  1.435 1.0000000000
9450  -47.053  -67.805  1.171 1.0000000000
10009  -45.953  -72.828  -2.454 1.0000000000
10973  -45.233  -73.079  0.126 1.0000000000
10974  -45.619  -74.091  -0.344 1.0000000000
10975  -45.519  -72.798  -0.574 1.0000000000
15638  -47.056  -78.153  1.506 1.0000000000
15639  -47.216  -79.405  0.948 1.0000000000
15640  -46.741  -77.995  0.609 1.0000000000
15641  -45.898  -76.057  -1.444 1.0000000000
15642  -46.047  -77.466  -1.269 1.0000000000
15643  -45.790  -77.173  -2.117 1.0000000000
17438  -47.985  -68.225  -0.106 1.0000000000
21032  -45.307  -75.242  4.029 1.0000000000
21033  -46.085  -75.984  3.280 1.0000000000
21034  -45.308  -74.843  2.977 1.0000000000
21035  -45.162  -74.338  1.957 1.0000000000
21036  -44.655  -73.555  2.669 1.0000000000
21053  -42.857  -72.488  6.174 1.0000000000
21054  -42.257  -71.037  5.737 1.0000000000
21055  -43.739  -68.422  3.401 1.0000000000
21056  -43.232  -69.988  3.662 1.0000000000
21057  -43.982  -69.467  2.824 1.0000000000
21058  -44.288  -70.497  2.212 1.0000000000
21059  -44.864  -68.970  2.063 1.0000000000
21060  -45.888  -68.693  1.324 1.0000000000
21061  -45.890  -67.872  1.920 1.0000000000
22457  -46.055  -71.957  -1.881 1.0000000000
24359  -45.865  -75.667  0.765 1.0000000000
24360  -46.246  -76.654  0.236 1.0000000000
24361  -45.814  -75.367  -0.057 1.0000000000
24362  -45.830  -75.043  -0.828 1.0000000000
24363  -45.775  -74.717  -1.574 1.0000000000
27596  -45.294  -75.515  5.029 1.0000000000
27597  -44.456  -74.495  4.761 1.0000000000
27608  -42.178  -69.395  5.241 1.0000000000
27609  -42.638  -67.758  4.868 1.0000000000
27610  -43.608  -67.348  3.984 1.0000000000
27611  -44.727  -67.069  3.213 1.0000000000
27612  -45.914  -67.045  2.510 1.0000000000
31882  -46.358  -77.744  -0.350 1.0000000000
31883  -46.330  -78.938  -1.022 1.0000000000
34184  -45.853  -70.256  -0.006 1.0000000000
34185  -45.782  -71.413  -0.662 1.0000000000
34186  -46.402  -70.051  -0.623 1.0000000000
38551  -47.569  -78.605  2.484 1.0000000000
38552  -46.881  -77.432  2.076 1.0000000000
38553  -46.905  -77.015  3.558 1.0000000000
38554  -46.607  -76.735  2.620 1.0000000000
38555  -46.184  -76.323  1.681 1.0000000000
38556  -45.583  -75.091  1.330 1.0000000000
38557  -45.166  -73.762  1.054 1.0000000000
38558  -44.976  -72.334  0.783 1.0000000000
38577  -43.668  -73.759  6.582 1.0000000000
38578  -43.635  -73.529  5.492 1.0000000000
38579  -43.719  -73.146  4.429 1.0000000000
38580  -42.611  -70.566  4.585 1.0000000000
38581  -43.231  -71.638  3.994 1.0000000000
38582  -43.930  -72.666  3.327 1.0000000000
38583  -44.262  -72.071  2.368 1.0000000000
38584  -44.651  -71.437  1.511 1.0000000000
38585  -45.197  -70.770  0.748 1.0000000000
38586  -45.836  -69.500  0.680 1.0000000000
38587  -46.947  -68.467  0.567 1.0000000000
38589  -47.174  -67.089  1.776 1.0000000000
40261  -45.793  -72.385  -1.226 1.0000000000
40262  -45.835  -73.293  -1.741 1.0000000000
40263  -45.791  -74.268  -2.311 1.0000000000
41693  -45.292  -72.371  0.035 1.0000000000
41694  -45.372  -72.957  -0.249 1.0000000000
41695  -45.430  -72.265  -0.330 1.0000000000
46358  -46.749  -77.531  1.313 1.0000000000
46359  -46.903  -78.092  1.063 1.0000000000
46360  -46.622  -77.440  0.881 1.0000000000
46361  -45.825  -75.924  -1.816 1.0000000000
46362  -45.855  -76.598  -1.742 1.0000000000
46363  -45.765  -76.448  -2.178 1.0000000000
48158  -48.623  -67.877  -0.124 1.0000000000
48159  -48.332  -68.234  -0.394 1.0000000000
51752  -44.912  -74.665  3.884 1.0000000000
51753  -45.318  -75.057  3.512 1.0000000000
51754  -44.957  -74.466  3.324 1.0000000000
51755  -44.963  -74.208  2.820 1.0000000000
51756  -44.612  -73.832  3.161 1.0000000000
51773  -42.221  -71.231  6.278 1.0000000000
51774  -42.030  -70.468  6.049 1.0000000000
51775  -44.253  -68.224  3.032 1.0000000000
51776  -43.849  -68.948  3.132 1.0000000000
51777  -44.304  -68.749  2.762 1.0000000000
51778  -44.418  -69.228  2.455 1.0000000000
51779  -44.839  -68.531  2.366 1.0000000000
51780  -45.352  -68.364  1.991 1.0000000000
51781  -45.318  -67.962  2.286 1.0000000000
55958  -45.656  -75.042  0.599 1.0000000000
55959  -45.845  -75.523  0.349 1.0000000000
55960  -45.674  -74.885  0.194 1.0000000000
55961  -45.695  -73.929  -0.699 1.0000000000
55962  -45.740  -74.552  -0.581 1.0000000000
55963  -45.744  -74.394  -0.927 1.0000000000
55964  -45.781  -74.882  -1.193 1.0000000000
55965  -45.735  -74.229  -1.265 1.0000000000
61352  -44.867  -75.267  5.923 1.0000000000
61354  -44.863  -75.138  5.423 1.0000000000
61355  -44.856  -75.036  4.914 1.0000000000
61356  -44.457  -74.626  5.297 1.0000000000
61373  -42.282  -68.046  5.362 1.0000000000
61376  -43.619  -66.864  4.293 1.0000000000
61378  -44.153  -67.205  3.579 1.0000000000
61379  -44.745  -66.613  3.475 1.0000000000
69953  -47.802  -80.147  1.986 1.0000000000
69956  -47.008  -79.306  0.441 1.0000000000
69958  -46.957  -79.899  0.083 1.0000000000
69961  -46.145  -76.512  -0.190 1.0000000000
69962  -46.348  -77.205  -0.047 1.0000000000
69963  -46.193  -77.052  -0.511 1.0000000000
69964  -46.007  -78.074  -1.585 1.0000000000
69965  -46.183  -78.196  -1.137 1.0000000000
69966  -46.110  -78.820  -1.483 1.0000000000
69967  -46.214  -79.554  -1.362 1.0000000000
75353  -46.243  -69.654  -0.002 1.0000000000
75354  -46.137  -70.160  -0.327 1.0000000000
75355  -46.559  -69.571  -0.329 1.0000000000
86132  -47.742  -78.343  3.170 1.0000000000
86134  -47.490  -78.204  2.746 1.0000000000
86135  -47.234  -78.013  2.282 1.0000000000
86136  -47.127  -77.650  2.531 1.0000000000
86138  -46.983  -77.149  4.015 1.0000000000
86139  -46.574  -76.640  3.901 1.0000000000
86140  -45.991  -75.797  2.790 1.0000000000
86141  -46.382  -76.354  2.949 1.0000000000
86142  -46.209  -76.191  2.461 1.0000000000
86143  -46.394  -76.549  2.148 1.0000000000
86144  -46.033  -75.977  1.956 1.0000000000
86145  -45.857  -75.716  1.499 1.0000000000
86146  -45.695  -75.358  1.779 1.0000000000
86147  -44.916  -73.663  1.837 1.0000000000
86148  -45.168  -74.060  1.507 1.0000000000
86149  -44.979  -73.358  1.346 1.0000000000
86150  -45.015  -73.074  0.874 1.0000000000
86151  -44.842  -72.642  1.203 1.0000000000
86200  -42.860  -72.350  5.647 1.0000000000
86201  -43.217  -73.015  5.852 1.0000000000
86202  -43.262  -72.854  5.307 1.0000000000
86203  -43.667  -73.374  4.970 1.0000000000
86204  -43.328  -72.632  4.756 1.0000000000
86205  -42.483  -69.124  4.706 1.0000000000
86206  -42.352  -69.976  4.914 1.0000000000
86207  -42.680  -69.705  4.385 1.0000000000
86208  -43.450  -70.561  3.349 1.0000000000
86209  -43.183  -70.826  3.801 1.0000000000
86210  -43.484  -71.403  3.469 1.0000000000
86211  -43.603  -72.170  3.643 1.0000000000
86212  -43.794  -71.908  3.155 1.0000000000
86213  -44.099  -72.370  2.840 1.0000000000
86214  -44.001  -71.600  2.706 1.0000000000
86215  -44.603  -70.175  1.809 1.0000000000
86216  -44.450  -70.972  1.884 1.0000000000
86217  -44.760  -70.658  1.476 1.0000000000
86218  -44.882  -71.096  1.106 1.0000000000
86219  -45.093  -70.361  1.103 1.0000000000
86220  -45.461  -70.105  0.713 1.0000000000
86221  -45.417  -69.697  1.052 1.0000000000
86222  -46.428  -68.217  1.253 1.0000000000
86223  -46.414  -68.580  0.949 1.0000000000
86224  -46.986  -68.142  0.872 1.0000000000
86225  -47.560  -68.055  0.501 1.0000000000
86226  -47.650  -67.757  0.790 1.0000000000
86228  -46.516  -67.069  2.163 1.0000000000
86229  -47.215  -66.731  2.075 1.0000000000
90406  -45.983  -71.231  -0.972 1.0000000000
90407  -45.798  -71.912  -0.949 1.0000000000
90408  -45.936  -71.713  -1.265 1.0000000000
90409  -46.022  -72.384  -2.190 1.0000000000
90410  -45.911  -72.610  -1.816 1.0000000000
90411  -45.889  -73.061  -2.089 1.0000000000
90412  -45.809  -73.767  -1.999 1.0000000000
90413  -45.843  -73.524  -2.365 1.0000000000
93479  -45.346  -73.765  0.296 1.0000000000
93480  -45.547  -74.250  0.045 1.0000000000
93481  -45.448  -73.618  -0.103 1.0000000000
93482  -45.553  -73.457  -0.473 1.0000000000
93483  -45.652  -73.280  -0.792 1.0000000000
101876  -47.336  -78.788  1.694 1.0000000000
101877  -47.419  -79.429  1.415 1.0000000000
101878  -47.155  -78.745  1.240 1.0000000000
101879  -46.965  -78.678  0.766 1.0000000000
101880  -46.772  -78.560  0.273 1.0000000000
101881  -45.963  -76.206  -1.053 1.0000000000
101882  -46.061  -76.912  -0.963 1.0000000000
101883  -45.945  -76.766  -1.380 1.0000000000
101884  -45.900  -77.329  -1.681 1.0000000000
101885  -45.842  -77.934  -2.028 1.0000000000
105116  -47.372  -68.634  -0.070 1.0000000000
105118  -47.700  -68.602  -0.386 1.0000000000
111585  -47.552  -77.937  3.421 1.0000000000
111586  -45.762  -75.773  4.155 1.0000000000
111587  -46.154  -76.139  3.776 1.0000000000
111588  -45.726  -75.614  3.654 1.0000000000
111589  -45.674  -75.432  3.144 1.0000000000
111590  -45.608  -75.217  2.605 1.0000000000
111591  -45.487  -74.982  2.090 1.0000000000
111592  -45.254  -74.601  2.465 1.0000000000
111593  -44.935  -73.943  2.332 1.0000000000
111594  -44.690  -73.255  2.150 1.0000000000
111623  -42.912  -72.638  6.707 1.0000000000
111624  -42.519  -71.957  6.494 1.0000000000
111625  -42.509  -71.799  5.960 1.0000000000
111626  -42.578  -71.603  5.417 1.0000000000
111627  -43.289  -68.637  3.792 1.0000000000
111628  -43.010  -69.447  3.967 1.0000000000
111629  -43.407  -69.174  3.539 1.0000000000
111630  -43.561  -69.705  3.239 1.0000000000
111631  -43.789  -70.282  2.924 1.0000000000
111632  -43.974  -70.809  2.617 1.0000000000
111633  -44.115  -69.983  2.524 1.0000000000
111634  -44.500  -69.704  2.142 1.0000000000
111635  -44.916  -69.434  1.735 1.0000000000
111636  -45.357  -69.235  1.371 1.0000000000
111637  -45.368  -68.799  1.683 1.0000000000
111638  -45.901  -68.263  1.628 1.0000000000
111639  -46.451  -67.804  1.547 1.0000000000
114149  -46.098  -71.510  -1.582 1.0000000000
114151  -46.179  -71.702  -2.235 1.0000000000
114152  -46.095  -72.142  -2.514 1.0000000000
118277  -46.135  -76.274  0.931 1.0000000000
118278  -46.334  -76.789  0.673 1.0000000000
118279  -46.111  -76.119  0.488 1.0000000000
118280  -46.032  -75.980  0.093 1.0000000000
118281  -45.960  -75.830  -0.312 1.0000000000
118282  -45.695  -74.707  -0.204 1.0000000000
118283  -45.830  -75.207  -0.453 1.0000000000
118284  -45.912  -75.682  -0.721 1.0000000000
118285  -45.874  -75.528  -1.131 1.0000000000
118286  -45.827  -75.390  -1.515 1.0000000000
118287  -45.795  -75.235  -1.899 1.0000000000
125831  -45.770  -76.028  5.141 1.0000000000
125832  -45.750  -75.902  4.643 1.0000000000
125833  -45.302  -75.407  4.525 1.0000000000
125834  -44.869  -74.881  4.397 1.0000000000
125835  -44.483  -74.298  4.250 1.0000000000
125860  -42.342  -68.574  5.036 1.0000000000
125861  -42.728  -68.313  4.539 1.0000000000
125862  -43.110  -67.072  4.750 1.0000000000
125863  -43.119  -67.554  4.411 1.0000000000
125864  -43.156  -68.086  4.084 1.0000000000
125865  -43.669  -67.887  3.672 1.0000000000
125866  -44.188  -67.666  3.309 1.0000000000
125867  -44.751  -67.567  2.943 1.0000000000
125868  -45.323  -67.521  2.590 1.0000000000
125869  -45.314  -67.038  2.872 1.0000000000
137002  -46.486  -77.328  0.423 1.0000000000
137003  -46.562  -77.872  0.132 1.0000000000
137004  -46.569  -78.442  -0.217 1.0000000000
137005  -46.187  -77.606  -0.818 1.0000000000
137006  -46.368  -78.321  -0.690 1.0000000000
137007  -46.566  -79.043  -0.529 1.0000000000
137008  -46.476  -79.655  -0.891 1.0000000000
143618  -45.550  -70.961  0.002 1.0000000000
143619  -45.569  -71.572  -0.343 1.0000000000
143620  -45.812  -70.847  -0.335 1.0000000000
143621  -46.037  -70.715  -0.645 1.0000000000
143622  -46.277  -70.554  -0.959 1.0000000000
143624  -46.665  -69.934  -0.931 1.0000000000
156608  -47.850  -79.702  2.337 1.0000000000
156610  -47.879  -79.230  2.644 1.0000000000
156611  -47.599  -79.034  2.195 1.0000000000
156612  -47.304  -78.379  2.006 1.0000000000
156613  -46.991  -77.779  1.799 1.0000000000
156614  -46.636  -77.190  1.612 1.0000000000
156617  -47.159  -77.419  3.238 1.0000000000
156618  -46.503  -76.507  3.428 1.0000000000
156619  -46.777  -76.899  3.088 1.0000000000
156620  -46.980  -77.280  2.785 1.0000000000
156621  -46.774  -77.085  2.328 1.0000000000
156622  -46.521  -76.866  1.893 1.0000000000
156623  -46.309  -76.606  1.418 1.0000000000
156624  -45.998  -76.004  1.229 1.0000000000
156625  -45.718  -75.396  1.063 1.0000000000
156626  -45.511  -74.772  0.887 1.0000000000
156627  -45.390  -74.737  1.618 1.0000000000
156628  -45.360  -74.439  1.180 1.0000000000
156629  -45.323  -74.124  0.744 1.0000000000
156630  -45.187  -73.447  0.585 1.0000000000
156631  -45.126  -72.734  0.453 1.0000000000
156632  -45.160  -71.990  0.383 1.0000000000
156688  -44.110  -74.345  6.748 1.0000000000
156689  -44.039  -74.253  6.206 1.0000000000
156690  -43.251  -73.141  6.382 1.0000000000
156691  -43.612  -73.649  6.037 1.0000000000
156692  -44.024  -74.151  5.666 1.0000000000
156693  -44.061  -74.048  5.117 1.0000000000
156694  -44.059  -73.853  4.607 1.0000000000
156695  -44.136  -73.630  4.061 1.0000000000
156696  -42.152  -70.225  5.479 1.0000000000
156697  -42.400  -70.809  5.170 1.0000000000
156698  -42.709  -71.401  4.838 1.0000000000
156699  -42.901  -70.265  4.094 1.0000000000
156700  -42.915  -71.107  4.307 1.0000000000
156701  -43.071  -71.884  4.529 1.0000000000
156702  -43.440  -72.370  4.208 1.0000000000
156703  -43.828  -72.907  3.850 1.0000000000
156704  -44.223  -73.391  3.508 1.0000000000
156705  -44.305  -73.119  3.000 1.0000000000
156706  -44.384  -72.832  2.466 1.0000000000
156707  -44.526  -72.522  2.009 1.0000000000
156708  -44.219  -71.286  2.282 1.0000000000
156709  -44.445  -71.769  1.938 1.0000000000
156710  -44.655  -72.208  1.566 1.0000000000
156711  -44.809  -71.883  1.123 1.0000000000
156712  -45.033  -71.536  0.757 1.0000000000
156713  -45.253  -71.213  0.379 1.0000000000
156714  -45.504  -70.517  0.346 1.0000000000
156715  -45.854  -69.883  0.338 1.0000000000
156716  -46.316  -69.297  0.314 1.0000000000
156717  -45.867  -69.104  1.004 1.0000000000
156718  -46.371  -68.940  0.631 1.0000000000
156719  -46.878  -68.768  0.250 1.0000000000
156720  -47.469  -68.326  0.208 1.0000000000
156721  -48.098  -67.959  0.159 1.0000000000
156723  -45.870  -67.504  2.225 1.0000000000
156724  -46.503  -67.445  1.847 1.0000000000
156725  -47.113  -67.447  1.470 1.0000000000
156727  -47.803  -67.136  1.407 1.0000000000
156728  -47.734  -67.457  1.096 1.0000000000
161737  -45.611  -72.094  -0.647 1.0000000000
161738  -45.673  -72.587  -0.876 1.0000000000
161739  -45.728  -73.059  -1.145 1.0000000000
161740  -45.921  -72.172  -1.553 1.0000000000
161741  -45.820  -72.834  -1.494 1.0000000000
161742  -45.763  -73.519  -1.387 1.0000000000
161743  -45.773  -74.001  -1.641 1.0000000000
161744  -45.781  -74.505  -1.950 1.0000000000
161745  -45.786  -75.014  -2.298 1.0000000000
