#!ascii label  , from subject 40tvs8ref_sym_20 vox2ras=TkReg
195
1173  -48.763  -21.418  7.702 1.0000000000
2241  -55.111  -17.117  2.759 1.0000000000
4960  -49.785  -19.086  6.662 1.0000000000
4961  -51.838  -19.378  5.286 1.0000000000
4962  -53.402  -16.973  4.728 1.0000000000
6719  -47.503  -23.769  8.183 1.0000000000
6720  -45.039  -23.121  8.746 1.0000000000
6721  -46.091  -21.272  7.097 1.0000000000
6722  -47.444  -19.610  5.282 1.0000000000
9281  -50.216  -21.791  5.475 1.0000000000
9282  -53.450  -19.590  3.248 1.0000000000
12640  -50.327  -17.933  5.902 1.0000000000
12641  -51.674  -18.044  5.896 1.0000000000
12642  -52.244  -16.827  5.259 1.0000000000
15038  -44.613  -24.041  9.405 1.0000000000
15043  -46.752  -20.398  6.221 1.0000000000
20640  -48.156  -22.608  7.979 1.0000000000
20641  -48.893  -22.856  6.842 1.0000000000
20642  -49.673  -21.730  6.806 1.0000000000
20643  -53.381  -18.208  3.928 1.0000000000
20644  -52.509  -19.417  4.088 1.0000000000
20645  -54.278  -18.358  3.016 1.0000000000
20646  -55.412  -18.580  2.547 1.0000000000
20647  -56.187  -17.350  2.223 1.0000000000
20649  -56.991  -16.141  1.964 1.0000000000
27360  -49.268  -20.243  7.297 1.0000000000
27361  -50.370  -20.483  6.621 1.0000000000
27362  -51.013  -19.250  6.317 1.0000000000
27363  -52.652  -18.186  5.082 1.0000000000
27364  -54.287  -17.034  3.722 1.0000000000
27365  -55.933  -15.972  2.572 1.0000000000
27366  -55.056  -15.847  3.448 1.0000000000
31036  -45.238  -25.558  9.507 1.0000000000
31037  -46.758  -24.867  8.289 1.0000000000
31038  -45.883  -24.507  9.218 1.0000000000
31039  -46.424  -23.411  8.872 1.0000000000
31040  -46.919  -22.259  8.415 1.0000000000
31042  -45.515  -22.151  7.938 1.0000000000
31043  -47.414  -21.134  7.805 1.0000000000
31044  -47.874  -20.156  7.033 1.0000000000
31045  -48.458  -19.139  6.176 1.0000000000
31046  -49.055  -18.171  5.272 1.0000000000
31048  -48.169  -18.828  4.334 1.0000000000
38081  -48.063  -23.962  6.893 1.0000000000
38082  -49.405  -22.929  5.529 1.0000000000
38083  -50.896  -21.879  4.333 1.0000000000
38084  -51.002  -20.593  5.404 1.0000000000
38085  -51.717  -20.673  4.209 1.0000000000
38086  -52.664  -20.859  3.408 1.0000000000
38087  -54.541  -19.867  2.869 1.0000000000
43360  -50.605  -17.371  5.515 1.0000000000
43361  -51.300  -17.375  5.619 1.0000000000
43362  -51.580  -16.803  5.241 1.0000000000
51360  -48.504  -22.020  7.886 1.0000000000
51361  -48.933  -22.193  7.431 1.0000000000
51362  -49.276  -21.596  7.337 1.0000000000
51363  -54.238  -17.659  3.320 1.0000000000
51364  -53.796  -18.267  3.405 1.0000000000
51365  -54.683  -17.736  2.882 1.0000000000
51366  -55.202  -17.857  2.567 1.0000000000
51367  -55.606  -17.235  2.437 1.0000000000
51368  -56.583  -16.763  2.069 1.0000000000
51369  -56.048  -16.623  2.313 1.0000000000
60960  -49.495  -19.666  6.961 1.0000000000
60961  -50.144  -19.759  6.841 1.0000000000
60962  -50.454  -19.149  6.624 1.0000000000
60963  -52.551  -17.526  5.341 1.0000000000
60964  -52.208  -18.130  5.561 1.0000000000
60965  -53.055  -17.597  4.947 1.0000000000
60966  -53.451  -17.612  4.401 1.0000000000
60967  -53.875  -17.001  4.248 1.0000000000
60968  -54.710  -16.431  3.575 1.0000000000
60969  -54.233  -16.405  4.108 1.0000000000
68152  -44.710  -25.311  9.793 1.0000000000
68153  -45.556  -25.035  9.376 1.0000000000
68155  -44.835  -23.587  9.063 1.0000000000
68156  -45.519  -23.744  9.176 1.0000000000
68157  -45.749  -23.235  8.932 1.0000000000
68158  -46.667  -22.858  8.658 1.0000000000
68159  -45.961  -22.730  8.602 1.0000000000
68163  -45.211  -21.835  7.055 1.0000000000
68165  -45.798  -21.695  7.546 1.0000000000
68166  -46.473  -21.640  7.901 1.0000000000
68167  -46.717  -21.168  7.507 1.0000000000
68168  -47.635  -20.643  7.440 1.0000000000
68169  -46.961  -20.685  7.120 1.0000000000
68170  -47.086  -20.035  5.758 1.0000000000
68171  -47.575  -19.760  6.223 1.0000000000
68172  -47.903  -19.318  5.769 1.0000000000
68173  -48.750  -18.634  5.751 1.0000000000
68174  -48.254  -18.883  5.285 1.0000000000
68175  -48.519  -18.476  4.817 1.0000000000
68176  -47.817  -19.235  4.798 1.0000000000
84960  -47.128  -24.317  8.215 1.0000000000
84961  -47.411  -24.438  7.616 1.0000000000
84962  -47.825  -23.898  7.556 1.0000000000
84963  -49.571  -22.332  6.145 1.0000000000
84964  -49.156  -22.887  6.160 1.0000000000
84965  -49.817  -22.374  5.475 1.0000000000
84966  -50.098  -22.421  4.899 1.0000000000
84967  -50.520  -21.822  4.878 1.0000000000
84968  -51.111  -19.935  5.977 1.0000000000
84969  -50.726  -20.567  6.069 1.0000000000
84970  -51.424  -19.963  5.357 1.0000000000
84971  -52.947  -19.485  3.619 1.0000000000
84972  -52.091  -20.044  4.168 1.0000000000
84973  -52.553  -20.108  3.664 1.0000000000
84974  -52.169  -20.739  3.741 1.0000000000
84975  -53.061  -20.231  3.338 1.0000000000
84976  -53.610  -20.357  3.116 1.0000000000
84977  -53.981  -19.729  2.995 1.0000000000
84978  -56.415  -18.081  2.345 1.0000000000
84990  -56.352  -15.339  2.461 1.0000000000
96480  -50.063  -18.521  6.298 1.0000000000
96481  -50.740  -18.569  6.311 1.0000000000
96482  -51.025  -17.971  6.001 1.0000000000
96483  -51.961  -17.440  5.563 1.0000000000
96484  -52.848  -16.931  5.100 1.0000000000
96485  -53.717  -16.363  4.511 1.0000000000
100797  -43.680  -24.408  9.491 1.0000000000
100804  -45.556  -21.455  6.613 1.0000000000
100805  -46.410  -20.829  6.666 1.0000000000
100808  -46.664  -20.405  5.216 1.0000000000
110880  -47.857  -23.181  8.076 1.0000000000
110881  -48.208  -23.320  7.505 1.0000000000
110882  -48.592  -22.757  7.483 1.0000000000
110883  -49.278  -22.282  6.819 1.0000000000
110884  -49.955  -21.777  6.117 1.0000000000
110885  -52.585  -18.803  4.590 1.0000000000
110886  -52.145  -19.398  4.649 1.0000000000
110887  -52.949  -18.822  4.006 1.0000000000
110888  -53.351  -18.861  3.508 1.0000000000
110889  -53.840  -18.950  3.089 1.0000000000
110890  -54.416  -19.085  2.849 1.0000000000
110891  -54.826  -18.458  2.725 1.0000000000
110892  -55.819  -17.951  2.388 1.0000000000
110896  -57.577  -16.265  1.806 1.0000000000
110897  -57.949  -15.651  1.667 1.0000000000
125280  -49.030  -20.830  7.549 1.0000000000
125281  -49.626  -20.995  7.247 1.0000000000
125282  -49.889  -20.363  7.040 1.0000000000
125283  -50.726  -19.855  6.491 1.0000000000
125284  -51.469  -19.332  5.857 1.0000000000
125285  -51.344  -18.645  6.133 1.0000000000
125286  -51.861  -18.738  5.751 1.0000000000
125287  -52.240  -18.790  5.203 1.0000000000
125288  -53.022  -18.214  4.524 1.0000000000
125289  -53.836  -17.623  3.840 1.0000000000
125290  -54.681  -17.071  3.206 1.0000000000
125291  -55.558  -16.554  2.671 1.0000000000
125292  -55.116  -16.502  3.106 1.0000000000
125293  -55.518  -15.899  2.980 1.0000000000
134712  -46.005  -25.233  8.912 1.0000000000
134713  -46.399  -24.710  8.837 1.0000000000
134714  -46.728  -24.162  8.739 1.0000000000
134715  -45.274  -24.275  9.418 1.0000000000
134716  -46.176  -23.970  9.106 1.0000000000
134717  -47.018  -23.596  8.619 1.0000000000
134718  -47.328  -23.031  8.525 1.0000000000
134719  -47.603  -22.432  8.292 1.0000000000
134720  -47.858  -21.825  8.101 1.0000000000
134723  -44.391  -23.102  8.391 1.0000000000
134726  -45.259  -22.650  8.362 1.0000000000
134727  -46.163  -22.184  8.278 1.0000000000
134728  -47.168  -21.697  8.101 1.0000000000
134729  -48.125  -21.242  7.902 1.0000000000
134730  -48.347  -20.707  7.604 1.0000000000
134731  -48.548  -20.145  7.264 1.0000000000
134732  -48.819  -19.615  6.880 1.0000000000
134733  -47.271  -20.235  6.677 1.0000000000
134734  -48.140  -19.635  6.628 1.0000000000
134735  -49.090  -19.071  6.481 1.0000000000
134736  -49.384  -18.493  6.110 1.0000000000
134737  -49.670  -17.992  5.654 1.0000000000
134740  -49.388  -17.728  4.797 1.0000000000
134744  -47.820  -19.329  3.806 1.0000000000
141445  -44.906  -26.052  9.574 1.0000000000
141446  -44.441  -25.818  9.945 1.0000000000
155202  -47.631  -24.505  6.966 1.0000000000
155204  -48.477  -23.415  6.868 1.0000000000
155205  -48.735  -23.447  6.191 1.0000000000
155207  -49.698  -22.986  4.950 1.0000000000
155210  -50.029  -21.115  6.738 1.0000000000
155211  -50.335  -21.173  6.101 1.0000000000
155212  -50.622  -21.203  5.443 1.0000000000
155213  -51.734  -19.993  4.740 1.0000000000
155214  -51.332  -20.623  4.774 1.0000000000
155215  -50.915  -21.230  4.837 1.0000000000
155216  -51.286  -21.260  4.266 1.0000000000
155217  -51.734  -21.370  3.835 1.0000000000
155218  -52.269  -21.494  3.518 1.0000000000
155219  -53.229  -20.987  3.208 1.0000000000
155222  -55.000  -19.226  2.718 1.0000000000
155237  -56.453  -16.004  2.208 1.0000000000
155238  -57.392  -15.500  1.855 1.0000000000
