#!ascii label  , from subject 40tvs8ref_sym_20 vox2ras=TkReg
186
464  -55.210  -39.743  48.939 1.0000000000
2042  -53.491  -43.942  49.199 1.0000000000
2043  -52.233  -40.157  49.420 1.0000000000
5017  -54.344  -41.910  48.959 1.0000000000
5018  -54.422  -44.539  47.735 1.0000000000
5019  -55.062  -42.559  47.308 1.0000000000
6754  -56.313  -37.607  48.771 1.0000000000
8698  -52.931  -41.985  49.562 1.0000000000
8699  -53.840  -39.917  49.700 1.0000000000
8702  -54.951  -37.816  49.868 1.0000000000
9349  -53.591  -46.193  48.080 1.0000000000
12697  -54.742  -40.833  48.914 1.0000000000
12698  -54.760  -42.261  48.288 1.0000000000
12699  -55.092  -41.190  48.125 1.0000000000
15097  -56.872  -36.577  48.641 1.0000000000
15098  -56.470  -37.980  47.765 1.0000000000
15099  -57.060  -36.950  47.615 1.0000000000
19200  -52.584  -41.050  49.569 1.0000000000
19201  -53.351  -40.966  49.635 1.0000000000
19202  -53.018  -40.026  49.663 1.0000000000
19209  -54.041  -38.029  49.819 1.0000000000
20812  -53.052  -44.876  49.223 1.0000000000
20813  -53.140  -46.001  48.838 1.0000000000
20814  -53.593  -45.127  48.737 1.0000000000
20815  -54.690  -44.745  46.806 1.0000000000
20816  -54.337  -45.552  46.954 1.0000000000
27463  -53.945  -42.933  49.091 1.0000000000
27464  -53.992  -44.217  48.574 1.0000000000
27465  -54.397  -43.299  48.423 1.0000000000
27466  -54.754  -43.597  47.537 1.0000000000
31120  -55.735  -38.686  48.929 1.0000000000
31121  -55.538  -40.106  48.038 1.0000000000
31122  -56.003  -39.006  47.977 1.0000000000
36341  -52.771  -44.005  49.444 1.0000000000
36344  -53.244  -43.021  49.438 1.0000000000
36345  -53.674  -41.909  49.474 1.0000000000
36346  -54.127  -40.875  49.446 1.0000000000
36347  -54.583  -39.805  49.502 1.0000000000
36353  -52.611  -39.191  49.502 1.0000000000
36354  -53.493  -39.044  49.789 1.0000000000
36355  -54.396  -38.855  49.829 1.0000000000
36356  -55.142  -38.723  49.547 1.0000000000
36357  -55.718  -37.679  49.544 1.0000000000
36358  -56.298  -36.622  49.428 1.0000000000
38290  -54.020  -45.389  47.907 1.0000000000
38291  -53.940  -46.360  47.079 1.0000000000
43417  -54.947  -40.293  48.911 1.0000000000
43418  -54.920  -41.016  48.546 1.0000000000
43419  -55.143  -40.473  48.526 1.0000000000
45818  -56.976  -36.748  48.115 1.0000000000
45819  -57.285  -36.302  48.109 1.0000000000
49920  -52.418  -40.614  49.515 1.0000000000
49921  -52.804  -40.527  49.618 1.0000000000
49922  -52.617  -40.088  49.554 1.0000000000
51532  -53.254  -44.407  49.221 1.0000000000
51533  -53.319  -44.995  49.026 1.0000000000
51534  -53.535  -44.550  48.974 1.0000000000
61132  -54.170  -42.423  49.042 1.0000000000
61133  -54.186  -43.118  48.819 1.0000000000
61134  -54.386  -42.620  48.719 1.0000000000
61135  -54.903  -42.415  47.810 1.0000000000
61136  -54.749  -42.955  47.891 1.0000000000
61137  -54.905  -43.080  47.425 1.0000000000
61138  -54.914  -43.714  47.069 1.0000000000
61139  -55.074  -43.205  46.931 1.0000000000
68332  -56.019  -38.136  48.867 1.0000000000
68333  -55.880  -38.837  48.478 1.0000000000
68334  -56.150  -38.291  48.382 1.0000000000
68336  -56.303  -38.682  47.292 1.0000000000
80626  -52.539  -44.463  49.448 1.0000000000
80634  -52.862  -43.036  49.479 1.0000000000
80635  -53.099  -42.505  49.508 1.0000000000
80636  -53.471  -42.449  49.469 1.0000000000
80637  -53.297  -41.938  49.541 1.0000000000
80638  -53.582  -40.447  49.668 1.0000000000
80639  -53.731  -40.945  49.585 1.0000000000
80640  -53.988  -40.390  49.597 1.0000000000
80641  -54.335  -40.374  49.483 1.0000000000
80642  -54.225  -39.878  49.645 1.0000000000
80659  -53.061  -39.104  49.676 1.0000000000
80661  -54.503  -37.910  49.901 1.0000000000
80662  -54.235  -38.408  49.898 1.0000000000
80663  -54.677  -38.329  49.870 1.0000000000
80664  -54.810  -38.783  49.742 1.0000000000
80665  -55.095  -38.253  49.761 1.0000000000
80666  -55.406  -38.219  49.541 1.0000000000
80667  -55.337  -37.745  49.719 1.0000000000
80669  -55.902  -36.730  49.610 1.0000000000
80671  -56.564  -36.134  49.329 1.0000000000
85480  -53.396  -46.115  48.495 1.0000000000
85481  -53.162  -46.528  48.568 1.0000000000
85482  -53.364  -46.606  48.175 1.0000000000
85484  -53.534  -46.679  47.668 1.0000000000
85485  -54.214  -44.374  48.166 1.0000000000
85486  -54.015  -44.830  48.247 1.0000000000
85487  -54.235  -44.988  47.813 1.0000000000
85489  -54.129  -45.964  46.998 1.0000000000
85490  -53.998  -46.389  46.533 1.0000000000
85491  -53.788  -46.749  46.611 1.0000000000
85500  -55.636  -40.270  47.509 1.0000000000
85501  -55.440  -40.788  47.578 1.0000000000
96583  -54.553  -41.370  48.938 1.0000000000
96584  -54.572  -42.094  48.637 1.0000000000
96585  -54.758  -41.549  48.600 1.0000000000
96586  -54.911  -41.737  48.200 1.0000000000
96587  -55.064  -41.892  47.724 1.0000000000
100903  -56.595  -37.055  48.718 1.0000000000
100904  -56.411  -37.765  48.315 1.0000000000
100905  -56.686  -37.242  48.218 1.0000000000
100906  -56.760  -37.424  47.660 1.0000000000
108286  -52.739  -41.470  49.580 1.0000000000
108287  -53.135  -41.459  49.597 1.0000000000
108288  -52.976  -40.996  49.632 1.0000000000
108289  -53.192  -40.490  49.670 1.0000000000
108290  -53.417  -39.987  49.715 1.0000000000
108301  -53.555  -38.162  49.703 1.0000000000
108303  -54.305  -37.550  49.808 1.0000000000
108304  -54.770  -37.431  49.848 1.0000000000
111191  -52.880  -45.838  49.124 1.0000000000
111192  -53.093  -45.450  49.064 1.0000000000
111193  -53.361  -45.564  48.794 1.0000000000
111194  -53.610  -45.671  48.447 1.0000000000
111195  -54.567  -44.635  47.276 1.0000000000
111196  -54.399  -45.058  47.371 1.0000000000
111197  -54.504  -45.141  46.877 1.0000000000
111198  -54.413  -45.617  46.427 1.0000000000
125521  -53.714  -43.436  49.143 1.0000000000
125522  -53.756  -44.092  48.933 1.0000000000
125523  -53.956  -43.601  48.886 1.0000000000
125524  -54.189  -43.756  48.499 1.0000000000
125525  -54.395  -43.929  48.053 1.0000000000
125526  -54.606  -42.822  48.334 1.0000000000
125527  -54.585  -43.473  47.969 1.0000000000
125528  -54.588  -44.068  47.643 1.0000000000
125529  -54.735  -44.193  47.197 1.0000000000
125530  -54.876  -44.323  46.712 1.0000000000
134938  -55.475  -39.238  48.956 1.0000000000
134939  -55.389  -39.936  48.513 1.0000000000
134940  -55.636  -39.402  48.506 1.0000000000
134941  -55.764  -39.552  48.027 1.0000000000
134943  -56.239  -38.488  47.865 1.0000000000
134944  -56.093  -39.204  47.392 1.0000000000
134949  -57.389  -36.496  47.572 1.0000000000
134950  -57.126  -37.144  47.048 1.0000000000
149991  -52.682  -44.889  49.371 1.0000000000
149992  -52.915  -44.444  49.358 1.0000000000
149993  -53.133  -43.975  49.404 1.0000000000
150000  -52.618  -43.542  49.486 1.0000000000
150001  -53.001  -43.532  49.451 1.0000000000
150002  -53.362  -43.478  49.370 1.0000000000
150003  -53.596  -42.951  49.323 1.0000000000
150004  -53.824  -42.414  49.303 1.0000000000
150005  -54.030  -41.881  49.288 1.0000000000
150006  -53.500  -41.443  49.565 1.0000000000
150007  -53.884  -41.398  49.463 1.0000000000
150008  -54.246  -41.371  49.250 1.0000000000
150009  -54.455  -40.851  49.236 1.0000000000
150010  -54.661  -40.316  49.228 1.0000000000
150011  -54.901  -39.764  49.239 1.0000000000
150029  -52.410  -39.666  49.456 1.0000000000
150030  -52.829  -39.600  49.605 1.0000000000
150031  -53.242  -39.540  49.724 1.0000000000
150032  -53.665  -39.478  49.784 1.0000000000
150033  -53.768  -38.536  49.822 1.0000000000
150034  -53.961  -38.949  49.836 1.0000000000
150035  -54.110  -39.388  49.757 1.0000000000
150036  -54.510  -39.323  49.691 1.0000000000
150037  -54.859  -39.241  49.522 1.0000000000
150038  -55.176  -39.219  49.274 1.0000000000
150039  -55.454  -38.713  49.293 1.0000000000
150040  -55.760  -38.158  49.319 1.0000000000
150041  -56.062  -37.630  49.247 1.0000000000
150043  -56.011  -37.156  49.489 1.0000000000
150044  -56.342  -37.109  49.135 1.0000000000
150045  -56.614  -36.574  49.064 1.0000000000
155824  -52.925  -46.401  48.918 1.0000000000
155830  -53.797  -44.691  48.629 1.0000000000
155831  -53.810  -45.263  48.344 1.0000000000
155832  -53.813  -45.783  47.991 1.0000000000
155833  -54.221  -45.470  47.449 1.0000000000
155834  -54.015  -45.885  47.504 1.0000000000
155835  -53.788  -46.278  47.602 1.0000000000
155848  -55.313  -40.625  48.075 1.0000000000
155849  -55.252  -41.316  47.662 1.0000000000
155850  -55.219  -42.010  47.228 1.0000000000
155853  -55.216  -42.667  46.797 1.0000000000
