#!ascii label  , from subject 40tvs8ref_sym_20 vox2ras=TkReg
406
194  -4.831  -5.052  41.497 1.0000000000
195  -4.695  -13.003  33.334 1.0000000000
675  -4.786  -11.530  41.319 1.0000000000
1504  -3.669  -8.939  37.329 1.0000000000
1505  -3.826  -15.021  37.650 1.0000000000
3466  -4.261  -6.959  39.758 1.0000000000
3467  -5.021  -14.651  41.096 1.0000000000
3468  -4.207  -13.269  39.823 1.0000000000
3469  -4.206  -16.217  40.116 1.0000000000
4282  -5.237  -10.071  33.484 1.0000000000
4284  -6.637  -12.151  32.346 1.0000000000
5822  -5.780  -6.607  42.219 1.0000000000
5823  -4.698  -8.386  41.444 1.0000000000
5824  -5.860  -9.934  41.913 1.0000000000
5825  -6.324  -13.081  41.423 1.0000000000
5826  -6.661  -16.221  40.987 1.0000000000
6313  -4.133  -15.916  33.191 1.0000000000
6314  -6.575  -15.097  32.408 1.0000000000
7349  -3.731  -7.891  34.904 1.0000000000
7350  -3.535  -10.931  34.848 1.0000000000
7351  -4.110  -10.152  39.756 1.0000000000
7352  -3.730  -12.085  37.338 1.0000000000
7353  -3.390  -13.982  34.974 1.0000000000
7354  -3.476  -16.926  35.309 1.0000000000
11144  -4.595  -4.346  40.720 1.0000000000
11145  -4.354  -5.323  39.746 1.0000000000
11146  -4.566  -5.988  40.716 1.0000000000
11147  -5.119  -16.164  41.122 1.0000000000
11148  -4.526  -15.411  40.715 1.0000000000
11149  -4.552  -16.912  40.938 1.0000000000
11962  -5.081  -11.558  33.420 1.0000000000
11963  -6.188  -11.132  32.990 1.0000000000
11964  -6.064  -12.600  32.940 1.0000000000
13544  -6.467  -7.439  42.259 1.0000000000
13545  -5.806  -8.273  42.120 1.0000000000
13546  -6.557  -9.092  42.075 1.0000000000
13548  -6.896  -12.327  41.453 1.0000000000
13549  -7.231  -13.811  41.129 1.0000000000
13550  -6.514  -14.667  41.183 1.0000000000
13551  -7.449  -15.409  40.875 1.0000000000
14362  -3.962  -17.380  33.207 1.0000000000
14363  -5.113  -16.937  32.731 1.0000000000
16157  -3.752  -7.391  37.305 1.0000000000
16158  -3.611  -6.837  36.052 1.0000000000
16159  -3.511  -8.409  36.036 1.0000000000
16160  -3.626  -9.444  34.886 1.0000000000
16161  -3.468  -9.960  36.010 1.0000000000
16162  -4.655  -9.956  41.407 1.0000000000
16163  -4.333  -9.219  40.745 1.0000000000
16164  -4.361  -10.799  40.739 1.0000000000
16165  -4.002  -14.151  38.782 1.0000000000
16166  -3.993  -12.657  38.651 1.0000000000
16167  -3.787  -13.574  37.489 1.0000000000
16168  -3.499  -13.031  36.106 1.0000000000
16169  -3.547  -14.507  36.290 1.0000000000
16170  -3.381  -15.454  35.083 1.0000000000
16171  -3.596  -15.974  36.462 1.0000000000
24671  -4.094  -6.344  38.595 1.0000000000
24672  -3.980  -7.935  38.567 1.0000000000
24673  -4.966  -13.096  41.201 1.0000000000
24674  -4.473  -12.364  40.653 1.0000000000
24675  -4.511  -13.936  40.659 1.0000000000
24676  -4.189  -14.758  39.890 1.0000000000
24677  -4.008  -15.628  38.960 1.0000000000
24678  -3.857  -16.513  37.871 1.0000000000
24679  -3.984  -17.042  39.201 1.0000000000
26140  -5.390  -8.559  33.505 1.0000000000
28946  -5.198  -5.808  41.993 1.0000000000
28947  -4.784  -6.710  41.473 1.0000000000
28948  -5.196  -7.479  41.936 1.0000000000
28949  -5.173  -9.155  41.845 1.0000000000
28950  -5.266  -10.701  41.694 1.0000000000
28951  -6.700  -10.719  41.736 1.0000000000
28952  -6.029  -11.504  41.650 1.0000000000
28953  -5.486  -12.290  41.508 1.0000000000
28954  -5.644  -13.887  41.352 1.0000000000
28955  -5.746  -15.437  41.166 1.0000000000
28956  -5.920  -16.997  41.149 1.0000000000
30091  -4.410  -14.454  33.260 1.0000000000
30092  -5.771  -14.024  32.912 1.0000000000
30093  -5.440  -15.513  32.835 1.0000000000
30094  -6.417  -16.511  32.429 1.0000000000
32566  -4.308  -8.968  34.052 1.0000000000
32567  -4.159  -10.498  33.994 1.0000000000
32568  -3.965  -11.969  33.939 1.0000000000
32569  -4.436  -7.642  40.711 1.0000000000
32570  -4.166  -8.562  39.733 1.0000000000
32571  -3.927  -9.529  38.590 1.0000000000
32572  -4.195  -11.696  39.746 1.0000000000
32573  -3.962  -11.114  38.554 1.0000000000
32574  -3.679  -10.505  37.274 1.0000000000
32575  -3.485  -11.477  36.054 1.0000000000
32576  -3.454  -12.473  34.881 1.0000000000
32577  -3.707  -13.472  33.927 1.0000000000
32578  -3.542  -14.935  33.946 1.0000000000
32579  -3.504  -16.444  34.032 1.0000000000
32581  -3.699  -17.399  36.674 1.0000000000
35632  -6.661  -13.592  32.413 1.0000000000
37538  -4.949  -3.649  41.671 1.0000000000
37547  -5.408  -4.440  42.093 1.0000000000
37548  -6.000  -5.263  42.305 1.0000000000
37549  -6.722  -6.109  42.372 1.0000000000
41864  -4.702  -4.678  41.157 1.0000000000
41865  -4.580  -5.154  40.730 1.0000000000
41866  -4.689  -5.498  41.161 1.0000000000
41868  -4.795  -16.526  41.101 1.0000000000
41869  -4.850  -17.276  41.173 1.0000000000
42682  -4.922  -12.302  33.385 1.0000000000
42683  -5.590  -12.091  33.185 1.0000000000
42684  -5.408  -12.805  33.149 1.0000000000
44265  -6.501  -8.264  42.165 1.0000000000
44270  -7.352  -14.595  40.988 1.0000000000
45082  -3.914  -18.105  33.242 1.0000000000
46877  -3.704  -8.152  37.326 1.0000000000
46878  -3.609  -7.898  36.680 1.0000000000
46879  -3.566  -8.675  36.673 1.0000000000
46880  -3.483  -9.189  36.022 1.0000000000
46881  -3.546  -9.454  36.665 1.0000000000
46882  -4.730  -10.712  41.371 1.0000000000
46883  -4.474  -10.355  41.142 1.0000000000
46884  -4.539  -11.141  41.102 1.0000000000
46885  -3.906  -14.599  38.205 1.0000000000
46886  -3.909  -13.852  38.155 1.0000000000
46887  -3.810  -14.307  37.554 1.0000000000
46888  -3.675  -14.041  36.899 1.0000000000
46889  -3.678  -14.770  36.958 1.0000000000
46890  -3.559  -15.239  36.363 1.0000000000
46891  -3.702  -15.493  37.067 1.0000000000
56477  -4.329  -6.143  39.741 1.0000000000
56478  -4.225  -5.837  39.179 1.0000000000
56479  -4.175  -6.642  39.186 1.0000000000
56480  -4.012  -7.137  38.542 1.0000000000
56481  -4.110  -7.449  39.173 1.0000000000
56482  -4.999  -13.873  41.150 1.0000000000
56483  -4.717  -13.496  40.976 1.0000000000
56484  -4.720  -14.277  40.943 1.0000000000
56485  -4.331  -15.821  40.460 1.0000000000
56486  -4.311  -15.061  40.356 1.0000000000
56487  -4.187  -15.474  39.973 1.0000000000
56488  -4.073  -15.174  39.422 1.0000000000
56489  -4.096  -15.894  39.562 1.0000000000
56490  -4.005  -16.336  39.087 1.0000000000
56491  -4.088  -16.634  39.690 1.0000000000
58927  -5.331  -9.311  33.495 1.0000000000
58930  -6.450  -11.656  32.677 1.0000000000
58932  -6.592  -11.438  32.340 1.0000000000
63674  -5.469  -6.196  42.139 1.0000000000
63675  -5.202  -6.643  41.979 1.0000000000
63676  -5.476  -7.049  42.110 1.0000000000
63677  -5.815  -9.097  42.024 1.0000000000
63678  -5.482  -8.718  41.985 1.0000000000
63679  -5.491  -9.538  41.921 1.0000000000
63680  -5.186  -9.946  41.791 1.0000000000
63681  -5.552  -10.326  41.815 1.0000000000
63683  -7.063  -10.284  41.808 1.0000000000
63685  -6.619  -12.692  41.426 1.0000000000
63686  -6.463  -11.907  41.553 1.0000000000
63687  -6.176  -12.272  41.537 1.0000000000
63688  -5.751  -11.889  41.603 1.0000000000
63689  -5.879  -12.687  41.492 1.0000000000
63690  -5.568  -13.100  41.438 1.0000000000
63691  -5.981  -13.496  41.405 1.0000000000
63692  -6.583  -15.451  41.077 1.0000000000
63693  -6.113  -15.037  41.177 1.0000000000
63694  -6.185  -15.853  41.099 1.0000000000
63695  -5.833  -16.242  41.137 1.0000000000
63696  -6.280  -16.639  41.061 1.0000000000
66127  -4.271  -15.184  33.217 1.0000000000
66128  -4.910  -14.975  33.013 1.0000000000
66129  -4.738  -15.712  32.958 1.0000000000
66131  -5.782  -16.723  32.599 1.0000000000
66133  -6.742  -17.004  32.159 1.0000000000
71515  -3.608  -7.369  35.448 1.0000000000
71517  -3.775  -7.139  34.929 1.0000000000
71521  -3.929  -8.414  34.411 1.0000000000
71522  -3.583  -10.195  34.869 1.0000000000
71523  -3.813  -9.979  34.357 1.0000000000
71524  -3.730  -10.689  34.353 1.0000000000
71525  -4.078  -11.226  33.965 1.0000000000
71526  -3.682  -11.428  34.336 1.0000000000
71527  -4.740  -7.544  41.447 1.0000000000
71528  -4.590  -7.180  41.134 1.0000000000
71529  -4.521  -7.993  41.130 1.0000000000
71530  -4.201  -9.686  40.318 1.0000000000
71531  -4.230  -8.857  40.293 1.0000000000
71532  -4.122  -9.347  39.752 1.0000000000
71533  -4.038  -9.043  39.179 1.0000000000
71534  -4.015  -9.825  39.181 1.0000000000
71535  -4.324  -12.832  40.260 1.0000000000
71536  -4.305  -12.029  40.245 1.0000000000
71537  -4.223  -12.504  39.773 1.0000000000
71538  -3.862  -12.364  38.000 1.0000000000
71539  -3.966  -11.883  38.590 1.0000000000
71540  -3.847  -11.586  37.954 1.0000000000
71541  -3.831  -10.801  37.928 1.0000000000
71542  -3.716  -11.259  37.303 1.0000000000
71543  -3.575  -10.993  36.662 1.0000000000
71544  -3.600  -11.770  36.702 1.0000000000
71545  -3.416  -13.514  35.521 1.0000000000
71546  -3.426  -12.752  35.463 1.0000000000
71547  -3.404  -13.243  34.899 1.0000000000
71548  -3.498  -12.966  34.356 1.0000000000
71549  -3.437  -13.721  34.379 1.0000000000
71550  -3.614  -14.203  33.941 1.0000000000
71551  -3.384  -14.448  34.441 1.0000000000
71552  -3.422  -16.201  35.171 1.0000000000
71553  -3.373  -16.000  34.498 1.0000000000
71554  -3.417  -16.710  34.627 1.0000000000
71557  -3.885  -17.266  37.982 1.0000000000
71558  -3.771  -16.962  37.270 1.0000000000
71559  -3.821  -17.679  37.388 1.0000000000
78885  -6.182  -14.552  32.673 1.0000000000
78886  -6.295  -13.816  32.693 1.0000000000
78887  -6.636  -14.325  32.428 1.0000000000
83608  -4.804  -3.290  41.361 1.0000000000
83631  -5.527  -3.750  42.104 1.0000000000
83633  -5.682  -4.849  42.217 1.0000000000
83634  -6.141  -4.618  42.281 1.0000000000
83636  -6.884  -5.478  42.354 1.0000000000
93789  -4.380  -4.519  39.742 1.0000000000
93790  -4.474  -4.830  40.264 1.0000000000
93791  -4.458  -5.654  40.260 1.0000000000
93792  -4.427  -6.473  40.252 1.0000000000
93793  -5.058  -15.414  41.079 1.0000000000
93794  -4.750  -15.020  40.958 1.0000000000
93795  -4.763  -15.769  41.008 1.0000000000
93796  -4.539  -16.173  40.814 1.0000000000
93797  -4.324  -16.565  40.605 1.0000000000
93798  -4.190  -16.970  40.240 1.0000000000
93799  -4.347  -17.295  40.692 1.0000000000
95260  -5.165  -10.821  33.455 1.0000000000
95261  -5.721  -10.607  33.240 1.0000000000
95262  -5.700  -11.338  33.209 1.0000000000
95263  -6.161  -11.869  32.969 1.0000000000
95264  -6.438  -12.372  32.663 1.0000000000
98108  -6.119  -7.024  42.264 1.0000000000
98109  -5.792  -7.435  42.183 1.0000000000
98110  -6.131  -7.853  42.191 1.0000000000
98111  -6.167  -8.675  42.113 1.0000000000
98112  -6.200  -9.515  41.992 1.0000000000
98115  -7.360  -12.661  41.325 1.0000000000
98116  -7.077  -13.063  41.276 1.0000000000
98117  -6.776  -13.460  41.281 1.0000000000
98118  -6.434  -13.881  41.304 1.0000000000
98119  -6.891  -14.239  41.156 1.0000000000
98120  -6.976  -15.038  41.024 1.0000000000
98121  -7.055  -15.819  40.938 1.0000000000
99580  -4.021  -16.638  33.191 1.0000000000
99581  -4.564  -16.424  32.921 1.0000000000
99582  -4.447  -17.144  32.895 1.0000000000
102811  -3.796  -6.604  37.309 1.0000000000
102812  -3.692  -6.311  36.672 1.0000000000
102813  -3.654  -7.112  36.670 1.0000000000
102814  -3.559  -7.627  36.056 1.0000000000
102815  -3.553  -8.143  35.438 1.0000000000
102816  -3.666  -8.662  34.902 1.0000000000
102817  -3.510  -8.924  35.435 1.0000000000
102818  -3.490  -9.698  35.430 1.0000000000
102819  -3.459  -10.440  35.401 1.0000000000
102820  -4.661  -9.201  41.438 1.0000000000
102821  -4.482  -8.802  41.157 1.0000000000
102822  -4.442  -9.576  41.121 1.0000000000
102823  -4.320  -10.025  40.743 1.0000000000
102824  -4.219  -10.475  40.310 1.0000000000
102825  -4.096  -13.710  39.335 1.0000000000
102826  -4.112  -12.960  39.277 1.0000000000
102827  -4.010  -13.395  38.731 1.0000000000
102828  -3.888  -13.111  38.067 1.0000000000
102829  -3.758  -12.839  37.386 1.0000000000
102830  -3.616  -12.552  36.734 1.0000000000
102831  -3.638  -13.300  36.790 1.0000000000
102832  -3.539  -13.772  36.212 1.0000000000
102833  -3.435  -14.247  35.616 1.0000000000
102834  -3.374  -14.713  35.037 1.0000000000
102835  -3.424  -14.969  35.685 1.0000000000
102836  -3.461  -15.695  35.745 1.0000000000
102837  -3.511  -16.437  35.875 1.0000000000
107236  -6.797  -14.847  32.082 1.0000000000
119006  -4.126  -5.555  38.566 1.0000000000
119008  -3.915  -6.866  37.940 1.0000000000
119009  -3.858  -7.654  37.925 1.0000000000
119010  -3.829  -8.433  37.968 1.0000000000
119011  -4.901  -12.302  41.257 1.0000000000
119012  -4.613  -11.919  41.047 1.0000000000
119013  -4.678  -12.686  41.018 1.0000000000
119014  -4.504  -13.150  40.656 1.0000000000
119015  -4.323  -13.599  40.300 1.0000000000
119016  -4.516  -14.675  40.672 1.0000000000
119017  -4.324  -14.357  40.336 1.0000000000
119018  -4.203  -14.037  39.860 1.0000000000
119019  -4.094  -14.473  39.365 1.0000000000
119020  -4.000  -14.896  38.854 1.0000000000
119021  -3.922  -15.326  38.317 1.0000000000
119022  -3.840  -15.750  37.772 1.0000000000
119023  -3.929  -16.057  38.431 1.0000000000
119024  -3.930  -16.789  38.542 1.0000000000
119026  -4.082  -17.374  39.806 1.0000000000
119027  -4.027  -17.756  39.319 1.0000000000
122434  -5.359  -7.815  33.530 1.0000000000
122439  -6.193  -10.396  32.982 1.0000000000
129038  -4.974  -5.452  41.800 1.0000000000
129039  -4.813  -5.893  41.499 1.0000000000
129040  -4.971  -6.268  41.783 1.0000000000
129041  -4.959  -7.067  41.750 1.0000000000
129042  -4.929  -7.930  41.706 1.0000000000
129043  -5.484  -7.863  42.057 1.0000000000
129044  -5.183  -8.320  41.885 1.0000000000
129045  -4.900  -8.798  41.695 1.0000000000
129046  -4.871  -9.573  41.668 1.0000000000
129047  -4.937  -10.315  41.599 1.0000000000
129048  -5.007  -11.102  41.545 1.0000000000
129050  -6.604  -9.921  41.921 1.0000000000
129051  -6.277  -10.328  41.841 1.0000000000
129052  -6.765  -11.516  41.562 1.0000000000
129053  -6.356  -11.121  41.684 1.0000000000
129054  -5.948  -10.737  41.781 1.0000000000
129055  -5.636  -11.109  41.712 1.0000000000
129056  -5.351  -11.502  41.636 1.0000000000
129057  -5.105  -11.914  41.476 1.0000000000
129058  -5.216  -12.701  41.390 1.0000000000
129059  -5.273  -13.489  41.325 1.0000000000
129060  -5.320  -14.257  41.257 1.0000000000
129061  -6.065  -14.270  41.294 1.0000000000
129062  -5.691  -14.648  41.248 1.0000000000
129063  -5.334  -15.048  41.153 1.0000000000
129064  -5.425  -15.822  41.152 1.0000000000
129065  -5.504  -16.560  41.185 1.0000000000
129066  -5.563  -17.320  41.231 1.0000000000
132145  -4.550  -13.736  33.298 1.0000000000
132146  -5.221  -13.521  33.104 1.0000000000
132147  -5.065  -14.246  33.059 1.0000000000
132148  -5.603  -14.776  32.878 1.0000000000
132149  -6.057  -15.310  32.644 1.0000000000
132150  -5.283  -16.234  32.781 1.0000000000
132151  -5.955  -16.027  32.627 1.0000000000
132152  -6.518  -15.815  32.413 1.0000000000
138928  -3.630  -6.048  36.042 1.0000000000
138934  -4.852  -7.986  33.772 1.0000000000
138935  -4.825  -8.756  33.728 1.0000000000
138936  -4.731  -9.527  33.722 1.0000000000
138937  -3.851  -9.188  34.400 1.0000000000
138938  -4.234  -9.746  34.023 1.0000000000
138939  -4.642  -10.295  33.692 1.0000000000
138940  -4.571  -11.042  33.653 1.0000000000
138941  -4.429  -11.775  33.602 1.0000000000
138942  -4.225  -12.499  33.568 1.0000000000
138943  -4.645  -6.345  41.158 1.0000000000
138944  -4.505  -6.828  40.713 1.0000000000
138945  -4.352  -7.303  40.267 1.0000000000
138946  -4.377  -8.427  40.730 1.0000000000
138947  -4.293  -8.084  40.265 1.0000000000
138948  -4.215  -7.766  39.738 1.0000000000
138949  -4.087  -8.254  39.166 1.0000000000
138950  -3.952  -8.744  38.597 1.0000000000
138951  -3.798  -9.240  37.973 1.0000000000
138952  -4.425  -11.577  40.671 1.0000000000
138953  -4.264  -11.242  40.270 1.0000000000
138954  -4.143  -10.940  39.740 1.0000000000
138955  -4.101  -12.180  39.218 1.0000000000
138956  -4.069  -11.403  39.175 1.0000000000
138957  -4.035  -10.624  39.165 1.0000000000
138958  -3.933  -10.311  38.571 1.0000000000
138959  -3.800  -10.015  37.937 1.0000000000
138960  -3.658  -9.732  37.298 1.0000000000
138961  -3.547  -10.239  36.633 1.0000000000
138962  -3.466  -10.727  36.014 1.0000000000
138963  -3.442  -11.195  35.407 1.0000000000
138964  -3.503  -12.265  36.079 1.0000000000
138965  -3.439  -11.974  35.431 1.0000000000
138966  -3.498  -11.693  34.847 1.0000000000
138967  -3.590  -12.197  34.345 1.0000000000
138968  -3.785  -12.718  33.940 1.0000000000
138969  -4.060  -13.232  33.544 1.0000000000
138970  -3.950  -13.963  33.522 1.0000000000
138971  -3.828  -14.679  33.497 1.0000000000
138972  -3.744  -15.428  33.477 1.0000000000
138973  -3.352  -15.193  34.441 1.0000000000
138974  -3.509  -15.691  33.963 1.0000000000
138975  -3.687  -16.141  33.517 1.0000000000
138976  -3.651  -16.897  33.573 1.0000000000
138977  -3.642  -17.632  33.639 1.0000000000
138979  -3.732  -16.227  37.176 1.0000000000
138980  -3.643  -16.688  36.582 1.0000000000
138981  -3.566  -17.149  35.981 1.0000000000
138982  -3.769  -18.125  36.792 1.0000000000
138984  -3.523  -17.624  35.392 1.0000000000
147892  -5.931  -13.320  32.951 1.0000000000
147893  -6.382  -13.097  32.681 1.0000000000
147894  -6.683  -12.867  32.362 1.0000000000
147895  -6.772  -14.112  32.056 1.0000000000
147896  -6.742  -13.377  32.026 1.0000000000
147897  -6.684  -12.644  31.996 1.0000000000
153577  -4.745  -4.000  41.271 1.0000000000
153578  -4.887  -4.363  41.587 1.0000000000
153603  -5.256  -3.324  41.951 1.0000000000
153604  -5.172  -4.044  41.899 1.0000000000
153605  -5.070  -4.751  41.860 1.0000000000
153606  -5.295  -5.126  42.066 1.0000000000
153607  -5.576  -5.523  42.187 1.0000000000
153608  -5.904  -5.939  42.280 1.0000000000
153609  -6.501  -5.048  42.335 1.0000000000
153610  -6.359  -5.699  42.352 1.0000000000
153611  -6.241  -6.358  42.325 1.0000000000
153612  -6.606  -6.785  42.332 1.0000000000
158758  -7.679  -16.030  40.757 1.0000000000
158763  -6.508  -17.251  41.006 1.0000000000
