#!ascii label  , from subject 40tvs8ref_sym_20 vox2ras=TkReg
179
558  -53.039  -44.955  -0.997 1.0000000000
2313  -47.540  -42.965  2.548 1.0000000000
2314  -48.187  -41.037  -1.047 1.0000000000
5132  -55.270  -46.855  -0.518 1.0000000000
5134  -56.365  -45.180  -1.840 1.0000000000
5136  -54.020  -43.381  -2.409 1.0000000000
6825  -52.098  -46.272  0.494 1.0000000000
9496  -49.159  -45.278  1.988 1.0000000000
9497  -49.782  -44.360  0.396 1.0000000000
9499  -47.796  -42.107  0.733 1.0000000000
9500  -50.615  -43.074  -1.235 1.0000000000
9501  -51.401  -41.661  -2.785 1.0000000000
12812  -54.190  -45.920  -0.817 1.0000000000
12813  -55.822  -46.063  -1.199 1.0000000000
12814  -54.679  -45.074  -1.482 1.0000000000
12815  -55.167  -44.254  -2.141 1.0000000000
12816  -53.534  -44.152  -1.703 1.0000000000
15215  -53.222  -47.110  0.733 1.0000000000
21177  -48.240  -44.207  2.186 1.0000000000
21178  -49.446  -44.877  1.229 1.0000000000
21179  -48.457  -43.812  1.337 1.0000000000
21183  -47.164  -40.289  0.316 1.0000000000
21184  -47.168  -40.780  1.211 1.0000000000
21185  -47.943  -41.590  -0.154 1.0000000000
21186  -49.015  -42.704  -0.373 1.0000000000
21187  -49.374  -42.088  -1.233 1.0000000000
21188  -50.965  -42.340  -2.026 1.0000000000
21189  -49.720  -41.458  -2.058 1.0000000000
27672  -56.910  -47.024  -0.832 1.0000000000
27677  -55.699  -43.464  -2.800 1.0000000000
27678  -54.485  -42.607  -3.105 1.0000000000
31285  -54.741  -47.483  0.275 1.0000000000
31286  -53.655  -46.604  -0.105 1.0000000000
31287  -52.556  -45.669  -0.309 1.0000000000
38727  -50.585  -45.846  1.177 1.0000000000
38728  -50.940  -45.340  0.417 1.0000000000
38729  -51.348  -44.703  -0.368 1.0000000000
38732  -47.253  -41.621  2.995 1.0000000000
38734  -47.183  -41.212  2.152 1.0000000000
38735  -47.654  -42.574  1.649 1.0000000000
38736  -48.676  -43.310  0.481 1.0000000000
38737  -50.175  -43.730  -0.484 1.0000000000
38738  -51.802  -43.981  -1.146 1.0000000000
38739  -52.252  -43.228  -1.914 1.0000000000
38740  -52.734  -42.504  -2.662 1.0000000000
38741  -53.151  -41.805  -3.352 1.0000000000
43532  -53.595  -45.429  -0.905 1.0000000000
43533  -54.434  -45.496  -1.153 1.0000000000
43534  -53.866  -45.015  -1.242 1.0000000000
43535  -54.105  -44.608  -1.594 1.0000000000
43536  -53.304  -44.546  -1.354 1.0000000000
51897  -47.854  -43.623  2.339 1.0000000000
51898  -48.329  -44.023  1.787 1.0000000000
51899  -47.933  -43.445  1.921 1.0000000000
51903  -47.602  -40.708  -0.410 1.0000000000
51904  -47.508  -40.960  0.042 1.0000000000
51905  -48.072  -41.304  -0.600 1.0000000000
51906  -48.603  -41.866  -0.735 1.0000000000
51907  -48.755  -41.579  -1.165 1.0000000000
51908  -49.556  -41.789  -1.631 1.0000000000
51909  -48.903  -41.293  -1.570 1.0000000000
61479  -56.091  -46.968  -0.707 1.0000000000
61480  -56.095  -45.618  -1.511 1.0000000000
61487  -54.603  -43.810  -2.281 1.0000000000
61488  -55.441  -43.845  -2.479 1.0000000000
61489  -54.858  -43.426  -2.620 1.0000000000
61490  -55.101  -43.067  -2.947 1.0000000000
61491  -54.265  -43.010  -2.765 1.0000000000
68687  -52.685  -46.708  0.581 1.0000000000
68688  -53.449  -46.885  0.303 1.0000000000
68689  -52.890  -46.456  0.182 1.0000000000
68690  -53.115  -46.154  -0.233 1.0000000000
68691  -52.321  -46.015  0.092 1.0000000000
86570  -49.020  -45.450  2.377 1.0000000000
86572  -49.672  -45.748  1.954 1.0000000000
86574  -49.841  -45.573  1.562 1.0000000000
86575  -49.608  -44.630  0.826 1.0000000000
86576  -50.167  -45.129  0.818 1.0000000000
86577  -50.347  -44.856  0.414 1.0000000000
86578  -51.124  -45.043  0.028 1.0000000000
86579  -50.545  -44.556  -0.013 1.0000000000
86586  -47.365  -41.127  3.679 1.0000000000
86587  -47.262  -40.922  3.282 1.0000000000
86591  -47.444  -41.458  0.922 1.0000000000
86592  -47.173  -41.019  1.675 1.0000000000
86593  -47.386  -41.689  1.405 1.0000000000
86594  -47.375  -41.913  1.851 1.0000000000
86595  -47.697  -42.358  1.172 1.0000000000
86596  -48.094  -42.990  1.040 1.0000000000
86597  -48.200  -42.725  0.597 1.0000000000
86598  -49.761  -42.919  -0.838 1.0000000000
86599  -49.579  -43.229  -0.433 1.0000000000
86600  -50.373  -43.405  -0.859 1.0000000000
86601  -50.977  -43.882  -0.829 1.0000000000
86602  -51.205  -43.547  -1.203 1.0000000000
86603  -52.039  -43.611  -1.526 1.0000000000
86604  -51.416  -43.169  -1.588 1.0000000000
86605  -51.194  -41.993  -2.405 1.0000000000
86606  -51.855  -42.418  -2.374 1.0000000000
86607  -52.075  -42.076  -2.733 1.0000000000
86608  -52.965  -42.162  -3.031 1.0000000000
86609  -52.252  -41.725  -3.084 1.0000000000
96790  -54.728  -46.391  -0.692 1.0000000000
96791  -55.551  -46.472  -0.883 1.0000000000
96792  -54.992  -45.983  -1.035 1.0000000000
96793  -55.261  -45.549  -1.352 1.0000000000
96794  -55.512  -45.129  -1.673 1.0000000000
96795  -55.739  -44.711  -1.991 1.0000000000
96796  -54.916  -44.667  -1.822 1.0000000000
96797  -54.351  -44.207  -1.940 1.0000000000
96798  -53.773  -43.778  -2.050 1.0000000000
101117  -52.463  -46.925  1.002 1.0000000000
101118  -51.894  -46.489  0.892 1.0000000000
111847  -48.678  -44.764  2.070 1.0000000000
111848  -49.277  -45.085  1.591 1.0000000000
111849  -48.781  -44.557  1.679 1.0000000000
111850  -48.921  -44.361  1.279 1.0000000000
111851  -49.079  -44.114  0.847 1.0000000000
111857  -46.907  -39.838  1.042 1.0000000000
111858  -47.000  -40.096  1.522 1.0000000000
111859  -47.148  -40.524  0.764 1.0000000000
111860  -47.486  -41.201  0.481 1.0000000000
111861  -47.894  -41.848  0.278 1.0000000000
111862  -48.347  -42.443  0.154 1.0000000000
111863  -48.479  -42.158  -0.292 1.0000000000
111864  -49.174  -42.408  -0.812 1.0000000000
111865  -50.006  -42.587  -1.252 1.0000000000
111866  -50.827  -42.717  -1.632 1.0000000000
111867  -50.201  -42.244  -1.666 1.0000000000
111868  -50.347  -41.908  -2.050 1.0000000000
111869  -50.537  -41.573  -2.445 1.0000000000
126009  -56.363  -46.555  -1.021 1.0000000000
126019  -55.986  -44.288  -2.316 1.0000000000
126020  -56.257  -43.883  -2.633 1.0000000000
126021  -56.512  -43.492  -2.920 1.0000000000
126022  -55.935  -43.078  -3.087 1.0000000000
126023  -55.327  -42.659  -3.262 1.0000000000
126024  -54.699  -42.260  -3.425 1.0000000000
126035  -47.332  -42.477  3.208 1.0000000000
126045  -47.199  -40.058  -0.153 1.0000000000
126046  -47.696  -40.458  -0.882 1.0000000000
135387  -55.007  -47.196  -0.126 1.0000000000
135388  -53.968  -47.298  0.486 1.0000000000
135389  -54.194  -47.055  0.069 1.0000000000
135390  -54.452  -46.745  -0.328 1.0000000000
135391  -53.919  -46.279  -0.471 1.0000000000
135392  -53.364  -45.804  -0.575 1.0000000000
135393  -52.781  -45.311  -0.653 1.0000000000
157139  -51.325  -46.048  0.829 1.0000000000
157140  -50.009  -45.375  1.192 1.0000000000
157141  -50.774  -45.605  0.795 1.0000000000
157142  -51.539  -45.817  0.425 1.0000000000
157143  -51.730  -45.545  0.026 1.0000000000
157144  -51.944  -45.177  -0.340 1.0000000000
157145  -52.186  -44.827  -0.702 1.0000000000
157154  -47.335  -42.302  2.765 1.0000000000
157158  -47.049  -40.339  1.974 1.0000000000
157160  -47.203  -40.733  2.867 1.0000000000
157161  -47.234  -41.423  2.573 1.0000000000
157162  -47.361  -42.121  2.295 1.0000000000
157163  -47.577  -42.780  2.106 1.0000000000
157164  -48.023  -43.214  1.483 1.0000000000
157165  -48.574  -43.569  0.908 1.0000000000
157166  -49.222  -43.854  0.402 1.0000000000
157167  -48.832  -43.011  0.060 1.0000000000
157168  -49.397  -43.540  -0.036 1.0000000000
157169  -49.971  -44.052  -0.056 1.0000000000
157170  -50.761  -44.226  -0.428 1.0000000000
157171  -51.576  -44.352  -0.767 1.0000000000
157172  -52.433  -44.463  -1.081 1.0000000000
157173  -52.678  -44.069  -1.444 1.0000000000
157174  -52.920  -43.694  -1.806 1.0000000000
157175  -53.132  -43.308  -2.168 1.0000000000
157176  -51.608  -42.777  -1.988 1.0000000000
157177  -52.484  -42.847  -2.283 1.0000000000
157178  -53.376  -42.940  -2.543 1.0000000000
157179  -53.620  -42.588  -2.908 1.0000000000
157180  -53.820  -42.221  -3.233 1.0000000000
157187  -51.587  -41.342  -3.183 1.0000000000
