#!ascii label  , from subject 40tvs8ref_sym_20 vox2ras=TkReg
273
418  -6.561  -51.377  57.889 1.0000000000
1936  -6.761  -47.760  56.059 1.0000000000
1938  -7.545  -51.533  53.308 1.0000000000
2117  -8.129  -48.766  60.412 1.0000000000
4252  -6.119  -49.468  57.119 1.0000000000
4253  -6.157  -49.546  54.932 1.0000000000
4254  -6.911  -51.382  55.639 1.0000000000
4660  -9.959  -47.948  58.840 1.0000000000
8410  -8.438  -46.782  54.647 1.0000000000
8412  -6.150  -47.552  54.135 1.0000000000
8413  -6.634  -49.772  52.592 1.0000000000
8914  -11.259  -46.941  55.058 1.0000000000
8915  -9.314  -47.627  56.584 1.0000000000
8916  -7.387  -48.382  58.096 1.0000000000
8917  -6.399  -49.869  59.416 1.0000000000
8919  -7.007  -50.254  61.707 1.0000000000
8920  -6.558  -51.709  60.209 1.0000000000
11932  -6.212  -50.403  57.572 1.0000000000
11933  -6.294  -50.402  56.483 1.0000000000
11934  -6.718  -51.406  56.763 1.0000000000
18517  -7.540  -47.225  55.341 1.0000000000
18518  -6.986  -46.882  54.518 1.0000000000
18519  -6.424  -47.626  55.136 1.0000000000
18520  -6.765  -50.545  54.134 1.0000000000
18521  -6.334  -49.633  53.782 1.0000000000
18522  -7.062  -50.642  52.978 1.0000000000
19734  -11.621  -47.190  56.114 1.0000000000
19735  -10.299  -47.296  55.828 1.0000000000
19736  -10.644  -47.555  56.895 1.0000000000
19737  -9.039  -48.276  59.612 1.0000000000
19738  -8.673  -48.144  58.459 1.0000000000
19739  -7.748  -48.598  59.226 1.0000000000
19740  -6.771  -49.060  58.787 1.0000000000
19741  -7.050  -49.271  59.939 1.0000000000
19746  -7.362  -50.430  62.905 1.0000000000
19747  -6.827  -51.123  62.235 1.0000000000
19748  -6.614  -50.941  61.046 1.0000000000
26086  -6.309  -48.508  56.656 1.0000000000
26087  -6.125  -48.491  55.645 1.0000000000
26088  -6.077  -49.459  56.061 1.0000000000
26089  -6.510  -50.458  55.314 1.0000000000
26090  -7.234  -51.425  54.459 1.0000000000
26818  -10.958  -47.652  58.052 1.0000000000
26821  -9.334  -48.393  60.827 1.0000000000
35512  -9.470  -46.434  53.928 1.0000000000
35514  -7.931  -46.384  53.849 1.0000000000
35515  -6.580  -46.700  53.640 1.0000000000
35516  -6.003  -47.579  53.100 1.0000000000
35517  -6.008  -48.524  54.575 1.0000000000
35518  -6.055  -48.661  53.362 1.0000000000
35519  -6.229  -48.778  52.266 1.0000000000
36988  -10.902  -46.568  54.118 1.0000000000
36989  -9.904  -46.894  54.820 1.0000000000
36990  -8.876  -47.251  55.583 1.0000000000
36991  -7.923  -47.639  56.309 1.0000000000
36992  -9.664  -47.868  57.669 1.0000000000
36993  -8.302  -47.949  57.352 1.0000000000
36994  -7.072  -48.116  57.017 1.0000000000
36995  -6.533  -48.804  57.693 1.0000000000
36996  -6.246  -49.648  58.249 1.0000000000
36997  -6.253  -50.577  58.719 1.0000000000
37000  -8.448  -48.928  61.624 1.0000000000
37002  -7.762  -49.665  62.286 1.0000000000
37003  -7.385  -49.523  61.117 1.0000000000
37004  -6.667  -50.073  60.566 1.0000000000
37005  -6.349  -50.739  59.892 1.0000000000
37006  -6.506  -51.523  59.056 1.0000000000
42652  -6.376  -50.888  57.730 1.0000000000
42653  -6.405  -50.912  57.207 1.0000000000
42654  -6.661  -51.405  57.328 1.0000000000
49237  -7.150  -47.509  55.721 1.0000000000
49238  -6.902  -47.370  55.278 1.0000000000
49239  -6.607  -47.701  55.605 1.0000000000
49240  -7.115  -51.039  53.689 1.0000000000
49241  -6.924  -50.591  53.560 1.0000000000
49242  -7.291  -51.080  53.146 1.0000000000
49243  -7.446  -51.129  52.582 1.0000000000
50453  -12.318  -46.989  56.256 1.0000000000
50455  -11.139  -47.375  56.509 1.0000000000
50456  -11.304  -47.433  57.072 1.0000000000
50457  -8.562  -48.491  60.007 1.0000000000
50458  -8.372  -48.417  59.418 1.0000000000
50459  -7.947  -48.680  59.812 1.0000000000
50460  -7.374  -48.903  59.578 1.0000000000
50461  -7.564  -49.004  60.178 1.0000000000
50467  -6.809  -51.594  62.450 1.0000000000
50468  -6.712  -51.490  61.884 1.0000000000
58837  -6.183  -48.965  56.910 1.0000000000
58838  -6.081  -48.956  56.383 1.0000000000
58839  -6.086  -49.453  56.617 1.0000000000
58840  -6.576  -50.901  56.069 1.0000000000
58841  -6.381  -50.417  55.895 1.0000000000
58842  -6.687  -50.886  55.508 1.0000000000
58843  -6.839  -50.931  54.902 1.0000000000
58844  -7.083  -51.395  55.045 1.0000000000
60060  -9.786  -48.175  60.434 1.0000000000
60061  -9.916  -48.201  61.057 1.0000000000
78592  -8.982  -46.614  54.270 1.0000000000
78593  -8.697  -46.390  53.887 1.0000000000
78594  -8.201  -46.577  54.243 1.0000000000
78595  -6.441  -47.117  54.393 1.0000000000
78596  -6.767  -46.740  54.094 1.0000000000
78597  -6.321  -47.105  53.905 1.0000000000
78598  -6.186  -47.089  53.407 1.0000000000
78599  -6.056  -47.564  53.634 1.0000000000
78600  -6.057  -48.996  55.337 1.0000000000
78601  -6.046  -48.488  55.139 1.0000000000
78602  -6.071  -49.048  54.754 1.0000000000
78603  -6.496  -49.709  53.191 1.0000000000
78604  -6.195  -49.136  53.539 1.0000000000
78605  -6.301  -49.232  52.991 1.0000000000
78606  -6.116  -48.728  52.811 1.0000000000
78607  -6.407  -49.290  52.423 1.0000000000
78609  -6.774  -49.823  52.012 1.0000000000
82238  -11.685  -46.577  54.196 1.0000000000
82239  -11.088  -46.769  54.585 1.0000000000
82240  -10.407  -46.715  54.462 1.0000000000
82241  -10.593  -46.925  54.938 1.0000000000
82242  -9.806  -47.473  56.214 1.0000000000
82243  -9.572  -47.289  55.699 1.0000000000
82244  -9.059  -47.465  56.076 1.0000000000
82245  -8.388  -47.439  55.953 1.0000000000
82246  -8.625  -47.629  56.447 1.0000000000
82247  -10.490  -47.824  58.440 1.0000000000
82248  -10.334  -47.777  57.844 1.0000000000
82249  -9.823  -47.919  58.245 1.0000000000
82250  -8.000  -48.247  58.279 1.0000000000
82251  -8.487  -48.066  57.897 1.0000000000
82252  -7.822  -48.151  57.721 1.0000000000
82253  -7.626  -48.013  57.189 1.0000000000
82254  -7.221  -48.275  57.544 1.0000000000
82255  -6.760  -48.440  57.376 1.0000000000
82256  -6.888  -48.587  57.904 1.0000000000
82257  -6.541  -49.449  59.118 1.0000000000
82258  -6.397  -49.303  58.534 1.0000000000
82259  -6.286  -49.772  58.848 1.0000000000
82260  -6.212  -50.111  58.474 1.0000000000
82261  -6.262  -50.201  59.077 1.0000000000
82269  -8.584  -48.983  62.221 1.0000000000
82273  -7.195  -50.358  62.306 1.0000000000
82274  -7.556  -50.038  62.593 1.0000000000
82275  -7.360  -49.968  62.010 1.0000000000
82276  -7.576  -49.581  61.700 1.0000000000
82277  -7.169  -49.870  61.423 1.0000000000
82278  -6.996  -49.788  60.847 1.0000000000
82279  -6.829  -50.165  61.141 1.0000000000
82280  -6.506  -51.319  60.641 1.0000000000
82281  -6.450  -50.846  60.466 1.0000000000
82282  -6.419  -51.232  60.090 1.0000000000
82283  -6.377  -51.130  59.502 1.0000000000
82284  -6.518  -51.619  59.646 1.0000000000
82286  -6.706  -52.120  59.768 1.0000000000
95206  -6.135  -49.943  57.353 1.0000000000
95207  -6.129  -49.927  56.836 1.0000000000
95208  -6.227  -50.407  57.039 1.0000000000
95209  -6.474  -50.911  56.635 1.0000000000
95210  -6.793  -51.394  56.202 1.0000000000
107059  -7.936  -46.976  55.010 1.0000000000
107060  -7.656  -46.764  54.614 1.0000000000
107061  -7.225  -47.040  54.931 1.0000000000
107062  -6.641  -47.232  54.831 1.0000000000
107063  -6.240  -47.544  54.662 1.0000000000
107064  -6.428  -50.061  54.536 1.0000000000
107065  -6.248  -49.589  54.358 1.0000000000
107066  -6.564  -50.100  53.964 1.0000000000
107067  -6.708  -50.162  53.383 1.0000000000
107068  -6.848  -50.217  52.791 1.0000000000
107069  -6.990  -50.258  52.202 1.0000000000
107070  -7.209  -50.689  52.392 1.0000000000
109247  -12.178  -46.933  55.698 1.0000000000
109248  -11.454  -47.078  55.581 1.0000000000
109249  -10.799  -47.114  55.437 1.0000000000
109250  -10.980  -47.262  55.964 1.0000000000
109251  -10.480  -47.443  56.358 1.0000000000
109252  -9.987  -47.610  56.741 1.0000000000
109253  -9.519  -48.102  59.241 1.0000000000
109254  -9.326  -48.049  58.654 1.0000000000
109255  -8.864  -48.212  59.034 1.0000000000
109256  -8.175  -48.330  58.845 1.0000000000
109257  -7.569  -48.509  58.654 1.0000000000
109258  -7.060  -48.719  58.450 1.0000000000
109259  -7.208  -48.829  59.014 1.0000000000
109260  -6.919  -49.175  59.359 1.0000000000
109261  -6.659  -49.545  59.683 1.0000000000
109268  -7.540  -50.497  63.494 1.0000000000
109269  -7.223  -50.862  63.197 1.0000000000
109270  -7.062  -50.770  62.596 1.0000000000
109271  -6.898  -50.676  61.989 1.0000000000
109272  -6.780  -50.588  61.397 1.0000000000
109273  -6.745  -51.018  61.655 1.0000000000
109274  -6.628  -51.394  61.250 1.0000000000
109276  -6.696  -52.216  60.363 1.0000000000
122308  -6.493  -48.108  56.363 1.0000000000
122309  -6.355  -48.061  55.895 1.0000000000
122310  -6.195  -48.497  56.141 1.0000000000
122311  -6.068  -48.974  55.855 1.0000000000
122312  -6.093  -49.491  55.514 1.0000000000
122313  -6.161  -49.941  56.265 1.0000000000
122314  -6.209  -49.964  55.685 1.0000000000
122315  -6.312  -50.014  55.120 1.0000000000
122316  -6.626  -50.500  54.731 1.0000000000
122317  -6.973  -50.979  54.303 1.0000000000
122318  -7.395  -51.488  53.863 1.0000000000
124014  -11.105  -47.682  58.649 1.0000000000
124015  -10.618  -47.839  59.034 1.0000000000
124019  -9.702  -48.140  59.833 1.0000000000
124020  -9.199  -48.332  60.177 1.0000000000
124021  -8.739  -48.577  60.599 1.0000000000
132031  -6.759  -51.861  58.037 1.0000000000
147538  -10.008  -46.229  53.580 1.0000000000
147540  -9.184  -46.196  53.544 1.0000000000
147542  -7.638  -46.221  53.463 1.0000000000
147543  -7.432  -46.603  54.194 1.0000000000
147544  -7.167  -46.464  53.786 1.0000000000
147546  -6.417  -46.653  53.163 1.0000000000
147547  -6.057  -47.086  52.878 1.0000000000
147549  -6.219  -48.022  55.418 1.0000000000
147550  -6.104  -47.998  54.917 1.0000000000
147551  -6.066  -48.018  54.352 1.0000000000
147552  -6.118  -49.082  54.165 1.0000000000
147553  -6.044  -48.575  53.967 1.0000000000
147554  -6.026  -48.072  53.781 1.0000000000
147555  -5.997  -48.127  53.241 1.0000000000
147556  -6.027  -48.179  52.695 1.0000000000
147568  -7.038  -51.869  56.337 1.0000000000
147569  -7.134  -51.839  55.778 1.0000000000
147572  -7.308  -51.878  55.196 1.0000000000
147584  -7.957  -52.060  52.939 1.0000000000
151929  -11.485  -46.366  53.730 1.0000000000
151930  -10.701  -46.331  53.660 1.0000000000
151931  -10.206  -46.495  54.009 1.0000000000
151932  -9.700  -46.670  54.359 1.0000000000
151933  -9.193  -46.854  54.718 1.0000000000
151934  -10.092  -47.101  55.316 1.0000000000
151935  -9.386  -47.073  55.202 1.0000000000
151936  -8.665  -47.021  55.106 1.0000000000
151937  -8.193  -47.218  55.473 1.0000000000
151938  -7.738  -47.448  55.824 1.0000000000
151939  -7.309  -47.693  56.191 1.0000000000
151940  -10.834  -47.613  57.461 1.0000000000
151941  -10.155  -47.715  57.270 1.0000000000
151942  -9.497  -47.755  57.110 1.0000000000
151943  -9.174  -48.004  58.067 1.0000000000
151944  -8.990  -47.907  57.505 1.0000000000
151945  -8.811  -47.780  56.970 1.0000000000
151946  -8.099  -47.793  56.836 1.0000000000
151947  -7.472  -47.858  56.693 1.0000000000
151948  -6.936  -47.961  56.538 1.0000000000
151949  -6.630  -48.278  56.850 1.0000000000
151950  -6.416  -48.659  57.181 1.0000000000
151951  -6.270  -49.096  57.427 1.0000000000
151952  -6.659  -48.951  58.229 1.0000000000
151953  -6.359  -49.205  57.979 1.0000000000
151954  -6.197  -49.560  57.682 1.0000000000
151955  -6.186  -50.019  57.917 1.0000000000
151956  -6.243  -50.487  58.123 1.0000000000
151957  -6.367  -50.973  58.311 1.0000000000
151964  -9.464  -48.427  61.443 1.0000000000
151965  -8.883  -48.642  61.234 1.0000000000
151966  -8.311  -48.841  61.038 1.0000000000
151972  -8.208  -49.359  62.542 1.0000000000
151973  -8.054  -49.278  61.968 1.0000000000
151974  -7.887  -49.196  61.379 1.0000000000
151975  -7.740  -49.098  60.775 1.0000000000
151976  -7.238  -49.389  60.523 1.0000000000
151977  -6.831  -49.670  60.277 1.0000000000
151978  -6.502  -49.971  60.007 1.0000000000
151979  -6.603  -50.491  60.822 1.0000000000
151980  -6.432  -50.388  60.255 1.0000000000
151981  -6.343  -50.287  59.656 1.0000000000
151982  -6.294  -50.657  59.296 1.0000000000
151983  -6.340  -51.049  58.929 1.0000000000
151984  -6.512  -51.453  58.517 1.0000000000
