#!ascii label  , from subject 40tvs8ref_sym_20 vox2ras=TkReg
176
562  -30.587  -69.860  25.635 1.0000000000
2325  -27.267  -72.643  26.745 1.0000000000
2326  -28.866  -75.257  21.772 1.0000000000
5170  -29.257  -68.119  27.559 1.0000000000
5171  -27.524  -69.455  28.136 1.0000000000
5172  -28.549  -70.757  25.523 1.0000000000
5173  -28.140  -73.947  24.265 1.0000000000
5174  -29.865  -72.320  23.432 1.0000000000
9536  -27.169  -76.045  25.769 1.0000000000
9559  -32.512  -70.713  27.030 1.0000000000
9562  -32.271  -72.236  23.854 1.0000000000
9563  -31.259  -74.505  21.260 1.0000000000
12850  -29.911  -68.936  26.561 1.0000000000
12851  -28.894  -69.367  26.511 1.0000000000
12852  -29.569  -70.131  25.409 1.0000000000
12853  -29.220  -71.508  24.441 1.0000000000
12854  -30.248  -70.983  24.351 1.0000000000
21273  -27.366  -71.003  27.361 1.0000000000
21274  -26.967  -70.394  28.728 1.0000000000
21275  -26.897  -71.980  28.084 1.0000000000
21277  -26.911  -73.720  27.528 1.0000000000
21278  -26.882  -75.432  27.032 1.0000000000
21279  -27.256  -74.323  26.275 1.0000000000
21280  -28.564  -74.610  23.072 1.0000000000
21281  -27.883  -75.560  23.651 1.0000000000
21346  -31.903  -73.279  22.556 1.0000000000
27740  -28.279  -68.629  27.687 1.0000000000
27741  -27.989  -70.105  26.807 1.0000000000
27742  -27.782  -71.626  26.062 1.0000000000
27743  -27.688  -73.296  25.488 1.0000000000
27744  -28.323  -72.325  24.849 1.0000000000
27745  -28.894  -73.030  23.737 1.0000000000
27746  -29.462  -73.752  22.654 1.0000000000
31340  -30.872  -68.895  26.993 1.0000000000
38847  -26.801  -77.118  26.541 1.0000000000
38849  -27.556  -74.964  25.016 1.0000000000
38850  -27.381  -76.593  24.363 1.0000000000
38916  -31.849  -69.349  27.711 1.0000000000
38917  -31.690  -70.119  26.133 1.0000000000
38925  -32.444  -71.368  25.358 1.0000000000
38926  -31.413  -70.976  24.633 1.0000000000
38927  -31.096  -72.064  23.393 1.0000000000
38928  -30.609  -73.367  22.293 1.0000000000
38929  -30.005  -74.752  21.257 1.0000000000
43570  -30.232  -69.400  26.105 1.0000000000
43571  -29.737  -69.524  25.993 1.0000000000
43572  -30.078  -69.938  25.456 1.0000000000
43573  -29.903  -70.554  24.883 1.0000000000
43574  -30.424  -70.404  24.986 1.0000000000
51993  -27.295  -71.808  27.038 1.0000000000
51994  -27.100  -71.505  27.687 1.0000000000
51995  -27.076  -72.306  27.405 1.0000000000
51996  -26.889  -72.846  27.786 1.0000000000
51997  -27.068  -73.154  27.145 1.0000000000
51998  -27.075  -74.013  26.904 1.0000000000
51999  -27.262  -73.495  26.493 1.0000000000
52000  -28.733  -74.937  22.429 1.0000000000
52002  -28.422  -75.684  22.012 1.0000000000
61591  -28.434  -67.995  28.140 1.0000000000
61592  -28.755  -68.345  27.577 1.0000000000
61593  -28.704  -70.055  25.983 1.0000000000
61594  -28.407  -69.689  26.602 1.0000000000
61595  -28.259  -70.432  26.172 1.0000000000
61596  -27.878  -70.843  26.430 1.0000000000
61597  -28.130  -71.145  25.797 1.0000000000
61598  -28.050  -71.961  25.439 1.0000000000
61599  -28.441  -71.524  25.185 1.0000000000
61600  -29.525  -71.879  23.915 1.0000000000
61601  -29.055  -72.253  24.060 1.0000000000
61602  -29.361  -72.636  23.550 1.0000000000
61603  -29.179  -73.400  23.192 1.0000000000
61604  -29.663  -73.024  23.022 1.0000000000
68803  -30.558  -68.411  27.403 1.0000000000
86858  -27.593  -68.709  28.501 1.0000000000
86875  -27.025  -75.754  26.419 1.0000000000
86876  -26.864  -76.293  26.829 1.0000000000
86877  -26.980  -76.593  26.148 1.0000000000
86880  -27.899  -73.610  24.866 1.0000000000
86881  -27.631  -74.145  25.248 1.0000000000
86882  -27.825  -74.452  24.614 1.0000000000
86883  -27.703  -76.312  23.307 1.0000000000
86884  -27.615  -76.041  24.013 1.0000000000
86885  -27.432  -76.835  23.668 1.0000000000
87048  -32.491  -70.406  27.900 1.0000000000
87049  -32.211  -69.689  28.200 1.0000000000
87050  -32.166  -70.024  27.366 1.0000000000
87051  -31.762  -69.722  26.906 1.0000000000
87052  -32.133  -70.374  26.563 1.0000000000
87072  -32.851  -72.088  25.054 1.0000000000
87073  -32.398  -71.765  24.568 1.0000000000
87074  -31.956  -71.117  24.955 1.0000000000
87075  -31.858  -71.574  24.212 1.0000000000
87076  -31.280  -71.500  23.992 1.0000000000
87077  -31.699  -72.097  23.564 1.0000000000
87078  -31.596  -73.885  21.908 1.0000000000
87079  -31.241  -73.256  22.313 1.0000000000
87080  -30.945  -73.923  21.772 1.0000000000
87081  -30.322  -74.041  21.774 1.0000000000
87082  -30.621  -74.589  21.184 1.0000000000
96858  -29.575  -68.529  27.059 1.0000000000
96859  -29.059  -68.723  27.005 1.0000000000
96860  -29.399  -69.126  26.490 1.0000000000
96861  -29.236  -69.736  25.944 1.0000000000
96862  -29.047  -70.405  25.428 1.0000000000
96863  -28.882  -71.128  24.982 1.0000000000
96864  -29.384  -70.773  24.882 1.0000000000
96865  -29.723  -71.201  24.351 1.0000000000
96866  -30.056  -71.642  23.867 1.0000000000
112019  -27.440  -70.214  27.761 1.0000000000
112020  -27.230  -69.909  28.425 1.0000000000
112021  -27.157  -70.702  28.039 1.0000000000
112022  -26.932  -71.200  28.390 1.0000000000
112025  -26.734  -72.527  28.494 1.0000000000
112027  -26.756  -74.280  27.909 1.0000000000
112029  -26.906  -74.580  27.262 1.0000000000
112030  -27.066  -74.867  26.650 1.0000000000
112031  -27.223  -75.178  26.040 1.0000000000
112032  -28.360  -74.264  23.666 1.0000000000
112033  -28.010  -74.759  23.955 1.0000000000
112034  -28.200  -75.078  23.334 1.0000000000
112150  -32.112  -72.731  23.177 1.0000000000
112151  -32.477  -73.424  22.836 1.0000000000
112152  -32.225  -73.954  22.153 1.0000000000
112153  -31.909  -74.524  21.442 1.0000000000
126165  -27.985  -68.320  28.288 1.0000000000
126166  -27.857  -69.015  27.868 1.0000000000
126167  -28.584  -68.958  27.111 1.0000000000
126168  -28.162  -69.336  27.258 1.0000000000
126169  -27.774  -69.772  27.476 1.0000000000
126170  -27.660  -70.532  27.081 1.0000000000
126171  -27.550  -71.309  26.692 1.0000000000
126172  -27.497  -72.125  26.383 1.0000000000
126173  -27.477  -72.971  26.085 1.0000000000
126174  -27.710  -72.419  25.753 1.0000000000
126175  -27.977  -72.789  25.154 1.0000000000
126176  -28.238  -73.141  24.559 1.0000000000
126177  -28.749  -71.881  24.611 1.0000000000
126178  -28.625  -72.683  24.288 1.0000000000
126179  -28.496  -73.463  23.973 1.0000000000
126180  -28.750  -73.809  23.410 1.0000000000
126181  -29.001  -74.164  22.819 1.0000000000
126182  -29.190  -74.516  22.202 1.0000000000
135533  -29.744  -67.951  27.639 1.0000000000
135534  -30.073  -68.429  27.186 1.0000000000
135535  -30.402  -68.889  26.721 1.0000000000
135536  -30.727  -69.362  26.286 1.0000000000
157499  -26.717  -75.969  27.448 1.0000000000
157500  -26.718  -76.829  27.236 1.0000000000
157501  -26.652  -77.672  26.923 1.0000000000
157502  -26.727  -77.969  26.217 1.0000000000
157505  -27.448  -73.837  25.855 1.0000000000
157506  -27.413  -74.651  25.647 1.0000000000
157507  -27.367  -75.492  25.396 1.0000000000
157508  -27.744  -75.261  24.336 1.0000000000
157509  -27.514  -75.799  24.695 1.0000000000
157510  -27.299  -76.358  25.060 1.0000000000
157709  -31.385  -69.065  27.313 1.0000000000
157710  -31.289  -69.478  26.541 1.0000000000
157711  -31.165  -69.947  25.819 1.0000000000
157734  -32.855  -71.705  25.848 1.0000000000
157735  -32.492  -71.056  26.210 1.0000000000
157736  -32.076  -70.731  25.759 1.0000000000
157737  -31.600  -70.524  25.336 1.0000000000
157738  -31.012  -70.416  25.112 1.0000000000
157739  -30.839  -70.929  24.425 1.0000000000
157740  -30.673  -71.528  23.869 1.0000000000
157741  -30.476  -72.164  23.326 1.0000000000
157742  -31.499  -72.667  22.952 1.0000000000
157743  -30.882  -72.707  22.849 1.0000000000
157744  -30.266  -72.835  22.872 1.0000000000
157745  -30.019  -73.505  22.431 1.0000000000
157746  -29.733  -74.223  21.933 1.0000000000
157747  -29.412  -74.979  21.465 1.0000000000
157750  -31.555  -75.138  20.777 1.0000000000
157753  -30.889  -75.151  20.625 1.0000000000
157754  -30.236  -75.251  20.574 1.0000000000
