#!ascii label  , from subject 40tvs8ref_sym_20 vox2ras=TkReg
313
59  -48.798  -16.208  19.957 1.0000000000
910  -52.957  -16.053  18.000 1.0000000000
912  -47.874  -19.852  18.397 1.0000000000
1475  -52.551  -12.208  16.836 1.0000000000
1476  -49.390  -11.041  16.251 1.0000000000
2819  -46.410  -18.122  20.268 1.0000000000
2821  -47.381  -15.420  20.833 1.0000000000
2830  -50.792  -16.193  18.848 1.0000000000
2831  -50.379  -18.013  18.076 1.0000000000
2832  -48.180  -18.157  18.877 1.0000000000
2833  -45.739  -19.875  18.992 1.0000000000
3433  -54.781  -12.204  16.455 1.0000000000
4148  -47.852  -10.542  16.009 1.0000000000
6248  -52.695  -17.913  17.856 1.0000000000
6249  -50.200  -19.735  18.500 1.0000000000
7283  -50.821  -14.133  18.833 1.0000000000
7284  -49.277  -13.346  19.082 1.0000000000
7285  -50.890  -11.641  16.522 1.0000000000
7302  -55.189  -14.066  17.475 1.0000000000
7303  -52.979  -14.137  18.114 1.0000000000
8278  -47.743  -12.566  19.083 1.0000000000
10499  -47.649  -17.180  20.142 1.0000000000
10500  -46.989  -16.831  20.781 1.0000000000
10501  -48.098  -15.822  20.451 1.0000000000
10510  -49.770  -16.239  19.376 1.0000000000
10511  -49.515  -17.222  18.892 1.0000000000
10512  -48.492  -17.253  19.495 1.0000000000
10513  -47.236  -18.142  19.512 1.0000000000
14250  -54.052  -16.009  17.691 1.0000000000
14252  -52.810  -17.002  17.773 1.0000000000
14253  -49.110  -18.952  18.201 1.0000000000
14254  -50.288  -18.930  18.081 1.0000000000
14255  -49.032  -19.817  18.376 1.0000000000
14257  -47.825  -20.646  18.813 1.0000000000
14259  -46.701  -20.689  18.688 1.0000000000
16019  -51.704  -13.147  17.952 1.0000000000
16020  -50.932  -12.753  17.903 1.0000000000
16021  -51.705  -11.939  16.682 1.0000000000
16059  -56.193  -13.132  16.870 1.0000000000
16060  -53.641  -12.241  16.639 1.0000000000
16061  -53.921  -13.103  17.377 1.0000000000
16062  -52.794  -13.128  17.652 1.0000000000
16063  -51.879  -14.148  18.432 1.0000000000
18202  -49.370  -12.057  17.759 1.0000000000
18203  -48.538  -12.924  19.090 1.0000000000
18204  -48.594  -11.756  17.707 1.0000000000
23526  -51.849  -16.165  18.396 1.0000000000
23527  -51.678  -17.062  18.042 1.0000000000
23528  -50.564  -17.169  18.405 1.0000000000
23529  -49.285  -18.080  18.375 1.0000000000
23530  -47.975  -18.997  18.387 1.0000000000
23531  -46.778  -19.852  18.564 1.0000000000
23532  -46.933  -18.995  18.835 1.0000000000
23533  -46.045  -18.990  19.562 1.0000000000
24587  -53.291  -11.491  15.688 1.0000000000
24588  -52.447  -11.236  15.429 1.0000000000
24611  -55.941  -12.274  16.232 1.0000000000
25897  -49.314  -10.261  14.577 1.0000000000
25898  -48.602  -10.805  16.149 1.0000000000
29939  -51.550  -17.949  17.907 1.0000000000
29940  -51.451  -18.860  18.118 1.0000000000
29949  -45.636  -20.734  18.822 1.0000000000
32387  -49.824  -15.172  19.508 1.0000000000
32388  -49.133  -14.745  19.811 1.0000000000
32389  -50.053  -13.754  18.984 1.0000000000
32390  -50.124  -12.413  17.873 1.0000000000
32391  -50.131  -11.330  16.379 1.0000000000
32392  -51.633  -10.986  15.252 1.0000000000
32393  -50.833  -10.737  15.053 1.0000000000
32394  -50.076  -10.481  14.819 1.0000000000
32438  -54.087  -15.096  17.829 1.0000000000
32439  -55.036  -13.078  17.121 1.0000000000
32440  -54.054  -14.109  17.776 1.0000000000
32441  -53.008  -15.142  18.213 1.0000000000
32442  -51.914  -15.195  18.582 1.0000000000
32443  -50.856  -15.195  19.027 1.0000000000
35128  -48.402  -14.326  20.057 1.0000000000
35129  -47.612  -13.902  20.260 1.0000000000
35131  -47.825  -11.458  17.650 1.0000000000
41219  -48.232  -16.699  20.072 1.0000000000
41220  -47.908  -16.524  20.375 1.0000000000
41221  -48.463  -16.029  20.231 1.0000000000
41230  -49.266  -16.225  19.645 1.0000000000
41231  -49.144  -16.761  19.452 1.0000000000
41232  -48.675  -16.753  19.777 1.0000000000
41233  -48.054  -17.219  19.817 1.0000000000
44970  -53.490  -16.030  17.826 1.0000000000
44971  -53.424  -16.518  17.723 1.0000000000
44972  -52.868  -16.534  17.865 1.0000000000
44973  -48.496  -19.408  18.299 1.0000000000
44974  -49.072  -19.387  18.242 1.0000000000
44975  -48.467  -19.829  18.402 1.0000000000
44976  -48.438  -20.224  18.584 1.0000000000
44977  -47.843  -20.279  18.518 1.0000000000
44978  -47.272  -20.680  18.741 1.0000000000
44979  -47.275  -20.281  18.539 1.0000000000
46739  -52.123  -12.684  17.404 1.0000000000
46740  -51.726  -12.512  17.343 1.0000000000
46741  -52.120  -12.098  16.764 1.0000000000
46778  -56.785  -13.161  16.769 1.0000000000
46779  -56.666  -12.717  16.478 1.0000000000
46780  -53.089  -12.233  16.731 1.0000000000
46781  -53.224  -12.664  17.157 1.0000000000
46782  -52.685  -12.640  17.279 1.0000000000
46783  -52.246  -13.143  17.787 1.0000000000
48922  -49.386  -11.509  17.025 1.0000000000
48923  -48.987  -11.901  17.743 1.0000000000
48924  -49.003  -11.358  16.997 1.0000000000
54539  -45.794  -18.552  20.298 1.0000000000
54542  -47.211  -16.133  20.873 1.0000000000
54570  -51.302  -16.202  18.628 1.0000000000
54571  -51.211  -16.670  18.429 1.0000000000
54572  -50.677  -16.696  18.644 1.0000000000
54573  -48.846  -17.708  18.896 1.0000000000
54574  -49.400  -17.663  18.626 1.0000000000
54575  -48.734  -18.126  18.616 1.0000000000
54576  -48.630  -18.548  18.388 1.0000000000
54577  -48.071  -18.578  18.587 1.0000000000
54578  -47.461  -18.976  18.604 1.0000000000
54579  -47.551  -18.554  18.845 1.0000000000
54580  -46.824  -18.145  19.891 1.0000000000
54581  -46.630  -18.564  19.527 1.0000000000
54582  -46.230  -18.563  19.912 1.0000000000
54583  -45.631  -18.990  19.953 1.0000000000
56339  -53.669  -11.178  15.102 1.0000000000
56383  -53.860  -11.503  15.606 1.0000000000
58523  -48.887  -10.168  14.465 1.0000000000
65793  -53.345  -17.435  17.738 1.0000000000
65795  -53.300  -17.861  17.873 1.0000000000
65797  -52.676  -18.319  18.034 1.0000000000
65798  -51.028  -17.533  18.056 1.0000000000
65799  -51.604  -17.498  17.940 1.0000000000
65800  -50.951  -17.980  17.952 1.0000000000
65801  -50.228  -19.372  18.249 1.0000000000
65802  -50.872  -18.887  18.097 1.0000000000
65803  -50.812  -19.317  18.280 1.0000000000
65805  -50.762  -19.647  18.539 1.0000000000
65807  -50.183  -20.061  18.789 1.0000000000
65820  -46.235  -19.882  18.709 1.0000000000
65821  -46.184  -20.300  18.667 1.0000000000
65822  -45.675  -20.301  18.843 1.0000000000
71099  -50.339  -14.658  19.224 1.0000000000
71100  -49.957  -14.453  19.322 1.0000000000
71101  -50.427  -13.965  18.914 1.0000000000
71102  -50.902  -12.165  17.244 1.0000000000
71103  -50.524  -12.576  17.889 1.0000000000
71104  -50.502  -11.983  17.206 1.0000000000
71105  -50.124  -11.840  17.133 1.0000000000
71106  -50.501  -11.494  16.438 1.0000000000
71108  -52.050  -11.086  15.335 1.0000000000
71111  -51.168  -10.463  14.408 1.0000000000
71112  -50.777  -10.340  14.266 1.0000000000
71113  -50.455  -10.611  14.917 1.0000000000
71114  -50.382  -10.236  14.135 1.0000000000
71115  -49.995  -10.112  13.991 1.0000000000
71218  -54.643  -15.064  17.658 1.0000000000
71219  -54.632  -14.575  17.669 1.0000000000
71220  -55.360  -12.245  16.348 1.0000000000
71221  -55.486  -12.679  16.708 1.0000000000
71222  -54.951  -12.625  16.843 1.0000000000
71223  -53.468  -13.604  17.774 1.0000000000
71224  -54.012  -13.608  17.669 1.0000000000
71225  -53.515  -14.116  17.957 1.0000000000
71226  -53.547  -14.627  18.039 1.0000000000
71227  -53.003  -14.644  18.228 1.0000000000
71228  -52.457  -15.168  18.437 1.0000000000
71229  -52.457  -14.676  18.374 1.0000000000
71230  -51.359  -14.132  18.626 1.0000000000
71231  -51.386  -14.665  18.764 1.0000000000
71232  -50.853  -14.665  18.968 1.0000000000
71233  -50.331  -15.210  19.291 1.0000000000
77647  -49.235  -14.012  19.513 1.0000000000
77648  -48.771  -14.530  19.949 1.0000000000
77649  -48.839  -13.825  19.595 1.0000000000
77650  -48.146  -12.752  19.087 1.0000000000
77651  -48.078  -13.412  19.690 1.0000000000
77652  -47.695  -13.212  19.711 1.0000000000
77654  -47.295  -13.031  19.693 1.0000000000
77655  -48.218  -10.680  16.076 1.0000000000
77656  -48.230  -11.110  16.911 1.0000000000
77657  -47.854  -10.978  16.851 1.0000000000
92627  -47.020  -17.665  20.213 1.0000000000
92628  -46.741  -17.517  20.572 1.0000000000
92629  -47.326  -17.015  20.472 1.0000000000
92630  -47.556  -16.330  20.652 1.0000000000
92631  -47.756  -15.627  20.679 1.0000000000
92646  -50.285  -16.219  19.090 1.0000000000
92647  -50.160  -16.723  18.896 1.0000000000
92648  -49.643  -16.752  19.144 1.0000000000
92649  -48.996  -17.263  19.194 1.0000000000
92650  -48.319  -17.722  19.186 1.0000000000
92651  -47.670  -18.153  19.154 1.0000000000
92652  -47.852  -17.703  19.507 1.0000000000
92653  -47.418  -17.711  19.852 1.0000000000
99381  -53.397  -16.989  17.671 1.0000000000
99382  -52.760  -17.467  17.752 1.0000000000
99383  -49.715  -18.488  18.120 1.0000000000
99384  -50.312  -18.465  18.024 1.0000000000
99385  -49.688  -18.931  18.121 1.0000000000
99386  -49.646  -19.378  18.229 1.0000000000
99387  -49.609  -19.793  18.430 1.0000000000
99388  -49.593  -20.154  18.717 1.0000000000
99393  -47.281  -21.046  19.055 1.0000000000
102563  -51.270  -13.626  18.396 1.0000000000
102564  -50.876  -13.456  18.450 1.0000000000
102565  -51.309  -12.948  17.894 1.0000000000
102566  -51.315  -12.332  17.272 1.0000000000
102567  -51.288  -11.800  16.591 1.0000000000
102634  -56.288  -13.591  17.087 1.0000000000
102635  -55.725  -13.559  17.226 1.0000000000
102636  -54.224  -12.229  16.559 1.0000000000
102637  -54.367  -12.626  16.934 1.0000000000
102638  -53.796  -12.659  17.039 1.0000000000
102639  -53.384  -13.123  17.522 1.0000000000
102640  -52.900  -13.630  17.930 1.0000000000
102641  -52.426  -14.156  18.262 1.0000000000
102642  -52.344  -13.631  18.100 1.0000000000
102643  -51.798  -13.645  18.219 1.0000000000
106492  -49.361  -12.658  18.445 1.0000000000
106493  -48.910  -13.132  19.069 1.0000000000
106494  -48.966  -12.483  18.433 1.0000000000
106495  -48.583  -12.318  18.433 1.0000000000
106496  -48.180  -12.148  18.421 1.0000000000
116334  -52.399  -16.124  18.182 1.0000000000
116335  -52.318  -16.578  18.031 1.0000000000
116336  -51.760  -16.666  18.213 1.0000000000
116337  -51.118  -17.112  18.228 1.0000000000
116338  -50.472  -17.585  18.211 1.0000000000
116339  -50.028  -17.200  18.626 1.0000000000
116340  -49.921  -17.636  18.394 1.0000000000
116341  -49.824  -18.058  18.225 1.0000000000
116342  -49.186  -18.511  18.239 1.0000000000
116343  -48.544  -18.970  18.253 1.0000000000
116344  -47.907  -19.425  18.336 1.0000000000
116345  -47.310  -19.850  18.448 1.0000000000
116346  -47.376  -19.418  18.445 1.0000000000
116347  -46.850  -19.424  18.639 1.0000000000
116348  -46.336  -19.444  18.892 1.0000000000
116349  -47.070  -18.569  19.162 1.0000000000
116350  -46.472  -19.001  19.172 1.0000000000
116351  -45.872  -19.429  19.233 1.0000000000
118811  -52.932  -11.834  16.272 1.0000000000
118812  -52.506  -11.704  16.168 1.0000000000
118813  -52.866  -11.363  15.563 1.0000000000
118866  -56.378  -11.889  15.699 1.0000000000
118871  -54.609  -11.846  16.026 1.0000000000
118873  -53.483  -11.849  16.190 1.0000000000
121867  -49.368  -10.638  15.434 1.0000000000
121868  -49.001  -10.924  16.194 1.0000000000
121869  -48.968  -10.534  15.361 1.0000000000
121870  -48.551  -10.425  15.280 1.0000000000
121871  -48.170  -10.297  15.159 1.0000000000
131729  -52.234  -17.019  17.893 1.0000000000
131730  -52.186  -17.458  17.825 1.0000000000
131731  -52.131  -17.930  17.860 1.0000000000
131732  -50.915  -18.436  17.987 1.0000000000
131733  -51.505  -18.410  17.956 1.0000000000
131734  -52.081  -18.385  17.980 1.0000000000
131757  -46.712  -20.284  18.589 1.0000000000
131758  -46.158  -20.731  18.761 1.0000000000
131761  -45.084  -21.183  18.987 1.0000000000
138419  -49.330  -15.698  19.775 1.0000000000
138420  -48.989  -15.497  19.967 1.0000000000
138421  -49.472  -14.970  19.685 1.0000000000
138422  -49.598  -14.241  19.429 1.0000000000
138423  -49.665  -13.556  19.024 1.0000000000
138424  -50.507  -13.253  18.457 1.0000000000
138425  -50.110  -13.067  18.497 1.0000000000
138426  -49.716  -12.886  18.476 1.0000000000
138427  -49.749  -12.244  17.818 1.0000000000
138428  -49.745  -11.661  17.075 1.0000000000
138429  -49.764  -11.161  16.307 1.0000000000
138430  -52.086  -11.561  16.081 1.0000000000
138431  -51.677  -11.424  15.983 1.0000000000
138432  -51.266  -11.290  15.885 1.0000000000
138433  -51.573  -10.595  14.503 1.0000000000
138434  -51.213  -10.874  15.166 1.0000000000
138435  -50.870  -11.168  15.796 1.0000000000
138436  -50.513  -11.006  15.700 1.0000000000
138437  -50.123  -10.875  15.606 1.0000000000
138438  -49.755  -10.741  15.532 1.0000000000
138439  -49.693  -10.363  14.698 1.0000000000
138440  -49.604  -10.002  13.793 1.0000000000
138564  -54.659  -15.526  17.631 1.0000000000
138565  -54.086  -15.554  17.766 1.0000000000
138566  -53.530  -15.579  17.929 1.0000000000
138567  -56.060  -12.693  16.597 1.0000000000
138568  -55.618  -13.112  17.012 1.0000000000
138569  -55.135  -13.572  17.347 1.0000000000
138570  -54.478  -13.094  17.250 1.0000000000
138571  -54.556  -13.582  17.486 1.0000000000
138572  -54.637  -14.084  17.661 1.0000000000
138573  -54.081  -14.612  17.834 1.0000000000
138574  -53.551  -15.122  18.010 1.0000000000
138575  -52.993  -15.624  18.125 1.0000000000
138576  -52.446  -15.653  18.331 1.0000000000
138577  -51.887  -15.686  18.526 1.0000000000
138578  -51.359  -15.710  18.724 1.0000000000
138579  -51.944  -14.660  18.581 1.0000000000
138580  -51.394  -15.188  18.786 1.0000000000
138581  -50.876  -15.701  18.995 1.0000000000
138582  -50.323  -15.721  19.222 1.0000000000
138583  -49.816  -15.716  19.491 1.0000000000
146398  -48.627  -15.296  20.190 1.0000000000
146399  -48.267  -15.074  20.335 1.0000000000
146400  -47.901  -14.869  20.502 1.0000000000
146401  -48.469  -13.623  19.678 1.0000000000
146402  -47.994  -14.123  20.178 1.0000000000
146403  -47.516  -14.659  20.631 1.0000000000
146407  -48.605  -11.249  16.951 1.0000000000
146408  -48.205  -11.599  17.690 1.0000000000
146409  -47.784  -11.988  18.404 1.0000000000
146412  -47.339  -12.403  19.078 1.0000000000
