#!ascii label  , from subject 40tvs8ref_sym_20 vox2ras=TkReg
80
689  -20.342  -57.708  7.377 1.0000000000
2345  -22.594  -65.024  9.643 1.0000000000
2609  -22.541  -60.021  7.612 1.0000000000
9754  -20.762  -61.691  9.431 1.0000000000
9755  -20.821  -60.919  8.133 1.0000000000
13586  -21.506  -57.335  7.429 1.0000000000
21419  -22.945  -64.684  8.907 1.0000000000
21820  -21.893  -63.585  10.373 1.0000000000
21822  -21.986  -63.264  9.574 1.0000000000
21823  -22.097  -62.815  8.908 1.0000000000
22025  -19.846  -60.008  7.862 1.0000000000
22026  -19.163  -60.267  8.586 1.0000000000
23127  -21.486  -58.827  7.453 1.0000000000
23128  -22.685  -58.545  7.632 1.0000000000
27827  -22.309  -65.530  10.303 1.0000000000
39500  -19.310  -60.522  9.230 1.0000000000
39501  -20.777  -61.398  8.721 1.0000000000
39502  -22.304  -62.335  8.310 1.0000000000
39503  -22.495  -61.694  7.884 1.0000000000
39745  -20.735  -59.540  7.465 1.0000000000
39746  -21.654  -60.545  7.623 1.0000000000
44305  -20.273  -56.944  7.367 1.0000000000
44306  -20.989  -57.541  7.380 1.0000000000
52139  -22.747  -64.904  9.247 1.0000000000
52140  -23.101  -65.503  8.773 1.0000000000
52540  -22.269  -64.303  10.009 1.0000000000
52541  -21.913  -63.412  9.968 1.0000000000
52542  -22.378  -64.122  9.625 1.0000000000
52543  -22.478  -64.004  9.228 1.0000000000
53904  -22.045  -59.439  7.511 1.0000000000
53905  -22.644  -59.312  7.635 1.0000000000
61739  -22.204  -65.727  10.658 1.0000000000
63798  -23.273  -58.375  7.706 1.0000000000
88505  -20.107  -61.157  9.696 1.0000000000
88507  -20.046  -61.054  9.328 1.0000000000
88508  -20.019  -60.939  8.966 1.0000000000
88509  -20.766  -61.575  9.060 1.0000000000
88510  -22.713  -63.502  8.603 1.0000000000
88511  -22.171  -62.598  8.608 1.0000000000
89117  -20.328  -60.449  8.004 1.0000000000
89118  -20.768  -60.281  7.719 1.0000000000
89119  -21.195  -60.734  7.855 1.0000000000
89120  -22.069  -61.084  7.737 1.0000000000
89121  -21.683  -61.268  7.951 1.0000000000
92248  -23.577  -60.551  7.847 1.0000000000
112283  -23.087  -64.400  8.604 1.0000000000
113004  -21.448  -62.846  10.704 1.0000000000
113008  -21.421  -62.427  9.523 1.0000000000
113009  -21.437  -62.245  9.159 1.0000000000
113010  -22.018  -63.072  9.210 1.0000000000
113011  -22.617  -63.767  8.889 1.0000000000
113374  -18.970  -59.750  8.085 1.0000000000
113375  -19.449  -60.164  8.198 1.0000000000
113376  -19.982  -60.583  8.327 1.0000000000
115401  -20.886  -58.230  7.421 1.0000000000
115402  -21.519  -58.112  7.441 1.0000000000
115403  -22.092  -58.703  7.535 1.0000000000
115404  -23.260  -59.180  7.748 1.0000000000
126371  -22.445  -65.283  9.971 1.0000000000
126372  -22.650  -65.958  9.441 1.0000000000
126936  -21.882  -63.762  10.733 1.0000000000
126937  -22.201  -64.581  10.348 1.0000000000
129194  -22.082  -57.915  7.538 1.0000000000
129195  -22.621  -57.707  7.585 1.0000000000
159459  -19.208  -60.397  8.900 1.0000000000
159460  -19.982  -60.782  8.639 1.0000000000
159461  -20.799  -61.209  8.386 1.0000000000
159462  -21.483  -62.061  8.830 1.0000000000
159463  -21.541  -61.837  8.519 1.0000000000
159464  -21.618  -61.590  8.204 1.0000000000
159465  -22.419  -62.058  8.032 1.0000000000
159467  -23.268  -62.179  7.947 1.0000000000
160188  -19.922  -58.068  7.406 1.0000000000
160189  -20.504  -58.633  7.409 1.0000000000
160190  -21.173  -59.236  7.374 1.0000000000
160191  -21.679  -59.757  7.455 1.0000000000
160192  -20.298  -59.803  7.621 1.0000000000
160193  -21.261  -60.064  7.523 1.0000000000
160194  -22.125  -60.313  7.578 1.0000000000
160195  -22.512  -60.875  7.699 1.0000000000
