#!ascii label  , from subject 40tvs8ref_sym_20 vox2ras=TkReg
224
424  -4.097  -10.008  30.226 1.0000000000
945  -3.953  -2.527  30.226 1.0000000000
946  -5.201  -5.534  30.980 1.0000000000
1951  -5.787  -11.430  30.983 1.0000000000
2865  -5.337  -2.515  30.804 1.0000000000
4277  -3.996  -6.252  30.403 1.0000000000
4283  -6.467  -9.257  32.279 1.0000000000
6311  -4.330  -4.349  30.507 1.0000000000
6312  -4.388  -7.587  30.566 1.0000000000
8449  -6.323  -6.349  32.198 1.0000000000
8450  -5.409  -8.524  31.035 1.0000000000
8451  -4.569  -10.822  30.372 1.0000000000
8452  -6.423  -14.288  31.003 1.0000000000
8453  -4.966  -13.757  30.074 1.0000000000
8454  -4.210  -13.419  29.778 1.0000000000
11957  -4.032  -8.166  30.350 1.0000000000
14357  -5.226  -4.088  30.924 1.0000000000
14358  -4.688  -3.474  30.601 1.0000000000
14359  -4.671  -5.052  30.719 1.0000000000
14360  -4.346  -6.025  30.591 1.0000000000
14361  -4.715  -6.520  30.743 1.0000000000
18592  -3.912  -0.732  30.016 1.0000000000
18610  -6.230  -10.348  31.586 1.0000000000
18611  -6.114  -8.889  31.584 1.0000000000
18612  -5.593  -10.022  31.019 1.0000000000
18613  -4.899  -9.699  30.665 1.0000000000
18614  -5.085  -11.172  30.597 1.0000000000
18616  -6.843  -14.630  31.717 1.0000000000
18621  -4.481  -13.549  29.869 1.0000000000
23592  -5.896  -4.446  31.408 1.0000000000
26131  -3.972  -4.440  30.329 1.0000000000
26141  -6.194  -8.189  32.937 1.0000000000
26142  -6.206  -9.657  32.968 1.0000000000
26143  -6.550  -10.705  32.318 1.0000000000
26144  -6.424  -11.767  31.602 1.0000000000
30084  -4.105  -1.776  30.212 1.0000000000
30085  -4.754  -1.934  30.444 1.0000000000
30086  -4.307  -2.700  30.362 1.0000000000
30087  -4.114  -3.477  30.344 1.0000000000
30088  -4.113  -5.327  30.448 1.0000000000
30089  -4.118  -7.033  30.479 1.0000000000
30090  -4.182  -8.797  30.397 1.0000000000
35625  -5.914  -5.965  31.489 1.0000000000
35626  -6.358  -7.811  32.237 1.0000000000
35627  -5.978  -7.434  31.537 1.0000000000
35628  -5.297  -7.005  31.031 1.0000000000
35629  -4.763  -8.103  30.720 1.0000000000
35630  -4.471  -9.244  30.487 1.0000000000
35631  -4.296  -10.403  30.282 1.0000000000
35633  -6.676  -13.157  31.660 1.0000000000
35634  -6.108  -12.832  30.995 1.0000000000
35636  -5.683  -14.021  30.429 1.0000000000
35637  -5.337  -12.540  30.515 1.0000000000
35638  -4.749  -12.319  30.236 1.0000000000
35639  -4.391  -12.044  30.083 1.0000000000
35640  -4.174  -11.793  30.019 1.0000000000
42677  -4.063  -9.115  30.295 1.0000000000
42678  -4.009  -8.847  30.275 1.0000000000
45077  -5.206  -4.831  30.960 1.0000000000
45078  -4.904  -4.593  30.794 1.0000000000
45079  -4.907  -5.328  30.827 1.0000000000
45080  -4.677  -5.803  30.738 1.0000000000
45081  -4.927  -6.031  30.848 1.0000000000
49312  -3.930  -1.657  30.142 1.0000000000
49313  -3.838  -1.126  30.041 1.0000000000
49330  -6.041  -10.882  31.257 1.0000000000
49331  -5.954  -10.162  31.265 1.0000000000
49332  -5.674  -10.739  30.994 1.0000000000
49333  -5.315  -10.612  30.777 1.0000000000
49334  -5.406  -11.300  30.745 1.0000000000
54680  -5.925  -3.707  31.383 1.0000000000
54681  -6.178  -3.852  31.699 1.0000000000
58912  -3.979  -5.369  30.363 1.0000000000
58914  -3.931  -5.902  30.352 1.0000000000
58928  -5.850  -9.107  33.247 1.0000000000
58929  -5.795  -9.858  33.237 1.0000000000
58931  -6.432  -10.916  32.677 1.0000000000
58933  -6.506  -11.257  31.954 1.0000000000
58934  -6.584  -11.956  31.967 1.0000000000
66112  -5.408  -1.769  30.745 1.0000000000
66114  -5.040  -2.245  30.609 1.0000000000
66115  -4.498  -3.882  30.554 1.0000000000
66116  -4.481  -3.097  30.476 1.0000000000
66117  -4.318  -3.482  30.439 1.0000000000
66118  -4.207  -3.050  30.358 1.0000000000
66119  -4.217  -3.922  30.419 1.0000000000
66120  -4.114  -4.406  30.397 1.0000000000
66121  -4.212  -4.852  30.478 1.0000000000
66122  -4.354  -6.816  30.588 1.0000000000
66123  -4.222  -6.536  30.532 1.0000000000
66124  -4.235  -7.339  30.520 1.0000000000
66125  -4.141  -7.903  30.448 1.0000000000
66126  -4.271  -8.165  30.488 1.0000000000
78868  -6.170  -5.417  31.787 1.0000000000
78869  -6.197  -6.146  31.830 1.0000000000
78870  -6.372  -8.715  32.618 1.0000000000
78871  -6.330  -7.998  32.584 1.0000000000
78872  -6.427  -8.531  32.245 1.0000000000
78873  -5.774  -8.704  31.256 1.0000000000
78874  -6.017  -8.176  31.549 1.0000000000
78875  -5.708  -7.971  31.252 1.0000000000
78876  -5.664  -7.231  31.239 1.0000000000
78877  -5.352  -7.757  31.037 1.0000000000
78878  -5.012  -7.525  30.860 1.0000000000
78879  -5.062  -8.316  30.852 1.0000000000
78880  -4.728  -10.268  30.517 1.0000000000
78881  -4.656  -9.483  30.564 1.0000000000
78882  -4.519  -10.063  30.439 1.0000000000
78883  -4.375  -9.839  30.388 1.0000000000
78884  -4.435  -10.611  30.322 1.0000000000
78888  -6.719  -14.440  31.362 1.0000000000
78889  -6.761  -13.916  31.685 1.0000000000
78890  -6.582  -13.710  31.332 1.0000000000
78891  -6.452  -12.970  31.305 1.0000000000
78892  -6.275  -13.551  31.005 1.0000000000
78896  -5.110  -14.477  30.005 1.0000000000
78898  -5.307  -13.887  30.231 1.0000000000
78899  -5.501  -13.276  30.475 1.0000000000
78900  -5.135  -13.140  30.290 1.0000000000
78901  -5.021  -12.419  30.360 1.0000000000
78902  -4.853  -13.048  30.155 1.0000000000
78903  -4.329  -13.459  29.819 1.0000000000
78904  -4.427  -12.828  29.973 1.0000000000
78905  -4.299  -12.777  29.920 1.0000000000
78906  -4.281  -11.969  30.039 1.0000000000
78907  -4.185  -12.685  29.891 1.0000000000
78909  -4.096  -13.330  29.758 1.0000000000
95251  -4.010  -7.162  30.397 1.0000000000
99571  -5.270  -3.302  30.867 1.0000000000
99572  -4.973  -3.008  30.675 1.0000000000
99573  -4.918  -3.809  30.748 1.0000000000
99574  -4.678  -4.260  30.669 1.0000000000
99575  -4.488  -4.735  30.613 1.0000000000
99576  -4.327  -5.239  30.555 1.0000000000
99577  -4.492  -5.531  30.646 1.0000000000
99578  -4.512  -6.290  30.660 1.0000000000
99579  -4.534  -7.051  30.654 1.0000000000
107194  -3.911  0.121  29.866 1.0000000000
107196  -3.817  -0.177  29.889 1.0000000000
107225  -6.294  -6.548  32.554 1.0000000000
107226  -6.376  -9.803  31.925 1.0000000000
107227  -6.339  -9.071  31.919 1.0000000000
107228  -6.168  -9.621  31.587 1.0000000000
107229  -5.862  -9.431  31.262 1.0000000000
107230  -5.486  -9.286  31.024 1.0000000000
107231  -5.128  -9.109  30.829 1.0000000000
107232  -5.220  -9.881  30.805 1.0000000000
107233  -4.998  -10.474  30.630 1.0000000000
107234  -4.807  -11.016  30.467 1.0000000000
107237  -6.938  -15.361  31.761 1.0000000000
107238  -6.867  -15.151  31.402 1.0000000000
107244  -4.832  -14.368  29.884 1.0000000000
107245  -4.697  -13.644  29.957 1.0000000000
107248  -4.257  -14.140  29.658 1.0000000000
116484  -5.716  -2.021  30.962 1.0000000000
116488  -5.609  -3.577  31.074 1.0000000000
116489  -5.575  -4.300  31.123 1.0000000000
116490  -5.540  -5.013  31.142 1.0000000000
122413  -3.968  -3.486  30.289 1.0000000000
122436  -5.845  -8.378  33.242 1.0000000000
122437  -6.234  -8.880  32.982 1.0000000000
122438  -6.397  -9.438  32.637 1.0000000000
122440  -6.405  -10.184  32.643 1.0000000000
122441  -6.503  -9.970  32.282 1.0000000000
122442  -6.428  -10.525  31.933 1.0000000000
122443  -6.316  -11.068  31.588 1.0000000000
122444  -6.137  -11.582  31.245 1.0000000000
132124  -4.002  -0.422  29.998 1.0000000000
132125  -4.009  -1.276  30.120 1.0000000000
132126  -4.018  -2.116  30.214 1.0000000000
132129  -4.554  -1.549  30.315 1.0000000000
132130  -4.708  -2.709  30.524 1.0000000000
132131  -4.507  -2.352  30.398 1.0000000000
132132  -4.341  -1.990  30.293 1.0000000000
132133  -4.213  -2.256  30.289 1.0000000000
132134  -4.111  -2.579  30.287 1.0000000000
132135  -4.029  -2.965  30.286 1.0000000000
132136  -4.047  -3.915  30.345 1.0000000000
132137  -4.044  -4.859  30.376 1.0000000000
132138  -4.047  -5.759  30.423 1.0000000000
132139  -4.216  -5.717  30.518 1.0000000000
132140  -4.113  -6.211  30.482 1.0000000000
132141  -4.052  -6.650  30.441 1.0000000000
132142  -4.065  -7.552  30.421 1.0000000000
132143  -4.091  -8.483  30.372 1.0000000000
132144  -4.128  -9.431  30.315 1.0000000000
147871  -6.165  -4.638  31.739 1.0000000000
147872  -5.875  -5.219  31.440 1.0000000000
147873  -5.546  -5.765  31.170 1.0000000000
147874  -6.164  -7.456  32.912 1.0000000000
147875  -6.289  -7.271  32.572 1.0000000000
147876  -6.333  -7.087  32.221 1.0000000000
147877  -6.279  -8.354  31.894 1.0000000000
147878  -6.198  -7.640  31.859 1.0000000000
147879  -6.208  -6.888  31.855 1.0000000000
147880  -5.958  -6.699  31.525 1.0000000000
147881  -5.596  -6.526  31.216 1.0000000000
147882  -5.237  -6.261  31.012 1.0000000000
147883  -4.965  -6.750  30.859 1.0000000000
147884  -4.733  -7.289  30.739 1.0000000000
147885  -4.556  -7.832  30.636 1.0000000000
147886  -4.820  -8.909  30.694 1.0000000000
147887  -4.595  -8.678  30.599 1.0000000000
147888  -4.430  -8.398  30.531 1.0000000000
147889  -4.322  -9.047  30.436 1.0000000000
147890  -4.237  -9.655  30.340 1.0000000000
147891  -4.173  -10.208  30.248 1.0000000000
147898  -6.549  -12.459  31.626 1.0000000000
147899  -6.295  -12.274  31.270 1.0000000000
147900  -5.939  -12.123  30.986 1.0000000000
147905  -5.830  -14.703  30.376 1.0000000000
147906  -6.079  -14.140  30.682 1.0000000000
147907  -5.907  -13.415  30.711 1.0000000000
147908  -5.727  -12.681  30.732 1.0000000000
147909  -5.558  -11.975  30.741 1.0000000000
147910  -5.204  -11.840  30.559 1.0000000000
147911  -4.902  -11.729  30.419 1.0000000000
147912  -4.635  -11.577  30.296 1.0000000000
147913  -4.619  -12.947  30.055 1.0000000000
147914  -4.540  -12.182  30.143 1.0000000000
147915  -4.488  -11.390  30.237 1.0000000000
147916  -4.373  -11.213  30.198 1.0000000000
147917  -4.236  -11.074  30.154 1.0000000000
147918  -4.134  -10.879  30.133 1.0000000000
