#!ascii label  , from subject 40tvs8ref_sym_20 vox2ras=TkReg
240
295  -45.889  -69.516  38.196 1.0000000000
775  -46.735  -68.385  32.986 1.0000000000
776  -42.769  -71.692  34.590 1.0000000000
1924  -48.171  -66.768  35.731 1.0000000000
3765  -45.174  -69.534  40.680 1.0000000000
3767  -43.916  -70.787  39.178 1.0000000000
6003  -46.346  -69.156  35.601 1.0000000000
6004  -44.237  -70.372  36.496 1.0000000000
6005  -44.566  -69.759  33.797 1.0000000000
7772  -42.316  -72.070  37.272 1.0000000000
8375  -46.413  -68.395  39.440 1.0000000000
8377  -47.373  -66.932  38.359 1.0000000000
8378  -47.172  -68.314  36.935 1.0000000000
8379  -47.855  -67.805  34.478 1.0000000000
11445  -45.539  -69.561  39.456 1.0000000000
11446  -44.703  -70.236  40.006 1.0000000000
11447  -44.949  -70.152  38.717 1.0000000000
13845  -46.540  -68.791  34.313 1.0000000000
13846  -45.500  -69.404  34.646 1.0000000000
13847  -45.723  -69.088  33.367 1.0000000000
17063  -43.393  -70.917  35.545 1.0000000000
17064  -43.197  -71.149  36.879 1.0000000000
17065  -42.514  -71.895  35.887 1.0000000000
18433  -46.024  -68.223  40.668 1.0000000000
18434  -46.567  -67.571  40.083 1.0000000000
18440  -47.792  -66.888  37.093 1.0000000000
18441  -47.349  -67.701  37.626 1.0000000000
18442  -47.759  -67.598  36.308 1.0000000000
18443  -47.602  -68.123  35.684 1.0000000000
18444  -48.138  -67.336  35.073 1.0000000000
23283  -46.903  -68.000  31.819 1.0000000000
23284  -45.944  -68.745  32.144 1.0000000000
25209  -44.775  -69.387  42.009 1.0000000000
25211  -44.351  -70.238  41.256 1.0000000000
25212  -43.659  -70.914  40.498 1.0000000000
25213  -42.832  -71.548  39.570 1.0000000000
26042  -48.505  -66.558  34.416 1.0000000000
29367  -46.181  -69.383  36.925 1.0000000000
29368  -45.190  -69.972  37.389 1.0000000000
29369  -45.325  -69.739  36.052 1.0000000000
29370  -44.384  -70.082  35.139 1.0000000000
29371  -43.593  -70.648  34.173 1.0000000000
29372  -44.915  -69.484  32.601 1.0000000000
29373  -43.899  -70.389  32.945 1.0000000000
29374  -43.156  -71.456  33.301 1.0000000000
33710  -44.116  -70.595  37.834 1.0000000000
33711  -43.021  -71.363  38.206 1.0000000000
33712  -42.042  -72.206  38.605 1.0000000000
35409  -45.426  -68.799  41.304 1.0000000000
35410  -45.779  -68.969  40.056 1.0000000000
35411  -46.170  -69.013  38.823 1.0000000000
35417  -47.012  -66.839  39.588 1.0000000000
35418  -46.931  -67.686  38.889 1.0000000000
35419  -46.782  -68.407  38.234 1.0000000000
35420  -46.583  -68.951  37.588 1.0000000000
35421  -46.932  -68.810  36.314 1.0000000000
35422  -47.160  -68.537  35.043 1.0000000000
35423  -47.382  -68.122  33.740 1.0000000000
35424  -48.367  -67.050  33.830 1.0000000000
35425  -48.068  -67.434  33.172 1.0000000000
35426  -47.566  -67.769  32.479 1.0000000000
42165  -45.747  -69.552  38.824 1.0000000000
42166  -45.318  -69.877  39.079 1.0000000000
42167  -45.436  -69.830  38.455 1.0000000000
44565  -46.636  -68.595  33.650 1.0000000000
44566  -46.156  -68.919  33.830 1.0000000000
44567  -46.241  -68.738  33.179 1.0000000000
47783  -43.037  -71.275  35.048 1.0000000000
47784  -42.935  -71.380  35.711 1.0000000000
47785  -42.654  -71.808  35.245 1.0000000000
49154  -46.686  -67.125  40.456 1.0000000000
49160  -47.996  -66.849  36.412 1.0000000000
49161  -47.801  -67.273  36.677 1.0000000000
49162  -47.988  -67.186  36.024 1.0000000000
49163  -47.953  -67.485  35.693 1.0000000000
49164  -48.180  -67.053  35.370 1.0000000000
54165  -47.038  -67.843  31.220 1.0000000000
57375  -44.956  -69.474  41.334 1.0000000000
57376  -44.560  -69.849  41.614 1.0000000000
57377  -44.760  -69.893  40.989 1.0000000000
57378  -44.347  -70.502  39.617 1.0000000000
57379  -44.181  -70.557  40.275 1.0000000000
57380  -43.808  -70.853  39.838 1.0000000000
57381  -43.298  -71.248  40.049 1.0000000000
57382  -43.377  -71.168  39.374 1.0000000000
64575  -46.271  -69.273  36.258 1.0000000000
64576  -45.781  -69.556  36.494 1.0000000000
64577  -45.836  -69.416  35.807 1.0000000000
64578  -45.031  -69.569  34.229 1.0000000000
64579  -44.948  -69.719  34.920 1.0000000000
64580  -44.477  -69.918  34.464 1.0000000000
64581  -43.960  -70.325  34.656 1.0000000000
64582  -44.072  -70.185  33.988 1.0000000000
64583  -45.585  -68.956  31.768 1.0000000000
64584  -45.441  -69.107  32.352 1.0000000000
64589  -43.494  -70.895  33.127 1.0000000000
64590  -43.347  -71.308  32.758 1.0000000000
64591  -43.121  -71.946  32.904 1.0000000000
74228  -44.709  -70.175  36.975 1.0000000000
74229  -44.642  -70.276  37.634 1.0000000000
74230  -44.175  -70.502  37.160 1.0000000000
74231  -42.734  -71.590  37.069 1.0000000000
74232  -43.121  -71.265  37.543 1.0000000000
74233  -42.643  -71.679  37.730 1.0000000000
74234  -42.509  -71.769  38.402 1.0000000000
74235  -42.203  -72.142  37.954 1.0000000000
78340  -46.211  -68.318  40.044 1.0000000000
78341  -45.912  -68.625  40.352 1.0000000000
78342  -46.119  -68.699  39.743 1.0000000000
78343  -45.980  -69.010  39.433 1.0000000000
78344  -46.279  -68.714  39.146 1.0000000000
78359  -47.251  -66.475  39.337 1.0000000000
78360  -47.182  -66.892  38.977 1.0000000000
78361  -46.968  -67.261  39.236 1.0000000000
78362  -47.153  -67.287  38.624 1.0000000000
78363  -47.271  -68.026  37.277 1.0000000000
78364  -47.078  -68.070  37.925 1.0000000000
78365  -46.998  -68.401  37.598 1.0000000000
78366  -46.684  -68.689  37.921 1.0000000000
78367  -46.887  -68.653  37.264 1.0000000000
78368  -46.764  -68.890  36.956 1.0000000000
78369  -47.090  -68.578  36.633 1.0000000000
78370  -47.759  -67.964  35.066 1.0000000000
78371  -47.425  -68.349  35.378 1.0000000000
78372  -47.482  -68.185  34.773 1.0000000000
78373  -47.241  -68.342  34.413 1.0000000000
78374  -47.615  -67.980  34.132 1.0000000000
78376  -48.451  -66.812  34.131 1.0000000000
78379  -48.354  -67.092  32.848 1.0000000000
78381  -47.838  -67.605  32.842 1.0000000000
94329  -45.349  -69.553  40.067 1.0000000000
94330  -44.959  -69.906  40.353 1.0000000000
94331  -45.150  -69.891  39.733 1.0000000000
94332  -44.852  -70.187  39.357 1.0000000000
94333  -44.461  -70.463  38.966 1.0000000000
98649  -46.440  -68.970  34.948 1.0000000000
98650  -45.897  -69.277  35.141 1.0000000000
98651  -46.034  -69.074  34.487 1.0000000000
98652  -45.601  -69.245  34.012 1.0000000000
98653  -45.140  -69.417  33.574 1.0000000000
104441  -43.781  -70.601  36.011 1.0000000000
104442  -43.712  -70.741  36.677 1.0000000000
104443  -43.279  -71.036  36.203 1.0000000000
104444  -42.818  -71.495  36.397 1.0000000000
104445  -42.392  -71.987  36.591 1.0000000000
106907  -45.859  -68.103  41.311 1.0000000000
106909  -46.301  -67.900  40.351 1.0000000000
106910  -46.496  -67.998  39.750 1.0000000000
106919  -47.758  -66.522  37.478 1.0000000000
106920  -47.580  -66.938  37.728 1.0000000000
106921  -47.363  -67.317  37.993 1.0000000000
106922  -47.604  -67.321  37.350 1.0000000000
106923  -47.546  -67.652  36.973 1.0000000000
106924  -47.460  -67.942  36.621 1.0000000000
106925  -47.407  -68.234  36.308 1.0000000000
106926  -47.700  -67.875  35.994 1.0000000000
106927  -47.903  -67.737  35.369 1.0000000000
106928  -48.061  -67.582  34.762 1.0000000000
115767  -46.809  -68.216  32.351 1.0000000000
115768  -46.321  -68.561  32.544 1.0000000000
115769  -46.425  -68.381  31.981 1.0000000000
120265  -43.893  -70.571  41.505 1.0000000000
120266  -44.517  -70.249  40.640 1.0000000000
120267  -44.053  -70.571  40.887 1.0000000000
120268  -43.545  -70.915  41.114 1.0000000000
120269  -43.131  -71.279  40.705 1.0000000000
120270  -42.732  -71.624  40.240 1.0000000000
120271  -42.304  -71.938  39.758 1.0000000000
120273  -42.483  -72.278  34.787 1.0000000000
122204  -48.337  -66.663  35.071 1.0000000000
130179  -46.051  -69.469  37.572 1.0000000000
130180  -45.580  -69.754  37.795 1.0000000000
130181  -45.711  -69.677  37.153 1.0000000000
130182  -45.269  -69.878  36.726 1.0000000000
130183  -44.786  -70.047  36.291 1.0000000000
130184  -45.368  -69.584  35.355 1.0000000000
130185  -44.852  -69.896  35.601 1.0000000000
130186  -44.309  -70.203  35.822 1.0000000000
130187  -43.867  -70.482  35.345 1.0000000000
130188  -43.474  -70.787  34.855 1.0000000000
130189  -43.146  -71.149  34.371 1.0000000000
130190  -45.795  -68.900  32.716 1.0000000000
130191  -45.285  -69.247  32.954 1.0000000000
130192  -44.732  -69.609  33.165 1.0000000000
130193  -44.577  -69.774  32.243 1.0000000000
130194  -44.366  -69.892  32.788 1.0000000000
130195  -44.188  -70.038  33.356 1.0000000000
130196  -43.712  -70.540  33.537 1.0000000000
130197  -43.284  -70.999  33.728 1.0000000000
130198  -42.934  -71.577  33.903 1.0000000000
130199  -42.888  -72.063  33.465 1.0000000000
142244  -45.048  -70.076  38.080 1.0000000000
142245  -44.541  -70.397  38.301 1.0000000000
142246  -44.010  -70.730  38.505 1.0000000000
142247  -43.638  -70.871  37.351 1.0000000000
142248  -43.551  -70.993  38.001 1.0000000000
142249  -43.462  -71.080  38.699 1.0000000000
142250  -42.919  -71.458  38.884 1.0000000000
142251  -42.383  -71.840  39.080 1.0000000000
142254  -42.175  -72.427  36.092 1.0000000000
142259  -41.764  -72.653  38.161 1.0000000000
142260  -41.624  -72.681  38.829 1.0000000000
147232  -45.115  -69.060  41.640 1.0000000000
147233  -45.290  -69.189  41.002 1.0000000000
147234  -45.729  -68.520  40.984 1.0000000000
147235  -45.591  -68.914  40.663 1.0000000000
147236  -45.460  -69.243  40.369 1.0000000000
147237  -45.656  -69.270  39.758 1.0000000000
147238  -45.864  -69.290  39.132 1.0000000000
147239  -46.078  -69.275  38.502 1.0000000000
147256  -47.132  -66.431  39.953 1.0000000000
147257  -46.911  -66.773  40.213 1.0000000000
147258  -46.796  -67.221  39.826 1.0000000000
147259  -46.761  -67.666  39.490 1.0000000000
147260  -46.686  -68.064  39.161 1.0000000000
147261  -47.122  -67.694  38.264 1.0000000000
147262  -46.868  -68.089  38.533 1.0000000000
147263  -46.571  -68.405  38.853 1.0000000000
147264  -46.470  -68.706  38.545 1.0000000000
147265  -46.380  -68.983  38.215 1.0000000000
147266  -46.262  -69.248  37.899 1.0000000000
147267  -46.421  -69.184  37.266 1.0000000000
147268  -46.587  -69.113  36.624 1.0000000000
147269  -46.674  -69.027  35.973 1.0000000000
147270  -47.274  -68.481  36.003 1.0000000000
147271  -47.078  -68.734  35.681 1.0000000000
147272  -46.778  -68.864  35.322 1.0000000000
147273  -46.894  -68.684  34.675 1.0000000000
147274  -46.963  -68.486  34.040 1.0000000000
147275  -47.067  -68.263  33.358 1.0000000000
147276  -48.330  -66.943  34.767 1.0000000000
147277  -48.265  -67.196  34.474 1.0000000000
147278  -48.134  -67.428  34.164 1.0000000000
147280  -48.246  -67.249  33.504 1.0000000000
147281  -47.972  -67.612  33.840 1.0000000000
147282  -47.750  -67.779  33.487 1.0000000000
147283  -47.471  -67.931  33.098 1.0000000000
147284  -47.158  -68.079  32.717 1.0000000000
147285  -47.245  -67.907  32.106 1.0000000000
147286  -47.354  -67.707  31.527 1.0000000000
