#!ascii label  , from subject 40tvs8ref_sym_20 vox2ras=TkReg
275
307  -16.760  -41.102  46.654 1.0000000000
1705  -18.001  -36.530  43.402 1.0000000000
1707  -13.412  -38.915  43.875 1.0000000000
2105  -17.521  -35.492  48.723 1.0000000000
3802  -17.592  -38.915  45.007 1.0000000000
3803  -15.967  -38.190  43.035 1.0000000000
3804  -15.240  -40.230  44.706 1.0000000000
6025  -15.546  -42.966  48.307 1.0000000000
6026  -14.262  -41.922  46.537 1.0000000000
7819  -17.925  -34.002  42.054 1.0000000000
7821  -16.334  -35.914  41.352 1.0000000000
7822  -13.763  -36.913  42.472 1.0000000000
7824  -12.734  -40.675  45.528 1.0000000000
8879  -18.051  -33.620  44.752 1.0000000000
8880  -18.313  -36.050  46.053 1.0000000000
8881  -18.245  -38.518  47.492 1.0000000000
8884  -17.651  -40.808  48.993 1.0000000000
8885  -16.615  -42.904  50.436 1.0000000000
11482  -17.224  -40.019  45.804 1.0000000000
11483  -16.514  -39.733  44.682 1.0000000000
11484  -16.102  -40.731  45.551 1.0000000000
13882  -14.861  -43.737  49.131 1.0000000000
13883  -14.282  -43.274  48.218 1.0000000000
17167  -18.015  -35.298  42.707 1.0000000000
17168  -17.321  -35.037  41.452 1.0000000000
17169  -17.292  -36.319  42.238 1.0000000000
17170  -14.627  -38.613  43.384 1.0000000000
17171  -14.864  -37.623  42.598 1.0000000000
17172  -13.619  -37.937  43.159 1.0000000000
17175  -13.020  -41.966  46.862 1.0000000000
17176  -13.514  -41.279  45.992 1.0000000000
17177  -12.299  -41.413  46.375 1.0000000000
19645  -17.789  -32.409  44.189 1.0000000000
19647  -17.331  -34.372  48.063 1.0000000000
19648  -17.878  -34.567  46.790 1.0000000000
19649  -18.011  -35.768  47.449 1.0000000000
19650  -18.345  -37.317  46.779 1.0000000000
19651  -18.113  -36.988  48.116 1.0000000000
19658  -18.018  -39.373  49.533 1.0000000000
19660  -17.170  -41.923  49.717 1.0000000000
25276  -17.844  -37.746  44.175 1.0000000000
25277  -17.146  -37.500  43.026 1.0000000000
25278  -16.886  -38.627  43.845 1.0000000000
25279  -15.643  -39.235  43.875 1.0000000000
25280  -14.374  -39.601  44.180 1.0000000000
26767  -16.648  -34.151  49.282 1.0000000000
29419  -16.170  -42.048  47.436 1.0000000000
29420  -15.504  -41.664  46.420 1.0000000000
29421  -14.900  -42.496  47.309 1.0000000000
29422  -13.691  -42.627  47.479 1.0000000000
33846  -16.181  -37.091  42.196 1.0000000000
33847  -15.020  -36.531  41.784 1.0000000000
33852  -14.750  -41.118  45.609 1.0000000000
33853  -13.952  -40.477  45.052 1.0000000000
33854  -13.126  -39.846  44.684 1.0000000000
36881  -17.936  -32.558  42.797 1.0000000000
36882  -18.184  -33.840  43.358 1.0000000000
36883  -18.289  -35.091  43.988 1.0000000000
36884  -17.673  -33.429  46.133 1.0000000000
36885  -18.221  -34.841  45.383 1.0000000000
36886  -18.315  -36.360  44.710 1.0000000000
36887  -18.247  -37.591  45.421 1.0000000000
36888  -18.082  -38.818  46.172 1.0000000000
36889  -17.793  -39.941  46.965 1.0000000000
36895  -17.717  -36.632  49.405 1.0000000000
36896  -18.149  -38.191  48.825 1.0000000000
36897  -17.999  -39.692  48.216 1.0000000000
36898  -17.332  -41.024  47.764 1.0000000000
36899  -16.770  -42.089  48.506 1.0000000000
36900  -16.163  -43.033  49.279 1.0000000000
36901  -15.435  -43.848  50.057 1.0000000000
42202  -17.021  -40.559  46.223 1.0000000000
42203  -16.694  -40.415  45.631 1.0000000000
42204  -16.446  -40.927  46.041 1.0000000000
47887  -18.023  -35.922  43.046 1.0000000000
47888  -17.724  -35.825  42.426 1.0000000000
47889  -17.667  -36.464  42.787 1.0000000000
47890  -14.020  -38.778  43.624 1.0000000000
47891  -14.118  -38.286  43.256 1.0000000000
47892  -13.533  -38.451  43.512 1.0000000000
47893  -13.067  -38.111  43.438 1.0000000000
47894  -12.965  -38.617  43.786 1.0000000000
47896  -12.650  -41.677  46.628 1.0000000000
50367  -17.447  -34.949  48.375 1.0000000000
50368  -17.726  -35.061  47.749 1.0000000000
50369  -17.806  -35.610  48.092 1.0000000000
50370  -18.060  -36.376  47.789 1.0000000000
50371  -17.866  -36.200  48.415 1.0000000000
57487  -17.726  -38.340  44.596 1.0000000000
57488  -17.403  -38.202  43.972 1.0000000000
57489  -17.267  -38.778  44.398 1.0000000000
57490  -15.886  -40.011  44.662 1.0000000000
57491  -16.095  -39.496  44.238 1.0000000000
57492  -15.453  -39.744  44.284 1.0000000000
57493  -14.987  -39.468  43.981 1.0000000000
57494  -14.795  -39.950  44.402 1.0000000000
59971  -16.096  -33.501  49.549 1.0000000000
64687  -15.858  -42.518  47.864 1.0000000000
64688  -15.562  -42.326  47.301 1.0000000000
64689  -15.234  -42.760  47.753 1.0000000000
64690  -13.630  -43.277  48.291 1.0000000000
64691  -13.980  -42.962  47.832 1.0000000000
64693  -13.051  -42.610  47.611 1.0000000000
74545  -16.869  -35.504  41.348 1.0000000000
74550  -16.583  -37.882  42.960 1.0000000000
74551  -16.705  -37.329  42.546 1.0000000000
74552  -16.087  -37.651  42.615 1.0000000000
74553  -14.318  -37.282  42.504 1.0000000000
74554  -14.949  -37.095  42.201 1.0000000000
74555  -14.348  -36.725  42.130 1.0000000000
74565  -14.858  -41.829  46.450 1.0000000000
74566  -15.146  -41.401  45.995 1.0000000000
74567  -14.507  -41.536  46.081 1.0000000000
74568  -13.111  -40.982  45.778 1.0000000000
74569  -13.726  -40.902  45.531 1.0000000000
74570  -13.323  -40.572  45.312 1.0000000000
74571  -13.549  -40.152  44.851 1.0000000000
74572  -12.924  -40.278  45.123 1.0000000000
81971  -17.729  -31.864  43.280 1.0000000000
81972  -17.940  -33.022  44.433 1.0000000000
81973  -18.049  -33.120  43.723 1.0000000000
81974  -18.163  -33.728  44.040 1.0000000000
81975  -18.253  -34.472  43.658 1.0000000000
81976  -18.242  -34.352  44.369 1.0000000000
81978  -17.255  -32.757  46.509 1.0000000000
81980  -18.140  -35.302  46.410 1.0000000000
81981  -18.070  -34.692  46.088 1.0000000000
81982  -18.272  -35.439  45.710 1.0000000000
81983  -18.360  -35.626  45.010 1.0000000000
81984  -18.354  -36.239  45.378 1.0000000000
81985  -18.287  -36.994  45.060 1.0000000000
81986  -18.355  -36.838  45.723 1.0000000000
81987  -18.321  -37.947  47.118 1.0000000000
81988  -18.280  -38.079  46.440 1.0000000000
81989  -18.193  -38.684  46.826 1.0000000000
81990  -17.949  -39.392  46.579 1.0000000000
81991  -18.072  -39.243  47.219 1.0000000000
82008  -17.997  -37.415  49.116 1.0000000000
82009  -18.023  -38.005  49.485 1.0000000000
82010  -17.887  -40.135  49.238 1.0000000000
82011  -18.022  -39.579  48.877 1.0000000000
82012  -17.827  -40.262  48.605 1.0000000000
82013  -17.731  -40.374  47.963 1.0000000000
82014  -17.515  -40.923  48.381 1.0000000000
82015  -17.058  -41.557  48.150 1.0000000000
82016  -17.258  -41.491  48.753 1.0000000000
82017  -16.899  -42.434  50.078 1.0000000000
82018  -16.721  -42.534  49.492 1.0000000000
82019  -16.423  -43.013  49.865 1.0000000000
82020  -15.808  -43.450  49.670 1.0000000000
82021  -16.102  -43.442  50.227 1.0000000000
94396  -17.414  -39.472  45.399 1.0000000000
94397  -17.103  -39.358  44.812 1.0000000000
94398  -16.887  -39.895  45.210 1.0000000000
94399  -16.314  -40.241  45.120 1.0000000000
94400  -15.679  -40.487  45.101 1.0000000000
98716  -15.192  -43.374  48.726 1.0000000000
98717  -14.912  -43.167  48.200 1.0000000000
98718  -14.564  -43.523  48.655 1.0000000000
104629  -17.981  -34.660  42.353 1.0000000000
104630  -17.703  -34.558  41.692 1.0000000000
104631  -17.724  -35.183  42.043 1.0000000000
104632  -17.341  -35.677  41.850 1.0000000000
104633  -16.864  -36.132  41.740 1.0000000000
104634  -15.306  -38.438  43.174 1.0000000000
104635  -15.438  -37.918  42.768 1.0000000000
104636  -14.746  -38.129  43.006 1.0000000000
104637  -14.218  -37.790  42.886 1.0000000000
104638  -13.723  -37.449  42.811 1.0000000000
104640  -13.162  -37.596  43.100 1.0000000000
104643  -13.643  -41.947  46.688 1.0000000000
104644  -13.902  -41.592  46.253 1.0000000000
104645  -13.280  -41.630  46.430 1.0000000000
104646  -12.908  -41.344  46.205 1.0000000000
104647  -12.532  -41.057  45.948 1.0000000000
109090  -17.762  -32.930  45.172 1.0000000000
109091  -17.209  -33.803  47.756 1.0000000000
109092  -17.508  -33.903  47.126 1.0000000000
109093  -17.627  -34.478  47.437 1.0000000000
109094  -17.971  -35.195  47.091 1.0000000000
109095  -18.189  -35.918  46.762 1.0000000000
109096  -18.354  -36.697  46.421 1.0000000000
109097  -18.220  -36.539  47.122 1.0000000000
109098  -18.251  -37.163  47.462 1.0000000000
109099  -18.280  -37.762  47.788 1.0000000000
109111  -17.956  -39.167  50.186 1.0000000000
109113  -17.739  -40.680  49.607 1.0000000000
109114  -17.423  -41.378  49.364 1.0000000000
109115  -17.546  -41.240  49.974 1.0000000000
109117  -17.047  -42.305  50.672 1.0000000000
120418  -17.940  -37.139  43.801 1.0000000000
120419  -17.622  -37.047  43.188 1.0000000000
120420  -17.519  -37.625  43.561 1.0000000000
120421  -17.014  -38.068  43.397 1.0000000000
120422  -16.442  -38.425  43.388 1.0000000000
120423  -16.718  -39.193  44.255 1.0000000000
120424  -16.290  -38.959  43.826 1.0000000000
120425  -15.816  -38.717  43.466 1.0000000000
120426  -15.145  -38.955  43.579 1.0000000000
120427  -14.519  -39.122  43.779 1.0000000000
120428  -13.907  -39.264  44.008 1.0000000000
123893  -16.870  -33.694  48.370 1.0000000000
123894  -17.023  -34.278  48.667 1.0000000000
123895  -17.127  -34.829  49.002 1.0000000000
130321  -16.479  -41.579  47.042 1.0000000000
130322  -16.156  -41.437  46.466 1.0000000000
130323  -15.874  -41.896  46.893 1.0000000000
130324  -15.197  -42.088  46.867 1.0000000000
130325  -14.555  -42.222  46.911 1.0000000000
130326  -14.604  -42.900  47.762 1.0000000000
130327  -14.290  -42.603  47.368 1.0000000000
130328  -13.990  -42.282  47.002 1.0000000000
130329  -13.372  -42.290  47.153 1.0000000000
142638  -17.227  -36.925  42.631 1.0000000000
142639  -16.798  -36.757  42.139 1.0000000000
142640  -16.260  -36.509  41.774 1.0000000000
142641  -15.542  -37.388  42.357 1.0000000000
142642  -15.605  -36.836  41.955 1.0000000000
142643  -15.691  -36.243  41.513 1.0000000000
142656  -15.807  -41.209  45.976 1.0000000000
142657  -15.419  -40.954  45.547 1.0000000000
142658  -15.008  -40.677  45.147 1.0000000000
142659  -14.128  -41.213  45.773 1.0000000000
142660  -14.358  -40.805  45.295 1.0000000000
142661  -14.585  -40.384  44.837 1.0000000000
142662  -14.177  -40.054  44.605 1.0000000000
142663  -13.752  -39.719  44.411 1.0000000000
142664  -13.276  -39.381  44.269 1.0000000000
142667  -12.165  -40.798  45.734 1.0000000000
151608  -17.886  -32.645  42.145 1.0000000000
151609  -18.003  -33.278  42.408 1.0000000000
151610  -17.894  -32.476  43.490 1.0000000000
151611  -18.078  -33.214  43.073 1.0000000000
151612  -18.093  -33.929  42.690 1.0000000000
151613  -18.156  -34.577  42.991 1.0000000000
151614  -18.194  -35.212  43.321 1.0000000000
151615  -18.198  -35.808  43.658 1.0000000000
151618  -17.883  -33.523  45.448 1.0000000000
151619  -17.786  -34.015  46.439 1.0000000000
151620  -17.997  -34.137  45.749 1.0000000000
151621  -18.143  -34.242  45.068 1.0000000000
151622  -18.313  -34.987  44.686 1.0000000000
151623  -18.312  -35.711  44.312 1.0000000000
151624  -18.196  -36.443  44.044 1.0000000000
151625  -18.165  -37.092  44.421 1.0000000000
151626  -18.097  -37.732  44.785 1.0000000000
151627  -18.013  -38.328  45.167 1.0000000000
151628  -18.335  -37.442  46.079 1.0000000000
151629  -18.183  -38.191  45.786 1.0000000000
151630  -17.901  -38.865  45.557 1.0000000000
151631  -17.732  -39.439  45.949 1.0000000000
151632  -17.548  -39.998  46.349 1.0000000000
151633  -17.333  -40.552  46.774 1.0000000000
151651  -17.625  -36.051  49.053 1.0000000000
151652  -17.932  -36.807  48.762 1.0000000000
151653  -18.150  -37.584  48.457 1.0000000000
151654  -18.230  -38.358  48.157 1.0000000000
151655  -18.100  -38.794  49.193 1.0000000000
151656  -18.149  -38.983  48.508 1.0000000000
151657  -18.137  -39.105  47.857 1.0000000000
151658  -17.928  -39.816  47.584 1.0000000000
151659  -17.583  -40.489  47.363 1.0000000000
151660  -17.075  -41.090  47.193 1.0000000000
151661  -16.793  -41.581  47.572 1.0000000000
151662  -16.483  -42.085  47.951 1.0000000000
151663  -16.200  -42.563  48.374 1.0000000000
151664  -16.997  -42.026  49.116 1.0000000000
151665  -16.498  -42.573  48.905 1.0000000000
151666  -15.872  -43.011  48.777 1.0000000000
151667  -15.515  -43.426  49.171 1.0000000000
151668  -15.149  -43.809  49.578 1.0000000000
151669  -14.766  -44.164  49.980 1.0000000000
151675  -16.316  -43.344  50.789 1.0000000000
151676  -15.702  -43.874  50.567 1.0000000000
151677  -15.040  -44.215  50.444 1.0000000000
