#!ascii label  , from subject 40tvs8ref_sym_20 vox2ras=TkReg
382
480  -31.707  -47.260  46.320 1.0000000000
1051  -35.400  -47.506  53.000 1.0000000000
1052  -36.049  -45.139  49.147 1.0000000000
1053  -33.202  -45.363  43.340 1.0000000000
2079  -26.789  -52.072  48.638 1.0000000000
2087  -30.409  -49.002  50.433 1.0000000000
2088  -27.879  -49.787  43.950 1.0000000000
2089  -30.065  -48.343  40.334 1.0000000000
4588  -33.416  -47.532  49.684 1.0000000000
4589  -33.045  -48.588  51.529 1.0000000000
4590  -31.103  -48.259  48.266 1.0000000000
4591  -28.584  -48.998  47.250 1.0000000000
4592  -29.472  -48.132  44.976 1.0000000000
4593  -28.795  -49.042  41.988 1.0000000000
4594  -30.325  -47.354  43.211 1.0000000000
6499  -35.797  -46.334  51.064 1.0000000000
6500  -33.911  -46.368  47.819 1.0000000000
6501  -32.355  -46.272  44.756 1.0000000000
6502  -34.466  -45.333  46.306 1.0000000000
8830  -27.930  -49.986  49.507 1.0000000000
8831  -27.163  -50.873  46.313 1.0000000000
8832  -27.768  -52.430  43.633 1.0000000000
8833  -28.552  -51.595  41.729 1.0000000000
8834  -29.704  -50.872  39.919 1.0000000000
8836  -31.408  -46.507  41.680 1.0000000000
12268  -32.539  -47.409  47.978 1.0000000000
12269  -32.328  -47.941  48.933 1.0000000000
12270  -31.407  -47.771  47.270 1.0000000000
12271  -30.180  -48.148  46.650 1.0000000000
12272  -30.593  -47.675  45.609 1.0000000000
12273  -29.889  -47.768  44.067 1.0000000000
12274  -30.939  -47.234  44.773 1.0000000000
14670  -35.918  -45.721  50.112 1.0000000000
14671  -34.847  -46.413  49.470 1.0000000000
14672  -35.030  -45.791  48.502 1.0000000000
14673  -34.189  -45.853  47.074 1.0000000000
14674  -35.250  -45.239  47.733 1.0000000000
19464  -26.855  -52.790  47.225 1.0000000000
19521  -31.794  -48.828  50.915 1.0000000000
19527  -29.059  -49.325  49.989 1.0000000000
19528  -28.086  -49.282  45.550 1.0000000000
19529  -27.701  -49.823  46.733 1.0000000000
19530  -27.464  -50.327  45.111 1.0000000000
19531  -27.285  -51.572  44.862 1.0000000000
19532  -27.635  -51.050  43.653 1.0000000000
19533  -28.094  -51.972  42.674 1.0000000000
19534  -28.002  -50.630  42.670 1.0000000000
19535  -29.396  -48.699  41.109 1.0000000000
19536  -29.042  -49.883  40.768 1.0000000000
19537  -29.728  -49.540  39.957 1.0000000000
19538  -30.436  -50.567  39.144 1.0000000000
19539  -30.477  -49.202  39.223 1.0000000000
19540  -32.758  -45.780  44.085 1.0000000000
19541  -31.775  -46.275  43.258 1.0000000000
19542  -32.270  -45.863  42.527 1.0000000000
26688  -34.398  -47.627  51.364 1.0000000000
26689  -34.194  -48.204  52.238 1.0000000000
26690  -33.245  -48.092  50.596 1.0000000000
26691  -32.083  -48.412  49.900 1.0000000000
26692  -30.775  -48.672  49.352 1.0000000000
26693  -29.433  -48.929  48.879 1.0000000000
26694  -29.767  -48.535  47.754 1.0000000000
26695  -29.008  -48.558  46.064 1.0000000000
26696  -28.496  -48.825  44.398 1.0000000000
26697  -28.292  -49.426  42.948 1.0000000000
26698  -28.963  -48.437  43.454 1.0000000000
26699  -29.446  -48.114  42.542 1.0000000000
26700  -30.041  -47.739  41.723 1.0000000000
26702  -32.809  -45.522  41.805 1.0000000000
30521  -35.585  -46.929  52.045 1.0000000000
30522  -34.569  -47.032  50.396 1.0000000000
30523  -33.655  -46.967  48.746 1.0000000000
30524  -32.799  -46.829  47.063 1.0000000000
30525  -32.048  -46.786  45.522 1.0000000000
30526  -33.059  -46.306  46.323 1.0000000000
30527  -33.420  -45.843  45.639 1.0000000000
30528  -33.742  -45.315  44.820 1.0000000000
36738  -27.184  -50.907  49.024 1.0000000000
36739  -28.232  -49.487  48.341 1.0000000000
36740  -27.391  -50.344  47.872 1.0000000000
36741  -26.954  -51.463  47.465 1.0000000000
36742  -27.038  -52.162  46.041 1.0000000000
36743  -27.463  -52.958  44.821 1.0000000000
36744  -28.238  -53.759  43.810 1.0000000000
36745  -28.545  -53.318  42.868 1.0000000000
36746  -28.957  -52.941  41.909 1.0000000000
36748  -28.466  -50.248  41.717 1.0000000000
36749  -29.073  -51.200  40.784 1.0000000000
36754  -31.369  -46.773  44.028 1.0000000000
36755  -30.836  -46.918  42.424 1.0000000000
36756  -30.648  -47.330  40.934 1.0000000000
36757  -32.037  -46.162  40.985 1.0000000000
36758  -31.361  -47.020  40.240 1.0000000000
36759  -30.802  -48.016  39.610 1.0000000000
42988  -32.126  -47.328  47.150 1.0000000000
42989  -31.992  -47.589  47.615 1.0000000000
42990  -31.588  -47.522  46.798 1.0000000000
42991  -31.010  -47.719  46.455 1.0000000000
42992  -31.165  -47.467  45.968 1.0000000000
42993  -30.764  -47.470  45.200 1.0000000000
42994  -31.297  -47.235  45.532 1.0000000000
45389  -36.373  -45.392  50.373 1.0000000000
45390  -36.000  -45.435  49.620 1.0000000000
45391  -35.469  -45.765  49.293 1.0000000000
45392  -35.576  -45.470  48.850 1.0000000000
45393  -35.180  -45.511  48.163 1.0000000000
45394  -35.654  -45.192  48.452 1.0000000000
50182  -26.712  -52.688  48.358 1.0000000000
50184  -26.772  -52.410  47.927 1.0000000000
50240  -35.292  -47.797  53.432 1.0000000000
50241  -31.141  -48.923  50.694 1.0000000000
50242  -31.679  -48.994  51.490 1.0000000000
50246  -29.577  -49.297  50.817 1.0000000000
50247  -29.700  -49.115  50.217 1.0000000000
50248  -27.931  -49.494  44.723 1.0000000000
50249  -27.721  -49.770  45.311 1.0000000000
50250  -27.669  -50.053  44.529 1.0000000000
50251  -27.489  -50.665  44.340 1.0000000000
50252  -27.699  -50.379  43.788 1.0000000000
50253  -27.809  -50.802  43.180 1.0000000000
50254  -27.873  -50.159  43.309 1.0000000000
50255  -29.727  -48.519  40.741 1.0000000000
50256  -29.521  -49.099  40.512 1.0000000000
50257  -29.871  -48.911  40.122 1.0000000000
50258  -30.098  -49.366  39.566 1.0000000000
50259  -30.229  -48.747  39.736 1.0000000000
50260  -32.968  -45.570  43.690 1.0000000000
50261  -32.462  -45.797  43.293 1.0000000000
50262  -32.735  -45.613  42.926 1.0000000000
59838  -33.903  -47.575  50.514 1.0000000000
59839  -33.832  -47.869  50.993 1.0000000000
59840  -33.362  -47.807  50.143 1.0000000000
59841  -31.724  -48.108  48.591 1.0000000000
59842  -32.188  -48.190  49.400 1.0000000000
59843  -31.572  -48.338  49.064 1.0000000000
59844  -31.454  -48.540  49.614 1.0000000000
59845  -30.938  -48.485  48.801 1.0000000000
59846  -30.252  -48.590  48.535 1.0000000000
59847  -30.430  -48.392  48.011 1.0000000000
59848  -29.794  -48.096  45.817 1.0000000000
59849  -29.575  -48.312  46.389 1.0000000000
59850  -29.195  -48.354  45.529 1.0000000000
59851  -28.717  -48.661  45.231 1.0000000000
59852  -28.948  -48.455  44.685 1.0000000000
59853  -28.723  -48.630  43.907 1.0000000000
59854  -29.186  -48.264  44.206 1.0000000000
59855  -30.095  -47.565  43.632 1.0000000000
59856  -29.629  -47.920  43.288 1.0000000000
59857  -29.870  -47.722  42.885 1.0000000000
59858  -29.733  -47.925  42.133 1.0000000000
59859  -30.149  -47.517  42.449 1.0000000000
67041  -36.330  -45.974  51.330 1.0000000000
67043  -36.263  -46.268  51.847 1.0000000000
67044  -36.149  -46.565  52.318 1.0000000000
67045  -35.709  -46.631  51.548 1.0000000000
67046  -35.095  -47.002  51.232 1.0000000000
67047  -35.231  -46.678  50.748 1.0000000000
67048  -34.375  -46.401  48.651 1.0000000000
67049  -34.246  -46.715  49.116 1.0000000000
67050  -33.778  -46.662  48.276 1.0000000000
67051  -33.189  -46.901  47.906 1.0000000000
67052  -33.345  -46.602  47.436 1.0000000000
67053  -32.935  -46.574  46.702 1.0000000000
67054  -33.477  -46.353  47.092 1.0000000000
67055  -34.332  -45.599  46.688 1.0000000000
67056  -33.787  -45.860  46.346 1.0000000000
67057  -33.949  -45.605  45.959 1.0000000000
67058  -33.583  -45.582  45.213 1.0000000000
67059  -34.090  -45.324  45.565 1.0000000000
81596  -33.619  -48.409  51.890 1.0000000000
81597  -34.108  -48.411  52.734 1.0000000000
81613  -28.302  -49.807  50.327 1.0000000000
81617  -27.509  -50.433  49.251 1.0000000000
81618  -28.963  -48.913  48.065 1.0000000000
81619  -28.782  -49.138  48.630 1.0000000000
81620  -28.430  -49.231  47.795 1.0000000000
81621  -27.364  -50.324  46.490 1.0000000000
81622  -27.512  -50.093  47.286 1.0000000000
81623  -27.223  -50.577  47.094 1.0000000000
81624  -27.125  -50.850  47.649 1.0000000000
81625  -27.041  -51.158  46.890 1.0000000000
81626  -26.917  -51.799  46.713 1.0000000000
81627  -27.052  -51.478  46.156 1.0000000000
81628  -27.499  -51.998  44.227 1.0000000000
81629  -27.347  -52.264  44.826 1.0000000000
81630  -27.614  -52.685  44.239 1.0000000000
81631  -27.800  -53.367  44.299 1.0000000000
81632  -27.949  -53.083  43.717 1.0000000000
81633  -28.382  -53.529  43.348 1.0000000000
81634  -28.104  -52.873  43.226 1.0000000000
81635  -28.295  -51.788  42.187 1.0000000000
81636  -28.494  -52.462  42.260 1.0000000000
81637  -28.699  -52.271  41.798 1.0000000000
81639  -28.919  -52.079  41.337 1.0000000000
81640  -28.540  -49.218  42.464 1.0000000000
81641  -28.333  -49.812  42.288 1.0000000000
81642  -28.585  -49.620  41.797 1.0000000000
81643  -29.336  -50.353  40.300 1.0000000000
81644  -29.021  -50.519  40.754 1.0000000000
81645  -29.371  -51.030  40.348 1.0000000000
81649  -30.120  -51.400  39.619 1.0000000000
81650  -30.814  -50.398  38.817 1.0000000000
81651  -30.868  -51.085  38.907 1.0000000000
81655  -32.206  -46.539  45.134 1.0000000000
81656  -31.682  -46.769  44.754 1.0000000000
81657  -31.868  -46.529  44.397 1.0000000000
81658  -31.556  -46.360  42.464 1.0000000000
81659  -31.297  -46.577  42.840 1.0000000000
81660  -31.081  -46.699  42.036 1.0000000000
81661  -30.703  -47.086  41.654 1.0000000000
81662  -30.985  -46.903  41.284 1.0000000000
81664  -32.432  -45.810  41.407 1.0000000000
81667  -31.735  -46.858  39.935 1.0000000000
81668  -31.457  -47.348  39.595 1.0000000000
81669  -31.071  -47.499  39.906 1.0000000000
81670  -31.212  -47.858  39.316 1.0000000000
95808  -32.946  -47.484  48.854 1.0000000000
95809  -32.885  -47.741  49.315 1.0000000000
95810  -32.415  -47.649  48.470 1.0000000000
95811  -31.851  -47.839  48.107 1.0000000000
95812  -31.272  -48.017  47.777 1.0000000000
95813  -30.626  -48.188  47.477 1.0000000000
95814  -30.828  -47.972  46.969 1.0000000000
95815  -30.434  -47.909  46.137 1.0000000000
95816  -30.028  -47.883  45.290 1.0000000000
95817  -29.669  -47.965  44.509 1.0000000000
95818  -30.205  -47.701  44.845 1.0000000000
95819  -30.409  -47.491  44.419 1.0000000000
95820  -30.619  -47.276  44.005 1.0000000000
100131  -36.384  -45.669  50.879 1.0000000000
100132  -35.872  -46.041  50.559 1.0000000000
100133  -35.326  -46.378  50.280 1.0000000000
100134  -35.400  -46.081  49.781 1.0000000000
100135  -34.936  -46.093  48.961 1.0000000000
100136  -34.490  -46.107  48.162 1.0000000000
100137  -34.045  -46.114  47.457 1.0000000000
100138  -34.629  -45.830  47.817 1.0000000000
100139  -34.752  -45.545  47.431 1.0000000000
100140  -34.851  -45.302  47.030 1.0000000000
108761  -26.923  -53.439  47.073 1.0000000000
108762  -27.008  -53.159  46.599 1.0000000000
108863  -32.440  -48.696  51.190 1.0000000000
108865  -32.350  -48.892  51.722 1.0000000000
108875  -28.475  -49.608  49.774 1.0000000000
108876  -28.305  -49.120  46.403 1.0000000000
108877  -28.137  -49.366  46.994 1.0000000000
108878  -27.885  -49.541  46.136 1.0000000000
108879  -27.528  -50.045  45.908 1.0000000000
108880  -27.293  -50.600  45.709 1.0000000000
108881  -27.164  -51.191  45.567 1.0000000000
108882  -27.300  -50.913  44.951 1.0000000000
108883  -27.449  -51.337  44.237 1.0000000000
108884  -27.662  -51.763  43.608 1.0000000000
108885  -27.917  -52.200  43.151 1.0000000000
108886  -27.823  -51.481  43.143 1.0000000000
108887  -28.006  -51.291  42.655 1.0000000000
108888  -28.234  -51.120  42.158 1.0000000000
108889  -29.090  -48.874  41.517 1.0000000000
108890  -28.878  -49.440  41.328 1.0000000000
108891  -29.195  -49.268  40.904 1.0000000000
108892  -29.372  -49.710  40.369 1.0000000000
108893  -29.684  -50.206  39.894 1.0000000000
108894  -30.057  -50.715  39.520 1.0000000000
108895  -30.056  -50.053  39.479 1.0000000000
108896  -30.418  -49.883  39.131 1.0000000000
108898  -32.556  -46.028  44.440 1.0000000000
108899  -32.051  -46.257  44.030 1.0000000000
108900  -32.263  -46.028  43.658 1.0000000000
108901  -32.006  -46.059  42.887 1.0000000000
108902  -31.838  -46.164  42.108 1.0000000000
116924  -36.494  -44.789  49.431 1.0000000000
123633  -26.872  -51.786  49.365 1.0000000000
123708  -34.885  -47.588  52.165 1.0000000000
123709  -34.809  -47.859  52.643 1.0000000000
123710  -34.305  -47.887  51.820 1.0000000000
123711  -33.720  -48.150  51.432 1.0000000000
123712  -33.173  -48.351  51.095 1.0000000000
123713  -32.803  -48.014  49.757 1.0000000000
123714  -32.705  -48.262  50.265 1.0000000000
123715  -32.600  -48.500  50.712 1.0000000000
123716  -31.968  -48.623  50.411 1.0000000000
123717  -31.279  -48.759  50.131 1.0000000000
123718  -30.599  -48.846  49.898 1.0000000000
123719  -29.919  -48.968  49.651 1.0000000000
123720  -30.090  -48.776  49.122 1.0000000000
123721  -29.579  -48.730  48.294 1.0000000000
123722  -29.108  -48.705  47.495 1.0000000000
123723  -29.990  -48.338  47.223 1.0000000000
123724  -29.363  -48.508  46.952 1.0000000000
123725  -28.796  -48.772  46.649 1.0000000000
123726  -28.522  -48.883  45.804 1.0000000000
123727  -28.285  -49.029  44.976 1.0000000000
123728  -28.143  -49.263  44.138 1.0000000000
123729  -28.071  -49.608  43.454 1.0000000000
123730  -28.335  -49.076  43.676 1.0000000000
123731  -28.562  -48.885  43.156 1.0000000000
123732  -28.822  -48.680  42.731 1.0000000000
123733  -29.410  -48.085  43.749 1.0000000000
123734  -29.199  -48.275  42.984 1.0000000000
123735  -29.064  -48.531  42.233 1.0000000000
123736  -29.349  -48.350  41.791 1.0000000000
123737  -29.667  -48.188  41.400 1.0000000000
123738  -29.997  -48.002  41.021 1.0000000000
123740  -32.979  -45.419  42.588 1.0000000000
123741  -33.279  -45.244  42.230 1.0000000000
133298  -35.957  -47.111  53.292 1.0000000000
133306  -36.031  -46.845  52.815 1.0000000000
133307  -35.466  -47.213  52.504 1.0000000000
133308  -34.986  -47.276  51.730 1.0000000000
133309  -34.479  -47.319  50.881 1.0000000000
133310  -33.971  -47.299  50.027 1.0000000000
133311  -34.740  -46.707  49.949 1.0000000000
133312  -34.124  -47.000  49.579 1.0000000000
133313  -33.528  -47.255  49.209 1.0000000000
133314  -33.086  -47.205  48.357 1.0000000000
133315  -32.663  -47.118  47.504 1.0000000000
133316  -32.245  -47.042  46.665 1.0000000000
133317  -31.858  -47.012  45.909 1.0000000000
133318  -32.414  -46.807  46.296 1.0000000000
133319  -32.563  -46.548  45.909 1.0000000000
133320  -32.696  -46.291  45.520 1.0000000000
133321  -33.614  -46.095  46.724 1.0000000000
133322  -33.218  -46.060  45.980 1.0000000000
133323  -32.872  -46.045  45.196 1.0000000000
133324  -33.074  -45.795  44.863 1.0000000000
133325  -33.259  -45.556  44.470 1.0000000000
133326  -33.448  -45.335  44.055 1.0000000000
133327  -35.732  -44.935  48.062 1.0000000000
133328  -35.360  -44.986  47.389 1.0000000000
133332  -34.615  -45.065  45.922 1.0000000000
133335  -33.700  -45.125  43.731 1.0000000000
151156  -34.700  -48.144  53.083 1.0000000000
151181  -27.120  -51.196  49.556 1.0000000000
151182  -26.939  -51.434  48.841 1.0000000000
151183  -29.238  -49.131  49.418 1.0000000000
151184  -28.582  -49.388  49.142 1.0000000000
151185  -28.070  -49.727  48.934 1.0000000000
151186  -27.929  -49.645  47.523 1.0000000000
151187  -27.775  -49.875  48.125 1.0000000000
151188  -27.621  -50.145  48.675 1.0000000000
151189  -27.266  -50.623  48.416 1.0000000000
151190  -27.016  -51.189  48.216 1.0000000000
151191  -26.872  -51.766  48.064 1.0000000000
151192  -26.886  -52.103  47.332 1.0000000000
151193  -26.946  -52.475  46.636 1.0000000000
151194  -27.112  -52.863  45.986 1.0000000000
151195  -27.154  -51.867  45.459 1.0000000000
151196  -27.217  -52.557  45.405 1.0000000000
151197  -27.343  -53.261  45.390 1.0000000000
151198  -27.650  -53.679  44.892 1.0000000000
151200  -28.538  -54.408  43.914 1.0000000000
151201  -28.696  -54.184  43.488 1.0000000000
151204  -28.288  -52.649  42.743 1.0000000000
151205  -28.744  -53.119  42.382 1.0000000000
151206  -29.232  -53.585  42.089 1.0000000000
151207  -29.435  -53.411  41.651 1.0000000000
151210  -28.080  -50.029  42.770 1.0000000000
151211  -28.217  -50.479  42.151 1.0000000000
151212  -28.483  -50.930  41.675 1.0000000000
151213  -28.741  -50.065  41.214 1.0000000000
151214  -28.742  -50.722  41.210 1.0000000000
151215  -28.803  -51.409  41.229 1.0000000000
151216  -29.183  -51.909  40.863 1.0000000000
151222  -30.486  -51.239  39.244 1.0000000000
151228  -31.483  -46.993  45.125 1.0000000000
151229  -31.162  -47.012  44.382 1.0000000000
151230  -30.854  -47.062  43.605 1.0000000000
151231  -31.567  -46.516  43.640 1.0000000000
151232  -31.088  -46.816  43.265 1.0000000000
151233  -30.583  -47.139  42.802 1.0000000000
151234  -30.438  -47.303  42.032 1.0000000000
151235  -30.351  -47.521  41.301 1.0000000000
151236  -30.329  -47.797  40.618 1.0000000000
151237  -32.550  -45.672  42.177 1.0000000000
151238  -32.127  -45.980  41.751 1.0000000000
151239  -31.731  -46.318  41.344 1.0000000000
151241  -31.685  -46.549  40.599 1.0000000000
151242  -31.319  -46.737  40.928 1.0000000000
151243  -30.989  -47.182  40.571 1.0000000000
151244  -30.676  -47.650  40.234 1.0000000000
151245  -30.419  -48.175  39.946 1.0000000000
151246  -30.613  -48.605  39.368 1.0000000000
