#!ascii label  , from subject 40tvs8ref_sym_20 vox2ras=TkReg
255
415  -19.525  -79.224  43.093 1.0000000000
930  -16.593  -75.346  41.648 1.0000000000
931  -15.866  -75.979  45.603 1.0000000000
1928  -20.374  -79.850  38.254 1.0000000000
4232  -18.022  -77.134  42.275 1.0000000000
4233  -18.588  -77.127  39.957 1.0000000000
4234  -20.012  -79.532  40.638 1.0000000000
4236  -20.999  -81.856  41.732 1.0000000000
6284  -16.164  -75.717  43.698 1.0000000000
6285  -17.707  -77.086  44.470 1.0000000000
8392  -15.599  -76.109  47.638 1.0000000000
8393  -17.527  -76.989  46.395 1.0000000000
8394  -19.270  -78.812  45.411 1.0000000000
8397  -21.044  -81.362  44.245 1.0000000000
11912  -18.769  -78.151  42.654 1.0000000000
11913  -19.057  -78.229  41.451 1.0000000000
11914  -19.752  -79.414  41.834 1.0000000000
11915  -20.528  -80.759  41.079 1.0000000000
11916  -20.359  -80.508  42.322 1.0000000000
14312  -15.074  -75.520  45.353 1.0000000000
14313  -15.231  -75.236  44.383 1.0000000000
14314  -16.007  -75.864  44.689 1.0000000000
14315  -16.954  -76.446  44.067 1.0000000000
14316  -16.841  -76.443  45.058 1.0000000000
18457  -15.927  -74.432  41.499 1.0000000000
18459  -16.807  -75.113  40.629 1.0000000000
18460  -19.607  -78.441  39.122 1.0000000000
18461  -18.940  -77.160  38.860 1.0000000000
18462  -19.906  -78.505  37.952 1.0000000000
18463  -20.070  -78.713  36.760 1.0000000000
18464  -20.435  -80.116  37.079 1.0000000000
18476  -17.418  -76.759  47.321 1.0000000000
18477  -18.349  -77.548  46.880 1.0000000000
18478  -18.416  -77.801  45.937 1.0000000000
18479  -19.282  -78.539  46.430 1.0000000000
18486  -21.094  -80.901  45.385 1.0000000000
18487  -21.906  -82.215  44.735 1.0000000000
23565  -14.872  -75.792  46.284 1.0000000000
26050  -17.272  -76.205  41.946 1.0000000000
26051  -17.504  -76.102  40.853 1.0000000000
26052  -18.280  -77.106  41.103 1.0000000000
26053  -19.349  -78.300  40.247 1.0000000000
26054  -20.230  -79.739  39.456 1.0000000000
26055  -20.739  -81.192  38.730 1.0000000000
26056  -20.688  -80.963  39.888 1.0000000000
30021  -15.653  -74.742  42.459 1.0000000000
30023  -15.407  -74.978  43.461 1.0000000000
30024  -16.343  -75.583  42.703 1.0000000000
30025  -17.107  -76.359  43.010 1.0000000000
30026  -17.833  -77.160  43.368 1.0000000000
30027  -18.597  -78.032  43.797 1.0000000000
35443  -17.775  -75.986  39.754 1.0000000000
35459  -14.707  -75.996  47.316 1.0000000000
35460  -15.771  -76.092  46.589 1.0000000000
35461  -16.527  -76.163  47.852 1.0000000000
35462  -16.597  -76.396  46.935 1.0000000000
35463  -16.729  -76.453  46.027 1.0000000000
35464  -17.622  -77.072  45.479 1.0000000000
35465  -18.441  -77.886  44.928 1.0000000000
35466  -19.384  -79.012  44.318 1.0000000000
35473  -20.157  -79.652  45.987 1.0000000000
35474  -20.139  -80.022  44.845 1.0000000000
35475  -20.239  -80.313  43.641 1.0000000000
35476  -20.984  -81.639  43.001 1.0000000000
42632  -19.169  -78.709  42.861 1.0000000000
42633  -19.260  -78.758  42.267 1.0000000000
42634  -19.617  -79.326  42.489 1.0000000000
42635  -20.064  -79.964  42.080 1.0000000000
42636  -19.957  -79.877  42.728 1.0000000000
45032  -15.461  -75.751  45.458 1.0000000000
45033  -15.552  -75.644  45.000 1.0000000000
45034  -15.937  -75.937  45.134 1.0000000000
45035  -16.415  -76.160  44.857 1.0000000000
45036  -16.359  -76.190  45.328 1.0000000000
49177  -16.264  -74.883  41.547 1.0000000000
49178  -16.360  -74.718  41.044 1.0000000000
49179  -16.684  -75.234  41.140 1.0000000000
49180  -20.026  -79.146  38.663 1.0000000000
49181  -19.741  -78.465  38.543 1.0000000000
49182  -20.131  -79.204  38.068 1.0000000000
49183  -20.254  -79.284  37.484 1.0000000000
49184  -20.434  -79.980  37.656 1.0000000000
49196  -18.338  -77.386  47.330 1.0000000000
49198  -18.833  -78.030  46.682 1.0000000000
49206  -22.029  -81.878  45.186 1.0000000000
49207  -22.451  -82.521  44.778 1.0000000000
49208  -22.300  -82.867  44.368 1.0000000000
54636  -14.375  -75.792  46.650 1.0000000000
58777  -17.635  -76.678  42.126 1.0000000000
58778  -17.739  -76.593  41.537 1.0000000000
58779  -18.130  -77.119  41.677 1.0000000000
58780  -19.567  -78.865  41.052 1.0000000000
58781  -19.211  -78.262  40.848 1.0000000000
58782  -19.697  -78.914  40.436 1.0000000000
58783  -19.830  -79.002  39.830 1.0000000000
58784  -20.113  -79.620  40.046 1.0000000000
58785  -20.453  -80.355  39.676 1.0000000000
58786  -20.361  -80.245  40.254 1.0000000000
58787  -20.769  -81.305  41.394 1.0000000000
58789  -21.023  -82.027  41.127 1.0000000000
58791  -21.189  -82.607  41.481 1.0000000000
65980  -15.695  -75.451  44.041 1.0000000000
65981  -15.309  -75.129  43.927 1.0000000000
65982  -15.784  -75.359  43.562 1.0000000000
65983  -15.881  -75.266  43.077 1.0000000000
65984  -16.255  -75.650  43.201 1.0000000000
65985  -16.744  -75.940  42.823 1.0000000000
65986  -16.652  -76.014  43.334 1.0000000000
65987  -17.341  -76.779  44.272 1.0000000000
65988  -17.402  -76.789  43.731 1.0000000000
65989  -17.752  -77.143  43.909 1.0000000000
65990  -18.172  -77.572  43.551 1.0000000000
65991  -18.125  -77.526  44.116 1.0000000000
78420  -18.016  -76.554  40.413 1.0000000000
78421  -17.633  -76.032  40.313 1.0000000000
78422  -18.193  -76.528  39.868 1.0000000000
78423  -19.111  -77.143  38.288 1.0000000000
78424  -18.568  -76.534  38.747 1.0000000000
78431  -20.170  -78.837  36.161 1.0000000000
78442  -20.875  -81.835  38.978 1.0000000000
78461  -14.661  -76.011  47.819 1.0000000000
78462  -15.193  -76.029  47.458 1.0000000000
78463  -15.265  -76.020  46.935 1.0000000000
78464  -15.688  -76.122  47.091 1.0000000000
78466  -16.522  -75.961  48.293 1.0000000000
78467  -16.978  -76.207  47.978 1.0000000000
78468  -17.471  -76.880  46.854 1.0000000000
78469  -17.004  -76.557  47.129 1.0000000000
78470  -17.079  -76.658  46.647 1.0000000000
78471  -16.661  -76.465  46.476 1.0000000000
78472  -17.117  -76.723  46.194 1.0000000000
78473  -17.184  -76.729  45.745 1.0000000000
78474  -17.556  -77.051  45.941 1.0000000000
78475  -18.853  -78.298  45.699 1.0000000000
78476  -18.415  -77.856  45.439 1.0000000000
78477  -18.850  -78.358  45.171 1.0000000000
78478  -18.927  -78.438  44.626 1.0000000000
78479  -19.315  -78.916  44.879 1.0000000000
78498  -21.047  -81.160  44.828 1.0000000000
78499  -20.574  -80.479  45.123 1.0000000000
78500  -20.621  -80.694  44.554 1.0000000000
78501  -20.203  -80.171  44.286 1.0000000000
78502  -20.631  -80.832  43.965 1.0000000000
78503  -20.627  -80.958  43.312 1.0000000000
78504  -21.025  -81.476  43.646 1.0000000000
95170  -18.412  -77.616  42.433 1.0000000000
95171  -18.530  -77.625  41.827 1.0000000000
95172  -18.899  -78.188  42.051 1.0000000000
95173  -19.418  -78.818  41.653 1.0000000000
95174  -19.886  -79.481  41.229 1.0000000000
95175  -20.265  -80.166  40.833 1.0000000000
95176  -20.174  -80.063  41.439 1.0000000000
95177  -20.454  -80.622  41.697 1.0000000000
95178  -20.720  -81.160  41.968 1.0000000000
99491  -14.790  -75.144  44.768 1.0000000000
99492  -15.165  -75.375  44.874 1.0000000000
99493  -15.615  -75.548  44.535 1.0000000000
99494  -16.081  -75.797  44.202 1.0000000000
99495  -16.559  -76.086  43.869 1.0000000000
99496  -16.478  -76.137  44.364 1.0000000000
99497  -16.892  -76.451  44.570 1.0000000000
99498  -17.299  -76.759  44.762 1.0000000000
106951  -15.588  -74.037  41.480 1.0000000000
106953  -16.042  -74.265  41.016 1.0000000000
106956  -19.123  -77.749  39.541 1.0000000000
106957  -18.756  -77.134  39.421 1.0000000000
106958  -19.282  -77.748  39.020 1.0000000000
106959  -19.437  -77.787  38.418 1.0000000000
106961  -19.716  -77.911  37.232 1.0000000000
106962  -20.015  -78.583  37.349 1.0000000000
106963  -20.298  -79.384  36.906 1.0000000000
106982  -15.575  -76.022  48.078 1.0000000000
106985  -17.874  -76.953  47.509 1.0000000000
106986  -17.827  -77.105  47.090 1.0000000000
106987  -17.925  -77.256  46.625 1.0000000000
106988  -17.978  -77.363  46.155 1.0000000000
106989  -18.404  -77.688  46.396 1.0000000000
106990  -18.850  -78.182  46.194 1.0000000000
106991  -19.272  -78.694  45.925 1.0000000000
107003  -21.610  -81.218  45.520 1.0000000000
107004  -21.510  -81.560  45.064 1.0000000000
107005  -21.419  -81.835  44.546 1.0000000000
116425  -14.586  -75.466  45.728 1.0000000000
116426  -14.967  -75.657  45.818 1.0000000000
116427  -15.357  -75.808  45.903 1.0000000000
122224  -16.934  -75.785  41.789 1.0000000000
122225  -17.047  -75.715  41.265 1.0000000000
122226  -17.388  -76.142  41.399 1.0000000000
122227  -17.874  -76.568  40.972 1.0000000000
122228  -18.420  -77.097  40.533 1.0000000000
122229  -18.675  -77.656  41.262 1.0000000000
122230  -18.821  -77.655  40.680 1.0000000000
122231  -18.981  -77.698  40.089 1.0000000000
122232  -19.479  -78.370  39.675 1.0000000000
122233  -19.945  -79.094  39.271 1.0000000000
122234  -20.320  -79.777  38.845 1.0000000000
122235  -20.577  -80.512  38.482 1.0000000000
122236  -20.527  -80.447  39.082 1.0000000000
122237  -20.719  -81.083  39.301 1.0000000000
122239  -20.595  -80.867  40.493 1.0000000000
131953  -15.458  -74.209  41.949 1.0000000000
131954  -15.802  -74.575  41.970 1.0000000000
131955  -16.149  -75.016  42.037 1.0000000000
131959  -14.837  -74.989  44.307 1.0000000000
131962  -15.522  -74.870  42.961 1.0000000000
131963  -16.010  -75.141  42.554 1.0000000000
131964  -16.481  -75.449  42.167 1.0000000000
131965  -16.821  -75.863  42.322 1.0000000000
131966  -17.177  -76.285  42.500 1.0000000000
131967  -17.537  -76.730  42.699 1.0000000000
131968  -17.025  -76.425  43.534 1.0000000000
131969  -17.473  -76.769  43.200 1.0000000000
131970  -17.936  -77.130  42.825 1.0000000000
131971  -18.285  -77.603  43.021 1.0000000000
131972  -18.678  -78.110  43.229 1.0000000000
131973  -19.082  -78.619  43.449 1.0000000000
147331  -17.149  -75.612  40.743 1.0000000000
147332  -17.273  -75.517  40.210 1.0000000000
147333  -17.407  -75.457  39.661 1.0000000000
147334  -18.371  -76.538  39.307 1.0000000000
147335  -17.954  -75.964  39.195 1.0000000000
147343  -19.836  -77.994  36.673 1.0000000000
147380  -14.179  -76.018  47.672 1.0000000000
147382  -14.786  -75.929  46.779 1.0000000000
147383  -15.307  -75.943  46.421 1.0000000000
147384  -15.815  -76.003  46.085 1.0000000000
147387  -16.080  -76.138  47.728 1.0000000000
147388  -16.965  -76.415  47.581 1.0000000000
147389  -16.547  -76.302  47.410 1.0000000000
147390  -16.110  -76.217  47.246 1.0000000000
147391  -16.168  -76.269  46.764 1.0000000000
147392  -16.240  -76.245  46.294 1.0000000000
147393  -16.305  -76.209  45.806 1.0000000000
147394  -16.794  -76.441  45.539 1.0000000000
147395  -17.269  -76.738  45.261 1.0000000000
147396  -17.672  -77.083  44.975 1.0000000000
147397  -17.996  -77.422  45.687 1.0000000000
147398  -18.034  -77.450  45.196 1.0000000000
147399  -18.073  -77.458  44.658 1.0000000000
147400  -18.528  -77.962  44.366 1.0000000000
147401  -19.010  -78.526  44.046 1.0000000000
147402  -19.445  -79.111  43.707 1.0000000000
147422  -19.718  -79.069  46.201 1.0000000000
147423  -19.692  -79.232  45.675 1.0000000000
147424  -20.625  -80.251  45.667 1.0000000000
147425  -20.133  -79.843  45.418 1.0000000000
147426  -19.700  -79.395  45.129 1.0000000000
147427  -19.750  -79.514  44.589 1.0000000000
147428  -19.814  -79.662  43.973 1.0000000000
147429  -19.876  -79.774  43.347 1.0000000000
147430  -20.267  -80.429  42.967 1.0000000000
147431  -20.665  -81.075  42.637 1.0000000000
147432  -20.990  -81.753  42.347 1.0000000000
147433  -21.320  -82.190  43.344 1.0000000000
147434  -21.259  -82.344  42.720 1.0000000000
