#!ascii label  , from subject 40tvs8ref_sym_20 vox2ras=TkReg
195
421  -5.594  -72.100  47.808 1.0000000000
942  -7.192  -76.039  48.580 1.0000000000
943  -8.118  -74.468  44.673 1.0000000000
1944  -4.528  -72.951  43.532 1.0000000000
4267  -6.390  -69.487  47.009 1.0000000000
4268  -5.813  -69.929  44.995 1.0000000000
4269  -4.935  -72.579  45.724 1.0000000000
4271  -8.907  -73.078  42.808 1.0000000000
6304  -5.732  -74.554  48.362 1.0000000000
6305  -5.474  -74.931  46.200 1.0000000000
6306  -7.487  -75.620  46.546 1.0000000000
8431  -5.079  -70.216  43.014 1.0000000000
8432  -4.502  -73.114  41.179 1.0000000000
8433  -5.717  -74.650  43.965 1.0000000000
8434  -6.340  -73.667  41.815 1.0000000000
11947  -5.923  -70.803  47.396 1.0000000000
11948  -5.572  -71.029  46.396 1.0000000000
11949  -5.241  -72.371  46.781 1.0000000000
14347  -6.310  -75.484  48.491 1.0000000000
14348  -6.300  -75.583  47.426 1.0000000000
14349  -7.283  -75.939  47.566 1.0000000000
18565  -4.935  -71.381  44.354 1.0000000000
18566  -5.377  -70.119  44.027 1.0000000000
18567  -4.668  -71.569  43.279 1.0000000000
18568  -4.455  -71.745  42.193 1.0000000000
18569  -4.468  -73.097  42.377 1.0000000000
18570  -6.599  -75.198  45.340 1.0000000000
18571  -5.500  -74.920  45.088 1.0000000000
18572  -6.898  -74.682  44.319 1.0000000000
18574  -7.655  -73.271  42.368 1.0000000000
26113  -6.680  -68.080  46.625 1.0000000000
26114  -6.586  -68.318  45.635 1.0000000000
26115  -6.134  -69.730  45.989 1.0000000000
26116  -5.230  -71.232  45.370 1.0000000000
26117  -4.722  -72.724  44.639 1.0000000000
26119  -8.521  -73.792  43.755 1.0000000000
30070  -5.512  -73.390  48.149 1.0000000000
30071  -5.215  -73.620  47.101 1.0000000000
30072  -5.539  -74.783  47.302 1.0000000000
30073  -6.387  -75.572  46.372 1.0000000000
30074  -7.792  -75.095  45.607 1.0000000000
35571  -6.344  -68.570  44.659 1.0000000000
35572  -6.007  -68.731  43.735 1.0000000000
35577  -4.964  -73.832  46.034 1.0000000000
35578  -4.866  -74.000  44.892 1.0000000000
35579  -4.873  -74.114  43.730 1.0000000000
35580  -7.265  -73.999  43.341 1.0000000000
35581  -6.030  -74.240  42.895 1.0000000000
35582  -5.001  -74.064  42.558 1.0000000000
35583  -5.261  -73.789  41.451 1.0000000000
42663  -5.784  -71.947  48.310 1.0000000000
42665  -5.915  -71.318  48.123 1.0000000000
42666  -6.075  -70.665  47.938 1.0000000000
42667  -5.732  -71.464  47.582 1.0000000000
42668  -5.556  -71.595  47.070 1.0000000000
42669  -5.425  -72.225  47.280 1.0000000000
45065  -6.743  -75.763  49.078 1.0000000000
45067  -6.718  -75.817  48.537 1.0000000000
45068  -6.726  -75.843  48.013 1.0000000000
45069  -7.220  -75.997  48.073 1.0000000000
49285  -4.645  -72.161  43.971 1.0000000000
49286  -4.776  -71.477  43.827 1.0000000000
49287  -4.562  -72.247  43.418 1.0000000000
49288  -4.470  -72.331  42.856 1.0000000000
49289  -4.505  -73.006  42.956 1.0000000000
49290  -7.346  -74.897  44.954 1.0000000000
49291  -6.734  -74.981  44.812 1.0000000000
49292  -7.527  -74.584  44.508 1.0000000000
58882  -6.544  -68.798  46.808 1.0000000000
58883  -6.494  -68.935  46.319 1.0000000000
58884  -6.291  -69.621  46.522 1.0000000000
58885  -5.201  -71.801  46.077 1.0000000000
58886  -5.413  -71.140  45.878 1.0000000000
58887  -5.045  -71.900  45.552 1.0000000000
58888  -4.921  -71.961  45.038 1.0000000000
58889  -4.814  -72.638  45.195 1.0000000000
66078  -5.860  -74.398  48.893 1.0000000000
66080  -5.741  -73.819  48.790 1.0000000000
66081  -5.681  -73.211  48.674 1.0000000000
66082  -5.595  -73.993  48.277 1.0000000000
66083  -5.438  -74.111  47.745 1.0000000000
66084  -5.601  -74.659  47.853 1.0000000000
66085  -6.850  -75.720  46.969 1.0000000000
66086  -6.333  -75.573  46.897 1.0000000000
66087  -6.921  -75.623  46.461 1.0000000000
66088  -7.050  -75.392  45.960 1.0000000000
66089  -7.617  -75.360  46.079 1.0000000000
78735  -6.282  -69.143  45.307 1.0000000000
78736  -6.512  -68.453  45.132 1.0000000000
78737  -6.104  -69.247  44.821 1.0000000000
78738  -5.247  -70.154  43.526 1.0000000000
78739  -5.727  -69.439  43.901 1.0000000000
78740  -5.541  -69.480  43.393 1.0000000000
78744  -4.918  -70.283  42.506 1.0000000000
78745  -4.367  -72.498  41.707 1.0000000000
78749  -4.522  -73.050  40.579 1.0000000000
78750  -5.210  -74.357  46.698 1.0000000000
78751  -5.072  -73.749  46.572 1.0000000000
78752  -5.182  -74.413  46.121 1.0000000000
78753  -5.619  -74.770  44.530 1.0000000000
78754  -5.120  -74.523  44.998 1.0000000000
78755  -5.191  -74.478  44.417 1.0000000000
78756  -4.859  -74.058  44.313 1.0000000000
78757  -5.244  -74.501  43.837 1.0000000000
78758  -8.713  -73.437  43.270 1.0000000000
78759  -7.897  -73.875  43.561 1.0000000000
78760  -8.087  -73.511  43.095 1.0000000000
78761  -6.975  -73.479  42.072 1.0000000000
78762  -6.781  -73.847  42.595 1.0000000000
78763  -6.138  -74.004  42.355 1.0000000000
78764  -5.480  -74.236  42.703 1.0000000000
78765  -5.578  -74.085  42.133 1.0000000000
78766  -5.129  -73.918  42.013 1.0000000000
78767  -5.765  -73.792  41.603 1.0000000000
95232  -6.281  -69.985  47.720 1.0000000000
95233  -6.149  -70.140  47.209 1.0000000000
95234  -6.026  -70.276  46.715 1.0000000000
95235  -5.757  -70.916  46.904 1.0000000000
95236  -5.378  -71.701  46.598 1.0000000000
95237  -5.075  -72.493  46.253 1.0000000000
99553  -5.975  -75.057  48.433 1.0000000000
99554  -5.869  -75.163  47.929 1.0000000000
99555  -6.267  -75.583  47.967 1.0000000000
99556  -6.786  -75.802  47.488 1.0000000000
99557  -7.393  -75.787  47.044 1.0000000000
107145  -5.326  -70.667  44.687 1.0000000000
107146  -5.610  -70.014  44.505 1.0000000000
107147  -5.131  -70.741  44.187 1.0000000000
107148  -4.967  -70.823  43.660 1.0000000000
107149  -4.840  -70.898  43.144 1.0000000000
107150  -4.686  -70.990  42.627 1.0000000000
107151  -4.553  -71.662  42.743 1.0000000000
107152  -4.416  -72.442  42.291 1.0000000000
107153  -4.486  -73.123  41.777 1.0000000000
107154  -5.933  -75.238  45.746 1.0000000000
107155  -5.484  -74.931  45.634 1.0000000000
107156  -6.006  -75.145  45.213 1.0000000000
107157  -6.142  -74.958  44.668 1.0000000000
107158  -6.291  -74.713  44.135 1.0000000000
107160  -8.292  -73.150  42.614 1.0000000000
107164  -6.541  -73.336  41.282 1.0000000000
116470  -7.698  -76.207  48.620 1.0000000000
122370  -6.807  -67.212  46.928 1.0000000000
122373  -6.653  -68.191  46.135 1.0000000000
122374  -6.384  -69.030  45.809 1.0000000000
122375  -5.991  -69.840  45.476 1.0000000000
122376  -5.843  -70.400  46.189 1.0000000000
122377  -5.684  -70.492  45.674 1.0000000000
122378  -5.507  -70.598  45.179 1.0000000000
122379  -5.094  -71.302  44.866 1.0000000000
122380  -4.775  -72.048  44.510 1.0000000000
122381  -4.608  -72.832  44.088 1.0000000000
122383  -8.317  -74.138  44.232 1.0000000000
122389  -9.697  -72.613  42.505 1.0000000000
132087  -5.694  -72.572  48.491 1.0000000000
132088  -5.503  -72.758  47.975 1.0000000000
132089  -5.351  -72.867  47.461 1.0000000000
132090  -5.353  -73.503  47.620 1.0000000000
132091  -5.336  -74.228  47.218 1.0000000000
132092  -5.460  -74.906  46.770 1.0000000000
132093  -5.852  -75.252  47.382 1.0000000000
132094  -5.858  -75.308  46.833 1.0000000000
132095  -5.860  -75.333  46.284 1.0000000000
132096  -6.486  -75.367  45.856 1.0000000000
132097  -7.190  -75.153  45.456 1.0000000000
132098  -7.968  -74.803  45.115 1.0000000000
132101  -8.065  -75.596  46.637 1.0000000000
132104  -8.201  -75.325  46.159 1.0000000000
132105  -8.388  -75.033  45.719 1.0000000000
147714  -5.906  -69.350  44.355 1.0000000000
147715  -6.176  -68.668  44.207 1.0000000000
147716  -6.414  -67.972  44.061 1.0000000000
147723  -4.562  -71.029  42.088 1.0000000000
147729  -5.159  -72.988  46.940 1.0000000000
147730  -5.025  -73.132  46.414 1.0000000000
147731  -4.903  -73.241  45.882 1.0000000000
147732  -5.136  -74.451  45.576 1.0000000000
147733  -4.896  -73.911  45.477 1.0000000000
147734  -4.779  -73.326  45.336 1.0000000000
147735  -4.743  -73.392  44.764 1.0000000000
147736  -4.672  -73.487  44.190 1.0000000000
147737  -4.630  -73.584  43.624 1.0000000000
147738  -7.714  -74.226  44.054 1.0000000000
147739  -7.064  -74.349  43.818 1.0000000000
147740  -6.457  -74.446  43.618 1.0000000000
147741  -7.444  -73.666  42.851 1.0000000000
147742  -6.632  -74.152  43.110 1.0000000000
147743  -5.894  -74.458  43.438 1.0000000000
147744  -5.374  -74.367  43.275 1.0000000000
147745  -4.926  -74.102  43.134 1.0000000000
147746  -4.652  -73.608  43.050 1.0000000000
147747  -4.640  -73.672  42.474 1.0000000000
147748  -4.757  -73.589  41.896 1.0000000000
147749  -4.823  -73.537  41.292 1.0000000000
147751  -5.399  -73.602  40.855 1.0000000000
