#!ascii label  , from subject 40tvs8ref_sym_20 vox2ras=TkReg
299
432  -38.684  -12.370  -10.859 1.0000000000
1968  -43.318  -15.222  -11.657 1.0000000000
2254  -40.278  -18.293  -8.620 1.0000000000
2255  -37.204  -13.558  -6.975 1.0000000000
4320  -40.662  -14.352  -11.769 1.0000000000
4322  -41.471  -12.762  -13.344 1.0000000000
4994  -37.419  -17.090  -6.319 1.0000000000
4995  -38.321  -16.367  -8.280 1.0000000000
4996  -36.951  -14.152  -4.950 1.0000000000
8496  -45.926  -14.671  -10.347 1.0000000000
9322  -44.490  -17.127  -9.273 1.0000000000
9323  -41.728  -16.905  -10.185 1.0000000000
9324  -39.365  -15.418  -10.060 1.0000000000
9325  -37.768  -13.044  -8.978 1.0000000000
9326  -37.566  -11.146  -3.705 1.0000000000
9327  -37.356  -10.676  -5.567 1.0000000000
9328  -37.290  -10.085  -7.301 1.0000000000
12000  -39.575  -13.494  -11.438 1.0000000000
12001  -41.046  -13.563  -12.515 1.0000000000
12002  -39.923  -12.807  -12.192 1.0000000000
12675  -36.970  -15.588  -5.637 1.0000000000
18720  -44.679  -15.134  -11.123 1.0000000000
18721  -46.334  -13.411  -11.026 1.0000000000
18722  -45.127  -13.938  -11.823 1.0000000000
20740  -39.820  -19.060  -7.773 1.0000000000
20742  -41.802  -19.005  -8.396 1.0000000000
20743  -43.986  -18.230  -8.537 1.0000000000
20744  -42.289  -18.148  -9.185 1.0000000000
20745  -43.102  -17.216  -9.881 1.0000000000
20746  -41.009  -17.637  -9.448 1.0000000000
20747  -37.591  -15.022  -7.720 1.0000000000
20748  -38.861  -15.922  -9.232 1.0000000000
20749  -37.997  -14.684  -8.715 1.0000000000
20750  -38.469  -14.349  -9.702 1.0000000000
20751  -37.460  -13.317  -7.987 1.0000000000
20756  -37.681  -9.309  -3.955 1.0000000000
20757  -37.546  -9.056  -4.834 1.0000000000
20758  -37.313  -10.355  -6.411 1.0000000000
20759  -37.424  -8.892  -5.757 1.0000000000
20760  -37.331  -8.598  -6.601 1.0000000000
26208  -41.915  -14.942  -11.853 1.0000000000
26209  -43.838  -14.169  -12.411 1.0000000000
26210  -42.409  -14.049  -12.631 1.0000000000
26211  -42.888  -13.109  -13.438 1.0000000000
27421  -38.257  -18.603  -6.820 1.0000000000
27422  -38.622  -17.942  -7.685 1.0000000000
27423  -39.215  -17.416  -8.560 1.0000000000
27424  -37.831  -16.748  -7.337 1.0000000000
27425  -37.233  -15.328  -6.686 1.0000000000
27426  -37.029  -13.849  -5.940 1.0000000000
30144  -38.001  -10.990  -10.058 1.0000000000
30145  -38.994  -11.735  -11.624 1.0000000000
35760  -47.047  -14.073  -9.448 1.0000000000
35771  -40.265  -12.090  -12.984 1.0000000000
38205  -45.887  -16.762  -8.259 1.0000000000
38206  -46.383  -15.500  -8.945 1.0000000000
38207  -45.207  -15.966  -9.830 1.0000000000
38208  -43.915  -16.211  -10.527 1.0000000000
38209  -42.487  -16.127  -10.929 1.0000000000
38210  -39.802  -16.891  -9.386 1.0000000000
38211  -40.440  -16.297  -10.201 1.0000000000
38212  -41.187  -15.650  -11.026 1.0000000000
38213  -40.014  -14.903  -10.916 1.0000000000
38214  -39.023  -13.950  -10.634 1.0000000000
38215  -38.221  -12.742  -10.006 1.0000000000
38217  -37.220  -12.644  -4.278 1.0000000000
38218  -37.152  -12.400  -5.228 1.0000000000
38219  -37.844  -9.541  -3.083 1.0000000000
38220  -37.442  -10.898  -4.612 1.0000000000
38221  -37.185  -12.130  -6.219 1.0000000000
38222  -37.240  -11.837  -7.146 1.0000000000
38223  -37.402  -11.533  -8.087 1.0000000000
38224  -37.643  -11.284  -9.064 1.0000000000
38225  -37.403  -9.839  -8.221 1.0000000000
42720  -39.109  -12.972  -11.179 1.0000000000
42721  -39.752  -13.148  -11.796 1.0000000000
42722  -39.288  -12.650  -11.561 1.0000000000
49440  -44.040  -15.220  -11.452 1.0000000000
49441  -44.899  -14.539  -11.472 1.0000000000
49442  -44.241  -14.647  -11.784 1.0000000000
51460  -40.082  -18.670  -8.211 1.0000000000
51461  -40.760  -19.092  -8.152 1.0000000000
51462  -41.010  -18.689  -8.559 1.0000000000
51463  -42.066  -18.547  -8.788 1.0000000000
51464  -41.251  -18.276  -8.952 1.0000000000
51465  -41.654  -17.936  -9.374 1.0000000000
51466  -40.621  -17.960  -9.013 1.0000000000
51467  -37.357  -14.292  -7.376 1.0000000000
51468  -37.787  -14.879  -8.251 1.0000000000
51469  -37.489  -14.153  -7.899 1.0000000000
51470  -37.681  -14.005  -8.371 1.0000000000
51471  -37.280  -13.408  -7.450 1.0000000000
51477  -37.637  -8.229  -4.446 1.0000000000
51478  -37.486  -8.985  -5.293 1.0000000000
51479  -37.559  -8.141  -4.915 1.0000000000
51480  -37.501  -8.023  -5.334 1.0000000000
59040  -41.264  -14.680  -11.844 1.0000000000
59041  -42.161  -14.509  -12.257 1.0000000000
59042  -41.513  -14.269  -12.233 1.0000000000
59043  -41.275  -13.172  -12.934 1.0000000000
59044  -41.971  -13.431  -13.052 1.0000000000
59045  -42.175  -12.979  -13.430 1.0000000000
61060  -37.282  -17.359  -5.844 1.0000000000
61061  -37.637  -18.173  -6.140 1.0000000000
61062  -37.832  -17.921  -6.632 1.0000000000
61063  -38.463  -18.277  -7.243 1.0000000000
61064  -37.976  -17.577  -7.062 1.0000000000
61065  -38.218  -17.374  -7.548 1.0000000000
61066  -37.625  -16.919  -6.832 1.0000000000
61067  -36.904  -14.858  -5.296 1.0000000000
61068  -37.097  -15.461  -6.168 1.0000000000
61069  -37.001  -14.721  -5.802 1.0000000000
61070  -37.073  -14.561  -6.300 1.0000000000
61071  -36.996  -13.997  -5.446 1.0000000000
66240  -37.774  -10.314  -9.601 1.0000000000
66241  -38.155  -10.734  -10.463 1.0000000000
79200  -46.494  -14.384  -9.912 1.0000000000
79204  -47.105  -12.396  -10.927 1.0000000000
79208  -44.079  -13.640  -12.770 1.0000000000
79209  -44.749  -13.536  -12.501 1.0000000000
79224  -39.596  -11.964  -12.307 1.0000000000
85270  -44.240  -17.664  -8.900 1.0000000000
85271  -44.936  -17.573  -8.431 1.0000000000
85272  -45.190  -16.991  -8.794 1.0000000000
85273  -46.141  -16.151  -8.614 1.0000000000
85274  -45.435  -16.415  -9.155 1.0000000000
85275  -45.784  -15.791  -9.413 1.0000000000
85276  -44.819  -16.593  -9.566 1.0000000000
85277  -42.427  -17.107  -10.069 1.0000000000
85278  -43.547  -16.752  -10.221 1.0000000000
85279  -42.847  -16.682  -10.456 1.0000000000
85280  -43.211  -16.212  -10.772 1.0000000000
85281  -42.085  -16.529  -10.580 1.0000000000
85282  -38.747  -16.915  -8.457 1.0000000000
85283  -39.492  -17.152  -8.979 1.0000000000
85284  -39.021  -16.672  -8.893 1.0000000000
85285  -39.102  -15.659  -9.640 1.0000000000
85286  -39.593  -16.149  -9.737 1.0000000000
85287  -39.883  -15.880  -10.160 1.0000000000
85288  -40.814  -15.976  -10.627 1.0000000000
85289  -40.246  -15.622  -10.588 1.0000000000
85290  -40.574  -15.302  -10.990 1.0000000000
85291  -39.693  -15.154  -10.514 1.0000000000
85292  -38.109  -13.753  -9.438 1.0000000000
85293  -38.761  -14.158  -10.184 1.0000000000
85294  -38.349  -13.546  -9.900 1.0000000000
85295  -38.596  -13.368  -10.373 1.0000000000
85296  -38.006  -12.893  -9.526 1.0000000000
85302  -37.389  -11.887  -3.968 1.0000000000
85303  -37.183  -12.528  -4.744 1.0000000000
85304  -37.337  -11.780  -4.448 1.0000000000
85306  -38.025  -8.844  -2.329 1.0000000000
85307  -37.940  -8.732  -2.784 1.0000000000
85308  -37.510  -10.012  -4.751 1.0000000000
85309  -37.565  -10.117  -4.289 1.0000000000
85310  -37.394  -10.794  -5.099 1.0000000000
85311  -37.284  -11.538  -5.411 1.0000000000
85312  -37.258  -11.431  -5.911 1.0000000000
85313  -37.189  -11.970  -6.666 1.0000000000
85314  -37.254  -11.263  -6.351 1.0000000000
85315  -37.296  -10.217  -6.862 1.0000000000
85316  -37.290  -10.908  -7.186 1.0000000000
85317  -37.333  -10.808  -7.689 1.0000000000
85318  -37.519  -11.414  -8.591 1.0000000000
85319  -37.402  -10.695  -8.152 1.0000000000
85320  -37.490  -10.590  -8.621 1.0000000000
85321  -37.342  -9.969  -7.766 1.0000000000
95328  -40.071  -13.965  -11.611 1.0000000000
95329  -40.862  -13.954  -12.127 1.0000000000
95330  -40.271  -13.580  -11.981 1.0000000000
95331  -40.424  -13.223  -12.360 1.0000000000
95332  -40.654  -12.844  -12.782 1.0000000000
96542  -37.002  -16.464  -5.467 1.0000000000
96543  -37.145  -16.338  -5.981 1.0000000000
96545  -36.870  -14.984  -4.783 1.0000000000
96546  -36.938  -14.279  -4.452 1.0000000000
107424  -45.328  -14.927  -10.749 1.0000000000
107425  -46.150  -14.033  -10.693 1.0000000000
107426  -45.532  -14.343  -11.102 1.0000000000
107427  -45.735  -13.714  -11.444 1.0000000000
111060  -39.623  -19.437  -7.330 1.0000000000
111063  -41.499  -19.430  -8.016 1.0000000000
111065  -43.684  -18.720  -8.172 1.0000000000
111066  -42.902  -18.692  -8.525 1.0000000000
111067  -43.160  -18.227  -8.931 1.0000000000
111068  -43.417  -17.704  -9.293 1.0000000000
111069  -43.795  -17.220  -9.625 1.0000000000
111070  -42.710  -17.663  -9.544 1.0000000000
111071  -42.026  -17.526  -9.721 1.0000000000
111072  -41.358  -17.295  -9.817 1.0000000000
111073  -37.909  -15.748  -8.036 1.0000000000
111074  -38.577  -16.154  -8.752 1.0000000000
111075  -38.156  -15.559  -8.535 1.0000000000
111076  -38.408  -15.339  -9.021 1.0000000000
111077  -38.634  -15.129  -9.464 1.0000000000
111078  -38.894  -14.908  -9.910 1.0000000000
111079  -38.210  -14.501  -9.195 1.0000000000
111080  -37.900  -13.877  -8.894 1.0000000000
111081  -37.631  -13.185  -8.491 1.0000000000
111088  -37.872  -8.645  -3.245 1.0000000000
111089  -37.770  -8.493  -3.632 1.0000000000
111090  -37.612  -9.185  -4.388 1.0000000000
111091  -37.455  -9.885  -5.214 1.0000000000
111092  -37.325  -10.506  -5.972 1.0000000000
111093  -37.408  -9.790  -5.661 1.0000000000
111094  -37.369  -9.662  -6.104 1.0000000000
111095  -37.326  -9.519  -6.540 1.0000000000
111096  -37.308  -9.387  -6.985 1.0000000000
111097  -37.369  -8.749  -6.165 1.0000000000
111098  -37.420  -7.894  -5.754 1.0000000000
122592  -42.599  -15.127  -11.790 1.0000000000
122593  -43.571  -14.675  -12.027 1.0000000000
122594  -42.874  -14.639  -12.190 1.0000000000
122595  -43.118  -14.160  -12.571 1.0000000000
122597  -41.715  -13.847  -12.607 1.0000000000
122598  -42.629  -13.589  -13.042 1.0000000000
122600  -43.805  -12.643  -13.732 1.0000000000
125422  -38.110  -18.921  -6.346 1.0000000000
125424  -39.021  -18.892  -7.326 1.0000000000
125425  -39.238  -18.551  -7.783 1.0000000000
125426  -39.457  -18.177  -8.208 1.0000000000
125427  -39.727  -17.873  -8.604 1.0000000000
125428  -38.945  -17.707  -8.144 1.0000000000
125429  -38.477  -17.184  -8.039 1.0000000000
125430  -38.063  -16.577  -7.822 1.0000000000
125431  -37.290  -16.196  -6.519 1.0000000000
125432  -37.482  -16.053  -7.045 1.0000000000
125433  -37.697  -15.904  -7.535 1.0000000000
125434  -37.405  -15.175  -7.198 1.0000000000
125435  -37.203  -14.425  -6.841 1.0000000000
125436  -37.095  -13.698  -6.472 1.0000000000
132288  -38.319  -11.699  -10.489 1.0000000000
132289  -38.832  -12.068  -11.262 1.0000000000
132290  -38.483  -11.405  -10.898 1.0000000000
148272  -47.557  -13.730  -8.973 1.0000000000
148277  -46.908  -13.052  -10.592 1.0000000000
148283  -44.504  -14.088  -12.152 1.0000000000
148301  -39.411  -12.315  -11.913 1.0000000000
148302  -40.086  -12.439  -12.564 1.0000000000
148303  -40.828  -12.470  -13.197 1.0000000000
148306  -41.627  -12.389  -13.782 1.0000000000
155573  -44.684  -18.150  -8.099 1.0000000000
155575  -46.550  -16.470  -7.699 1.0000000000
155576  -46.799  -15.839  -8.047 1.0000000000
155577  -47.020  -15.150  -8.380 1.0000000000
155579  -46.707  -14.797  -9.198 1.0000000000
155580  -46.139  -15.094  -9.662 1.0000000000
155581  -45.569  -15.320  -10.095 1.0000000000
155582  -44.207  -16.704  -9.920 1.0000000000
155583  -44.578  -16.124  -10.210 1.0000000000
155584  -44.966  -15.535  -10.493 1.0000000000
155585  -44.296  -15.679  -10.828 1.0000000000
155586  -43.612  -15.722  -11.096 1.0000000000
155587  -42.915  -15.667  -11.283 1.0000000000
155588  -40.036  -17.569  -9.022 1.0000000000
155589  -40.381  -17.292  -9.439 1.0000000000
155590  -40.721  -16.958  -9.835 1.0000000000
155591  -39.286  -16.421  -9.319 1.0000000000
155592  -40.124  -16.583  -9.793 1.0000000000
155593  -41.064  -16.616  -10.237 1.0000000000
155594  -41.418  -16.277  -10.633 1.0000000000
155595  -41.821  -15.907  -11.014 1.0000000000
155596  -42.221  -15.519  -11.395 1.0000000000
155597  -41.538  -15.309  -11.434 1.0000000000
155598  -40.896  -15.010  -11.406 1.0000000000
155599  -40.319  -14.640  -11.329 1.0000000000
155600  -39.216  -14.706  -10.376 1.0000000000
155601  -39.502  -14.470  -10.797 1.0000000000
155602  -39.793  -14.225  -11.211 1.0000000000
155603  -39.307  -13.738  -11.042 1.0000000000
155604  -38.829  -13.174  -10.781 1.0000000000
155605  -38.375  -12.560  -10.399 1.0000000000
155608  -37.072  -13.543  -4.122 1.0000000000
155610  -37.255  -12.778  -3.808 1.0000000000
155611  -37.070  -13.406  -4.615 1.0000000000
155612  -37.061  -13.268  -5.098 1.0000000000
155613  -37.057  -13.132  -5.581 1.0000000000
155614  -37.096  -12.977  -6.071 1.0000000000
155616  -37.924  -9.683  -2.652 1.0000000000
155617  -37.714  -10.377  -3.414 1.0000000000
155618  -37.763  -9.425  -3.516 1.0000000000
155619  -37.635  -10.247  -3.847 1.0000000000
155620  -37.491  -11.023  -4.160 1.0000000000
155621  -37.300  -11.658  -4.895 1.0000000000
155622  -37.177  -12.264  -5.728 1.0000000000
155623  -37.143  -12.825  -6.556 1.0000000000
155624  -37.182  -12.668  -7.020 1.0000000000
155625  -37.304  -12.565  -7.542 1.0000000000
155626  -37.416  -12.429  -8.036 1.0000000000
155627  -37.261  -11.083  -6.761 1.0000000000
155628  -37.284  -11.672  -7.588 1.0000000000
155629  -37.533  -12.280  -8.506 1.0000000000
155630  -37.732  -12.179  -9.079 1.0000000000
155631  -37.898  -12.028  -9.551 1.0000000000
155632  -38.070  -11.834  -9.980 1.0000000000
155633  -37.787  -11.111  -9.531 1.0000000000
155634  -37.606  -10.415  -9.096 1.0000000000
155636  -37.323  -9.241  -7.419 1.0000000000
155637  -37.362  -9.145  -7.867 1.0000000000
