#!ascii label  , from subject 40tvs8ref_sym_20 vox2ras=TkReg
255
1642  -39.638  -3.329  19.042 1.0000000000
1644  -36.524  -1.369  17.634 1.0000000000
3697  -40.113  0.016  17.399 1.0000000000
3698  -37.980  -2.269  18.562 1.0000000000
3699  -38.265  1.033  16.895 1.0000000000
7672  -38.527  -6.923  18.935 1.0000000000
7674  -37.144  -5.907  18.638 1.0000000000
7675  -36.092  -5.148  17.595 1.0000000000
7676  -35.609  -4.420  16.253 1.0000000000
7678  -35.258  -0.705  16.368 1.0000000000
7679  -35.598  -3.699  14.751 1.0000000000
8285  -40.582  -9.062  17.702 1.0000000000
8286  -39.688  -7.947  18.494 1.0000000000
8287  -41.064  -4.444  18.967 1.0000000000
8288  -41.722  -1.060  17.526 1.0000000000
11378  -39.196  0.538  17.187 1.0000000000
16852  -39.149  -5.108  19.235 1.0000000000
16853  -37.829  -6.377  18.884 1.0000000000
16854  -38.384  -4.550  19.075 1.0000000000
16855  -37.192  -1.814  18.125 1.0000000000
16856  -37.019  -3.631  18.290 1.0000000000
16857  -36.449  -3.254  17.724 1.0000000000
16858  -35.785  -4.782  16.960 1.0000000000
16859  -36.007  -2.890  17.134 1.0000000000
16866  -35.278  -2.212  15.733 1.0000000000
18223  -40.159  -8.529  18.039 1.0000000000
18224  -41.006  -6.782  18.558 1.0000000000
18225  -40.452  -6.207  18.942 1.0000000000
18226  -41.738  -5.028  18.702 1.0000000000
18228  -42.512  -1.611  17.470 1.0000000000
18229  -42.584  -0.050  16.320 1.0000000000
18230  -41.772  0.509  16.261 1.0000000000
25087  -39.964  -1.543  18.401 1.0000000000
25088  -38.773  -2.769  18.867 1.0000000000
25089  -39.031  -1.036  18.257 1.0000000000
25090  -38.143  -0.546  17.948 1.0000000000
25091  -37.318  -0.095  17.544 1.0000000000
33442  -37.928  -8.578  18.487 1.0000000000
33444  -37.207  -8.147  18.460 1.0000000000
33445  -36.550  -7.721  18.208 1.0000000000
33446  -35.963  -7.295  17.856 1.0000000000
33447  -37.664  -4.092  18.747 1.0000000000
33448  -36.575  -5.500  18.179 1.0000000000
33449  -35.464  -6.936  17.367 1.0000000000
33450  -35.086  -6.614  16.694 1.0000000000
33451  -34.937  -6.237  15.981 1.0000000000
33452  -34.965  -5.890  15.173 1.0000000000
33455  -36.524  0.339  17.047 1.0000000000
33457  -35.725  0.674  16.514 1.0000000000
33458  -35.855  -1.057  17.057 1.0000000000
33459  -35.631  -2.527  16.450 1.0000000000
33460  -35.542  -4.092  15.512 1.0000000000
33461  -35.149  -5.581  14.386 1.0000000000
35154  -38.432  -9.033  18.391 1.0000000000
35155  -39.142  -7.442  18.785 1.0000000000
35156  -39.807  -5.667  19.178 1.0000000000
35157  -40.328  -3.871  19.060 1.0000000000
35158  -42.225  -3.253  18.291 1.0000000000
35159  -41.465  -2.715  18.455 1.0000000000
35160  -40.702  -2.156  18.487 1.0000000000
35161  -40.885  -0.550  17.544 1.0000000000
35162  -40.964  0.970  16.187 1.0000000000
47572  -39.409  -4.222  19.174 1.0000000000
47573  -38.752  -4.817  19.164 1.0000000000
47574  -39.006  -3.921  19.116 1.0000000000
47575  -36.841  -1.604  17.880 1.0000000000
47576  -36.793  -2.491  17.998 1.0000000000
47577  -36.500  -2.305  17.708 1.0000000000
47578  -36.227  -3.066  17.437 1.0000000000
47579  -36.222  -2.101  17.429 1.0000000000
48943  -41.223  -7.117  18.289 1.0000000000
48944  -41.684  -6.199  18.509 1.0000000000
48945  -41.400  -5.907  18.702 1.0000000000
48946  -42.061  -5.329  18.541 1.0000000000
48948  -42.992  -0.332  16.317 1.0000000000
48949  -42.977  0.404  15.641 1.0000000000
48950  -42.568  0.686  15.618 1.0000000000
57172  -40.063  -0.721  17.951 1.0000000000
57173  -39.492  -1.281  18.334 1.0000000000
57174  -39.584  -0.458  17.857 1.0000000000
57175  -38.737  0.805  17.054 1.0000000000
57176  -38.674  0.036  17.632 1.0000000000
57177  -38.212  0.292  17.450 1.0000000000
57178  -37.739  -0.302  17.742 1.0000000000
57179  -37.785  0.513  17.286 1.0000000000
73597  -38.228  -7.779  18.675 1.0000000000
73598  -37.543  -8.386  18.480 1.0000000000
73599  -37.861  -7.539  18.676 1.0000000000
73600  -37.481  -6.135  18.780 1.0000000000
73601  -37.183  -7.036  18.587 1.0000000000
73602  -36.839  -6.844  18.409 1.0000000000
73603  -36.245  -7.501  18.045 1.0000000000
73604  -36.544  -6.626  18.237 1.0000000000
73605  -38.367  -2.511  18.750 1.0000000000
73606  -38.218  -3.418  18.897 1.0000000000
73607  -37.842  -3.176  18.693 1.0000000000
73608  -36.567  -4.361  18.007 1.0000000000
73609  -36.841  -4.563  18.266 1.0000000000
73610  -36.314  -5.322  17.908 1.0000000000
73611  -36.028  -6.229  17.780 1.0000000000
73612  -35.808  -6.060  17.474 1.0000000000
73613  -35.250  -6.784  17.035 1.0000000000
73614  -35.604  -5.888  17.148 1.0000000000
73615  -35.718  -4.614  16.619 1.0000000000
73616  -35.376  -5.527  16.489 1.0000000000
73617  -35.349  -5.349  16.120 1.0000000000
73618  -34.924  -6.074  15.585 1.0000000000
73619  -35.345  -5.175  15.735 1.0000000000
73627  -36.533  1.156  16.617 1.0000000000
73631  -35.113  0.169  16.182 1.0000000000
73633  -35.440  -0.028  16.535 1.0000000000
73634  -35.784  -0.184  16.838 1.0000000000
73635  -35.558  -0.889  16.723 1.0000000000
73636  -35.690  -1.787  16.807 1.0000000000
73637  -35.451  -1.585  16.473 1.0000000000
73638  -35.419  -2.945  15.270 1.0000000000
73639  -35.488  -3.139  15.641 1.0000000000
73640  -35.579  -3.890  15.145 1.0000000000
73641  -35.453  -4.857  14.964 1.0000000000
73642  -35.500  -4.646  14.580 1.0000000000
73644  -35.652  -4.454  14.194 1.0000000000
77705  -40.820  -9.308  17.605 1.0000000000
77707  -40.286  -9.745  18.043 1.0000000000
77709  -40.039  -9.501  18.012 1.0000000000
77710  -39.928  -8.240  18.308 1.0000000000
77713  -38.716  -9.248  18.427 1.0000000000
77714  -39.054  -8.501  18.434 1.0000000000
77715  -38.778  -8.282  18.516 1.0000000000
77716  -39.425  -7.700  18.651 1.0000000000
77717  -40.762  -5.319  19.025 1.0000000000
77718  -40.129  -5.919  19.093 1.0000000000
77719  -40.429  -5.045  19.114 1.0000000000
77720  -40.076  -4.790  19.177 1.0000000000
77721  -40.693  -4.163  19.015 1.0000000000
77723  -42.575  -3.546  18.167 1.0000000000
77724  -42.758  -2.704  17.842 1.0000000000
77725  -42.139  -1.347  17.525 1.0000000000
77726  -41.999  -2.121  18.006 1.0000000000
77727  -41.616  -1.880  18.038 1.0000000000
77728  -41.082  -2.450  18.523 1.0000000000
77729  -41.234  -1.597  18.055 1.0000000000
77730  -40.827  -1.357  18.065 1.0000000000
77731  -41.309  -0.805  17.538 1.0000000000
77732  -41.753  1.207  15.541 1.0000000000
77733  -41.367  0.742  16.233 1.0000000000
77735  -40.939  1.675  15.440 1.0000000000
94208  -39.657  0.305  17.297 1.0000000000
104062  -38.834  -6.023  19.162 1.0000000000
104063  -38.180  -6.653  18.940 1.0000000000
104064  -38.471  -5.729  19.108 1.0000000000
104065  -38.108  -5.464  19.045 1.0000000000
104066  -37.759  -5.226  18.901 1.0000000000
104067  -37.577  -2.030  18.351 1.0000000000
104068  -37.489  -2.931  18.487 1.0000000000
104069  -37.125  -2.704  18.245 1.0000000000
104070  -36.726  -3.416  18.057 1.0000000000
104071  -36.315  -4.216  17.683 1.0000000000
104072  -35.908  -4.984  17.270 1.0000000000
104073  -36.153  -4.027  17.385 1.0000000000
104074  -35.966  -3.838  17.069 1.0000000000
104075  -35.816  -3.660  16.720 1.0000000000
104086  -35.203  -1.420  16.093 1.0000000000
104090  -35.570  -3.514  14.388 1.0000000000
106529  -40.391  -8.777  17.881 1.0000000000
106530  -40.786  -7.983  18.024 1.0000000000
106531  -40.566  -7.686  18.300 1.0000000000
106532  -40.335  -7.364  18.556 1.0000000000
106533  -40.095  -7.092  18.748 1.0000000000
106534  -40.745  -6.482  18.794 1.0000000000
106535  -41.082  -5.627  18.917 1.0000000000
106536  -41.397  -4.729  18.868 1.0000000000
106538  -42.907  -1.890  17.417 1.0000000000
106539  -42.979  -1.095  16.920 1.0000000000
106540  -42.577  -0.823  16.937 1.0000000000
106541  -42.173  -0.537  16.939 1.0000000000
106542  -41.765  -0.277  16.952 1.0000000000
106543  -42.175  0.236  16.294 1.0000000000
106544  -42.159  0.972  15.584 1.0000000000
119977  -39.825  -2.423  18.784 1.0000000000
119978  -39.192  -3.025  18.983 1.0000000000
119979  -39.374  -2.142  18.717 1.0000000000
119980  -38.926  -1.889  18.619 1.0000000000
119981  -38.482  -1.659  18.497 1.0000000000
119982  -39.133  -0.197  17.764 1.0000000000
119983  -38.585  -0.808  18.125 1.0000000000
119984  -38.079  -1.371  18.333 1.0000000000
119985  -37.665  -1.151  18.101 1.0000000000
119986  -37.289  -0.920  17.905 1.0000000000
119987  -36.873  -0.738  17.654 1.0000000000
141475  -36.886  -8.965  18.364 1.0000000000
141476  -36.565  -8.759  18.268 1.0000000000
141477  -37.524  -7.283  18.660 1.0000000000
141478  -36.884  -7.940  18.364 1.0000000000
141479  -36.246  -8.559  18.109 1.0000000000
141480  -35.948  -8.344  17.943 1.0000000000
141482  -35.368  -7.995  17.513 1.0000000000
141483  -38.592  -3.654  19.014 1.0000000000
141484  -38.005  -4.318  18.939 1.0000000000
141485  -37.444  -5.005  18.734 1.0000000000
141486  -37.345  -3.853  18.531 1.0000000000
141487  -37.123  -4.778  18.503 1.0000000000
141488  -36.842  -5.718  18.398 1.0000000000
141489  -36.272  -6.433  18.014 1.0000000000
141490  -35.719  -7.095  17.642 1.0000000000
141491  -35.133  -7.812  17.255 1.0000000000
141492  -34.897  -7.658  16.950 1.0000000000
141494  -34.590  -7.293  16.258 1.0000000000
141495  -35.473  -5.720  16.822 1.0000000000
141496  -34.985  -6.409  16.364 1.0000000000
141497  -34.508  -7.116  15.853 1.0000000000
141503  -38.311  1.745  16.258 1.0000000000
141506  -37.836  1.280  16.722 1.0000000000
141508  -36.902  0.126  17.299 1.0000000000
141509  -36.511  -0.502  17.384 1.0000000000
141514  -35.704  1.531  16.108 1.0000000000
141515  -36.106  1.342  16.371 1.0000000000
141516  -36.127  0.506  16.807 1.0000000000
141517  -36.150  -0.336  17.118 1.0000000000
141518  -36.185  -1.200  17.326 1.0000000000
141519  -35.936  -1.925  17.147 1.0000000000
141520  -35.793  -2.721  16.796 1.0000000000
141521  -35.694  -3.470  16.363 1.0000000000
141522  -35.438  -2.346  16.090 1.0000000000
141523  -35.588  -3.288  16.007 1.0000000000
141524  -35.601  -4.244  15.885 1.0000000000
141525  -35.356  -5.008  15.343 1.0000000000
141526  -35.002  -5.764  14.755 1.0000000000
141528  -34.869  -6.277  13.817 1.0000000000
146473  -39.791  -9.275  18.073 1.0000000000
146478  -37.866  -9.516  18.563 1.0000000000
146479  -38.183  -8.806  18.464 1.0000000000
146480  -38.516  -8.034  18.596 1.0000000000
146481  -38.847  -7.189  18.881 1.0000000000
146482  -39.825  -6.833  18.925 1.0000000000
146483  -39.490  -6.563  19.034 1.0000000000
146484  -39.177  -6.290  19.120 1.0000000000
146485  -39.468  -5.401  19.201 1.0000000000
146486  -39.739  -4.496  19.173 1.0000000000
146487  -39.982  -3.594  19.050 1.0000000000
146488  -42.350  -4.423  18.399 1.0000000000
146489  -42.020  -4.117  18.555 1.0000000000
146490  -41.658  -3.842  18.680 1.0000000000
146491  -42.389  -2.422  17.922 1.0000000000
146492  -41.855  -2.977  18.385 1.0000000000
146493  -41.294  -3.565  18.754 1.0000000000
146494  -40.909  -3.293  18.816 1.0000000000
146495  -40.531  -2.989  18.820 1.0000000000
146496  -40.188  -2.695  18.820 1.0000000000
146497  -40.339  -1.879  18.467 1.0000000000
146498  -40.432  -1.053  18.007 1.0000000000
146499  -40.505  -0.268  17.465 1.0000000000
146500  -41.351  -0.017  16.922 1.0000000000
146501  -40.960  0.227  16.904 1.0000000000
146502  -40.561  0.487  16.833 1.0000000000
146503  -40.566  1.232  16.106 1.0000000000
