#!ascii label  , from subject 40tvs8ref_sym_20 vox2ras=TkReg
408
476  -28.111  -54.564  60.954 1.0000000000
477  -29.179  -50.588  54.713 1.0000000000
1043  -28.511  -52.517  57.977 1.0000000000
1044  -33.433  -50.765  60.688 1.0000000000
2078  -26.450  -54.330  52.145 1.0000000000
2086  -34.644  -49.502  56.661 1.0000000000
4564  -26.697  -55.360  57.952 1.0000000000
4565  -28.894  -51.604  56.414 1.0000000000
4566  -26.979  -53.088  54.995 1.0000000000
4567  -27.289  -52.068  53.335 1.0000000000
4568  -26.603  -53.194  50.443 1.0000000000
4569  -27.555  -51.018  51.665 1.0000000000
6483  -28.243  -53.456  59.515 1.0000000000
6484  -30.390  -52.409  60.876 1.0000000000
6485  -30.842  -51.525  59.317 1.0000000000
6486  -31.358  -50.667  57.699 1.0000000000
8800  -26.857  -54.146  56.558 1.0000000000
8801  -26.399  -55.427  53.753 1.0000000000
8825  -34.196  -50.128  58.651 1.0000000000
8826  -31.996  -49.923  55.651 1.0000000000
8827  -35.007  -48.611  54.790 1.0000000000
8828  -32.609  -49.314  53.566 1.0000000000
8829  -29.730  -49.647  52.693 1.0000000000
12242  -27.276  -55.455  60.155 1.0000000000
12243  -26.681  -55.931  58.655 1.0000000000
12244  -27.344  -54.865  59.413 1.0000000000
12245  -29.081  -51.102  55.579 1.0000000000
12246  -28.025  -51.756  54.871 1.0000000000
12247  -28.187  -51.224  54.060 1.0000000000
12248  -27.443  -51.549  52.527 1.0000000000
12249  -28.316  -50.760  53.205 1.0000000000
14643  -30.247  -52.834  61.705 1.0000000000
14645  -33.160  -51.147  61.544 1.0000000000
14646  -31.877  -51.548  60.821 1.0000000000
14647  -32.175  -51.103  60.033 1.0000000000
14648  -31.083  -51.073  58.535 1.0000000000
14649  -32.480  -50.707  59.181 1.0000000000
19450  -28.358  -52.950  58.755 1.0000000000
19451  -27.428  -53.757  58.038 1.0000000000
19452  -27.538  -53.171  57.320 1.0000000000
19453  -26.592  -53.617  53.553 1.0000000000
19454  -26.510  -54.197  54.330 1.0000000000
19455  -26.404  -54.911  52.997 1.0000000000
19456  -26.630  -56.277  52.638 1.0000000000
19457  -26.600  -55.706  51.734 1.0000000000
19459  -26.537  -55.112  50.901 1.0000000000
19460  -26.686  -52.645  49.515 1.0000000000
19513  -35.615  -49.455  58.199 1.0000000000
19514  -35.420  -49.822  59.196 1.0000000000
19515  -34.454  -49.822  57.631 1.0000000000
19516  -33.127  -50.056  57.093 1.0000000000
19517  -33.456  -49.770  56.105 1.0000000000
19519  -36.124  -47.946  55.379 1.0000000000
19520  -35.189  -48.103  53.891 1.0000000000
19522  -32.859  -48.966  52.533 1.0000000000
19523  -31.478  -49.145  52.009 1.0000000000
19524  -31.142  -49.438  53.105 1.0000000000
19525  -30.068  -49.293  51.602 1.0000000000
19526  -28.780  -49.714  51.100 1.0000000000
26644  -26.406  -57.208  58.024 1.0000000000
26645  -26.409  -56.528  57.319 1.0000000000
26646  -26.363  -55.933  56.581 1.0000000000
26647  -28.690  -52.065  57.203 1.0000000000
26648  -27.643  -52.716  56.496 1.0000000000
26649  -27.828  -52.259  55.714 1.0000000000
26650  -27.134  -52.556  54.192 1.0000000000
26651  -26.708  -53.065  52.701 1.0000000000
26652  -26.523  -53.721  51.314 1.0000000000
26653  -26.827  -52.517  51.866 1.0000000000
26654  -26.927  -52.018  51.004 1.0000000000
26655  -27.069  -51.483  50.106 1.0000000000
26687  -35.807  -48.989  57.209 1.0000000000
30482  -29.057  -53.805  61.748 1.0000000000
30483  -28.187  -54.012  60.235 1.0000000000
30484  -29.152  -53.335  61.004 1.0000000000
30485  -29.276  -52.889  60.190 1.0000000000
30486  -29.422  -52.414  59.447 1.0000000000
30487  -31.602  -51.993  61.571 1.0000000000
30488  -30.584  -51.991  60.083 1.0000000000
30489  -29.607  -51.970  58.637 1.0000000000
30490  -29.840  -51.499  57.879 1.0000000000
30491  -30.036  -51.035  57.108 1.0000000000
30492  -30.232  -50.600  56.200 1.0000000000
36646  -27.376  -54.301  58.726 1.0000000000
36647  -26.756  -54.738  57.245 1.0000000000
36648  -26.427  -55.350  55.867 1.0000000000
36649  -26.883  -53.604  55.804 1.0000000000
36650  -26.464  -54.750  55.105 1.0000000000
36651  -26.413  -56.058  54.598 1.0000000000
36723  -33.833  -50.415  59.636 1.0000000000
36724  -32.830  -50.341  58.164 1.0000000000
36725  -31.677  -50.223  56.687 1.0000000000
36726  -30.535  -50.155  55.249 1.0000000000
36728  -35.993  -48.510  56.317 1.0000000000
36729  -34.827  -49.068  55.734 1.0000000000
36730  -34.019  -48.632  53.199 1.0000000000
36731  -33.864  -49.059  54.175 1.0000000000
36732  -33.681  -49.450  55.145 1.0000000000
36733  -32.333  -49.628  54.635 1.0000000000
36734  -30.825  -49.774  54.182 1.0000000000
36735  -29.430  -50.104  53.729 1.0000000000
36736  -28.528  -50.188  52.193 1.0000000000
36737  -27.745  -50.473  50.597 1.0000000000
42960  -28.111  -54.859  61.331 1.0000000000
42962  -27.707  -54.992  60.564 1.0000000000
42963  -27.295  -55.189  59.781 1.0000000000
42964  -27.672  -54.708  60.164 1.0000000000
42965  -29.157  -50.835  55.124 1.0000000000
42966  -28.627  -51.131  54.830 1.0000000000
42967  -28.660  -50.877  54.395 1.0000000000
42968  -28.246  -50.982  53.655 1.0000000000
42969  -28.744  -50.655  53.993 1.0000000000
45365  -33.327  -50.964  61.136 1.0000000000
45366  -32.682  -51.128  60.783 1.0000000000
45367  -32.801  -50.918  60.351 1.0000000000
45368  -32.297  -50.896  59.588 1.0000000000
45369  -32.963  -50.737  59.926 1.0000000000
50170  -28.425  -52.747  58.348 1.0000000000
50171  -27.936  -53.073  58.021 1.0000000000
50172  -28.000  -52.838  57.629 1.0000000000
50173  -26.466  -53.925  52.810 1.0000000000
50174  -26.442  -54.262  53.230 1.0000000000
50175  -26.437  -54.624  52.584 1.0000000000
50176  -26.492  -55.305  52.364 1.0000000000
50177  -26.490  -55.013  51.936 1.0000000000
50178  -26.541  -55.389  51.335 1.0000000000
50179  -26.460  -54.703  51.507 1.0000000000
50180  -26.740  -52.363  49.078 1.0000000000
50233  -35.138  -49.479  57.427 1.0000000000
50234  -35.036  -49.666  57.956 1.0000000000
50235  -34.568  -49.654  57.143 1.0000000000
50236  -33.954  -49.791  56.832 1.0000000000
50237  -34.071  -49.650  56.379 1.0000000000
50243  -30.929  -49.072  51.235 1.0000000000
50244  -30.755  -49.209  51.804 1.0000000000
50245  -30.253  -49.143  51.044 1.0000000000
59763  -26.437  -57.545  58.391 1.0000000000
59764  -26.542  -56.912  58.652 1.0000000000
59765  -26.663  -55.648  58.320 1.0000000000
59766  -26.528  -56.236  57.971 1.0000000000
59767  -26.513  -55.918  57.623 1.0000000000
59768  -26.383  -56.226  56.944 1.0000000000
59769  -26.516  -55.627  57.262 1.0000000000
59770  -28.791  -51.836  56.821 1.0000000000
59771  -28.198  -52.141  56.484 1.0000000000
59772  -28.353  -51.918  56.055 1.0000000000
59773  -27.626  -51.896  54.101 1.0000000000
59774  -27.562  -52.137  54.529 1.0000000000
59775  -27.208  -52.313  53.776 1.0000000000
59776  -26.902  -52.787  53.450 1.0000000000
59777  -26.958  -52.541  53.023 1.0000000000
59778  -26.741  -52.813  52.328 1.0000000000
59779  -27.023  -52.282  52.619 1.0000000000
59780  -27.512  -51.291  52.110 1.0000000000
59781  -27.175  -51.738  51.805 1.0000000000
59782  -27.223  -51.509  51.313 1.0000000000
59783  -27.001  -51.757  50.549 1.0000000000
59784  -27.291  -51.237  50.886 1.0000000000
59837  -36.378  -48.646  57.527 1.0000000000
66962  -29.548  -53.503  62.106 1.0000000000
66963  -29.118  -53.564  61.346 1.0000000000
66965  -30.326  -52.635  61.273 1.0000000000
66966  -29.752  -52.867  60.917 1.0000000000
66967  -29.818  -52.651  60.522 1.0000000000
66968  -29.346  -52.645  59.825 1.0000000000
66969  -29.910  -52.405  60.154 1.0000000000
66972  -32.205  -51.773  61.964 1.0000000000
66973  -31.331  -51.550  60.060 1.0000000000
66974  -31.226  -51.765  60.445 1.0000000000
66975  -30.703  -51.758  59.711 1.0000000000
66976  -30.095  -51.970  59.376 1.0000000000
66977  -30.205  -51.744  58.983 1.0000000000
66978  -29.717  -51.749  58.275 1.0000000000
66979  -30.333  -51.510  58.594 1.0000000000
66980  -31.225  -50.868  58.129 1.0000000000
66981  -30.558  -51.070  57.815 1.0000000000
66982  -30.692  -50.844  57.399 1.0000000000
66983  -30.135  -50.821  56.633 1.0000000000
66984  -30.783  -50.628  56.949 1.0000000000
81385  -28.178  -53.687  59.860 1.0000000000
81386  -27.737  -54.117  59.489 1.0000000000
81387  -27.805  -53.844  59.112 1.0000000000
81388  -27.113  -53.925  57.297 1.0000000000
81389  -27.036  -54.203  57.628 1.0000000000
81390  -26.823  -54.441  56.915 1.0000000000
81391  -26.571  -55.012  56.549 1.0000000000
81392  -26.627  -54.705  56.210 1.0000000000
81393  -27.296  -52.886  55.756 1.0000000000
81394  -27.232  -53.125  56.159 1.0000000000
81395  -26.929  -53.333  55.406 1.0000000000
81396  -26.427  -54.824  54.045 1.0000000000
81397  -26.497  -54.490  54.729 1.0000000000
81398  -26.413  -55.121  54.436 1.0000000000
81399  -26.407  -55.394  54.825 1.0000000000
81400  -26.405  -55.809  54.184 1.0000000000
81404  -26.792  -56.972  52.521 1.0000000000
81415  -26.585  -53.447  50.897 1.0000000000
81416  -26.557  -54.117  50.674 1.0000000000
81417  -26.571  -53.823  50.217 1.0000000000
81576  -34.851  -50.004  58.889 1.0000000000
81577  -35.275  -49.974  59.680 1.0000000000
81580  -34.028  -50.284  59.155 1.0000000000
81581  -33.351  -50.393  58.898 1.0000000000
81582  -33.538  -50.225  58.415 1.0000000000
81583  -32.551  -49.990  56.345 1.0000000000
81584  -32.423  -50.115  56.891 1.0000000000
81585  -31.844  -50.074  56.162 1.0000000000
81586  -31.098  -50.180  55.966 1.0000000000
81587  -31.280  -50.015  55.468 1.0000000000
81591  -35.601  -48.280  55.134 1.0000000000
81592  -36.094  -48.215  55.872 1.0000000000
81593  -35.481  -48.568  55.554 1.0000000000
81594  -35.392  -48.816  56.016 1.0000000000
81595  -34.911  -48.848  55.248 1.0000000000
81598  -33.547  -48.612  52.393 1.0000000000
81599  -32.748  -49.144  53.050 1.0000000000
81600  -33.380  -49.018  53.367 1.0000000000
81601  -33.248  -49.205  53.852 1.0000000000
81602  -33.765  -49.260  54.645 1.0000000000
81603  -33.135  -49.386  54.349 1.0000000000
81604  -33.019  -49.553  54.868 1.0000000000
81605  -32.451  -49.469  54.089 1.0000000000
81606  -30.412  -49.525  52.888 1.0000000000
81607  -31.026  -49.606  53.671 1.0000000000
81608  -30.292  -49.714  53.453 1.0000000000
81609  -30.097  -49.912  53.974 1.0000000000
81610  -29.587  -49.870  53.214 1.0000000000
81611  -28.983  -50.130  52.971 1.0000000000
81612  -29.099  -49.875  52.443 1.0000000000
81614  -28.234  -50.041  50.858 1.0000000000
81615  -27.833  -50.239  50.048 1.0000000000
81616  -27.446  -50.693  49.811 1.0000000000
95761  -27.264  -55.771  60.522 1.0000000000
95764  -26.969  -55.691  59.405 1.0000000000
95765  -26.980  -55.381  59.033 1.0000000000
95766  -26.975  -55.095  58.673 1.0000000000
95767  -28.990  -51.324  55.998 1.0000000000
95768  -28.458  -51.637  55.628 1.0000000000
95769  -28.543  -51.400  55.241 1.0000000000
95770  -28.108  -51.496  54.466 1.0000000000
95771  -27.716  -51.623  53.679 1.0000000000
95772  -27.358  -51.809  52.926 1.0000000000
95773  -27.795  -51.362  53.315 1.0000000000
95774  -27.839  -51.126  52.845 1.0000000000
95775  -27.908  -50.864  52.428 1.0000000000
100083  -30.152  -53.016  62.079 1.0000000000
100089  -32.527  -51.342  61.179 1.0000000000
100090  -32.016  -51.331  60.423 1.0000000000
100091  -31.525  -51.306  59.692 1.0000000000
100092  -30.976  -51.295  58.926 1.0000000000
100093  -31.639  -51.096  59.256 1.0000000000
100094  -31.777  -50.872  58.867 1.0000000000
100095  -31.943  -50.685  58.441 1.0000000000
108736  -28.292  -53.215  59.133 1.0000000000
108737  -27.830  -53.601  58.764 1.0000000000
108738  -27.871  -53.335  58.403 1.0000000000
108739  -27.479  -53.469  57.681 1.0000000000
108740  -27.150  -53.631  56.915 1.0000000000
108741  -26.737  -53.316  54.269 1.0000000000
108742  -26.662  -53.608  54.611 1.0000000000
108743  -26.537  -53.909  53.932 1.0000000000
108744  -26.425  -54.528  53.639 1.0000000000
108745  -26.403  -55.182  53.376 1.0000000000
108746  -26.496  -55.875  53.198 1.0000000000
108747  -26.494  -55.588  52.786 1.0000000000
108748  -26.605  -55.972  52.194 1.0000000000
108753  -26.719  -55.493  50.322 1.0000000000
108754  -26.615  -52.904  49.990 1.0000000000
108755  -26.579  -53.531  49.746 1.0000000000
108756  -26.606  -53.248  49.285 1.0000000000
108851  -35.541  -49.661  58.724 1.0000000000
108852  -34.936  -49.830  58.376 1.0000000000
108853  -34.336  -49.992  58.119 1.0000000000
108854  -33.693  -50.111  57.895 1.0000000000
108855  -33.817  -49.962  57.342 1.0000000000
108856  -33.280  -49.895  56.562 1.0000000000
108857  -32.740  -49.837  55.850 1.0000000000
108859  -36.681  -47.545  55.662 1.0000000000
108860  -36.276  -47.654  54.978 1.0000000000
108861  -35.674  -48.022  54.658 1.0000000000
108862  -35.100  -48.348  54.360 1.0000000000
108864  -32.972  -48.770  52.055 1.0000000000
108866  -32.256  -49.087  52.299 1.0000000000
108867  -32.029  -49.216  52.731 1.0000000000
108868  -31.947  -49.380  53.336 1.0000000000
108869  -31.332  -49.288  52.572 1.0000000000
108870  -30.597  -49.362  52.370 1.0000000000
108871  -29.873  -49.460  52.131 1.0000000000
108872  -29.226  -49.661  51.877 1.0000000000
108873  -29.402  -49.461  51.354 1.0000000000
108874  -28.927  -49.516  50.569 1.0000000000
116890  -33.613  -51.106  62.339 1.0000000000
123605  -26.380  -57.856  57.791 1.0000000000
123607  -26.501  -56.560  58.310 1.0000000000
123608  -26.429  -56.875  57.663 1.0000000000
123609  -26.364  -57.209  57.050 1.0000000000
123612  -26.335  -56.262  55.983 1.0000000000
123613  -28.606  -52.290  57.595 1.0000000000
123614  -28.068  -52.604  57.253 1.0000000000
123615  -28.157  -52.369  56.862 1.0000000000
123616  -27.723  -52.489  56.107 1.0000000000
123617  -27.370  -52.646  55.354 1.0000000000
123618  -27.938  -52.006  55.292 1.0000000000
123619  -27.463  -52.386  54.946 1.0000000000
123620  -27.031  -52.799  54.588 1.0000000000
123621  -26.826  -53.044  53.891 1.0000000000
123622  -26.651  -53.329  53.139 1.0000000000
123623  -26.511  -53.658  52.421 1.0000000000
123624  -26.472  -54.022  51.729 1.0000000000
123625  -26.545  -53.391  51.997 1.0000000000
123626  -26.606  -53.085  51.578 1.0000000000
123627  -26.672  -52.819  51.148 1.0000000000
123628  -27.101  -52.009  52.180 1.0000000000
123629  -26.878  -52.245  51.467 1.0000000000
123630  -26.701  -52.582  50.707 1.0000000000
123631  -26.725  -52.319  50.262 1.0000000000
123632  -26.855  -52.054  49.778 1.0000000000
123706  -35.685  -49.243  57.727 1.0000000000
123707  -35.230  -49.264  56.951 1.0000000000
133201  -29.027  -54.106  62.108 1.0000000000
133202  -28.565  -54.165  61.344 1.0000000000
133203  -28.143  -54.278  60.580 1.0000000000
133204  -28.624  -53.904  60.979 1.0000000000
133205  -28.656  -53.645  60.616 1.0000000000
133206  -28.675  -53.395  60.252 1.0000000000
133207  -29.700  -53.057  61.370 1.0000000000
133208  -29.211  -53.119  60.602 1.0000000000
133209  -28.754  -53.160  59.857 1.0000000000
133210  -28.819  -52.895  59.500 1.0000000000
133211  -28.840  -52.668  59.085 1.0000000000
133212  -28.944  -52.463  58.725 1.0000000000
133214  -31.515  -52.176  61.973 1.0000000000
133215  -30.991  -52.203  61.211 1.0000000000
133216  -31.737  -51.769  61.207 1.0000000000
133217  -31.111  -51.982  60.823 1.0000000000
133218  -30.516  -52.179  60.476 1.0000000000
133219  -30.011  -52.184  59.784 1.0000000000
133220  -29.521  -52.198  59.061 1.0000000000
133221  -29.072  -52.207  58.314 1.0000000000
133222  -29.145  -52.017  57.917 1.0000000000
133223  -29.270  -51.775  57.537 1.0000000000
133224  -29.370  -51.559  57.156 1.0000000000
133225  -30.451  -51.282  58.203 1.0000000000
133226  -29.970  -51.299  57.476 1.0000000000
133227  -29.455  -51.302  56.760 1.0000000000
133228  -29.549  -51.056  56.335 1.0000000000
133229  -29.636  -50.832  55.877 1.0000000000
133230  -29.710  -50.592  55.447 1.0000000000
150904  -27.765  -54.405  59.819 1.0000000000
150905  -27.339  -54.592  59.078 1.0000000000
150906  -26.979  -54.820  58.328 1.0000000000
150907  -27.416  -54.022  58.370 1.0000000000
150908  -27.029  -54.496  57.981 1.0000000000
150909  -26.737  -55.037  57.617 1.0000000000
150910  -26.525  -55.313  56.903 1.0000000000
150911  -26.360  -55.620  56.240 1.0000000000
150912  -26.350  -55.981  55.592 1.0000000000
150913  -27.602  -52.938  56.916 1.0000000000
150914  -27.185  -53.378  56.546 1.0000000000
150915  -26.861  -53.874  56.176 1.0000000000
150916  -26.645  -53.856  55.046 1.0000000000
150917  -26.609  -54.142  55.444 1.0000000000
150918  -26.620  -54.422  55.834 1.0000000000
150919  -26.474  -55.033  55.476 1.0000000000
150920  -26.398  -55.664  55.214 1.0000000000
150921  -26.389  -56.347  54.970 1.0000000000
150922  -26.502  -56.803  54.364 1.0000000000
150940  -26.495  -54.395  51.087 1.0000000000
151128  -34.099  -50.586  60.962 1.0000000000
151136  -34.291  -50.435  60.450 1.0000000000
151137  -33.631  -50.595  60.205 1.0000000000
151138  -33.150  -50.548  59.405 1.0000000000
151139  -32.634  -50.517  58.657 1.0000000000
151140  -32.073  -50.478  57.926 1.0000000000
151141  -33.014  -50.188  57.660 1.0000000000
151142  -32.269  -50.289  57.437 1.0000000000
151143  -31.503  -50.435  57.200 1.0000000000
151144  -30.926  -50.381  56.470 1.0000000000
151145  -30.382  -50.351  55.738 1.0000000000
151146  -29.840  -50.343  55.006 1.0000000000
151150  -36.638  -47.846  56.126 1.0000000000
151153  -35.900  -48.799  56.778 1.0000000000
151154  -35.330  -49.036  56.516 1.0000000000
151155  -34.766  -49.253  56.234 1.0000000000
151157  -34.596  -48.401  53.578 1.0000000000
151158  -34.513  -48.657  53.980 1.0000000000
151159  -33.445  -48.813  52.822 1.0000000000
151160  -33.961  -48.849  53.660 1.0000000000
151161  -34.452  -48.871  54.483 1.0000000000
151162  -34.345  -49.082  54.943 1.0000000000
151163  -34.259  -49.287  55.444 1.0000000000
151164  -34.177  -49.460  55.936 1.0000000000
151165  -33.593  -49.619  55.637 1.0000000000
151166  -32.914  -49.701  55.372 1.0000000000
151167  -32.201  -49.764  55.125 1.0000000000
151168  -31.737  -49.524  53.862 1.0000000000
151169  -31.611  -49.687  54.425 1.0000000000
151170  -31.435  -49.851  54.945 1.0000000000
151171  -30.667  -49.959  54.755 1.0000000000
151172  -29.967  -50.129  54.514 1.0000000000
151173  -29.327  -50.358  54.293 1.0000000000
151174  -28.875  -50.386  53.507 1.0000000000
151175  -28.432  -50.455  52.720 1.0000000000
151176  -28.005  -50.556  51.954 1.0000000000
151177  -28.642  -49.935  51.634 1.0000000000
151178  -28.101  -50.288  51.384 1.0000000000
151179  -27.642  -50.738  51.132 1.0000000000
151180  -27.367  -50.946  50.333 1.0000000000
