#!ascii label  , from subject 40tvs8ref_sym_20 vox2ras=TkReg
274
77  -5.755  16.243  -17.054 1.0000000000
1507  -5.292  12.158  -9.169 1.0000000000
1508  -6.244  4.270  -9.489 1.0000000000
1509  -5.081  3.385  -7.935 1.0000000000
2205  -6.243  21.390  -16.207 1.0000000000
2872  -5.560  16.901  -21.363 1.0000000000
2874  -6.297  12.465  -15.177 1.0000000000
3473  -5.159  6.676  -7.195 1.0000000000
4305  -6.558  1.141  -10.249 1.0000000000
4306  -7.228  1.690  -10.758 1.0000000000
7357  -5.783  14.431  -12.700 1.0000000000
7358  -6.360  10.414  -11.378 1.0000000000
7359  -5.966  8.466  -8.823 1.0000000000
7360  -5.488  3.612  -8.491 1.0000000000
8478  -7.012  6.019  -10.938 1.0000000000
9177  -5.849  19.021  -16.939 1.0000000000
9178  -5.459  17.204  -12.758 1.0000000000
9179  -4.636  15.159  -8.811 1.0000000000
10552  -5.632  16.744  -19.214 1.0000000000
10553  -5.885  15.034  -18.379 1.0000000000
10554  -5.931  14.391  -16.163 1.0000000000
16177  -5.554  13.235  -10.787 1.0000000000
16178  -5.859  11.391  -10.295 1.0000000000
16179  -5.659  10.276  -8.846 1.0000000000
16180  -4.949  4.629  -7.358 1.0000000000
16181  -5.265  4.999  -7.728 1.0000000000
16182  -5.282  3.461  -8.156 1.0000000000
16183  -5.742  2.296  -8.967 1.0000000000
16184  -5.571  2.074  -8.663 1.0000000000
18675  -6.499  7.115  -9.817 1.0000000000
18676  -6.744  8.295  -10.925 1.0000000000
18677  -6.629  5.015  -10.069 1.0000000000
18678  -7.905  0.681  -11.507 1.0000000000
20383  -5.998  22.219  -18.195 1.0000000000
20384  -5.815  21.028  -18.708 1.0000000000
20385  -6.043  20.243  -16.595 1.0000000000
20386  -5.764  18.225  -14.827 1.0000000000
20387  -5.933  19.379  -14.584 1.0000000000
24682  -4.975  11.195  -7.777 1.0000000000
24683  -5.354  9.384  -7.745 1.0000000000
24684  -4.978  8.416  -6.788 1.0000000000
24685  -4.683  6.025  -6.564 1.0000000000
24686  -4.738  4.358  -7.120 1.0000000000
26181  -6.359  2.499  -9.737 1.0000000000
26182  -6.629  2.831  -10.037 1.0000000000
26183  -6.931  1.373  -10.580 1.0000000000
32587  -5.762  15.470  -14.895 1.0000000000
32588  -5.997  13.531  -14.024 1.0000000000
32589  -6.004  12.491  -11.994 1.0000000000
32590  -6.231  9.454  -9.943 1.0000000000
32591  -6.072  6.259  -8.992 1.0000000000
32592  -5.615  7.493  -7.926 1.0000000000
32593  -5.683  5.582  -8.309 1.0000000000
32594  -5.875  3.897  -8.956 1.0000000000
32595  -6.005  2.299  -9.421 1.0000000000
32600  -4.885  3.351  -7.686 1.0000000000
35706  -6.323  11.490  -13.135 1.0000000000
35707  -6.808  9.410  -12.510 1.0000000000
35709  -6.982  3.367  -10.594 1.0000000000
37745  -5.280  18.579  -21.446 1.0000000000
37746  -5.619  18.350  -19.343 1.0000000000
37772  -5.663  19.752  -19.126 1.0000000000
37773  -5.738  17.656  -17.071 1.0000000000
37774  -5.716  16.868  -14.907 1.0000000000
37775  -5.532  15.873  -12.802 1.0000000000
37776  -5.239  14.772  -10.727 1.0000000000
37777  -5.455  18.384  -12.577 1.0000000000
37778  -5.091  16.152  -10.660 1.0000000000
37779  -4.878  13.671  -8.961 1.0000000000
37780  -4.499  12.700  -7.498 1.0000000000
41272  -5.668  16.546  -18.151 1.0000000000
41273  -5.752  15.693  -17.715 1.0000000000
41274  -5.780  15.356  -16.633 1.0000000000
46897  -5.431  12.682  -9.921 1.0000000000
46898  -5.590  11.705  -9.705 1.0000000000
46899  -5.466  11.219  -8.968 1.0000000000
46900  -4.984  3.906  -7.684 1.0000000000
46901  -5.096  4.059  -7.754 1.0000000000
46902  -5.169  3.391  -8.050 1.0000000000
46903  -5.403  2.823  -8.370 1.0000000000
46904  -5.308  2.810  -8.290 1.0000000000
49395  -6.351  5.562  -9.555 1.0000000000
49396  -6.566  6.044  -9.905 1.0000000000
49397  -6.441  4.601  -9.763 1.0000000000
51103  -6.140  21.813  -17.204 1.0000000000
51104  -6.049  21.239  -17.465 1.0000000000
51105  -6.144  20.822  -16.424 1.0000000000
51106  -6.064  19.851  -15.584 1.0000000000
51107  -6.135  20.396  -15.432 1.0000000000
54700  -6.077  13.797  -16.761 1.0000000000
54701  -6.074  14.113  -17.862 1.0000000000
54702  -6.284  12.839  -16.246 1.0000000000
56497  -4.778  10.746  -7.172 1.0000000000
56498  -4.980  9.840  -7.194 1.0000000000
56499  -4.773  9.369  -6.696 1.0000000000
56503  -4.688  5.108  -6.809 1.0000000000
58995  -6.459  1.786  -10.030 1.0000000000
58996  -6.640  1.914  -10.150 1.0000000000
58997  -6.744  1.229  -10.430 1.0000000000
71572  -5.788  14.991  -13.803 1.0000000000
71573  -5.890  14.057  -13.407 1.0000000000
71574  -5.901  13.470  -12.316 1.0000000000
71575  -5.963  9.935  -9.393 1.0000000000
71576  -6.046  10.448  -10.098 1.0000000000
71577  -6.126  8.948  -9.286 1.0000000000
71578  -6.232  7.799  -9.301 1.0000000000
71579  -6.016  7.337  -8.866 1.0000000000
71580  -5.284  7.965  -7.377 1.0000000000
71581  -5.507  8.453  -7.779 1.0000000000
71582  -5.388  7.032  -7.537 1.0000000000
71583  -5.355  4.285  -8.099 1.0000000000
71584  -5.514  5.282  -8.042 1.0000000000
71585  -5.533  4.573  -8.328 1.0000000000
71586  -5.751  4.723  -8.638 1.0000000000
71587  -5.658  3.821  -8.685 1.0000000000
71588  -5.880  3.053  -9.104 1.0000000000
71589  -5.723  2.897  -8.951 1.0000000000
71591  -6.053  1.720  -9.392 1.0000000000
71601  -4.650  3.811  -7.285 1.0000000000
71602  -4.785  3.361  -7.617 1.0000000000
79065  -6.208  11.975  -12.528 1.0000000000
79066  -6.144  12.531  -13.582 1.0000000000
79067  -6.396  10.917  -12.213 1.0000000000
79068  -6.871  7.144  -10.884 1.0000000000
79069  -6.800  8.812  -11.670 1.0000000000
79070  -7.002  7.727  -11.557 1.0000000000
79071  -7.056  8.366  -12.268 1.0000000000
79072  -7.211  6.599  -11.487 1.0000000000
79073  -6.930  2.170  -10.361 1.0000000000
79074  -6.817  3.018  -10.345 1.0000000000
79075  -7.067  2.401  -10.582 1.0000000000
84126  -5.449  18.513  -20.397 1.0000000000
84191  -5.854  20.086  -17.914 1.0000000000
84192  -5.723  20.411  -18.957 1.0000000000
84193  -5.767  19.432  -18.057 1.0000000000
84194  -5.721  18.756  -18.149 1.0000000000
84195  -5.777  18.394  -17.001 1.0000000000
84196  -5.753  17.283  -15.986 1.0000000000
84197  -5.775  17.946  -15.924 1.0000000000
84198  -5.645  17.715  -13.755 1.0000000000
84199  -5.612  17.056  -13.817 1.0000000000
84200  -5.497  16.555  -12.767 1.0000000000
84201  -5.398  15.328  -11.724 1.0000000000
84202  -5.308  16.029  -11.761 1.0000000000
84206  -4.769  16.222  -9.573 1.0000000000
84207  -5.002  16.724  -10.560 1.0000000000
84208  -4.836  15.570  -9.643 1.0000000000
84209  -4.949  14.982  -9.765 1.0000000000
84210  -4.720  14.438  -8.903 1.0000000000
84211  -4.703  13.205  -8.253 1.0000000000
84212  -4.519  13.959  -8.128 1.0000000000
92722  -5.588  16.841  -20.296 1.0000000000
92723  -5.751  16.010  -19.897 1.0000000000
92724  -5.750  15.904  -18.810 1.0000000000
92725  -5.892  14.760  -17.272 1.0000000000
92726  -6.094  13.428  -15.679 1.0000000000
95301  -6.592  0.508  -10.448 1.0000000000
95302  -6.802  0.625  -10.624 1.0000000000
102847  -5.656  13.824  -11.741 1.0000000000
102848  -5.793  12.858  -11.393 1.0000000000
102849  -5.698  12.259  -10.518 1.0000000000
102850  -5.784  10.834  -9.529 1.0000000000
102851  -5.826  9.355  -8.793 1.0000000000
102852  -4.994  5.475  -7.154 1.0000000000
102853  -5.213  5.801  -7.388 1.0000000000
102854  -5.093  4.831  -7.505 1.0000000000
102855  -5.220  4.178  -7.888 1.0000000000
102856  -5.377  3.513  -8.302 1.0000000000
102857  -5.590  2.850  -8.767 1.0000000000
102858  -5.493  2.880  -8.547 1.0000000000
102859  -5.679  2.218  -8.705 1.0000000000
107343  -6.454  8.842  -10.435 1.0000000000
107344  -6.552  9.346  -11.136 1.0000000000
107345  -6.649  7.773  -10.296 1.0000000000
107346  -6.746  6.609  -10.332 1.0000000000
107347  -6.832  5.482  -10.474 1.0000000000
107348  -7.558  1.195  -11.133 1.0000000000
110419  -5.899  21.646  -18.488 1.0000000000
110420  -5.948  20.668  -17.667 1.0000000000
110421  -5.959  19.642  -16.778 1.0000000000
110422  -5.869  18.613  -15.867 1.0000000000
110423  -5.944  19.255  -15.737 1.0000000000
110424  -5.847  18.816  -14.715 1.0000000000
110425  -5.667  18.323  -13.701 1.0000000000
110430  -4.557  15.803  -8.712 1.0000000000
116517  -5.903  15.201  -19.427 1.0000000000
119032  -5.148  11.671  -8.456 1.0000000000
119033  -5.328  10.770  -8.324 1.0000000000
119034  -5.178  10.304  -7.752 1.0000000000
119035  -5.183  8.908  -7.248 1.0000000000
119036  -5.084  7.545  -6.996 1.0000000000
119038  -4.832  7.154  -6.639 1.0000000000
119039  -4.930  6.314  -6.883 1.0000000000
119040  -4.814  5.267  -6.956 1.0000000000
119041  -4.833  4.467  -7.238 1.0000000000
119042  -4.883  3.853  -7.572 1.0000000000
122529  -6.234  3.273  -9.509 1.0000000000
122530  -6.417  3.512  -9.757 1.0000000000
122531  -6.502  2.647  -9.816 1.0000000000
122532  -6.794  2.105  -10.276 1.0000000000
122533  -7.103  1.526  -10.700 1.0000000000
122534  -7.014  0.732  -10.822 1.0000000000
138997  -5.762  15.884  -15.984 1.0000000000
138998  -5.832  14.943  -15.525 1.0000000000
138999  -5.868  14.525  -14.478 1.0000000000
139000  -6.037  13.071  -12.980 1.0000000000
139001  -6.186  11.491  -11.678 1.0000000000
139002  -5.923  11.930  -11.118 1.0000000000
139003  -6.127  10.974  -10.866 1.0000000000
139004  -6.300  9.942  -10.642 1.0000000000
139005  -6.404  8.302  -9.809 1.0000000000
139006  -6.286  6.643  -9.406 1.0000000000
139007  -6.134  5.216  -9.204 1.0000000000
139008  -5.526  9.878  -8.264 1.0000000000
139009  -5.711  8.949  -8.256 1.0000000000
139010  -5.801  7.960  -8.361 1.0000000000
139011  -5.475  6.131  -7.753 1.0000000000
139012  -5.666  6.531  -8.102 1.0000000000
139013  -5.831  6.916  -8.466 1.0000000000
139014  -5.868  5.905  -8.630 1.0000000000
139015  -5.939  4.961  -8.890 1.0000000000
139016  -6.044  4.049  -9.200 1.0000000000
139017  -6.062  3.148  -9.305 1.0000000000
139018  -6.164  2.393  -9.592 1.0000000000
139019  -6.282  1.712  -9.852 1.0000000000
139020  -5.869  2.256  -9.216 1.0000000000
139021  -6.153  1.682  -9.646 1.0000000000
139033  -4.749  3.807  -7.384 1.0000000000
139034  -4.981  3.340  -7.795 1.0000000000
139042  -5.134  2.780  -8.100 1.0000000000
139044  -5.460  2.093  -8.560 1.0000000000
139045  -5.624  1.368  -8.985 1.0000000000
148110  -5.965  13.981  -15.076 1.0000000000
148111  -6.130  12.980  -14.592 1.0000000000
148112  -6.247  11.990  -14.125 1.0000000000
148113  -6.589  9.857  -11.913 1.0000000000
148114  -6.559  10.427  -12.784 1.0000000000
148115  -6.516  11.020  -13.759 1.0000000000
148116  -6.782  9.999  -13.395 1.0000000000
148119  -6.598  3.771  -10.057 1.0000000000
148120  -6.785  4.126  -10.378 1.0000000000
148121  -6.963  4.527  -10.690 1.0000000000
148122  -7.220  2.666  -10.809 1.0000000000
148123  -7.160  3.701  -10.887 1.0000000000
154196  -5.126  18.598  -22.468 1.0000000000
154197  -5.365  17.715  -21.461 1.0000000000
154198  -5.480  17.682  -20.386 1.0000000000
154199  -5.574  17.537  -19.316 1.0000000000
154200  -5.674  17.306  -18.232 1.0000000000
154279  -5.621  19.041  -19.239 1.0000000000
154280  -5.695  18.049  -18.218 1.0000000000
154281  -5.738  16.980  -17.102 1.0000000000
154282  -5.745  16.578  -16.009 1.0000000000
154283  -5.756  16.216  -14.945 1.0000000000
154284  -5.696  15.715  -13.842 1.0000000000
154285  -5.699  17.516  -14.864 1.0000000000
154286  -5.612  16.378  -13.830 1.0000000000
154287  -5.599  15.172  -12.794 1.0000000000
154288  -5.508  14.601  -11.757 1.0000000000
154289  -5.395  14.017  -10.722 1.0000000000
154290  -5.242  13.458  -9.878 1.0000000000
154291  -6.012  19.943  -14.450 1.0000000000
154292  -5.717  18.887  -13.589 1.0000000000
154293  -5.454  17.799  -12.684 1.0000000000
154295  -5.243  17.266  -11.611 1.0000000000
154296  -5.277  16.681  -11.720 1.0000000000
154297  -5.165  15.529  -10.731 1.0000000000
154298  -5.076  14.219  -9.810 1.0000000000
154299  -5.077  12.922  -9.079 1.0000000000
154300  -4.909  12.424  -8.341 1.0000000000
154301  -4.745  11.940  -7.647 1.0000000000
154302  -4.540  11.438  -6.911 1.0000000000
154303  -4.309  13.442  -7.336 1.0000000000
154304  -4.304  12.248  -6.832 1.0000000000
