#!ascii label  , from subject 40tvs8ref_sym_20 vox2ras=TkReg
337
202  -29.484  15.675  -9.852 1.0000000000
681  -32.095  16.225  -6.305 1.0000000000
682  -27.827  21.074  -9.265 1.0000000000
1515  -34.369  11.015  -9.844 1.0000000000
2601  -28.279  20.923  -6.717 1.0000000000
2602  -28.932  23.396  -9.539 1.0000000000
3483  -30.570  16.001  -7.967 1.0000000000
3484  -33.444  13.887  -7.969 1.0000000000
3485  -32.074  13.468  -9.546 1.0000000000
3486  -33.233  10.568  -11.284 1.0000000000
3487  -30.994  12.997  -11.183 1.0000000000
5833  -34.002  16.480  -5.170 1.0000000000
5834  -30.576  18.362  -5.132 1.0000000000
5835  -29.183  18.378  -7.057 1.0000000000
5836  -28.158  18.346  -9.172 1.0000000000
7373  -35.012  14.110  -6.771 1.0000000000
9105  -32.803  24.495  -12.167 1.0000000000
9837  -30.431  23.530  -12.350 1.0000000000
9838  -28.308  21.813  -12.149 1.0000000000
9839  -27.310  19.302  -11.565 1.0000000000
9842  -28.048  16.193  -11.463 1.0000000000
10281  -28.662  23.449  -8.156 1.0000000000
10282  -29.820  24.298  -9.608 1.0000000000
11163  -29.999  15.838  -8.926 1.0000000000
11164  -31.373  14.730  -8.716 1.0000000000
11165  -30.778  14.548  -9.590 1.0000000000
11166  -31.519  13.264  -10.370 1.0000000000
11167  -30.281  14.318  -10.459 1.0000000000
13561  -31.535  18.470  -4.411 1.0000000000
13562  -29.859  19.505  -4.702 1.0000000000
13563  -28.002  21.018  -7.972 1.0000000000
13564  -28.631  19.627  -6.803 1.0000000000
13565  -28.132  19.715  -7.946 1.0000000000
13566  -28.599  18.366  -8.089 1.0000000000
13567  -27.791  19.724  -9.153 1.0000000000
16208  -33.017  16.313  -5.708 1.0000000000
16209  -34.576  15.279  -5.938 1.0000000000
16210  -33.645  15.218  -6.479 1.0000000000
16211  -33.947  12.531  -8.942 1.0000000000
16212  -34.618  12.677  -8.304 1.0000000000
16213  -34.975  11.182  -9.173 1.0000000000
22028  -31.646  24.097  -12.339 1.0000000000
22031  -30.037  22.667  -13.731 1.0000000000
22032  -28.837  21.888  -13.609 1.0000000000
22033  -27.608  20.650  -11.848 1.0000000000
22034  -27.909  20.902  -13.348 1.0000000000
22041  -27.106  18.052  -12.564 1.0000000000
22042  -27.454  16.454  -12.430 1.0000000000
23113  -28.655  20.828  -5.503 1.0000000000
23114  -28.230  22.208  -6.712 1.0000000000
23115  -28.163  22.261  -8.068 1.0000000000
23116  -28.205  22.325  -9.419 1.0000000000
24701  -31.335  16.039  -7.092 1.0000000000
24702  -32.811  15.085  -7.089 1.0000000000
24703  -32.033  14.899  -7.845 1.0000000000
24704  -32.693  13.676  -8.743 1.0000000000
24705  -33.302  12.337  -9.689 1.0000000000
24706  -33.797  10.860  -10.584 1.0000000000
24707  -32.727  12.112  -10.448 1.0000000000
24708  -32.157  11.834  -11.214 1.0000000000
28970  -33.287  17.558  -4.467 1.0000000000
28971  -32.335  17.431  -5.022 1.0000000000
28972  -31.302  17.252  -5.673 1.0000000000
28973  -29.157  19.544  -5.691 1.0000000000
28974  -29.819  18.321  -6.038 1.0000000000
28975  -30.546  17.180  -6.516 1.0000000000
28976  -29.868  17.172  -7.440 1.0000000000
28977  -29.281  17.096  -8.435 1.0000000000
28978  -28.781  16.973  -9.431 1.0000000000
32630  -34.171  14.012  -7.326 1.0000000000
32631  -35.375  12.711  -7.735 1.0000000000
39747  -30.673  24.306  -10.951 1.0000000000
39748  -29.600  23.602  -10.959 1.0000000000
39749  -28.623  22.666  -10.843 1.0000000000
39750  -31.312  23.255  -13.786 1.0000000000
39751  -29.292  22.774  -12.319 1.0000000000
39752  -27.872  21.536  -10.664 1.0000000000
39753  -27.538  20.259  -10.409 1.0000000000
39754  -27.625  18.846  -10.270 1.0000000000
39755  -28.060  17.389  -10.326 1.0000000000
39762  -27.258  19.574  -12.915 1.0000000000
39763  -27.498  17.745  -11.426 1.0000000000
39764  -28.785  15.903  -10.632 1.0000000000
39765  -29.515  14.519  -11.082 1.0000000000
41001  -29.588  24.400  -8.912 1.0000000000
41002  -30.289  24.692  -9.581 1.0000000000
41883  -29.749  15.749  -9.408 1.0000000000
41884  -30.393  15.200  -9.248 1.0000000000
41885  -30.131  15.097  -9.699 1.0000000000
41886  -30.529  14.424  -10.016 1.0000000000
41887  -29.886  14.983  -10.132 1.0000000000
44281  -30.275  19.532  -4.287 1.0000000000
44283  -27.891  21.057  -8.621 1.0000000000
44284  -28.018  20.366  -7.953 1.0000000000
44285  -27.883  20.387  -8.564 1.0000000000
44286  -27.952  19.716  -8.548 1.0000000000
44287  -27.748  20.423  -9.202 1.0000000000
46928  -32.533  16.269  -6.009 1.0000000000
46929  -33.325  15.777  -6.084 1.0000000000
46930  -32.900  15.733  -6.377 1.0000000000
46931  -34.175  11.833  -9.409 1.0000000000
46932  -34.509  11.910  -9.030 1.0000000000
46933  -34.691  11.097  -9.488 1.0000000000
46934  -35.092  10.391  -9.584 1.0000000000
46935  -34.821  10.256  -9.950 1.0000000000
52751  -29.754  22.175  -14.403 1.0000000000
52753  -28.340  21.419  -13.500 1.0000000000
52763  -27.753  15.636  -12.442 1.0000000000
53882  -28.339  22.851  -6.762 1.0000000000
53883  -28.802  23.436  -8.862 1.0000000000
53884  -28.384  22.865  -8.110 1.0000000000
53885  -28.466  22.889  -8.799 1.0000000000
53886  -28.207  22.308  -8.739 1.0000000000
53887  -28.545  22.877  -9.477 1.0000000000
56528  -30.926  16.013  -7.526 1.0000000000
56529  -31.674  15.474  -7.448 1.0000000000
56530  -31.291  15.426  -7.871 1.0000000000
56531  -31.742  14.103  -9.108 1.0000000000
56532  -32.041  14.187  -8.699 1.0000000000
56533  -32.383  13.565  -9.152 1.0000000000
56534  -33.006  13.019  -9.218 1.0000000000
56535  -32.707  12.947  -9.613 1.0000000000
56536  -33.027  12.257  -10.069 1.0000000000
56537  -32.405  12.818  -9.993 1.0000000000
56538  -31.264  13.132  -10.779 1.0000000000
56539  -31.858  12.568  -10.793 1.0000000000
56540  -31.596  12.431  -11.195 1.0000000000
56542  -31.326  12.283  -11.585 1.0000000000
63722  -32.927  18.100  -4.124 1.0000000000
63723  -31.037  18.426  -4.750 1.0000000000
63724  -31.922  17.964  -4.704 1.0000000000
63725  -31.442  17.886  -5.031 1.0000000000
63726  -31.839  17.342  -5.338 1.0000000000
63727  -30.969  17.794  -5.396 1.0000000000
63728  -28.451  20.887  -6.084 1.0000000000
63729  -28.888  20.181  -5.571 1.0000000000
63730  -28.631  20.245  -6.163 1.0000000000
63731  -28.890  18.999  -6.921 1.0000000000
63732  -29.179  18.945  -6.366 1.0000000000
63733  -29.491  18.350  -6.546 1.0000000000
63734  -30.155  17.763  -6.255 1.0000000000
63735  -29.845  17.750  -6.744 1.0000000000
63736  -30.218  17.153  -6.967 1.0000000000
63737  -29.523  17.748  -7.195 1.0000000000
63738  -28.366  18.368  -8.640 1.0000000000
63739  -28.910  17.743  -8.228 1.0000000000
63740  -28.679  17.692  -8.765 1.0000000000
63741  -29.009  17.040  -8.936 1.0000000000
63742  -28.419  17.661  -9.281 1.0000000000
71666  -34.809  14.671  -6.348 1.0000000000
71667  -35.292  14.719  -6.146 1.0000000000
71668  -35.450  14.105  -6.540 1.0000000000
71670  -35.603  13.403  -6.985 1.0000000000
71671  -33.124  14.509  -7.492 1.0000000000
71672  -33.525  14.570  -7.202 1.0000000000
71673  -33.812  13.958  -7.662 1.0000000000
71675  -34.984  12.678  -8.023 1.0000000000
71677  -35.807  11.944  -7.812 1.0000000000
71693  -33.536  10.702  -10.937 1.0000000000
89122  -32.323  24.702  -11.498 1.0000000000
89124  -31.721  24.477  -11.590 1.0000000000
89125  -31.031  23.829  -12.346 1.0000000000
89126  -30.580  23.930  -11.667 1.0000000000
89127  -30.004  23.592  -11.655 1.0000000000
89128  -29.078  23.150  -10.887 1.0000000000
89129  -29.449  23.215  -11.634 1.0000000000
89132  -31.726  23.047  -14.446 1.0000000000
89133  -29.083  22.334  -12.984 1.0000000000
89134  -29.659  22.746  -13.039 1.0000000000
89135  -28.774  22.310  -12.248 1.0000000000
89136  -28.480  22.240  -11.510 1.0000000000
89137  -28.072  21.707  -11.408 1.0000000000
89138  -27.664  20.912  -10.524 1.0000000000
89139  -27.753  21.119  -11.260 1.0000000000
89140  -27.416  19.992  -11.698 1.0000000000
89141  -27.438  19.809  -11.010 1.0000000000
89142  -27.416  19.090  -10.902 1.0000000000
89143  -27.811  18.120  -10.266 1.0000000000
89144  -27.541  18.326  -10.851 1.0000000000
89163  -27.473  17.110  -11.932 1.0000000000
89164  -27.284  17.907  -11.996 1.0000000000
89165  -27.740  16.955  -11.420 1.0000000000
89166  -28.056  16.793  -10.921 1.0000000000
89167  -28.399  16.061  -11.061 1.0000000000
89168  -29.141  15.209  -10.844 1.0000000000
89169  -28.753  15.327  -11.252 1.0000000000
92233  -28.559  23.517  -7.484 1.0000000000
92234  -28.994  24.018  -8.212 1.0000000000
92235  -29.182  23.927  -8.896 1.0000000000
92236  -29.351  23.870  -9.589 1.0000000000
93821  -30.295  15.912  -8.468 1.0000000000
93822  -30.983  15.360  -8.340 1.0000000000
93823  -30.674  15.288  -8.785 1.0000000000
93824  -31.041  14.668  -9.131 1.0000000000
93825  -31.432  14.019  -9.517 1.0000000000
93826  -31.796  13.355  -9.955 1.0000000000
93827  -31.149  13.902  -9.961 1.0000000000
93828  -30.910  13.794  -10.386 1.0000000000
93829  -30.660  13.666  -10.809 1.0000000000
98137  -32.091  18.521  -4.111 1.0000000000
98139  -30.656  18.961  -4.499 1.0000000000
98140  -30.209  18.928  -4.904 1.0000000000
98141  -28.101  20.946  -7.326 1.0000000000
98142  -28.405  20.270  -6.755 1.0000000000
98143  -28.200  20.316  -7.336 1.0000000000
98144  -28.369  19.685  -7.377 1.0000000000
98145  -28.595  19.052  -7.450 1.0000000000
98146  -28.889  18.396  -7.536 1.0000000000
98147  -28.339  19.032  -7.994 1.0000000000
98148  -28.102  19.031  -8.568 1.0000000000
98149  -27.944  19.032  -9.139 1.0000000000
102902  -33.502  16.389  -5.417 1.0000000000
102903  -34.317  15.881  -5.547 1.0000000000
102904  -33.788  15.815  -5.787 1.0000000000
102905  -34.075  15.246  -6.204 1.0000000000
102906  -34.344  14.670  -6.605 1.0000000000
102907  -33.705  13.213  -8.461 1.0000000000
102908  -34.109  13.338  -8.144 1.0000000000
102909  -34.298  12.678  -8.578 1.0000000000
102910  -34.817  11.955  -8.757 1.0000000000
102911  -35.267  11.174  -8.864 1.0000000000
102913  -35.352  10.413  -9.258 1.0000000000
102921  -33.427  9.601  -11.697 1.0000000000
113378  -32.214  24.304  -12.265 1.0000000000
113381  -31.475  23.674  -13.023 1.0000000000
113383  -31.068  22.817  -14.467 1.0000000000
113385  -29.407  22.315  -13.683 1.0000000000
113386  -28.560  21.867  -12.875 1.0000000000
113387  -27.889  21.267  -12.003 1.0000000000
113388  -28.095  21.355  -12.745 1.0000000000
113389  -27.720  20.804  -12.597 1.0000000000
113390  -27.451  20.150  -12.409 1.0000000000
113401  -27.099  18.935  -13.368 1.0000000000
113402  -26.987  18.186  -13.173 1.0000000000
113403  -27.235  17.260  -12.468 1.0000000000
113404  -27.726  16.338  -11.932 1.0000000000
113405  -28.393  15.453  -11.618 1.0000000000
115370  -28.483  21.466  -5.460 1.0000000000
115371  -28.352  21.530  -6.072 1.0000000000
115372  -28.223  21.570  -6.700 1.0000000000
115373  -28.314  22.839  -7.410 1.0000000000
115374  -28.182  22.210  -7.389 1.0000000000
115375  -28.114  21.584  -7.371 1.0000000000
115376  -28.051  21.647  -8.002 1.0000000000
115377  -28.011  21.699  -8.674 1.0000000000
115378  -27.982  21.714  -9.346 1.0000000000
119075  -31.706  16.103  -6.688 1.0000000000
119076  -32.477  15.649  -6.706 1.0000000000
119077  -32.105  15.536  -7.051 1.0000000000
119078  -32.425  14.995  -7.445 1.0000000000
119079  -32.760  14.396  -7.880 1.0000000000
119080  -31.689  14.832  -8.263 1.0000000000
119081  -32.374  14.314  -8.268 1.0000000000
119082  -33.057  13.784  -8.343 1.0000000000
119083  -33.336  13.137  -8.825 1.0000000000
119084  -33.603  12.437  -9.305 1.0000000000
119085  -33.850  11.703  -9.770 1.0000000000
119086  -34.063  10.930  -10.218 1.0000000000
119087  -33.571  11.635  -10.153 1.0000000000
119088  -33.303  11.502  -10.518 1.0000000000
119089  -33.026  11.370  -10.887 1.0000000000
119090  -32.137  12.680  -10.410 1.0000000000
119091  -32.425  12.007  -10.834 1.0000000000
119092  -32.698  11.236  -11.260 1.0000000000
119093  -32.414  11.069  -11.627 1.0000000000
129100  -33.652  17.009  -4.819 1.0000000000
129101  -32.472  18.006  -4.428 1.0000000000
129102  -32.824  17.499  -4.745 1.0000000000
129103  -33.190  16.960  -5.080 1.0000000000
129104  -32.701  16.880  -5.358 1.0000000000
129105  -32.180  16.793  -5.667 1.0000000000
129106  -31.679  16.734  -5.972 1.0000000000
129107  -29.169  20.098  -5.028 1.0000000000
129108  -29.494  19.457  -5.159 1.0000000000
129109  -29.827  18.866  -5.353 1.0000000000
129110  -28.877  19.592  -6.258 1.0000000000
129111  -29.477  18.922  -5.852 1.0000000000
129112  -30.203  18.291  -5.573 1.0000000000
129113  -30.538  17.754  -5.808 1.0000000000
129114  -30.878  17.217  -6.070 1.0000000000
129115  -31.272  16.671  -6.361 1.0000000000
129116  -30.943  16.604  -6.795 1.0000000000
129117  -30.578  16.594  -7.227 1.0000000000
129118  -30.217  16.589  -7.693 1.0000000000
129119  -29.207  17.773  -7.716 1.0000000000
129120  -29.546  17.163  -7.945 1.0000000000
129121  -29.914  16.531  -8.190 1.0000000000
129122  -29.645  16.463  -8.665 1.0000000000
129123  -29.382  16.384  -9.147 1.0000000000
129124  -29.135  16.313  -9.625 1.0000000000
139118  -33.275  15.173  -6.790 1.0000000000
139119  -33.944  14.631  -6.890 1.0000000000
139120  -34.588  14.056  -7.051 1.0000000000
139121  -34.405  13.356  -7.827 1.0000000000
139122  -34.804  13.402  -7.536 1.0000000000
139123  -35.212  13.434  -7.263 1.0000000000
139124  -35.742  12.688  -7.408 1.0000000000
139145  -34.237  10.128  -10.635 1.0000000000
153636  -33.237  24.767  -11.808 1.0000000000
153639  -33.725  24.507  -12.494 1.0000000000
160197  -30.756  24.681  -10.260 1.0000000000
160198  -30.229  24.329  -10.291 1.0000000000
160199  -29.703  23.942  -10.273 1.0000000000
160200  -31.160  24.228  -11.663 1.0000000000
160201  -30.133  23.973  -10.970 1.0000000000
160202  -29.230  23.511  -10.233 1.0000000000
160203  -28.784  23.032  -10.185 1.0000000000
160204  -28.385  22.518  -10.127 1.0000000000
160205  -28.054  21.947  -10.045 1.0000000000
160208  -30.870  23.416  -13.045 1.0000000000
160209  -30.675  22.979  -13.772 1.0000000000
160210  -30.256  23.105  -13.048 1.0000000000
160211  -29.846  23.190  -12.344 1.0000000000
160212  -28.942  22.746  -11.590 1.0000000000
160213  -28.211  22.134  -10.781 1.0000000000
160214  -27.829  21.344  -9.965 1.0000000000
160215  -27.688  20.692  -9.872 1.0000000000
160216  -27.632  19.984  -9.765 1.0000000000
160217  -27.716  19.306  -9.694 1.0000000000
160218  -27.549  20.481  -11.128 1.0000000000
160219  -27.497  19.579  -10.343 1.0000000000
160220  -27.877  18.593  -9.696 1.0000000000
160221  -28.097  17.891  -9.757 1.0000000000
160222  -28.408  17.183  -9.853 1.0000000000
160223  -28.750  16.502  -10.020 1.0000000000
160243  -27.513  20.254  -13.109 1.0000000000
160244  -27.266  19.462  -12.246 1.0000000000
160245  -27.122  18.864  -12.745 1.0000000000
160246  -27.174  18.744  -12.113 1.0000000000
160247  -27.333  18.547  -11.478 1.0000000000
160248  -27.758  17.549  -10.857 1.0000000000
160249  -28.425  16.625  -10.456 1.0000000000
160250  -29.111  15.812  -10.229 1.0000000000
160251  -29.494  15.104  -10.466 1.0000000000
160252  -29.900  14.415  -10.783 1.0000000000
160253  -30.265  13.747  -11.109 1.0000000000
160254  -29.129  14.596  -11.477 1.0000000000
