#!ascii label  , from subject 40tvs8ref_sym_20 vox2ras=TkReg
406
340  -56.644  -61.188  -7.847 1.0000000000
818  -58.594  -61.986  -2.005 1.0000000000
819  -55.459  -63.391  -4.121 1.0000000000
820  -59.500  -59.351  -5.842 1.0000000000
2491  -59.193  -55.680  -9.385 1.0000000000
2492  -57.814  -59.311  -12.342 1.0000000000
2738  -60.119  -59.457  -2.115 1.0000000000
2739  -59.068  -60.696  -3.727 1.0000000000
2740  -60.385  -58.024  -4.039 1.0000000000
3896  -55.996  -61.993  -5.818 1.0000000000
3897  -53.327  -63.292  -4.450 1.0000000000
3898  -53.776  -61.949  -6.045 1.0000000000
3900  -54.430  -61.088  -7.983 1.0000000000
5582  -59.514  -53.957  -7.462 1.0000000000
6082  -57.268  -63.011  -3.297 1.0000000000
6083  -57.834  -61.694  -5.222 1.0000000000
6084  -58.647  -60.651  -7.254 1.0000000000
10027  -60.305  -55.947  -5.991 1.0000000000
10028  -59.747  -57.586  -7.845 1.0000000000
10029  -59.288  -59.231  -9.355 1.0000000000
10031  -58.782  -57.433  -11.000 1.0000000000
10032  -57.574  -60.354  -10.348 1.0000000000
10033  -55.444  -60.746  -10.628 1.0000000000
10418  -60.789  -58.119  -2.234 1.0000000000
10419  -60.248  -58.769  -3.064 1.0000000000
10420  -60.962  -57.418  -3.217 1.0000000000
11576  -56.356  -61.606  -6.854 1.0000000000
11577  -54.828  -61.989  -5.922 1.0000000000
11578  -55.179  -61.554  -6.923 1.0000000000
11579  -54.147  -61.510  -6.964 1.0000000000
11580  -55.538  -61.140  -7.922 1.0000000000
13973  -57.632  -63.094  -1.688 1.0000000000
13974  -57.025  -63.574  -2.299 1.0000000000
13975  -58.010  -62.527  -2.676 1.0000000000
13976  -59.307  -60.010  -4.764 1.0000000000
13977  -58.556  -61.322  -4.581 1.0000000000
13978  -58.914  -60.675  -5.640 1.0000000000
13979  -58.288  -61.164  -6.279 1.0000000000
13980  -59.261  -60.050  -6.688 1.0000000000
17446  -55.313  -64.198  -3.255 1.0000000000
17448  -54.225  -64.197  -3.530 1.0000000000
17449  -52.288  -63.273  -4.689 1.0000000000
22504  -59.239  -54.860  -8.423 1.0000000000
22505  -59.616  -55.788  -7.715 1.0000000000
22506  -59.537  -56.645  -8.632 1.0000000000
22507  -59.649  -58.409  -8.630 1.0000000000
22508  -59.475  -57.475  -9.484 1.0000000000
22512  -57.927  -57.351  -12.380 1.0000000000
22513  -58.263  -56.334  -11.590 1.0000000000
22514  -58.327  -58.376  -11.715 1.0000000000
22515  -58.560  -59.191  -10.919 1.0000000000
22516  -57.786  -59.936  -11.387 1.0000000000
22517  -56.547  -60.596  -10.576 1.0000000000
22518  -56.920  -60.467  -11.747 1.0000000000
23360  -59.407  -60.790  -2.065 1.0000000000
23361  -58.881  -61.362  -2.836 1.0000000000
23362  -59.565  -60.103  -2.932 1.0000000000
23363  -59.721  -59.367  -3.840 1.0000000000
23364  -59.843  -58.672  -4.893 1.0000000000
25444  -55.675  -62.593  -4.964 1.0000000000
25445  -54.425  -63.341  -4.308 1.0000000000
25446  -54.568  -62.559  -5.086 1.0000000000
25447  -53.480  -62.506  -5.179 1.0000000000
25448  -52.473  -62.587  -5.360 1.0000000000
25450  -52.748  -61.995  -6.170 1.0000000000
25451  -53.048  -61.448  -7.029 1.0000000000
25452  -53.326  -61.008  -7.984 1.0000000000
28480  -59.078  -52.891  -8.145 1.0000000000
28481  -58.798  -53.804  -9.050 1.0000000000
28486  -57.606  -58.409  -13.071 1.0000000000
28487  -57.121  -60.120  -12.801 1.0000000000
29549  -56.251  -63.924  -2.838 1.0000000000
29550  -56.427  -63.315  -3.797 1.0000000000
29551  -58.304  -61.911  -3.588 1.0000000000
29552  -57.534  -62.310  -4.241 1.0000000000
29553  -56.656  -62.510  -4.692 1.0000000000
29554  -56.983  -61.878  -5.658 1.0000000000
29555  -57.403  -61.448  -6.657 1.0000000000
29556  -57.745  -61.044  -7.671 1.0000000000
34198  -53.264  -64.133  -3.806 1.0000000000
40315  -61.107  -56.343  -4.194 1.0000000000
40316  -60.483  -57.051  -5.080 1.0000000000
40317  -60.003  -57.750  -5.986 1.0000000000
40318  -59.924  -54.925  -6.781 1.0000000000
40319  -59.887  -56.751  -6.960 1.0000000000
40320  -59.706  -58.479  -6.915 1.0000000000
40321  -59.547  -59.292  -7.637 1.0000000000
40322  -59.070  -59.994  -8.308 1.0000000000
40323  -58.184  -60.521  -8.837 1.0000000000
40326  -58.668  -54.555  -9.946 1.0000000000
40328  -58.508  -55.385  -10.792 1.0000000000
40329  -59.073  -56.518  -10.228 1.0000000000
40330  -59.174  -58.401  -10.253 1.0000000000
40331  -58.523  -59.880  -9.952 1.0000000000
40332  -57.200  -60.750  -9.167 1.0000000000
40333  -56.007  -60.769  -9.218 1.0000000000
40334  -54.939  -60.808  -9.291 1.0000000000
40335  -53.871  -60.752  -9.280 1.0000000000
40336  -55.870  -60.769  -11.878 1.0000000000
40337  -54.401  -60.739  -10.696 1.0000000000
41138  -61.175  -57.459  -2.297 1.0000000000
41139  -60.873  -57.780  -2.733 1.0000000000
41140  -61.248  -57.091  -2.791 1.0000000000
42296  -56.497  -61.408  -7.350 1.0000000000
42297  -55.773  -61.583  -6.923 1.0000000000
42298  -55.922  -61.365  -7.383 1.0000000000
42299  -55.370  -61.343  -7.407 1.0000000000
42300  -56.093  -61.167  -7.885 1.0000000000
44693  -58.114  -62.571  -1.844 1.0000000000
44694  -57.825  -62.825  -2.180 1.0000000000
44695  -58.293  -62.271  -2.328 1.0000000000
44696  -59.410  -59.674  -5.313 1.0000000000
44697  -59.102  -60.348  -5.228 1.0000000000
44698  -59.242  -60.011  -5.749 1.0000000000
44699  -59.092  -60.354  -6.162 1.0000000000
44700  -59.363  -59.701  -6.261 1.0000000000
48166  -55.372  -63.803  -3.700 1.0000000000
48167  -54.779  -64.202  -3.398 1.0000000000
48168  -54.854  -63.800  -3.826 1.0000000000
48169  -51.750  -63.320  -4.805 1.0000000000
53224  -59.199  -55.280  -8.911 1.0000000000
53225  -59.381  -55.768  -8.558 1.0000000000
53226  -59.367  -56.176  -9.004 1.0000000000
53227  -59.520  -57.062  -9.066 1.0000000000
53228  -59.346  -56.560  -9.442 1.0000000000
53232  -57.959  -58.399  -12.415 1.0000000000
53233  -58.139  -57.899  -12.045 1.0000000000
53234  -58.116  -58.855  -12.062 1.0000000000
53235  -58.172  -59.254  -11.617 1.0000000000
53236  -57.826  -59.628  -11.881 1.0000000000
53237  -57.354  -60.183  -11.605 1.0000000000
53238  -57.443  -59.995  -12.114 1.0000000000
54293  -59.758  -60.098  -2.072 1.0000000000
54294  -59.486  -60.472  -2.492 1.0000000000
54295  -59.811  -59.758  -2.528 1.0000000000
54296  -60.346  -58.404  -3.548 1.0000000000
54297  -59.975  -59.082  -3.448 1.0000000000
54298  -60.062  -58.715  -3.919 1.0000000000
54299  -59.795  -59.023  -4.360 1.0000000000
54300  -60.106  -58.353  -4.441 1.0000000000
57766  -55.809  -62.271  -5.378 1.0000000000
57767  -55.140  -62.578  -5.034 1.0000000000
57768  -55.233  -62.252  -5.408 1.0000000000
57769  -54.300  -61.963  -6.001 1.0000000000
57770  -54.134  -62.238  -5.560 1.0000000000
57771  -53.622  -62.189  -5.586 1.0000000000
57772  -53.002  -62.547  -5.250 1.0000000000
57773  -53.105  -62.239  -5.670 1.0000000000
57774  -52.585  -62.287  -5.758 1.0000000000
57775  -53.254  -61.963  -6.102 1.0000000000
57776  -54.282  -61.281  -7.455 1.0000000000
57777  -53.597  -61.476  -7.006 1.0000000000
57778  -53.736  -61.242  -7.478 1.0000000000
57779  -53.179  -61.212  -7.470 1.0000000000
57780  -53.897  -61.044  -7.994 1.0000000000
62826  -58.887  -52.299  -8.472 1.0000000000
62827  -58.912  -53.329  -8.601 1.0000000000
62828  -58.701  -52.729  -8.867 1.0000000000
62835  -57.549  -57.321  -13.073 1.0000000000
64961  -57.157  -63.313  -2.785 1.0000000000
64962  -56.645  -63.769  -2.568 1.0000000000
64963  -56.768  -63.477  -3.077 1.0000000000
64964  -56.342  -63.629  -3.322 1.0000000000
64965  -56.873  -63.164  -3.571 1.0000000000
64966  -58.991  -61.054  -3.275 1.0000000000
64967  -58.627  -61.654  -3.226 1.0000000000
64968  -58.710  -61.335  -3.654 1.0000000000
64969  -58.224  -61.527  -4.922 1.0000000000
64970  -58.061  -61.834  -4.422 1.0000000000
64971  -57.662  -61.994  -4.743 1.0000000000
64972  -57.109  -62.422  -4.494 1.0000000000
64973  -57.247  -62.090  -4.976 1.0000000000
64974  -56.810  -62.159  -5.186 1.0000000000
64975  -57.423  -61.801  -5.451 1.0000000000
64976  -58.485  -60.917  -6.795 1.0000000000
64977  -57.860  -61.312  -6.484 1.0000000000
64978  -58.050  -61.090  -6.990 1.0000000000
64979  -57.593  -61.235  -7.147 1.0000000000
64980  -58.230  -60.858  -7.476 1.0000000000
75384  -53.875  -63.284  -4.358 1.0000000000
75385  -53.816  -63.737  -4.034 1.0000000000
75386  -53.321  -63.719  -4.119 1.0000000000
90542  -61.433  -56.016  -3.762 1.0000000000
90543  -61.404  -55.439  -4.254 1.0000000000
90545  -60.725  -56.173  -5.133 1.0000000000
90546  -60.393  -56.507  -5.556 1.0000000000
90547  -60.202  -57.401  -5.507 1.0000000000
90548  -60.152  -56.875  -6.009 1.0000000000
90549  -59.750  -53.523  -7.003 1.0000000000
90551  -59.700  -54.438  -7.125 1.0000000000
90552  -59.694  -56.667  -7.819 1.0000000000
90553  -59.772  -56.255  -7.360 1.0000000000
90554  -59.802  -57.175  -7.410 1.0000000000
90555  -59.844  -57.648  -6.961 1.0000000000
90556  -59.755  -58.052  -7.398 1.0000000000
90557  -59.631  -58.891  -7.289 1.0000000000
90558  -59.688  -58.461  -7.771 1.0000000000
90559  -59.544  -58.846  -9.008 1.0000000000
90560  -59.470  -59.260  -8.492 1.0000000000
90561  -59.217  -59.642  -8.831 1.0000000000
90562  -58.675  -60.309  -8.610 1.0000000000
90563  -58.810  -59.949  -9.158 1.0000000000
90570  -58.488  -53.548  -9.753 1.0000000000
90571  -58.428  -53.910  -10.190 1.0000000000
90575  -58.523  -56.897  -11.302 1.0000000000
90576  -58.405  -55.835  -11.190 1.0000000000
90577  -58.687  -56.398  -10.910 1.0000000000
90578  -58.825  -55.967  -10.530 1.0000000000
90579  -58.968  -56.961  -10.633 1.0000000000
90580  -59.178  -57.475  -10.285 1.0000000000
90581  -59.032  -57.983  -10.668 1.0000000000
90582  -58.171  -59.909  -10.663 1.0000000000
90583  -58.607  -59.524  -10.460 1.0000000000
90584  -58.094  -60.171  -10.175 1.0000000000
90585  -57.927  -60.445  -9.620 1.0000000000
90586  -57.404  -60.560  -9.749 1.0000000000
90587  -56.602  -60.761  -9.164 1.0000000000
90588  -56.894  -60.659  -9.851 1.0000000000
90589  -55.982  -60.681  -10.611 1.0000000000
90590  -55.767  -60.719  -9.962 1.0000000000
90591  -55.204  -60.772  -9.964 1.0000000000
90592  -54.409  -60.804  -9.309 1.0000000000
90593  -54.671  -60.776  -9.978 1.0000000000
90595  -56.575  -60.576  -12.386 1.0000000000
90596  -56.024  -60.714  -12.500 1.0000000000
90598  -54.631  -60.789  -11.361 1.0000000000
90599  -53.874  -60.664  -10.701 1.0000000000
92480  -60.467  -58.818  -2.180 1.0000000000
92481  -60.172  -59.128  -2.590 1.0000000000
92482  -60.510  -58.459  -2.658 1.0000000000
92483  -60.612  -58.098  -3.153 1.0000000000
92484  -60.702  -57.729  -3.638 1.0000000000
94564  -56.178  -61.804  -6.327 1.0000000000
94565  -55.414  -62.004  -5.866 1.0000000000
94566  -55.598  -61.789  -6.386 1.0000000000
94567  -54.964  -61.755  -6.404 1.0000000000
94568  -54.472  -61.741  -6.471 1.0000000000
94569  -53.955  -61.723  -6.501 1.0000000000
94570  -54.654  -61.536  -6.944 1.0000000000
94571  -54.820  -61.335  -7.388 1.0000000000
94572  -54.985  -61.128  -7.947 1.0000000000
98880  -56.870  -63.795  -1.839 1.0000000000
98881  -57.333  -63.341  -2.007 1.0000000000
98882  -57.509  -63.074  -2.492 1.0000000000
98883  -57.676  -62.783  -2.989 1.0000000000
98884  -59.173  -60.354  -4.239 1.0000000000
98885  -58.833  -61.018  -4.147 1.0000000000
98886  -58.975  -60.692  -4.684 1.0000000000
98887  -58.710  -60.979  -5.099 1.0000000000
98888  -58.413  -61.219  -5.440 1.0000000000
98889  -58.043  -61.394  -5.720 1.0000000000
98890  -58.627  -60.914  -5.978 1.0000000000
98891  -58.870  -60.644  -6.558 1.0000000000
98892  -59.055  -60.385  -7.035 1.0000000000
105130  -55.255  -64.497  -2.761 1.0000000000
105132  -54.716  -64.548  -2.943 1.0000000000
105135  -52.802  -63.305  -4.566 1.0000000000
105136  -52.762  -63.703  -4.262 1.0000000000
114234  -59.339  -54.448  -7.946 1.0000000000
114235  -59.512  -54.886  -7.599 1.0000000000
114236  -59.415  -55.359  -8.088 1.0000000000
114237  -59.549  -56.194  -8.190 1.0000000000
114238  -59.697  -57.107  -8.278 1.0000000000
114239  -59.693  -57.978  -8.252 1.0000000000
114240  -59.654  -57.538  -8.675 1.0000000000
114241  -59.621  -57.964  -9.077 1.0000000000
114242  -59.492  -58.404  -9.454 1.0000000000
114249  -57.979  -55.728  -11.887 1.0000000000
114250  -58.125  -56.843  -11.989 1.0000000000
114251  -58.330  -57.388  -11.678 1.0000000000
114252  -58.579  -57.910  -11.367 1.0000000000
114253  -58.755  -58.381  -11.014 1.0000000000
114254  -58.472  -58.819  -11.344 1.0000000000
114255  -58.192  -59.592  -11.161 1.0000000000
114256  -57.704  -60.155  -10.873 1.0000000000
114257  -57.076  -60.487  -10.474 1.0000000000
114258  -57.254  -60.368  -11.116 1.0000000000
114259  -56.734  -60.526  -11.185 1.0000000000
114260  -56.195  -60.668  -11.230 1.0000000000
115946  -59.052  -61.373  -2.056 1.0000000000
115947  -58.741  -61.677  -2.415 1.0000000000
115948  -59.146  -61.069  -2.462 1.0000000000
115949  -59.240  -60.754  -2.889 1.0000000000
115950  -59.345  -60.381  -3.343 1.0000000000
115951  -59.886  -59.436  -2.982 1.0000000000
115952  -59.639  -59.752  -3.369 1.0000000000
115953  -59.399  -60.020  -3.805 1.0000000000
115954  -59.488  -59.691  -4.296 1.0000000000
115955  -59.575  -59.370  -4.826 1.0000000000
115956  -59.661  -59.009  -5.387 1.0000000000
120808  -55.561  -62.978  -4.546 1.0000000000
120809  -54.964  -63.377  -4.216 1.0000000000
120810  -55.050  -62.962  -4.626 1.0000000000
120811  -54.507  -62.925  -4.690 1.0000000000
120812  -53.940  -62.870  -4.703 1.0000000000
120813  -54.684  -62.256  -5.494 1.0000000000
120814  -54.019  -62.534  -5.133 1.0000000000
120815  -53.394  -62.884  -4.794 1.0000000000
120816  -52.894  -62.914  -4.877 1.0000000000
120817  -52.366  -62.909  -4.994 1.0000000000
120822  -52.184  -61.982  -6.220 1.0000000000
120823  -53.451  -61.728  -6.540 1.0000000000
120824  -52.910  -61.710  -6.597 1.0000000000
120826  -52.427  -61.410  -7.002 1.0000000000
127889  -59.539  -53.001  -7.338 1.0000000000
127891  -59.355  -52.476  -7.735 1.0000000000
127892  -59.318  -53.466  -7.823 1.0000000000
127893  -59.134  -53.897  -8.296 1.0000000000
127894  -59.027  -54.325  -8.760 1.0000000000
127895  -58.952  -54.774  -9.245 1.0000000000
127905  -57.739  -57.883  -12.744 1.0000000000
127906  -57.740  -58.897  -12.729 1.0000000000
127907  -57.474  -59.727  -12.582 1.0000000000
127908  -57.479  -59.389  -13.016 1.0000000000
127909  -57.141  -59.777  -13.275 1.0000000000
130671  -55.729  -64.350  -2.574 1.0000000000
130672  -55.790  -64.070  -3.046 1.0000000000
130673  -55.852  -63.764  -3.541 1.0000000000
130674  -55.947  -63.366  -3.979 1.0000000000
130675  -58.472  -61.965  -2.781 1.0000000000
130676  -58.175  -62.225  -3.137 1.0000000000
130677  -57.812  -62.466  -3.488 1.0000000000
130678  -58.437  -61.620  -4.062 1.0000000000
130679  -57.939  -62.141  -3.950 1.0000000000
130680  -57.397  -62.666  -3.781 1.0000000000
130681  -56.991  -62.818  -4.045 1.0000000000
130682  -56.531  -62.906  -4.240 1.0000000000
130683  -56.057  -62.955  -4.411 1.0000000000
130684  -56.184  -62.567  -4.840 1.0000000000
130685  -56.325  -62.242  -5.291 1.0000000000
130686  -56.501  -61.963  -5.764 1.0000000000
130687  -57.643  -61.541  -5.949 1.0000000000
130688  -57.187  -61.647  -6.142 1.0000000000
130689  -56.701  -61.743  -6.262 1.0000000000
130690  -56.895  -61.579  -6.772 1.0000000000
130691  -57.062  -61.366  -7.277 1.0000000000
130692  -57.219  -61.176  -7.803 1.0000000000
143656  -54.331  -63.779  -3.938 1.0000000000
143657  -53.756  -64.165  -3.692 1.0000000000
143658  -53.211  -64.549  -3.484 1.0000000000
156776  -58.326  -62.422  -1.475 1.0000000000
156785  -58.797  -61.832  -1.599 1.0000000000
156786  -59.225  -61.212  -1.665 1.0000000000
156787  -59.605  -60.573  -1.669 1.0000000000
156788  -59.957  -59.882  -1.658 1.0000000000
156791  -60.337  -59.279  -1.731 1.0000000000
156793  -61.038  -57.949  -1.813 1.0000000000
161899  -61.354  -56.584  -3.276 1.0000000000
161900  -61.068  -56.899  -3.706 1.0000000000
161901  -60.790  -57.199  -4.126 1.0000000000
161902  -61.054  -55.806  -4.686 1.0000000000
161903  -60.793  -56.693  -4.642 1.0000000000
161904  -60.486  -57.540  -4.548 1.0000000000
161905  -60.221  -57.887  -4.968 1.0000000000
161906  -59.952  -58.199  -5.426 1.0000000000
161907  -59.776  -58.560  -5.899 1.0000000000
161910  -60.133  -55.412  -6.395 1.0000000000
161911  -59.743  -55.352  -7.243 1.0000000000
161912  -59.942  -55.834  -6.870 1.0000000000
161913  -60.063  -56.337  -6.467 1.0000000000
161914  -59.986  -57.251  -6.504 1.0000000000
161915  -59.843  -58.125  -6.441 1.0000000000
161916  -59.626  -58.921  -6.370 1.0000000000
161917  -59.529  -59.283  -6.800 1.0000000000
161918  -59.454  -59.679  -7.159 1.0000000000
161919  -59.226  -60.026  -7.482 1.0000000000
161920  -59.638  -58.872  -8.144 1.0000000000
161921  -59.414  -59.665  -7.981 1.0000000000
161922  -58.893  -60.332  -7.806 1.0000000000
161923  -58.465  -60.585  -8.060 1.0000000000
161924  -57.977  -60.814  -8.285 1.0000000000
161925  -57.455  -60.909  -8.369 1.0000000000
161932  -58.594  -53.146  -9.316 1.0000000000
161933  -58.720  -54.176  -9.508 1.0000000000
161934  -58.934  -55.157  -9.658 1.0000000000
161938  -58.097  -55.241  -11.497 1.0000000000
161939  -58.211  -54.766  -11.069 1.0000000000
161940  -58.324  -54.293  -10.637 1.0000000000
161941  -58.612  -54.946  -10.371 1.0000000000
161942  -58.889  -55.564  -10.081 1.0000000000
161943  -59.140  -56.089  -9.790 1.0000000000
161944  -59.280  -57.002  -9.886 1.0000000000
161945  -59.385  -57.973  -9.893 1.0000000000
161946  -59.286  -58.824  -9.804 1.0000000000
161947  -58.918  -58.821  -10.635 1.0000000000
161948  -58.957  -59.169  -10.150 1.0000000000
161949  -58.943  -59.553  -9.679 1.0000000000
161950  -58.381  -60.215  -9.418 1.0000000000
161951  -57.707  -60.682  -9.012 1.0000000000
161952  -56.924  -60.950  -8.482 1.0000000000
161953  -56.359  -60.953  -8.497 1.0000000000
161954  -55.794  -60.933  -8.559 1.0000000000
161955  -55.233  -60.935  -8.589 1.0000000000
161956  -56.290  -60.679  -9.906 1.0000000000
161957  -55.473  -60.792  -9.254 1.0000000000
161958  -54.671  -60.905  -8.631 1.0000000000
161959  -54.140  -60.873  -8.650 1.0000000000
161960  -53.596  -60.829  -8.621 1.0000000000
161962  -57.038  -60.315  -12.258 1.0000000000
161963  -56.396  -60.655  -11.807 1.0000000000
161964  -55.695  -60.753  -11.261 1.0000000000
161965  -55.380  -60.809  -11.954 1.0000000000
161966  -55.162  -60.805  -11.318 1.0000000000
161967  -54.927  -60.775  -10.659 1.0000000000
161968  -54.136  -60.715  -10.020 1.0000000000
161969  -53.299  -60.683  -9.292 1.0000000000
