#!ascii label  , from subject 40tvs8ref_sym_20 vox2ras=TkReg
291
557  -61.042  -51.797  3.186 1.0000000000
1229  -55.256  -50.033  3.962 1.0000000000
1230  -57.366  -48.560  0.413 1.0000000000
2309  -64.343  -54.100  1.670 1.0000000000
2310  -63.490  -49.294  0.081 1.0000000000
5125  -59.983  -52.914  4.836 1.0000000000
5127  -62.272  -54.179  4.697 1.0000000000
5128  -63.046  -55.656  3.543 1.0000000000
5129  -63.613  -52.662  3.167 1.0000000000
5130  -64.775  -51.412  1.352 1.0000000000
5131  -62.266  -50.777  1.699 1.0000000000
6820  -57.072  -51.930  5.301 1.0000000000
6821  -58.214  -50.916  3.403 1.0000000000
6822  -59.289  -50.176  1.644 1.0000000000
6823  -56.355  -49.414  2.094 1.0000000000
9487  -65.748  -50.016  -0.554 1.0000000000
9489  -60.417  -49.076  0.060 1.0000000000
12805  -60.541  -52.398  4.059 1.0000000000
12806  -61.255  -53.551  4.813 1.0000000000
12807  -61.911  -52.910  4.060 1.0000000000
12808  -63.005  -53.454  3.987 1.0000000000
12809  -62.409  -52.190  3.261 1.0000000000
12810  -63.020  -51.621  2.484 1.0000000000
12811  -61.661  -51.308  2.469 1.0000000000
15205  -54.723  -50.504  4.996 1.0000000000
15206  -55.625  -51.497  5.605 1.0000000000
15207  -56.203  -50.962  4.669 1.0000000000
15208  -57.678  -51.391  4.358 1.0000000000
15209  -56.724  -50.498  3.641 1.0000000000
15210  -57.306  -50.155  2.723 1.0000000000
15211  -55.844  -49.754  3.005 1.0000000000
21145  -63.763  -54.949  2.626 1.0000000000
21146  -62.715  -56.392  2.589 1.0000000000
21147  -63.345  -55.640  1.623 1.0000000000
21149  -63.822  -54.792  0.603 1.0000000000
21151  -64.637  -53.417  0.522 1.0000000000
21152  -64.308  -50.276  0.788 1.0000000000
21153  -65.314  -50.713  0.384 1.0000000000
21154  -64.978  -49.452  0.012 1.0000000000
21157  -58.350  -49.409  0.991 1.0000000000
21158  -59.806  -49.733  0.844 1.0000000000
21159  -58.883  -48.842  0.171 1.0000000000
24100  -53.220  -50.086  5.390 1.0000000000
24101  -53.728  -49.563  4.336 1.0000000000
24102  -54.319  -49.282  3.391 1.0000000000
27661  -62.047  -55.554  4.937 1.0000000000
27662  -62.147  -56.234  4.232 1.0000000000
27663  -62.935  -54.896  4.260 1.0000000000
27664  -63.680  -54.179  3.500 1.0000000000
27665  -64.303  -53.335  2.556 1.0000000000
27666  -64.802  -52.684  1.576 1.0000000000
27667  -64.195  -52.034  2.292 1.0000000000
27668  -63.653  -50.989  1.674 1.0000000000
27669  -62.851  -50.075  0.838 1.0000000000
27670  -56.335  -47.726  -0.112 1.0000000000
27671  -57.885  -47.958  -0.391 1.0000000000
31275  -58.570  -52.396  5.075 1.0000000000
31276  -59.184  -51.859  4.167 1.0000000000
31277  -59.650  -51.356  3.241 1.0000000000
31278  -60.181  -50.976  2.465 1.0000000000
31279  -58.780  -50.564  2.525 1.0000000000
31280  -57.856  -49.808  1.839 1.0000000000
31281  -56.861  -49.060  1.217 1.0000000000
31282  -54.821  -48.979  2.461 1.0000000000
31283  -55.321  -48.668  1.586 1.0000000000
31284  -55.814  -48.235  0.702 1.0000000000
38697  -65.216  -52.019  0.539 1.0000000000
38698  -65.476  -51.423  -0.534 1.0000000000
38703  -60.774  -50.499  1.630 1.0000000000
38704  -61.353  -49.976  0.803 1.0000000000
38705  -61.949  -49.215  0.035 1.0000000000
38706  -59.459  -48.120  -0.562 1.0000000000
38707  -61.054  -48.268  -0.638 1.0000000000
43525  -60.816  -52.097  3.625 1.0000000000
43526  -61.238  -52.655  4.064 1.0000000000
43527  -61.516  -52.320  3.652 1.0000000000
43528  -62.166  -52.530  3.675 1.0000000000
43529  -61.726  -51.983  3.235 1.0000000000
43530  -62.046  -51.734  2.884 1.0000000000
43531  -61.335  -51.560  2.836 1.0000000000
45925  -54.993  -50.246  4.503 1.0000000000
45926  -55.468  -50.750  4.839 1.0000000000
45927  -55.732  -50.482  4.313 1.0000000000
45928  -56.459  -50.704  4.158 1.0000000000
45929  -56.000  -50.246  3.756 1.0000000000
45930  -56.295  -50.125  3.306 1.0000000000
45931  -55.542  -49.890  3.467 1.0000000000
51865  -64.099  -54.538  2.166 1.0000000000
51866  -63.610  -55.290  2.141 1.0000000000
51867  -63.891  -54.888  1.658 1.0000000000
51868  -63.601  -55.222  1.103 1.0000000000
51869  -64.134  -54.469  1.155 1.0000000000
51870  -64.250  -54.117  0.572 1.0000000000
51871  -64.519  -53.773  1.113 1.0000000000
51872  -63.953  -49.775  0.430 1.0000000000
51873  -64.616  -49.886  0.373 1.0000000000
51874  -64.268  -49.345  0.057 1.0000000000
51875  -64.663  -48.888  -0.252 1.0000000000
51876  -63.880  -48.809  -0.270 1.0000000000
51877  -57.868  -48.991  0.692 1.0000000000
51878  -58.617  -49.146  0.578 1.0000000000
51879  -58.135  -48.710  0.291 1.0000000000
55526  -52.457  -49.874  5.504 1.0000000000
55527  -52.747  -49.654  5.051 1.0000000000
55528  -53.492  -49.841  4.884 1.0000000000
55530  -53.275  -49.185  4.060 1.0000000000
61455  -59.664  -53.208  5.226 1.0000000000
61457  -60.344  -53.504  5.185 1.0000000000
61458  -61.795  -53.869  4.788 1.0000000000
61462  -62.249  -54.859  4.874 1.0000000000
61463  -62.493  -55.224  4.612 1.0000000000
61464  -62.724  -54.530  4.541 1.0000000000
61465  -63.334  -53.060  3.581 1.0000000000
61466  -63.428  -53.785  3.816 1.0000000000
61467  -63.741  -53.399  3.379 1.0000000000
61468  -64.023  -53.776  3.022 1.0000000000
61469  -64.052  -52.964  2.932 1.0000000000
61470  -64.312  -52.657  2.464 1.0000000000
61471  -63.901  -52.361  2.734 1.0000000000
61472  -62.673  -51.199  2.115 1.0000000000
61473  -63.331  -51.327  2.090 1.0000000000
61474  -62.979  -50.877  1.708 1.0000000000
61475  -63.275  -50.514  1.263 1.0000000000
61476  -62.557  -50.453  1.280 1.0000000000
61477  -55.817  -47.309  -0.322 1.0000000000
61478  -56.615  -47.400  -0.497 1.0000000000
68658  -56.348  -51.720  5.443 1.0000000000
68660  -56.803  -52.241  5.722 1.0000000000
68664  -57.797  -52.163  5.177 1.0000000000
68665  -57.950  -51.147  3.893 1.0000000000
68666  -58.437  -51.624  4.252 1.0000000000
68667  -58.698  -51.373  3.775 1.0000000000
68668  -59.422  -51.616  3.683 1.0000000000
68669  -58.947  -51.147  3.281 1.0000000000
68670  -59.218  -50.956  2.887 1.0000000000
68671  -58.511  -50.753  2.970 1.0000000000
68672  -56.853  -49.780  2.390 1.0000000000
68673  -57.591  -49.979  2.278 1.0000000000
68674  -57.100  -49.621  1.948 1.0000000000
68675  -57.372  -49.458  1.505 1.0000000000
68676  -56.606  -49.263  1.650 1.0000000000
68678  -54.573  -49.133  2.919 1.0000000000
68681  -54.558  -48.434  1.794 1.0000000000
68683  -55.581  -48.461  1.131 1.0000000000
68684  -55.051  -48.098  0.921 1.0000000000
68685  -55.282  -47.875  0.496 1.0000000000
86475  -62.626  -55.936  3.919 1.0000000000
86497  -64.855  -51.999  1.525 1.0000000000
86498  -64.993  -52.362  1.061 1.0000000000
86499  -65.079  -51.693  0.998 1.0000000000
86500  -65.532  -50.376  -0.095 1.0000000000
86501  -65.518  -51.072  -0.020 1.0000000000
86502  -65.659  -50.726  -0.534 1.0000000000
86503  -65.593  -51.040  -1.039 1.0000000000
86512  -59.746  -50.561  2.053 1.0000000000
86513  -60.479  -50.734  2.054 1.0000000000
86514  -60.045  -50.360  1.633 1.0000000000
86515  -60.128  -49.430  0.443 1.0000000000
86516  -60.588  -49.861  0.820 1.0000000000
86517  -60.898  -49.530  0.410 1.0000000000
86518  -61.653  -49.609  0.404 1.0000000000
86519  -61.195  -49.155  0.034 1.0000000000
86521  -58.666  -48.033  -0.483 1.0000000000
86522  -58.983  -47.646  -0.826 1.0000000000
86524  -60.563  -47.769  -0.946 1.0000000000
86526  -61.881  -48.289  -0.633 1.0000000000
96777  -60.266  -52.663  4.444 1.0000000000
96778  -60.669  -53.211  4.812 1.0000000000
96779  -60.948  -52.950  4.450 1.0000000000
96780  -61.591  -53.239  4.445 1.0000000000
96781  -62.156  -53.539  4.427 1.0000000000
96782  -62.718  -53.833  4.402 1.0000000000
96783  -62.485  -53.159  4.068 1.0000000000
96784  -62.766  -52.789  3.657 1.0000000000
96785  -63.050  -52.430  3.255 1.0000000000
96786  -63.365  -52.125  2.885 1.0000000000
96787  -62.731  -51.935  2.897 1.0000000000
96788  -62.377  -51.477  2.507 1.0000000000
96789  -61.973  -51.040  2.090 1.0000000000
101097  -54.479  -50.766  5.462 1.0000000000
101098  -54.892  -51.271  5.776 1.0000000000
101099  -55.183  -51.001  5.303 1.0000000000
101100  -55.920  -51.218  5.161 1.0000000000
101101  -56.662  -51.437  4.999 1.0000000000
101102  -57.384  -51.654  4.851 1.0000000000
101103  -56.940  -51.174  4.513 1.0000000000
101104  -57.206  -50.935  4.036 1.0000000000
101105  -57.467  -50.705  3.526 1.0000000000
101106  -57.754  -50.533  3.068 1.0000000000
101107  -57.010  -50.329  3.172 1.0000000000
101108  -56.581  -49.962  2.851 1.0000000000
101109  -56.101  -49.583  2.548 1.0000000000
111789  -63.432  -55.310  3.088 1.0000000000
111790  -62.917  -56.030  3.085 1.0000000000
111791  -63.284  -55.672  2.618 1.0000000000
111792  -63.056  -56.018  2.136 1.0000000000
111802  -64.587  -50.825  1.103 1.0000000000
111803  -65.049  -51.073  0.855 1.0000000000
111804  -64.879  -50.441  0.659 1.0000000000
111805  -65.189  -50.064  0.220 1.0000000000
111806  -65.469  -49.683  -0.193 1.0000000000
111807  -65.763  -49.294  -0.583 1.0000000000
111811  -58.782  -49.825  1.336 1.0000000000
111812  -59.534  -49.977  1.261 1.0000000000
111813  -59.064  -49.574  0.910 1.0000000000
111814  -59.358  -49.291  0.484 1.0000000000
111815  -59.660  -48.968  0.100 1.0000000000
117673  -52.935  -50.320  5.815 1.0000000000
117675  -53.981  -50.282  5.219 1.0000000000
117676  -54.239  -50.020  4.678 1.0000000000
117677  -54.513  -49.806  4.169 1.0000000000
117678  -54.804  -49.664  3.683 1.0000000000
117679  -54.041  -49.427  3.874 1.0000000000
117680  -53.549  -49.048  3.588 1.0000000000
125978  -60.975  -53.810  5.164 1.0000000000
125982  -61.625  -55.888  5.243 1.0000000000
125983  -61.664  -56.230  4.906 1.0000000000
125984  -61.667  -56.539  4.538 1.0000000000
125985  -62.117  -55.894  4.610 1.0000000000
125986  -62.600  -55.578  4.287 1.0000000000
125987  -63.056  -55.283  3.946 1.0000000000
125988  -63.078  -54.173  4.181 1.0000000000
125989  -63.358  -54.561  3.900 1.0000000000
125990  -63.443  -54.941  3.555 1.0000000000
125991  -63.799  -54.584  3.093 1.0000000000
125992  -64.115  -54.161  2.608 1.0000000000
125993  -64.430  -53.724  2.181 1.0000000000
125994  -64.621  -53.397  1.636 1.0000000000
125995  -64.598  -52.988  2.105 1.0000000000
125996  -64.599  -52.322  2.008 1.0000000000
125997  -64.500  -51.726  1.840 1.0000000000
125998  -63.649  -51.817  2.441 1.0000000000
125999  -63.976  -51.503  2.038 1.0000000000
126000  -64.311  -51.178  1.584 1.0000000000
126001  -64.013  -50.632  1.236 1.0000000000
126002  -63.644  -50.161  0.832 1.0000000000
126003  -63.166  -49.710  0.449 1.0000000000
126004  -56.851  -48.123  0.149 1.0000000000
126005  -57.622  -48.269  0.018 1.0000000000
126006  -57.126  -47.830  -0.251 1.0000000000
126007  -57.460  -47.489  -0.632 1.0000000000
135359  -59.288  -52.644  4.935 1.0000000000
135360  -58.137  -51.887  4.717 1.0000000000
135361  -58.892  -52.127  4.616 1.0000000000
135362  -59.589  -52.374  4.517 1.0000000000
135363  -59.854  -52.119  4.081 1.0000000000
135364  -60.131  -51.847  3.636 1.0000000000
135365  -60.349  -51.585  3.197 1.0000000000
135366  -60.614  -51.397  2.800 1.0000000000
135367  -59.915  -51.167  2.847 1.0000000000
135368  -59.484  -50.761  2.478 1.0000000000
135369  -59.046  -50.367  2.066 1.0000000000
135370  -58.069  -50.368  2.635 1.0000000000
135371  -58.331  -50.182  2.173 1.0000000000
135372  -58.576  -50.005  1.743 1.0000000000
135373  -58.114  -49.633  1.409 1.0000000000
135374  -57.633  -49.243  1.074 1.0000000000
135375  -57.083  -48.822  0.788 1.0000000000
135376  -55.065  -49.512  3.187 1.0000000000
135377  -55.340  -49.361  2.719 1.0000000000
135378  -55.591  -49.203  2.270 1.0000000000
135379  -54.314  -48.593  2.232 1.0000000000
135380  -55.064  -48.828  2.027 1.0000000000
135381  -55.834  -49.052  1.835 1.0000000000
135382  -56.106  -48.871  1.381 1.0000000000
135383  -56.341  -48.642  0.947 1.0000000000
135384  -56.583  -48.388  0.534 1.0000000000
135385  -56.070  -48.001  0.294 1.0000000000
135386  -55.550  -47.616  0.073 1.0000000000
157047  -64.801  -53.068  1.077 1.0000000000
157048  -64.959  -52.722  0.529 1.0000000000
157050  -65.332  -51.368  0.497 1.0000000000
157051  -65.347  -51.738  -0.015 1.0000000000
157052  -65.191  -52.110  -0.566 1.0000000000
157065  -60.927  -51.151  2.439 1.0000000000
157066  -61.227  -50.887  2.046 1.0000000000
157067  -61.536  -50.602  1.636 1.0000000000
157068  -60.310  -50.132  1.228 1.0000000000
157069  -61.044  -50.242  1.216 1.0000000000
157070  -61.814  -50.367  1.250 1.0000000000
157071  -62.104  -50.049  0.826 1.0000000000
157072  -62.379  -49.650  0.417 1.0000000000
157073  -62.732  -49.238  0.061 1.0000000000
157074  -58.382  -48.399  -0.112 1.0000000000
157075  -59.160  -48.491  -0.213 1.0000000000
157076  -59.943  -48.602  -0.266 1.0000000000
157078  -60.251  -48.211  -0.619 1.0000000000
157079  -60.721  -48.709  -0.300 1.0000000000
157080  -61.522  -48.756  -0.308 1.0000000000
157081  -62.332  -48.757  -0.310 1.0000000000
157082  -63.122  -48.765  -0.291 1.0000000000
