#!ascii label  , from subject 40tvs8ref_sym_20 vox2ras=TkReg
386
97  -43.127  -36.053  40.797 1.0000000000
233  -36.741  -37.992  42.151 1.0000000000
1055  -39.727  -36.717  41.180 1.0000000000
1056  -40.872  -40.219  44.046 1.0000000000
1057  -43.618  -39.035  44.650 1.0000000000
1546  -39.757  -32.512  37.926 1.0000000000
1571  -36.225  -33.627  39.587 1.0000000000
2935  -44.719  -37.134  43.201 1.0000000000
2937  -45.381  -36.045  41.521 1.0000000000
2975  -41.400  -36.347  40.987 1.0000000000
2976  -41.754  -37.868  43.123 1.0000000000
2977  -43.264  -37.489  43.242 1.0000000000
2978  -44.911  -38.608  44.932 1.0000000000
3578  -37.915  -32.969  38.588 1.0000000000
4602  -37.850  -39.689  44.119 1.0000000000
6505  -38.126  -37.282  41.427 1.0000000000
6506  -38.976  -39.008  43.302 1.0000000000
6507  -40.310  -38.402  43.036 1.0000000000
6508  -42.234  -39.562  44.259 1.0000000000
7444  -41.462  -34.597  38.753 1.0000000000
7445  -43.738  -34.614  39.133 1.0000000000
7446  -42.047  -32.690  37.798 1.0000000000
7503  -36.193  -36.103  40.460 1.0000000000
7504  -37.805  -35.350  39.691 1.0000000000
7505  -39.629  -34.942  39.163 1.0000000000
10615  -43.930  -36.597  41.994 1.0000000000
10616  -45.005  -36.619  42.354 1.0000000000
10617  -44.267  -36.075  41.147 1.0000000000
10655  -42.258  -36.196  40.877 1.0000000000
10656  -42.293  -36.923  42.155 1.0000000000
10657  -43.122  -36.754  42.058 1.0000000000
10658  -43.928  -37.275  43.195 1.0000000000
12282  -37.242  -38.859  43.158 1.0000000000
14680  -38.900  -36.955  41.274 1.0000000000
14681  -39.195  -37.820  42.232 1.0000000000
14682  -39.950  -37.546  42.188 1.0000000000
14683  -42.742  -38.439  43.927 1.0000000000
14684  -42.017  -38.670  43.775 1.0000000000
14685  -42.935  -39.247  44.406 1.0000000000
16360  -40.589  -33.612  38.157 1.0000000000
16361  -41.757  -33.705  38.180 1.0000000000
16362  -40.924  -32.603  37.770 1.0000000000
16487  -36.135  -34.916  39.884 1.0000000000
16488  -37.015  -35.718  40.058 1.0000000000
16489  -36.971  -34.522  39.440 1.0000000000
16490  -38.855  -32.708  38.225 1.0000000000
16491  -38.752  -33.987  38.691 1.0000000000
16492  -39.643  -33.787  38.334 1.0000000000
16493  -40.545  -34.761  38.909 1.0000000000
19218  -44.041  -33.747  38.607 1.0000000000
19219  -44.920  -34.633  39.562 1.0000000000
19220  -45.179  -33.691  39.034 1.0000000000
19563  -40.002  -39.619  43.778 1.0000000000
19564  -39.366  -39.904  43.974 1.0000000000
19565  -40.159  -40.513  44.008 1.0000000000
23713  -45.535  -37.639  44.217 1.0000000000
23715  -45.783  -37.108  43.525 1.0000000000
23716  -46.128  -36.577  42.783 1.0000000000
23785  -40.532  -36.509  41.052 1.0000000000
23786  -40.698  -37.318  42.167 1.0000000000
23787  -41.462  -37.094  42.168 1.0000000000
23788  -42.472  -37.662  43.186 1.0000000000
23789  -43.456  -38.225  44.057 1.0000000000
23790  -44.278  -38.800  44.769 1.0000000000
23791  -44.148  -38.014  44.128 1.0000000000
23792  -44.830  -37.828  44.181 1.0000000000
24793  -39.057  -31.411  38.189 1.0000000000
24870  -37.057  -33.239  39.092 1.0000000000
24871  -37.329  -31.940  39.077 1.0000000000
24872  -38.167  -31.665  38.550 1.0000000000
30535  -37.381  -37.595  41.709 1.0000000000
30536  -37.859  -38.488  42.702 1.0000000000
30537  -38.519  -38.151  42.395 1.0000000000
30538  -39.621  -38.724  43.118 1.0000000000
30539  -40.636  -39.306  43.733 1.0000000000
30540  -41.032  -38.123  43.055 1.0000000000
30541  -41.335  -39.008  43.694 1.0000000000
30542  -41.534  -39.906  44.117 1.0000000000
32818  -42.301  -35.402  39.705 1.0000000000
32819  -43.456  -35.423  39.901 1.0000000000
32820  -42.605  -34.635  38.897 1.0000000000
32821  -42.900  -33.709  38.318 1.0000000000
32822  -43.158  -32.734  37.951 1.0000000000
32979  -36.356  -37.115  41.240 1.0000000000
32980  -37.092  -36.704  40.797 1.0000000000
32981  -37.965  -36.384  40.559 1.0000000000
32982  -38.789  -36.093  40.331 1.0000000000
32983  -37.806  -34.193  38.995 1.0000000000
32984  -38.711  -35.119  39.379 1.0000000000
32985  -39.664  -35.896  40.125 1.0000000000
32986  -40.516  -35.702  39.927 1.0000000000
32987  -41.416  -35.581  39.831 1.0000000000
36366  -44.621  -35.388  40.227 1.0000000000
36367  -45.770  -35.370  40.681 1.0000000000
36781  -38.370  -39.346  43.650 1.0000000000
36782  -38.771  -40.227  44.279 1.0000000000
41335  -43.530  -36.335  41.386 1.0000000000
41336  -44.078  -36.352  41.557 1.0000000000
41337  -43.697  -36.071  40.939 1.0000000000
41375  -42.672  -36.127  40.823 1.0000000000
41376  -42.674  -36.502  41.460 1.0000000000
41377  -43.109  -36.418  41.426 1.0000000000
41378  -43.514  -36.684  42.030 1.0000000000
43000  -36.419  -38.188  42.413 1.0000000000
43002  -36.964  -38.423  42.641 1.0000000000
45400  -39.323  -36.838  41.242 1.0000000000
45401  -39.420  -37.262  41.726 1.0000000000
45402  -39.807  -37.144  41.704 1.0000000000
45403  -43.176  -38.720  44.317 1.0000000000
45404  -42.818  -38.844  44.207 1.0000000000
45405  -43.257  -39.158  44.520 1.0000000000
45406  -43.345  -39.577  44.735 1.0000000000
45409  -44.023  -39.338  44.936 1.0000000000
47080  -40.162  -33.081  37.999 1.0000000000
47081  -40.752  -33.129  37.930 1.0000000000
47082  -40.336  -32.588  37.832 1.0000000000
47203  -35.944  -33.184  39.838 1.0000000000
47205  -35.845  -33.871  39.835 1.0000000000
47206  -35.790  -34.503  39.962 1.0000000000
47207  -36.193  -34.298  39.699 1.0000000000
47208  -36.571  -34.712  39.646 1.0000000000
47209  -36.587  -34.086  39.467 1.0000000000
47210  -39.304  -32.615  38.084 1.0000000000
47211  -39.247  -33.238  38.211 1.0000000000
47212  -39.707  -33.167  38.124 1.0000000000
47213  -40.129  -33.699  38.245 1.0000000000
49938  -44.160  -33.254  38.404 1.0000000000
49939  -44.603  -33.737  38.808 1.0000000000
50283  -40.448  -39.929  43.927 1.0000000000
50284  -40.117  -40.052  43.971 1.0000000000
50285  -40.499  -40.378  44.017 1.0000000000
54880  -45.135  -37.411  43.749 1.0000000000
54881  -45.649  -37.365  43.896 1.0000000000
54882  -45.244  -37.135  43.357 1.0000000000
54883  -45.187  -36.337  41.948 1.0000000000
54884  -45.569  -36.605  42.564 1.0000000000
54885  -45.755  -36.325  42.155 1.0000000000
54886  -46.306  -36.281  42.385 1.0000000000
55000  -40.961  -36.417  41.050 1.0000000000
55001  -40.984  -36.810  41.630 1.0000000000
55002  -41.409  -36.720  41.612 1.0000000000
55003  -42.783  -37.214  42.731 1.0000000000
55004  -42.348  -37.290  42.693 1.0000000000
55005  -42.855  -37.564  43.205 1.0000000000
55006  -42.994  -37.927  43.666 1.0000000000
55007  -43.364  -37.843  43.702 1.0000000000
55008  -43.789  -38.110  44.092 1.0000000000
55009  -43.708  -37.751  43.697 1.0000000000
55010  -44.334  -37.221  43.183 1.0000000000
55011  -44.392  -37.547  43.713 1.0000000000
55012  -44.748  -37.471  43.703 1.0000000000
55013  -45.162  -37.727  44.196 1.0000000000
56680  -38.774  -30.887  38.468 1.0000000000
56809  -37.125  -31.496  39.449 1.0000000000
56811  -37.941  -31.178  38.942 1.0000000000
56813  -38.623  -31.542  38.373 1.0000000000
59880  -37.627  -39.874  44.444 1.0000000000
67075  -37.744  -37.434  41.534 1.0000000000
67076  -37.953  -37.868  42.028 1.0000000000
67077  -38.307  -37.715  41.907 1.0000000000
67078  -39.763  -38.118  42.652 1.0000000000
67079  -39.412  -38.271  42.702 1.0000000000
67080  -39.973  -38.559  43.083 1.0000000000
67081  -40.158  -39.008  43.449 1.0000000000
67082  -40.505  -38.848  43.415 1.0000000000
67083  -41.218  -37.588  42.677 1.0000000000
67084  -40.857  -37.708  42.646 1.0000000000
67085  -41.386  -37.975  43.075 1.0000000000
67086  -42.173  -39.125  44.046 1.0000000000
67087  -41.693  -38.837  43.765 1.0000000000
67088  -41.804  -39.282  43.996 1.0000000000
67089  -41.448  -39.431  43.944 1.0000000000
67090  -41.896  -39.730  44.197 1.0000000000
67091  -41.977  -40.190  44.290 1.0000000000
67092  -42.315  -40.031  44.389 1.0000000000
67105  -44.582  -38.706  44.845 1.0000000000
72115  -41.882  -35.022  39.214 1.0000000000
72116  -42.448  -35.068  39.277 1.0000000000
72117  -42.022  -34.631  38.805 1.0000000000
72118  -41.908  -33.204  37.952 1.0000000000
72119  -42.330  -33.705  38.235 1.0000000000
72120  -42.471  -33.211  38.028 1.0000000000
72121  -43.034  -33.242  38.104 1.0000000000
72122  -42.610  -32.706  37.862 1.0000000000
72493  -35.789  -35.768  40.408 1.0000000000
72497  -36.260  -36.607  40.822 1.0000000000
72498  -36.728  -36.892  41.013 1.0000000000
72499  -36.622  -36.409  40.605 1.0000000000
72500  -37.414  -35.487  39.853 1.0000000000
72501  -37.490  -36.056  40.261 1.0000000000
72502  -37.890  -35.868  40.102 1.0000000000
72503  -38.364  -36.215  40.424 1.0000000000
72504  -38.298  -35.742  39.982 1.0000000000
72505  -37.508  -33.093  38.853 1.0000000000
72506  -37.424  -33.719  38.987 1.0000000000
72507  -37.880  -33.585  38.799 1.0000000000
72508  -39.190  -34.480  38.873 1.0000000000
72509  -38.713  -34.559  39.004 1.0000000000
72510  -39.160  -34.988  39.258 1.0000000000
72511  -39.186  -35.531  39.694 1.0000000000
72512  -39.608  -35.396  39.592 1.0000000000
72513  -40.067  -35.798  40.023 1.0000000000
72514  -40.065  -35.337  39.511 1.0000000000
72515  -41.005  -34.654  38.822 1.0000000000
72516  -40.986  -35.193  39.312 1.0000000000
72517  -41.442  -35.089  39.239 1.0000000000
72518  -41.856  -35.487  39.707 1.0000000000
80688  -43.609  -35.046  39.491 1.0000000000
80689  -44.045  -35.411  40.059 1.0000000000
80690  -44.187  -35.026  39.659 1.0000000000
80691  -45.496  -34.588  39.775 1.0000000000
80692  -45.346  -35.009  40.097 1.0000000000
81723  -38.418  -38.741  42.993 1.0000000000
81724  -38.109  -38.913  43.183 1.0000000000
81725  -38.674  -39.149  43.428 1.0000000000
81726  -39.460  -40.371  44.121 1.0000000000
81727  -39.068  -40.073  44.116 1.0000000000
81728  -39.150  -40.528  44.223 1.0000000000
81729  -38.869  -40.669  44.374 1.0000000000
92833  -44.312  -36.853  42.614 1.0000000000
92834  -44.851  -36.876  42.773 1.0000000000
92835  -44.464  -36.615  42.167 1.0000000000
92836  -44.631  -36.351  41.756 1.0000000000
92837  -44.822  -36.051  41.327 1.0000000000
92905  -41.832  -36.271  40.966 1.0000000000
92906  -41.844  -36.640  41.570 1.0000000000
92907  -42.265  -36.555  41.544 1.0000000000
92908  -42.709  -36.840  42.123 1.0000000000
92909  -43.171  -37.127  42.701 1.0000000000
92910  -43.622  -37.404  43.210 1.0000000000
92911  -43.529  -36.998  42.619 1.0000000000
92912  -43.922  -36.954  42.618 1.0000000000
95833  -37.018  -39.052  43.443 1.0000000000
95834  -37.582  -39.288  43.709 1.0000000000
100150  -38.475  -37.105  41.299 1.0000000000
100151  -38.651  -37.546  41.818 1.0000000000
100152  -39.017  -37.385  41.749 1.0000000000
100153  -39.570  -37.674  42.193 1.0000000000
100154  -40.111  -37.955  42.618 1.0000000000
100155  -42.260  -38.148  43.537 1.0000000000
100156  -41.904  -38.253  43.474 1.0000000000
100157  -42.382  -38.529  43.884 1.0000000000
100158  -42.482  -38.959  44.095 1.0000000000
100159  -42.596  -39.427  44.351 1.0000000000
100161  -43.025  -39.742  44.599 1.0000000000
100169  -45.302  -38.887  45.272 1.0000000000
103174  -41.030  -34.122  38.398 1.0000000000
103175  -41.603  -34.159  38.428 1.0000000000
103176  -41.185  -33.662  38.135 1.0000000000
103177  -41.341  -33.173  37.940 1.0000000000
103178  -41.484  -32.627  37.774 1.0000000000
103402  -35.786  -35.185  40.146 1.0000000000
103403  -36.166  -35.551  40.170 1.0000000000
103404  -36.568  -35.896  40.253 1.0000000000
103405  -36.556  -35.334  39.926 1.0000000000
103406  -36.943  -35.085  39.692 1.0000000000
103407  -37.377  -34.943  39.499 1.0000000000
103408  -38.400  -32.872  38.406 1.0000000000
103409  -38.323  -33.479  38.594 1.0000000000
103410  -38.782  -33.364  38.372 1.0000000000
103411  -39.199  -33.872  38.509 1.0000000000
103412  -39.621  -34.359  38.715 1.0000000000
103413  -40.044  -34.811  38.985 1.0000000000
103414  -40.095  -34.292  38.581 1.0000000000
103415  -40.561  -34.188  38.466 1.0000000000
108318  -43.899  -34.193  38.854 1.0000000000
108319  -44.332  -34.641  39.338 1.0000000000
108320  -44.494  -34.230  39.069 1.0000000000
108321  -45.056  -34.190  39.274 1.0000000000
108939  -39.519  -39.314  43.575 1.0000000000
108940  -39.175  -39.448  43.654 1.0000000000
108941  -39.653  -39.754  43.841 1.0000000000
108942  -39.782  -40.202  44.033 1.0000000000
116770  -46.170  -37.347  44.079 1.0000000000
116771  -46.313  -37.084  43.735 1.0000000000
116772  -45.388  -36.864  42.942 1.0000000000
116773  -45.947  -36.856  43.164 1.0000000000
116774  -46.481  -36.817  43.395 1.0000000000
116935  -40.166  -36.622  41.136 1.0000000000
116936  -40.208  -37.025  41.662 1.0000000000
116937  -40.617  -36.921  41.654 1.0000000000
116938  -41.090  -37.211  42.180 1.0000000000
116939  -41.583  -37.482  42.679 1.0000000000
116940  -41.840  -37.010  42.156 1.0000000000
116941  -41.957  -37.380  42.687 1.0000000000
116942  -42.123  -37.767  43.174 1.0000000000
116943  -42.628  -38.048  43.605 1.0000000000
116944  -43.103  -38.327  44.003 1.0000000000
116945  -43.545  -38.626  44.369 1.0000000000
116946  -43.946  -38.911  44.704 1.0000000000
116947  -43.869  -38.513  44.410 1.0000000000
116948  -44.195  -38.408  44.480 1.0000000000
116949  -44.526  -38.319  44.552 1.0000000000
116950  -44.064  -37.667  43.699 1.0000000000
116951  -44.488  -37.933  44.165 1.0000000000
116952  -44.893  -38.212  44.596 1.0000000000
116953  -45.225  -38.109  44.612 1.0000000000
116954  -45.550  -38.001  44.671 1.0000000000
119287  -39.385  -31.956  38.009 1.0000000000
119288  -39.943  -32.037  37.824 1.0000000000
119466  -36.654  -33.425  39.346 1.0000000000
119467  -36.738  -32.769  39.284 1.0000000000
119468  -37.152  -32.596  39.018 1.0000000000
119469  -37.591  -32.429  38.791 1.0000000000
119471  -37.731  -31.796  38.800 1.0000000000
119472  -38.044  -32.330  38.552 1.0000000000
119473  -38.487  -32.190  38.338 1.0000000000
119474  -38.933  -32.074  38.147 1.0000000000
123772  -40.875  -40.677  43.991 1.0000000000
133345  -37.066  -37.788  41.930 1.0000000000
133346  -37.295  -38.238  42.417 1.0000000000
133347  -37.630  -38.048  42.234 1.0000000000
133348  -38.191  -38.319  42.547 1.0000000000
133349  -38.759  -38.585  42.866 1.0000000000
133350  -38.849  -37.981  42.292 1.0000000000
133351  -39.074  -38.437  42.762 1.0000000000
133352  -39.315  -38.859  43.189 1.0000000000
133353  -39.850  -39.154  43.519 1.0000000000
133354  -40.333  -39.482  43.729 1.0000000000
133355  -40.784  -39.781  43.918 1.0000000000
133356  -40.330  -37.439  42.182 1.0000000000
133357  -40.501  -37.842  42.639 1.0000000000
133358  -40.665  -38.260  43.045 1.0000000000
133359  -41.553  -38.384  43.450 1.0000000000
133360  -41.185  -38.551  43.438 1.0000000000
133361  -40.838  -38.705  43.377 1.0000000000
133362  -41.006  -39.140  43.688 1.0000000000
133363  -41.092  -39.613  43.937 1.0000000000
133364  -41.213  -40.066  44.074 1.0000000000
133384  -44.329  -39.209  45.018 1.0000000000
139660  -42.721  -35.739  40.216 1.0000000000
139661  -43.293  -35.750  40.333 1.0000000000
139662  -42.883  -35.425  39.795 1.0000000000
139663  -43.027  -35.042  39.369 1.0000000000
139664  -43.184  -34.621  39.002 1.0000000000
139665  -42.171  -34.185  38.481 1.0000000000
139666  -42.756  -34.172  38.587 1.0000000000
139667  -43.317  -34.173  38.674 1.0000000000
139668  -43.469  -33.729  38.446 1.0000000000
139669  -43.601  -33.252  38.250 1.0000000000
139670  -43.716  -32.757  38.080 1.0000000000
139671  -40.519  -32.078  37.727 1.0000000000
139676  -42.182  -32.152  37.677 1.0000000000
139677  -42.726  -32.177  37.713 1.0000000000
140126  -36.015  -37.312  41.497 1.0000000000
140127  -36.536  -37.545  41.689 1.0000000000
140128  -36.852  -37.347  41.446 1.0000000000
140129  -37.219  -37.164  41.234 1.0000000000
140130  -37.593  -36.993  41.056 1.0000000000
140131  -37.039  -36.236  40.391 1.0000000000
140132  -37.522  -36.540  40.646 1.0000000000
140133  -38.002  -36.830  40.953 1.0000000000
140134  -38.420  -36.668  40.893 1.0000000000
140135  -38.858  -36.531  40.812 1.0000000000
140136  -39.266  -36.404  40.742 1.0000000000
140137  -36.979  -33.873  39.197 1.0000000000
140138  -37.376  -34.343  39.217 1.0000000000
140139  -37.807  -34.794  39.327 1.0000000000
140140  -38.277  -34.075  38.844 1.0000000000
140141  -38.249  -34.673  39.148 1.0000000000
140142  -38.261  -35.211  39.516 1.0000000000
140143  -38.711  -35.587  39.804 1.0000000000
140144  -39.178  -35.951  40.196 1.0000000000
140145  -39.656  -36.292  40.637 1.0000000000
140146  -40.109  -36.215  40.571 1.0000000000
140147  -40.516  -36.113  40.524 1.0000000000
140148  -40.975  -36.054  40.445 1.0000000000
140149  -40.507  -35.232  39.396 1.0000000000
140150  -40.948  -35.623  39.881 1.0000000000
140151  -41.379  -35.983  40.417 1.0000000000
140152  -41.837  -35.901  40.340 1.0000000000
140153  -42.265  -35.823  40.261 1.0000000000
150066  -43.868  -35.763  40.487 1.0000000000
150067  -44.451  -35.741  40.672 1.0000000000
150068  -44.994  -35.721  40.855 1.0000000000
150069  -44.747  -35.014  39.847 1.0000000000
150070  -45.170  -35.381  40.450 1.0000000000
150071  -45.562  -35.722  41.080 1.0000000000
150076  -45.724  -33.654  39.308 1.0000000000
151309  -37.533  -38.663  42.899 1.0000000000
151310  -37.819  -39.094  43.417 1.0000000000
151311  -38.095  -39.524  43.889 1.0000000000
151312  -38.891  -39.614  43.839 1.0000000000
151313  -38.580  -39.776  44.009 1.0000000000
151314  -38.342  -39.928  44.260 1.0000000000
151315  -38.500  -40.380  44.499 1.0000000000
