#!ascii label  , from subject 40tvs8ref_sym_20 vox2ras=TkReg
439
359  -17.979  -34.583  -12.145 1.0000000000
360  -20.081  -31.217  -15.944 1.0000000000
1797  -18.663  -34.149  -11.703 1.0000000000
1798  -20.184  -31.643  -14.349 1.0000000000
1799  -19.085  -32.792  -14.096 1.0000000000
2557  -21.199  -29.171  -17.142 1.0000000000
3953  -17.989  -35.301  -10.299 1.0000000000
3954  -18.657  -33.636  -12.728 1.0000000000
3955  -19.143  -32.653  -13.894 1.0000000000
3956  -18.541  -33.648  -13.149 1.0000000000
3958  -22.726  -39.210  -12.138 1.0000000000
5747  -20.329  -30.599  -15.865 1.0000000000
5748  -20.676  -30.508  -15.550 1.0000000000
5749  -20.723  -29.565  -17.082 1.0000000000
6118  -18.295  -36.091  -12.213 1.0000000000
7193  -21.488  -33.840  -16.902 1.0000000000
7194  -20.414  -30.227  -17.262 1.0000000000
8030  -18.335  -35.504  -9.725 1.0000000000
8031  -19.079  -34.321  -11.102 1.0000000000
8032  -19.802  -33.085  -12.462 1.0000000000
8033  -19.434  -32.766  -13.034 1.0000000000
8034  -19.668  -31.667  -14.923 1.0000000000
8035  -19.510  -31.992  -15.113 1.0000000000
8036  -18.893  -35.276  -13.166 1.0000000000
8037  -19.615  -34.659  -14.239 1.0000000000
8038  -20.500  -34.236  -15.574 1.0000000000
10225  -20.474  -31.798  -13.861 1.0000000000
10226  -20.984  -30.533  -15.225 1.0000000000
10228  -21.017  -28.547  -18.524 1.0000000000
11633  -18.320  -34.193  -12.015 1.0000000000
11634  -18.349  -33.913  -12.645 1.0000000000
11635  -18.596  -33.501  -13.125 1.0000000000
11636  -18.275  -34.153  -12.636 1.0000000000
13427  -20.094  -30.674  -16.218 1.0000000000
13428  -20.566  -30.081  -16.438 1.0000000000
13429  -20.318  -30.176  -16.708 1.0000000000
15827  -23.690  -35.433  -16.736 1.0000000000
15828  -22.094  -33.612  -17.593 1.0000000000
17615  -18.331  -34.704  -11.085 1.0000000000
17616  -18.038  -35.491  -9.949 1.0000000000
17617  -18.362  -34.941  -10.604 1.0000000000
17618  -18.695  -34.877  -10.466 1.0000000000
17619  -18.782  -34.214  -11.368 1.0000000000
17620  -19.174  -33.550  -12.066 1.0000000000
17621  -19.034  -33.455  -12.370 1.0000000000
17622  -19.130  -32.600  -14.228 1.0000000000
17623  -19.449  -32.148  -14.420 1.0000000000
17624  -19.361  -32.152  -14.685 1.0000000000
17625  -19.647  -31.676  -15.188 1.0000000000
17626  -19.313  -32.404  -14.662 1.0000000000
17628  -18.608  -35.641  -12.664 1.0000000000
17629  -19.892  -37.400  -12.521 1.0000000000
17630  -23.332  -38.887  -12.725 1.0000000000
17631  -20.945  -37.010  -13.634 1.0000000000
17632  -21.418  -36.764  -14.415 1.0000000000
17633  -19.980  -34.377  -14.837 1.0000000000
17634  -22.024  -36.598  -15.060 1.0000000000
17635  -22.556  -36.248  -15.656 1.0000000000
22997  -19.891  -32.406  -13.408 1.0000000000
22998  -20.037  -32.572  -12.983 1.0000000000
22999  -20.188  -31.757  -14.026 1.0000000000
23000  -20.980  -29.850  -16.331 1.0000000000
23001  -20.840  -30.479  -15.492 1.0000000000
23002  -21.054  -29.838  -16.206 1.0000000000
23005  -20.604  -29.791  -17.933 1.0000000000
23006  -20.625  -29.216  -17.894 1.0000000000
23007  -20.863  -28.762  -18.539 1.0000000000
25547  -18.170  -34.529  -11.472 1.0000000000
25548  -18.638  -33.827  -12.307 1.0000000000
25549  -18.975  -33.351  -12.792 1.0000000000
25550  -18.890  -33.139  -13.323 1.0000000000
25551  -18.866  -33.054  -13.594 1.0000000000
25552  -18.802  -33.246  -13.618 1.0000000000
28775  -20.291  -30.981  -15.221 1.0000000000
28776  -20.420  -31.137  -14.920 1.0000000000
28777  -20.672  -30.449  -15.940 1.0000000000
28778  -20.874  -29.785  -16.628 1.0000000000
28779  -21.155  -29.253  -17.230 1.0000000000
29632  -17.912  -34.971  -12.002 1.0000000000
32141  -20.187  -32.114  -16.381 1.0000000000
32142  -20.213  -30.708  -16.682 1.0000000000
32143  -20.519  -31.785  -17.069 1.0000000000
32144  -20.900  -31.575  -17.895 1.0000000000
34415  -19.448  -33.723  -11.863 1.0000000000
34416  -19.595  -32.954  -12.771 1.0000000000
34417  -19.823  -32.164  -13.685 1.0000000000
34418  -19.371  -32.738  -13.434 1.0000000000
34419  -19.696  -32.110  -14.031 1.0000000000
34420  -20.001  -31.493  -14.626 1.0000000000
34421  -20.003  -31.144  -15.363 1.0000000000
34422  -19.872  -31.171  -15.692 1.0000000000
34423  -19.755  -31.606  -15.562 1.0000000000
34424  -18.186  -34.572  -12.498 1.0000000000
34425  -18.498  -34.149  -13.002 1.0000000000
34426  -18.777  -33.752  -13.508 1.0000000000
34427  -20.403  -37.178  -13.052 1.0000000000
34428  -19.267  -34.959  -13.664 1.0000000000
34429  -19.054  -33.332  -14.006 1.0000000000
34430  -19.310  -32.969  -14.600 1.0000000000
34431  -19.590  -32.704  -15.230 1.0000000000
34432  -19.891  -32.375  -15.766 1.0000000000
34433  -20.997  -34.061  -16.260 1.0000000000
34434  -23.093  -35.861  -16.205 1.0000000000
40912  -20.533  -31.158  -14.654 1.0000000000
40913  -20.710  -31.213  -14.439 1.0000000000
40918  -20.506  -29.665  -17.268 1.0000000000
40919  -20.903  -29.021  -17.781 1.0000000000
40920  -21.229  -28.678  -17.984 1.0000000000
40921  -21.046  -27.962  -19.260 1.0000000000
42354  -18.206  -34.231  -12.402 1.0000000000
42355  -18.335  -33.970  -12.659 1.0000000000
42356  -18.132  -34.390  -12.387 1.0000000000
44147  -20.034  -30.898  -16.110 1.0000000000
44148  -20.220  -30.420  -16.457 1.0000000000
44149  -20.150  -30.652  -16.362 1.0000000000
46548  -24.017  -35.183  -17.009 1.0000000000
48335  -18.456  -34.494  -11.290 1.0000000000
48336  -18.289  -34.906  -10.758 1.0000000000
48337  -18.446  -34.654  -11.063 1.0000000000
48338  -18.574  -34.575  -11.001 1.0000000000
48339  -18.682  -34.211  -11.503 1.0000000000
48340  -18.876  -33.836  -11.869 1.0000000000
48341  -18.843  -33.817  -12.039 1.0000000000
48342  -19.110  -32.646  -14.202 1.0000000000
48343  -19.252  -32.385  -14.459 1.0000000000
48344  -19.244  -32.430  -14.506 1.0000000000
48345  -19.344  -32.228  -14.719 1.0000000000
48346  -19.207  -32.592  -14.398 1.0000000000
48350  -23.589  -38.679  -13.037 1.0000000000
48351  -22.434  -37.891  -13.665 1.0000000000
48353  -21.707  -36.693  -14.760 1.0000000000
48354  -22.935  -37.523  -14.345 1.0000000000
53717  -20.047  -31.970  -13.945 1.0000000000
53718  -20.042  -32.087  -13.729 1.0000000000
53719  -20.183  -31.703  -14.241 1.0000000000
53720  -21.068  -29.542  -16.626 1.0000000000
53721  -20.986  -29.857  -16.177 1.0000000000
53722  -21.108  -29.494  -16.635 1.0000000000
53723  -21.185  -29.501  -16.574 1.0000000000
53725  -20.716  -29.620  -18.249 1.0000000000
53726  -20.695  -29.235  -18.234 1.0000000000
53727  -20.805  -29.051  -18.517 1.0000000000
57935  -18.484  -33.915  -12.401 1.0000000000
57936  -18.297  -34.340  -11.777 1.0000000000
57937  -18.470  -34.072  -12.056 1.0000000000
57938  -18.439  -34.121  -11.924 1.0000000000
57939  -18.658  -33.688  -12.528 1.0000000000
57940  -18.831  -33.339  -12.989 1.0000000000
57941  -18.758  -33.419  -12.950 1.0000000000
57942  -18.542  -33.566  -13.131 1.0000000000
57943  -18.740  -33.268  -13.376 1.0000000000
57944  -18.663  -33.373  -13.373 1.0000000000
57945  -18.835  -33.117  -13.625 1.0000000000
57946  -18.654  -33.475  -13.371 1.0000000000
63317  -20.342  -30.737  -15.572 1.0000000000
63318  -20.553  -30.692  -15.602 1.0000000000
63319  -20.506  -30.447  -15.903 1.0000000000
63320  -20.649  -29.795  -16.796 1.0000000000
63321  -20.751  -29.947  -16.525 1.0000000000
63322  -20.804  -29.668  -16.844 1.0000000000
63323  -20.963  -29.505  -16.969 1.0000000000
63324  -20.844  -29.348  -17.279 1.0000000000
70517  -20.725  -32.937  -16.588 1.0000000000
70518  -20.410  -31.978  -16.678 1.0000000000
70519  -20.937  -32.832  -16.993 1.0000000000
70520  -22.383  -33.456  -17.969 1.0000000000
70521  -21.442  -32.595  -17.713 1.0000000000
70523  -21.104  -31.404  -18.250 1.0000000000
75880  -17.769  -35.645  -9.901 1.0000000000
75882  -17.763  -35.752  -9.676 1.0000000000
75883  -18.147  -35.520  -9.769 1.0000000000
75884  -17.997  -35.776  -9.471 1.0000000000
75885  -18.193  -35.731  -9.482 1.0000000000
75887  -18.476  -35.585  -9.639 1.0000000000
75890  -18.857  -34.589  -10.800 1.0000000000
75896  -19.293  -34.003  -11.538 1.0000000000
75897  -19.273  -33.128  -12.598 1.0000000000
75898  -19.426  -33.215  -12.461 1.0000000000
75899  -19.495  -32.811  -12.934 1.0000000000
75900  -19.727  -32.559  -13.226 1.0000000000
75901  -19.612  -32.431  -13.362 1.0000000000
75902  -19.089  -32.840  -13.529 1.0000000000
75903  -19.172  -33.100  -13.074 1.0000000000
75904  -19.247  -32.541  -13.852 1.0000000000
75905  -19.559  -31.950  -14.611 1.0000000000
75906  -19.593  -32.037  -14.379 1.0000000000
75907  -19.795  -31.752  -14.650 1.0000000000
75908  -19.836  -31.854  -14.276 1.0000000000
75909  -19.936  -31.531  -14.818 1.0000000000
75910  -20.092  -31.253  -15.069 1.0000000000
75911  -19.818  -31.416  -15.122 1.0000000000
75912  -19.588  -31.808  -15.163 1.0000000000
75913  -19.759  -31.415  -15.438 1.0000000000
75914  -19.709  -31.601  -15.384 1.0000000000
75915  -19.815  -31.360  -15.635 1.0000000000
75916  -19.633  -31.813  -15.363 1.0000000000
75917  -17.973  -35.374  -12.088 1.0000000000
75918  -18.047  -34.754  -12.254 1.0000000000
75919  -18.129  -35.167  -12.304 1.0000000000
75920  -18.740  -35.459  -12.953 1.0000000000
75921  -18.410  -34.782  -12.806 1.0000000000
75922  -18.564  -34.602  -13.050 1.0000000000
75923  -18.648  -33.940  -13.271 1.0000000000
75924  -18.728  -34.394  -13.320 1.0000000000
75926  -21.293  -38.413  -12.474 1.0000000000
75927  -21.622  -38.293  -12.722 1.0000000000
75928  -20.110  -35.767  -14.056 1.0000000000
75929  -19.891  -35.873  -13.736 1.0000000000
75930  -19.442  -34.791  -13.923 1.0000000000
75931  -19.072  -34.070  -13.821 1.0000000000
75932  -19.230  -33.931  -14.114 1.0000000000
75933  -19.191  -33.165  -14.299 1.0000000000
75934  -19.395  -33.744  -14.419 1.0000000000
75935  -20.264  -34.311  -15.198 1.0000000000
75936  -19.757  -33.491  -15.015 1.0000000000
75937  -19.917  -33.351  -15.363 1.0000000000
75938  -19.733  -32.545  -15.528 1.0000000000
75939  -20.090  -33.226  -15.661 1.0000000000
75940  -20.276  -33.103  -15.957 1.0000000000
75941  -20.712  -34.125  -15.922 1.0000000000
75942  -23.777  -36.926  -15.217 1.0000000000
75943  -22.786  -36.045  -15.945 1.0000000000
75944  -24.081  -36.707  -15.502 1.0000000000
75945  -24.387  -36.482  -15.799 1.0000000000
92027  -19.864  -33.315  -12.132 1.0000000000
92030  -20.236  -32.180  -13.456 1.0000000000
92035  -20.539  -30.829  -15.221 1.0000000000
92036  -20.461  -31.100  -14.821 1.0000000000
92037  -20.609  -30.791  -15.177 1.0000000000
92038  -20.896  -30.452  -15.408 1.0000000000
92039  -20.796  -30.789  -15.036 1.0000000000
92040  -20.856  -30.787  -14.926 1.0000000000
92041  -20.836  -31.246  -14.328 1.0000000000
92042  -20.966  -30.936  -14.684 1.0000000000
92044  -21.120  -30.521  -15.147 1.0000000000
92050  -20.327  -30.435  -16.959 1.0000000000
92051  -20.369  -30.136  -16.919 1.0000000000
92052  -20.457  -29.884  -17.231 1.0000000000
92053  -20.845  -28.835  -18.141 1.0000000000
92054  -20.757  -29.072  -17.857 1.0000000000
92055  -20.974  -28.782  -18.130 1.0000000000
92056  -21.058  -28.827  -17.983 1.0000000000
92057  -21.144  -28.575  -18.302 1.0000000000
94666  -18.191  -34.262  -12.147 1.0000000000
94667  -18.363  -33.949  -12.509 1.0000000000
94668  -18.502  -33.714  -12.795 1.0000000000
94669  -18.650  -33.503  -13.042 1.0000000000
94670  -18.477  -33.696  -12.891 1.0000000000
94671  -18.431  -33.755  -12.890 1.0000000000
94672  -18.413  -33.878  -12.906 1.0000000000
97895  -20.154  -30.549  -16.182 1.0000000000
97896  -20.462  -30.380  -16.102 1.0000000000
97897  -20.262  -30.268  -16.469 1.0000000000
97898  -20.511  -30.070  -16.659 1.0000000000
97899  -20.632  -29.816  -16.896 1.0000000000
102215  -22.518  -34.725  -17.013 1.0000000000
102216  -21.758  -33.718  -17.268 1.0000000000
102217  -22.877  -34.552  -17.285 1.0000000000
105433  -18.174  -34.978  -10.734 1.0000000000
105434  -18.004  -35.378  -10.210 1.0000000000
105435  -18.149  -35.141  -10.499 1.0000000000
105436  -18.189  -35.239  -10.245 1.0000000000
105437  -18.307  -35.218  -10.127 1.0000000000
105438  -18.511  -35.180  -10.096 1.0000000000
105439  -18.484  -34.911  -10.482 1.0000000000
105440  -18.680  -34.583  -10.867 1.0000000000
105441  -18.881  -34.253  -11.255 1.0000000000
105442  -19.087  -33.959  -11.576 1.0000000000
105443  -19.007  -33.852  -11.741 1.0000000000
105444  -19.082  -33.492  -12.200 1.0000000000
105445  -19.261  -33.064  -12.745 1.0000000000
105446  -19.150  -32.612  -14.082 1.0000000000
105447  -19.285  -32.388  -14.169 1.0000000000
105448  -19.267  -32.365  -14.338 1.0000000000
105449  -19.407  -32.111  -14.614 1.0000000000
105450  -19.559  -31.902  -14.828 1.0000000000
105451  -19.668  -31.649  -15.095 1.0000000000
105452  -19.518  -31.900  -14.946 1.0000000000
105453  -19.452  -32.005  -14.935 1.0000000000
105454  -19.399  -32.206  -14.874 1.0000000000
105455  -18.775  -36.825  -12.147 1.0000000000
105456  -18.452  -35.834  -12.413 1.0000000000
105457  -18.954  -36.623  -12.386 1.0000000000
105458  -19.128  -36.391  -12.597 1.0000000000
105459  -19.316  -36.255  -12.892 1.0000000000
105460  -23.060  -39.056  -12.381 1.0000000000
105461  -21.892  -38.185  -12.987 1.0000000000
105462  -22.157  -38.045  -13.303 1.0000000000
105463  -21.193  -36.887  -14.048 1.0000000000
105464  -20.357  -35.700  -14.416 1.0000000000
105465  -19.801  -34.532  -14.530 1.0000000000
105466  -20.623  -35.623  -14.769 1.0000000000
105467  -20.868  -35.525  -15.090 1.0000000000
105468  -21.102  -35.423  -15.424 1.0000000000
105469  -21.367  -35.280  -15.764 1.0000000000
105470  -22.281  -36.428  -15.368 1.0000000000
105471  -23.490  -37.143  -14.939 1.0000000000
115121  -19.818  -32.774  -12.921 1.0000000000
115122  -19.924  -32.835  -12.680 1.0000000000
115123  -19.980  -32.460  -13.180 1.0000000000
115124  -20.119  -32.143  -13.509 1.0000000000
115125  -20.256  -31.798  -13.912 1.0000000000
115126  -20.847  -30.193  -15.884 1.0000000000
115127  -20.800  -30.479  -15.505 1.0000000000
115128  -20.902  -30.171  -15.892 1.0000000000
115129  -20.926  -30.148  -15.827 1.0000000000
115130  -21.011  -30.226  -15.681 1.0000000000
115131  -21.158  -30.113  -15.705 1.0000000000
115132  -21.171  -29.826  -16.101 1.0000000000
115135  -20.517  -30.018  -17.614 1.0000000000
115136  -20.499  -29.637  -17.559 1.0000000000
115137  -20.585  -29.445  -17.858 1.0000000000
115138  -20.743  -28.985  -18.217 1.0000000000
115139  -20.921  -28.615  -18.575 1.0000000000
121045  -18.101  -34.667  -11.343 1.0000000000
121047  -18.209  -34.854  -10.880 1.0000000000
121048  -18.379  -34.564  -11.247 1.0000000000
121049  -18.516  -34.312  -11.602 1.0000000000
121050  -18.670  -34.040  -11.922 1.0000000000
121051  -18.856  -33.756  -12.259 1.0000000000
121052  -18.776  -33.648  -12.483 1.0000000000
121053  -18.946  -33.103  -13.272 1.0000000000
121054  -19.017  -32.895  -13.644 1.0000000000
121055  -18.782  -33.286  -13.254 1.0000000000
121056  -18.897  -33.062  -13.508 1.0000000000
121057  -19.019  -32.836  -13.839 1.0000000000
121058  -18.991  -32.817  -13.893 1.0000000000
121059  -18.968  -32.878  -13.887 1.0000000000
121060  -18.957  -33.003  -13.850 1.0000000000
121065  -23.426  -40.160  -11.224 1.0000000000
121068  -23.726  -39.957  -11.520 1.0000000000
121069  -24.049  -39.726  -11.827 1.0000000000
121070  -24.373  -39.520  -12.108 1.0000000000
128579  -20.285  -31.329  -14.793 1.0000000000
128580  -20.307  -31.385  -14.656 1.0000000000
128581  -20.463  -30.989  -15.213 1.0000000000
128582  -20.576  -30.736  -15.518 1.0000000000
128583  -20.726  -30.398  -15.826 1.0000000000
128584  -20.622  -30.181  -16.250 1.0000000000
128585  -20.843  -30.086  -16.274 1.0000000000
128586  -20.837  -30.080  -16.162 1.0000000000
128587  -20.963  -29.791  -16.469 1.0000000000
128588  -21.083  -29.509  -16.834 1.0000000000
128589  -21.176  -29.192  -17.252 1.0000000000
130893  -17.792  -34.969  -11.826 1.0000000000
130894  -17.934  -34.754  -12.061 1.0000000000
130896  -17.814  -35.554  -11.877 1.0000000000
130897  -18.099  -36.249  -11.964 1.0000000000
130900  -18.582  -37.021  -11.919 1.0000000000
137705  -20.019  -31.532  -16.161 1.0000000000
137706  -20.118  -30.949  -16.326 1.0000000000
137707  -20.146  -31.325  -16.434 1.0000000000
137708  -20.222  -31.156  -16.794 1.0000000000
137709  -20.380  -30.983  -17.201 1.0000000000
137710  -21.187  -32.719  -17.351 1.0000000000
137711  -20.648  -31.661  -17.437 1.0000000000
137712  -20.526  -30.780  -17.512 1.0000000000
137713  -20.629  -30.539  -17.783 1.0000000000
137714  -20.789  -30.385  -18.170 1.0000000000
144265  -17.885  -35.754  -9.606 1.0000000000
144274  -18.815  -35.006  -10.331 1.0000000000
144283  -19.620  -33.419  -12.135 1.0000000000
144284  -19.319  -33.653  -11.972 1.0000000000
144285  -19.451  -33.396  -12.276 1.0000000000
144286  -19.648  -33.076  -12.620 1.0000000000
144287  -19.712  -32.704  -13.076 1.0000000000
144288  -19.899  -32.236  -13.618 1.0000000000
144289  -20.015  -31.926  -14.024 1.0000000000
144290  -19.032  -33.442  -12.606 1.0000000000
144291  -19.233  -33.058  -12.935 1.0000000000
144292  -19.422  -32.712  -13.250 1.0000000000
144293  -19.435  -32.327  -14.089 1.0000000000
144294  -19.535  -32.413  -13.734 1.0000000000
144295  -19.569  -32.449  -13.482 1.0000000000
144296  -19.707  -32.172  -13.743 1.0000000000
144297  -19.903  -31.831  -14.101 1.0000000000
144298  -20.080  -31.574  -14.462 1.0000000000
144299  -20.158  -31.210  -14.943 1.0000000000
144300  -20.231  -30.967  -15.335 1.0000000000
144301  -20.181  -30.889  -15.575 1.0000000000
144302  -19.785  -31.384  -15.349 1.0000000000
144303  -19.911  -31.098  -15.580 1.0000000000
144304  -20.034  -30.822  -15.901 1.0000000000
144305  -19.975  -30.921  -15.953 1.0000000000
144306  -19.923  -31.121  -15.877 1.0000000000
144307  -19.889  -31.378  -15.765 1.0000000000
144308  -18.080  -34.567  -12.304 1.0000000000
144309  -18.231  -34.360  -12.526 1.0000000000
144310  -18.390  -34.093  -12.806 1.0000000000
144311  -18.268  -34.959  -12.547 1.0000000000
144312  -18.329  -34.356  -12.737 1.0000000000
144313  -18.523  -33.856  -13.064 1.0000000000
144314  -18.658  -33.646  -13.289 1.0000000000
144315  -18.779  -33.435  -13.536 1.0000000000
144316  -18.916  -33.205  -13.782 1.0000000000
144318  -20.171  -37.280  -12.787 1.0000000000
144319  -19.469  -36.116  -13.185 1.0000000000
144320  -20.640  -37.061  -13.330 1.0000000000
144321  -19.646  -35.948  -13.438 1.0000000000
144322  -19.078  -35.129  -13.431 1.0000000000
144323  -18.909  -34.228  -13.569 1.0000000000
144324  -18.917  -33.551  -13.759 1.0000000000
144325  -19.059  -32.998  -14.049 1.0000000000
144326  -19.177  -32.809  -14.342 1.0000000000
144327  -19.286  -32.620  -14.652 1.0000000000
144328  -19.379  -32.432  -14.922 1.0000000000
144329  -19.581  -33.604  -14.705 1.0000000000
144330  -19.451  -32.850  -14.941 1.0000000000
144331  -19.496  -32.252  -15.161 1.0000000000
144332  -19.616  -32.050  -15.396 1.0000000000
144333  -19.736  -31.907  -15.645 1.0000000000
144334  -19.867  -31.741  -15.885 1.0000000000
144335  -20.034  -32.264  -16.068 1.0000000000
144336  -20.486  -32.992  -16.287 1.0000000000
144337  -21.247  -33.961  -16.544 1.0000000000
144338  -21.621  -35.158  -16.073 1.0000000000
144339  -21.903  -35.044  -16.359 1.0000000000
144340  -22.236  -34.916  -16.712 1.0000000000
144341  -23.361  -35.657  -16.467 1.0000000000
163690  -20.309  -31.431  -14.493 1.0000000000
163691  -20.359  -31.422  -14.394 1.0000000000
163692  -20.480  -31.494  -14.228 1.0000000000
163693  -20.740  -30.814  -15.084 1.0000000000
163694  -20.661  -31.157  -14.670 1.0000000000
163695  -20.597  -31.557  -14.111 1.0000000000
163708  -20.281  -30.399  -16.604 1.0000000000
163709  -20.435  -29.919  -16.974 1.0000000000
163710  -20.648  -29.575  -17.209 1.0000000000
163711  -20.539  -29.442  -17.563 1.0000000000
163712  -20.660  -29.325  -17.539 1.0000000000
163713  -20.795  -29.263  -17.474 1.0000000000
163714  -20.972  -29.098  -17.568 1.0000000000
163715  -21.177  -28.994  -17.658 1.0000000000
163716  -21.235  -28.855  -17.658 1.0000000000
163717  -20.963  -28.569  -18.854 1.0000000000
163718  -20.956  -28.367  -18.895 1.0000000000
163719  -21.005  -28.237  -18.876 1.0000000000
163723  -21.220  -28.452  -18.264 1.0000000000
163725  -21.290  -28.846  -17.543 1.0000000000
