#!ascii label  , from subject 40tvs8ref_sym_20 vox2ras=TkReg
460
422  -3.986  3.271  29.136 1.0000000000
510  -4.464  12.208  35.209 1.0000000000
944  -5.650  0.541  30.533 1.0000000000
1118  -4.549  13.758  30.203 1.0000000000
2172  -4.832  8.524  27.541 1.0000000000
2173  -5.878  6.873  30.404 1.0000000000
2174  -4.228  5.507  33.957 1.0000000000
4274  -3.759  5.241  28.404 1.0000000000
4793  -4.229  10.206  26.565 1.0000000000
4794  -5.763  11.501  26.837 1.0000000000
4795  -4.347  13.035  32.628 1.0000000000
4796  -5.164  10.264  30.208 1.0000000000
4797  -4.322  9.511  32.097 1.0000000000
4798  -4.873  6.229  31.997 1.0000000000
4799  -4.295  8.796  34.581 1.0000000000
6308  -4.470  1.800  29.638 1.0000000000
6309  -3.913  0.860  29.713 1.0000000000
6310  -4.360  -1.139  30.191 1.0000000000
6622  -4.826  16.595  33.091 1.0000000000
6623  -5.766  15.107  34.706 1.0000000000
9079  -3.938  7.706  27.592 1.0000000000
9080  -4.265  5.903  28.341 1.0000000000
9081  -5.971  10.886  28.469 1.0000000000
9082  -5.975  7.455  28.776 1.0000000000
9083  -5.073  4.439  29.177 1.0000000000
9084  -6.224  3.609  30.477 1.0000000000
9085  -5.638  2.982  32.052 1.0000000000
9089  -7.296  13.079  35.703 1.0000000000
9092  -5.316  10.852  37.145 1.0000000000
9093  -4.477  7.876  37.348 1.0000000000
11954  -3.859  4.277  28.796 1.0000000000
11956  -3.783  2.774  29.246 1.0000000000
12475  -4.338  12.657  33.933 1.0000000000
12476  -4.264  11.257  32.359 1.0000000000
12477  -4.267  10.914  33.656 1.0000000000
12478  -4.241  9.170  33.275 1.0000000000
12479  -4.344  10.490  34.983 1.0000000000
14354  -4.986  1.060  30.039 1.0000000000
14355  -4.380  0.308  29.954 1.0000000000
14356  -4.862  -0.370  30.267 1.0000000000
14876  -5.493  18.019  32.816 1.0000000000
14877  -6.044  17.140  33.464 1.0000000000
14878  -5.208  15.894  33.982 1.0000000000
14879  -6.702  16.186  33.999 1.0000000000
20140  -4.474  9.309  27.051 1.0000000000
20141  -4.056  8.964  27.096 1.0000000000
20142  -4.221  7.942  27.559 1.0000000000
20143  -4.068  6.774  27.960 1.0000000000
20144  -4.476  7.180  27.941 1.0000000000
20145  -4.886  14.145  29.126 1.0000000000
20146  -5.670  12.645  28.318 1.0000000000
20147  -5.249  12.350  29.223 1.0000000000
20148  -5.528  8.590  30.306 1.0000000000
20149  -5.951  8.876  29.448 1.0000000000
20150  -6.126  7.196  29.546 1.0000000000
20151  -5.523  5.884  28.966 1.0000000000
20152  -6.077  5.533  29.640 1.0000000000
20153  -5.731  3.951  29.749 1.0000000000
20154  -6.169  5.185  30.473 1.0000000000
20155  -4.453  5.826  32.849 1.0000000000
20156  -5.234  4.562  32.016 1.0000000000
20157  -4.687  4.198  32.779 1.0000000000
20166  -8.218  14.095  34.871 1.0000000000
20176  -4.717  9.406  37.409 1.0000000000
23588  -6.204  0.140  31.199 1.0000000000
23589  -5.462  -1.026  30.679 1.0000000000
27059  -4.088  11.090  26.059 1.0000000000
27060  -4.489  11.403  26.037 1.0000000000
27061  -4.840  10.622  26.566 1.0000000000
27062  -5.330  9.944  27.172 1.0000000000
27063  -4.355  13.450  31.357 1.0000000000
27064  -4.756  11.960  30.156 1.0000000000
27065  -4.439  11.657  31.206 1.0000000000
27066  -4.653  9.878  31.071 1.0000000000
27067  -5.019  8.200  31.141 1.0000000000
27068  -5.427  6.541  31.217 1.0000000000
27069  -4.552  7.856  31.999 1.0000000000
27070  -4.306  7.466  33.021 1.0000000000
27071  -4.275  7.155  34.274 1.0000000000
30080  -4.166  2.511  29.370 1.0000000000
30081  -3.933  2.004  29.460 1.0000000000
30082  -4.095  1.227  29.666 1.0000000000
30083  -4.094  -0.208  29.978 1.0000000000
30809  -4.493  15.580  30.340 1.0000000000
30811  -4.569  17.129  31.924 1.0000000000
30812  -4.420  15.301  31.630 1.0000000000
30813  -4.485  14.851  32.927 1.0000000000
30814  -4.677  14.369  34.126 1.0000000000
30815  -4.954  13.758  35.174 1.0000000000
37479  -3.969  9.951  26.588 1.0000000000
37482  -3.857  6.478  28.022 1.0000000000
37483  -3.954  5.529  28.384 1.0000000000
37484  -4.123  4.658  28.732 1.0000000000
37485  -5.940  12.933  27.404 1.0000000000
37486  -5.996  11.146  27.636 1.0000000000
37487  -5.864  9.544  27.817 1.0000000000
37488  -5.616  10.583  29.362 1.0000000000
37489  -6.102  9.180  28.634 1.0000000000
37490  -5.371  7.923  28.103 1.0000000000
37491  -4.921  6.420  28.421 1.0000000000
37492  -4.575  5.109  28.730 1.0000000000
37493  -4.355  3.741  29.081 1.0000000000
37494  -4.717  3.105  29.417 1.0000000000
37495  -5.319  2.493  29.883 1.0000000000
37496  -6.001  2.045  30.508 1.0000000000
37497  -5.802  4.887  31.273 1.0000000000
37498  -6.179  3.301  31.301 1.0000000000
37499  -6.306  1.724  31.278 1.0000000000
37509  -7.442  15.155  34.471 1.0000000000
37510  -6.505  14.147  35.283 1.0000000000
37511  -5.522  13.010  35.995 1.0000000000
37519  -6.210  12.075  36.606 1.0000000000
37520  -4.771  11.610  36.341 1.0000000000
37521  -4.459  9.990  36.224 1.0000000000
37522  -4.390  8.352  36.015 1.0000000000
37523  -4.353  6.739  35.648 1.0000000000
42674  -3.924  3.821  28.965 1.0000000000
42675  -3.820  3.520  29.031 1.0000000000
42676  -3.893  3.024  29.188 1.0000000000
43195  -4.397  12.459  34.601 1.0000000000
43196  -4.293  11.786  33.810 1.0000000000
43197  -4.320  11.578  34.460 1.0000000000
43198  -4.306  10.710  34.303 1.0000000000
43199  -4.366  11.354  35.107 1.0000000000
45074  -5.321  0.802  30.269 1.0000000000
45075  -4.926  0.343  30.162 1.0000000000
45076  -5.215  0.023  30.364 1.0000000000
45596  -6.544  17.665  33.068 1.0000000000
45597  -6.860  17.169  33.310 1.0000000000
45598  -6.375  16.681  33.752 1.0000000000
45599  -7.250  16.663  33.529 1.0000000000
50860  -4.608  8.859  27.299 1.0000000000
50861  -4.335  8.629  27.306 1.0000000000
50862  -4.450  8.217  27.515 1.0000000000
50863  -4.329  7.574  27.731 1.0000000000
50864  -4.640  7.854  27.739 1.0000000000
50865  -4.702  13.908  29.647 1.0000000000
50866  -5.057  13.242  29.155 1.0000000000
50867  -4.839  13.041  29.679 1.0000000000
50868  -5.701  7.737  30.364 1.0000000000
50869  -5.931  7.883  29.938 1.0000000000
50870  -6.047  7.023  29.979 1.0000000000
50871  -6.142  6.351  29.579 1.0000000000
50872  -6.117  6.177  30.002 1.0000000000
50873  -6.130  5.352  30.048 1.0000000000
50874  -6.038  6.014  30.432 1.0000000000
50875  -4.338  5.676  33.402 1.0000000000
50876  -4.560  5.011  32.803 1.0000000000
50877  -4.371  4.854  33.295 1.0000000000
50878  -4.463  4.033  33.220 1.0000000000
58904  -3.704  5.531  28.273 1.0000000000
60460  -5.522  11.763  26.477 1.0000000000
60462  -5.293  11.002  26.647 1.0000000000
60463  -5.050  10.269  26.851 1.0000000000
60464  -5.572  10.719  26.995 1.0000000000
60465  -4.337  13.247  31.966 1.0000000000
60466  -4.370  12.548  31.275 1.0000000000
60467  -4.321  12.339  31.840 1.0000000000
60468  -4.273  10.377  32.231 1.0000000000
60469  -4.361  10.527  31.645 1.0000000000
60470  -4.471  9.680  31.567 1.0000000000
60471  -4.844  9.028  31.087 1.0000000000
60472  -4.606  8.843  31.556 1.0000000000
60473  -4.774  8.024  31.574 1.0000000000
60474  -4.394  8.686  32.041 1.0000000000
60475  -4.246  8.959  33.902 1.0000000000
60476  -4.255  8.316  33.139 1.0000000000
60477  -4.231  8.104  33.737 1.0000000000
60478  -4.256  7.323  33.633 1.0000000000
60479  -4.284  7.969  34.420 1.0000000000
66104  -4.307  2.176  29.495 1.0000000000
66105  -4.123  1.882  29.515 1.0000000000
66106  -4.261  1.486  29.647 1.0000000000
66107  -4.355  -0.430  30.088 1.0000000000
66108  -4.211  0.028  29.969 1.0000000000
66109  -4.226  -0.700  30.093 1.0000000000
66110  -4.108  -0.980  30.107 1.0000000000
66111  -4.223  -1.474  30.200 1.0000000000
66113  -5.085  -1.497  30.535 1.0000000000
67663  -4.548  15.723  29.725 1.0000000000
67668  -5.123  17.340  33.002 1.0000000000
67669  -4.920  17.680  32.536 1.0000000000
67670  -4.703  16.869  32.514 1.0000000000
67671  -4.485  16.219  31.778 1.0000000000
67672  -4.549  15.989  32.412 1.0000000000
67673  -4.440  15.083  32.275 1.0000000000
67674  -4.613  15.732  33.029 1.0000000000
67675  -5.457  15.552  34.388 1.0000000000
67676  -4.928  15.167  34.088 1.0000000000
67677  -5.100  14.885  34.592 1.0000000000
67678  -4.764  14.103  34.687 1.0000000000
67679  -5.350  14.464  34.977 1.0000000000
78817  -3.916  1.479  29.575 1.0000000000
78818  -3.849  1.802  29.490 1.0000000000
78819  -3.838  1.269  29.594 1.0000000000
83460  -4.156  10.648  26.315 1.0000000000
83461  -4.021  10.516  26.328 1.0000000000
83462  -4.081  10.069  26.577 1.0000000000
83463  -3.988  8.328  27.352 1.0000000000
83469  -3.894  7.086  27.813 1.0000000000
83470  -4.164  6.342  28.147 1.0000000000
83471  -4.010  6.161  28.169 1.0000000000
83472  -4.091  5.697  28.359 1.0000000000
83473  -4.034  5.066  28.568 1.0000000000
83474  -4.186  5.289  28.534 1.0000000000
83478  -5.839  11.761  28.405 1.0000000000
83479  -5.986  11.890  27.957 1.0000000000
83480  -6.030  11.047  28.024 1.0000000000
83481  -5.931  10.327  27.715 1.0000000000
83482  -6.041  10.203  28.123 1.0000000000
83483  -4.965  11.105  30.184 1.0000000000
83484  -5.199  11.295  29.741 1.0000000000
83485  -5.399  10.438  29.788 1.0000000000
83486  -6.107  8.183  29.109 1.0000000000
83487  -6.070  9.018  29.024 1.0000000000
83488  -6.082  8.320  28.698 1.0000000000
83489  -5.851  8.512  28.326 1.0000000000
83490  -5.662  7.689  28.432 1.0000000000
83491  -5.150  7.165  28.262 1.0000000000
83492  -5.437  6.881  28.548 1.0000000000
83493  -5.289  5.161  29.069 1.0000000000
83494  -4.960  5.374  28.786 1.0000000000
83495  -4.782  4.728  28.929 1.0000000000
83496  -4.468  4.424  28.913 1.0000000000
83497  -4.638  4.075  29.088 1.0000000000
83498  -4.509  3.427  29.244 1.0000000000
83499  -4.881  3.767  29.295 1.0000000000
83500  -6.005  3.762  30.097 1.0000000000
83501  -5.523  3.208  29.810 1.0000000000
83502  -5.852  2.978  30.123 1.0000000000
83503  -5.693  2.228  30.158 1.0000000000
83504  -6.132  2.820  30.476 1.0000000000
83505  -5.145  6.370  31.602 1.0000000000
83506  -5.587  5.711  31.254 1.0000000000
83507  -5.312  5.540  31.624 1.0000000000
83508  -5.427  3.754  32.042 1.0000000000
83509  -5.722  3.906  31.684 1.0000000000
83510  -5.912  3.137  31.684 1.0000000000
83511  -6.308  2.508  31.281 1.0000000000
83512  -6.071  2.361  31.676 1.0000000000
83513  -6.191  1.565  31.670 1.0000000000
83514  -5.826  2.194  32.061 1.0000000000
83538  -7.767  13.590  35.278 1.0000000000
83539  -7.354  14.121  35.094 1.0000000000
83540  -6.911  13.617  35.502 1.0000000000
83541  -6.031  13.610  35.661 1.0000000000
83542  -6.380  13.102  35.925 1.0000000000
83561  -6.154  11.002  37.118 1.0000000000
83563  -5.748  11.499  36.919 1.0000000000
83564  -5.377  11.974  36.658 1.0000000000
83565  -4.956  11.274  36.830 1.0000000000
83566  -4.556  10.849  36.346 1.0000000000
83567  -4.686  10.503  36.873 1.0000000000
83568  -4.561  8.662  37.423 1.0000000000
83569  -4.454  8.918  36.840 1.0000000000
83570  -4.420  8.123  36.700 1.0000000000
83571  -4.372  7.552  35.837 1.0000000000
83572  -4.413  7.323  36.529 1.0000000000
95246  -3.795  4.751  28.608 1.0000000000
95250  -3.679  2.489  29.296 1.0000000000
96182  -5.879  12.324  26.703 1.0000000000
96183  -4.342  12.844  33.272 1.0000000000
96184  -4.294  12.144  32.469 1.0000000000
96185  -4.267  11.958  33.111 1.0000000000
96186  -4.214  11.106  33.023 1.0000000000
96187  -4.219  10.225  32.824 1.0000000000
96188  -4.248  9.369  32.669 1.0000000000
96189  -4.256  10.045  33.467 1.0000000000
96190  -4.277  9.828  34.105 1.0000000000
96191  -4.310  9.624  34.751 1.0000000000
99566  -4.706  1.405  29.834 1.0000000000
99567  -4.424  1.070  29.796 1.0000000000
99568  -4.664  0.673  29.983 1.0000000000
99569  -4.611  -0.036  30.112 1.0000000000
99570  -4.591  -0.759  30.222 1.0000000000
100506  -5.720  17.617  33.199 1.0000000000
100507  -5.344  16.979  33.451 1.0000000000
100508  -5.002  16.243  33.572 1.0000000000
100509  -5.624  16.558  33.789 1.0000000000
100510  -5.895  16.147  34.102 1.0000000000
100511  -6.195  15.676  34.375 1.0000000000
109980  -4.346  9.757  26.800 1.0000000000
109981  -4.133  9.595  26.833 1.0000000000
109982  -4.229  9.115  27.070 1.0000000000
109983  -4.134  8.431  27.344 1.0000000000
109984  -4.058  7.818  27.576 1.0000000000
109985  -3.996  7.223  27.790 1.0000000000
109986  -4.129  7.327  27.772 1.0000000000
109987  -4.236  6.947  27.944 1.0000000000
109988  -4.363  6.528  28.145 1.0000000000
109991  -5.274  13.387  28.697 1.0000000000
109992  -5.486  12.497  28.781 1.0000000000
109993  -5.689  11.591  28.858 1.0000000000
109994  -5.352  9.424  30.245 1.0000000000
109995  -5.606  9.582  29.821 1.0000000000
109996  -5.779  8.732  29.885 1.0000000000
109997  -6.075  8.054  29.529 1.0000000000
109998  -6.066  7.327  29.165 1.0000000000
109999  -5.762  6.638  28.866 1.0000000000
110000  -5.959  6.488  29.216 1.0000000000
110001  -5.788  5.704  29.289 1.0000000000
110002  -5.595  4.925  29.362 1.0000000000
110003  -5.386  4.159  29.432 1.0000000000
110004  -5.910  4.730  29.699 1.0000000000
110005  -6.092  4.554  30.082 1.0000000000
110006  -6.253  4.394  30.484 1.0000000000
110007  -4.672  6.027  32.411 1.0000000000
110008  -5.061  5.385  31.990 1.0000000000
110009  -4.809  5.215  32.384 1.0000000000
110010  -4.937  4.399  32.380 1.0000000000
110011  -5.125  3.590  32.387 1.0000000000
110026  -8.691  14.598  34.459 1.0000000000
110027  -9.068  14.095  34.678 1.0000000000
110028  -8.602  13.577  35.050 1.0000000000
110043  -5.650  10.401  37.448 1.0000000000
110044  -4.948  10.134  37.304 1.0000000000
110046  -4.897  9.106  37.916 1.0000000000
110047  -4.648  8.392  37.976 1.0000000000
116480  -5.981  0.288  30.809 1.0000000000
116481  -5.535  -0.264  30.605 1.0000000000
116482  -5.908  -0.481  30.869 1.0000000000
116483  -5.823  -1.243  30.919 1.0000000000
124579  -4.247  11.236  26.045 1.0000000000
124580  -4.347  10.799  26.302 1.0000000000
124582  -4.631  10.966  26.300 1.0000000000
124583  -4.480  10.368  26.544 1.0000000000
124584  -4.645  9.970  26.802 1.0000000000
124585  -4.817  9.549  27.072 1.0000000000
124586  -5.057  9.212  27.348 1.0000000000
124587  -4.403  13.625  30.737 1.0000000000
124588  -4.633  12.864  30.180 1.0000000000
124589  -4.454  12.729  30.709 1.0000000000
124590  -4.574  11.835  30.682 1.0000000000
124591  -4.738  10.961  30.654 1.0000000000
124592  -4.330  11.436  31.742 1.0000000000
124593  -4.522  10.757  31.120 1.0000000000
124594  -4.902  10.079  30.630 1.0000000000
124595  -5.096  9.243  30.671 1.0000000000
124596  -5.273  8.414  30.730 1.0000000000
124597  -5.454  7.588  30.788 1.0000000000
124598  -5.679  6.720  30.838 1.0000000000
124599  -5.230  7.374  31.182 1.0000000000
124600  -5.005  7.190  31.579 1.0000000000
124601  -4.731  7.038  31.988 1.0000000000
124602  -4.302  8.522  32.562 1.0000000000
124603  -4.413  7.664  32.491 1.0000000000
124604  -4.544  6.832  32.444 1.0000000000
124605  -4.396  6.616  32.917 1.0000000000
124606  -4.298  6.498  33.519 1.0000000000
124607  -4.266  6.322  34.118 1.0000000000
132116  -4.065  2.844  29.268 1.0000000000
132117  -3.958  2.595  29.314 1.0000000000
132118  -4.034  2.244  29.413 1.0000000000
132119  -4.008  1.669  29.548 1.0000000000
132120  -3.992  1.069  29.688 1.0000000000
132121  -4.229  0.768  29.809 1.0000000000
132122  -4.085  0.531  29.826 1.0000000000
132123  -3.999  0.373  29.852 1.0000000000
132127  -5.133  -0.747  30.451 1.0000000000
132128  -4.823  -1.120  30.368 1.0000000000
134092  -4.608  14.801  29.672 1.0000000000
134093  -4.502  14.645  30.238 1.0000000000
134098  -4.736  17.990  32.024 1.0000000000
134099  -4.531  17.318  31.278 1.0000000000
134100  -4.482  16.384  31.106 1.0000000000
134101  -4.442  15.457  30.954 1.0000000000
134102  -4.410  14.536  30.815 1.0000000000
134103  -4.373  14.359  31.474 1.0000000000
134104  -4.360  14.147  32.110 1.0000000000
134105  -4.404  13.947  32.783 1.0000000000
134106  -4.745  15.447  33.586 1.0000000000
134107  -4.597  14.622  33.538 1.0000000000
134108  -4.445  13.739  33.435 1.0000000000
134109  -4.451  13.529  34.092 1.0000000000
134110  -4.536  13.294  34.683 1.0000000000
134111  -4.651  13.029  35.266 1.0000000000
147811  -3.866  2.358  29.363 1.0000000000
147812  -3.760  2.099  29.416 1.0000000000
153401  -3.860  9.760  26.635 1.0000000000
153402  -4.018  9.503  26.829 1.0000000000
153403  -3.907  9.351  26.848 1.0000000000
153410  -3.817  5.873  28.215 1.0000000000
153411  -3.939  6.624  27.991 1.0000000000
153412  -3.893  6.031  28.196 1.0000000000
153413  -3.845  5.401  28.403 1.0000000000
153414  -3.908  4.906  28.595 1.0000000000
153415  -3.981  4.434  28.775 1.0000000000
153416  -4.046  3.927  28.951 1.0000000000
153418  -6.012  13.071  26.973 1.0000000000
153419  -5.967  12.191  27.106 1.0000000000
153420  -5.865  12.788  27.840 1.0000000000
153421  -5.996  12.024  27.530 1.0000000000
153422  -5.903  11.308  27.246 1.0000000000
153423  -5.752  10.505  27.363 1.0000000000
153424  -5.559  9.715  27.491 1.0000000000
153425  -5.320  8.947  27.630 1.0000000000
153426  -5.009  12.161  29.693 1.0000000000
153427  -5.448  11.468  29.297 1.0000000000
153428  -5.848  10.698  28.938 1.0000000000
153429  -5.792  9.723  29.401 1.0000000000
153430  -5.965  9.838  29.000 1.0000000000
153431  -6.058  10.026  28.571 1.0000000000
153432  -6.005  9.367  28.233 1.0000000000
153433  -5.630  8.718  27.956 1.0000000000
153434  -5.072  8.204  27.802 1.0000000000
153435  -4.847  7.454  27.987 1.0000000000
153436  -4.665  6.753  28.178 1.0000000000
153437  -4.518  6.108  28.358 1.0000000000
153438  -5.181  6.074  28.675 1.0000000000
153439  -4.726  5.743  28.573 1.0000000000
153440  -4.398  5.508  28.531 1.0000000000
153441  -4.318  4.863  28.721 1.0000000000
153442  -4.234  4.171  28.919 1.0000000000
153443  -4.133  3.413  29.130 1.0000000000
153444  -4.254  3.102  29.234 1.0000000000
153445  -4.398  2.783  29.375 1.0000000000
153446  -4.576  2.441  29.532 1.0000000000
153447  -5.168  3.429  29.516 1.0000000000
153448  -4.981  2.774  29.620 1.0000000000
153449  -4.829  2.083  29.728 1.0000000000
153450  -5.132  1.747  29.961 1.0000000000
153451  -5.509  1.511  30.209 1.0000000000
153452  -5.844  1.295  30.525 1.0000000000
153453  -5.851  5.882  30.864 1.0000000000
153454  -6.010  5.054  30.885 1.0000000000
153455  -6.143  4.247  30.897 1.0000000000
153456  -5.515  4.715  31.650 1.0000000000
153457  -5.998  4.088  31.296 1.0000000000
153458  -6.226  3.455  30.880 1.0000000000
153459  -6.251  2.655  30.872 1.0000000000
153460  -6.228  1.864  30.869 1.0000000000
153461  -6.168  1.082  30.854 1.0000000000
153462  -6.278  0.931  31.244 1.0000000000
153489  -7.597  16.131  33.777 1.0000000000
153490  -7.068  15.668  34.230 1.0000000000
153491  -6.566  15.180  34.643 1.0000000000
153492  -7.833  14.608  34.670 1.0000000000
153493  -6.970  14.659  34.885 1.0000000000
153494  -6.111  14.649  35.031 1.0000000000
153495  -5.646  14.044  35.378 1.0000000000
153496  -5.189  13.412  35.652 1.0000000000
153497  -4.811  12.711  35.804 1.0000000000
153520  -7.139  12.080  36.308 1.0000000000
153521  -6.703  12.591  36.182 1.0000000000
153522  -5.849  12.562  36.318 1.0000000000
153523  -5.097  12.335  36.228 1.0000000000
153524  -4.562  11.913  35.818 1.0000000000
153525  -4.450  11.128  35.763 1.0000000000
153526  -4.391  10.262  35.608 1.0000000000
153527  -4.359  9.402  35.435 1.0000000000
153528  -4.545  9.708  36.854 1.0000000000
153529  -4.412  9.160  36.140 1.0000000000
153530  -4.347  8.602  35.289 1.0000000000
153531  -4.334  7.771  35.127 1.0000000000
153532  -4.308  6.938  34.947 1.0000000000
153533  -4.267  6.107  34.759 1.0000000000
153539  -4.469  7.086  37.217 1.0000000000
153540  -4.402  6.520  36.336 1.0000000000
153541  -4.308  5.904  35.453 1.0000000000
153542  -4.216  5.291  34.587 1.0000000000
