#!ascii label  , from subject 40tvs8ref_sym_20 vox2ras=TkReg
391
539  -38.906  -1.044  1.505 1.0000000000
1186  -38.859  -2.311  4.604 1.0000000000
2256  -37.673  -7.380  -4.115 1.0000000000
2257  -38.463  -0.042  -1.844 1.0000000000
2258  -34.045  5.700  5.270 1.0000000000
2259  -34.405  7.387  1.961 1.0000000000
2260  -35.311  8.583  -1.276 1.0000000000
4997  -37.959  -4.636  0.541 1.0000000000
4998  -37.971  -7.898  -2.467 1.0000000000
4999  -37.819  -4.211  -1.163 1.0000000000
5000  -37.616  -3.875  -2.803 1.0000000000
5001  -38.651  -0.471  -0.144 1.0000000000
5006  -32.442  11.039  3.690 1.0000000000
5007  -32.902  11.781  1.959 1.0000000000
5008  -34.789  7.997  0.295 1.0000000000
5009  -33.560  12.531  0.339 1.0000000000
6743  -37.915  -5.126  2.043 1.0000000000
6744  -38.653  -1.634  3.077 1.0000000000
9333  -35.789  1.191  4.879 1.0000000000
9334  -36.004  2.047  3.342 1.0000000000
9335  -32.269  10.147  5.433 1.0000000000
9336  -34.270  6.556  3.639 1.0000000000
9337  -36.325  2.797  1.750 1.0000000000
9338  -36.668  3.562  0.131 1.0000000000
9339  -37.047  4.209  -1.416 1.0000000000
12677  -38.555  -2.818  1.105 1.0000000000
12678  -37.898  -4.429  -0.328 1.0000000000
12679  -38.512  -2.601  0.246 1.0000000000
12680  -38.396  -2.348  -0.578 1.0000000000
12681  -38.796  -0.783  0.699 1.0000000000
12686  -32.150  13.612  2.962 1.0000000000
12687  -32.512  13.934  2.135 1.0000000000
12688  -33.204  12.132  1.098 1.0000000000
12689  -32.926  14.209  1.294 1.0000000000
15077  -38.436  -3.920  4.053 1.0000000000
15079  -38.559  -3.568  3.297 1.0000000000
15080  -38.523  -3.306  2.614 1.0000000000
15081  -38.698  -1.991  3.839 1.0000000000
20755  -37.796  -7.620  -3.278 1.0000000000
20761  -37.541  -7.174  -4.966 1.0000000000
20762  -38.066  -1.927  -2.191 1.0000000000
20763  -37.515  -3.700  -3.645 1.0000000000
20764  -37.867  -1.762  -3.019 1.0000000000
20766  -38.273  0.214  -2.605 1.0000000000
20772  -34.772  3.386  5.045 1.0000000000
20773  -35.913  1.641  4.094 1.0000000000
20774  -34.914  3.824  4.299 1.0000000000
20777  -31.434  12.303  5.578 1.0000000000
20778  -33.428  9.230  2.783 1.0000000000
20779  -33.309  8.876  3.640 1.0000000000
20780  -34.324  6.971  2.772 1.0000000000
20781  -35.179  4.680  2.663 1.0000000000
20782  -35.295  5.062  1.904 1.0000000000
20783  -36.438  3.184  0.942 1.0000000000
20784  -35.423  5.421  1.053 1.0000000000
20785  -35.028  8.313  -0.496 1.0000000000
20786  -35.861  6.053  -0.550 1.0000000000
20787  -36.080  6.307  -1.292 1.0000000000
20788  -37.318  4.551  -2.172 1.0000000000
20789  -36.423  6.629  -2.082 1.0000000000
27427  -37.930  -6.552  -0.101 1.0000000000
27428  -38.108  -8.128  -1.568 1.0000000000
27429  -37.890  -6.325  -0.988 1.0000000000
27430  -37.768  -6.093  -1.803 1.0000000000
27431  -37.676  -5.854  -2.614 1.0000000000
27432  -37.595  -5.699  -3.489 1.0000000000
27433  -37.718  -4.016  -1.979 1.0000000000
27434  -38.228  -2.104  -1.343 1.0000000000
27435  -38.575  -0.233  -0.976 1.0000000000
27442  -31.614  12.753  4.713 1.0000000000
27443  -31.842  13.246  3.808 1.0000000000
27444  -32.645  11.424  2.839 1.0000000000
27445  -33.555  9.638  1.898 1.0000000000
27446  -34.554  7.762  1.082 1.0000000000
27447  -33.741  9.949  1.122 1.0000000000
27448  -33.937  10.320  0.302 1.0000000000
27449  -34.283  10.609  -0.488 1.0000000000
31096  -37.923  -4.868  1.312 1.0000000000
31097  -38.503  -3.091  1.894 1.0000000000
31098  -38.781  -1.291  2.289 1.0000000000
38228  -37.506  -5.513  -4.321 1.0000000000
38239  -37.450  -0.672  4.868 1.0000000000
38240  -37.458  -0.264  4.050 1.0000000000
38241  -37.498  0.091  3.255 1.0000000000
38242  -37.625  0.480  2.492 1.0000000000
38245  -33.256  8.002  5.389 1.0000000000
38246  -32.305  10.608  4.574 1.0000000000
38247  -33.279  8.457  4.552 1.0000000000
38248  -34.160  6.148  4.499 1.0000000000
38249  -35.095  4.233  3.452 1.0000000000
38250  -36.196  2.438  2.556 1.0000000000
38251  -37.708  0.834  1.714 1.0000000000
38252  -37.810  1.155  0.874 1.0000000000
38253  -37.964  1.511  0.035 1.0000000000
38254  -38.006  1.825  -0.798 1.0000000000
38255  -35.614  5.783  0.273 1.0000000000
38256  -36.876  3.909  -0.652 1.0000000000
38257  -38.050  2.070  -1.637 1.0000000000
38258  -38.088  2.316  -2.428 1.0000000000
43397  -38.826  -1.939  1.298 1.0000000000
43398  -38.572  -2.697  0.671 1.0000000000
43399  -38.793  -1.833  0.900 1.0000000000
43400  -38.788  -1.712  0.515 1.0000000000
43401  -38.801  -0.934  1.105 1.0000000000
43408  -32.718  14.079  1.707 1.0000000000
45797  -38.780  -3.113  4.270 1.0000000000
45798  -38.551  -3.710  3.650 1.0000000000
45799  -38.806  -2.955  3.916 1.0000000000
45800  -38.831  -2.819  3.573 1.0000000000
45801  -38.755  -2.179  4.196 1.0000000000
51475  -37.726  -7.495  -3.690 1.0000000000
51476  -37.690  -8.351  -4.035 1.0000000000
51481  -37.610  -7.285  -4.547 1.0000000000
51482  -38.284  -1.009  -1.996 1.0000000000
51483  -37.929  -1.836  -2.598 1.0000000000
51484  -38.180  -0.854  -2.341 1.0000000000
51485  -38.091  -0.776  -2.736 1.0000000000
51486  -38.344  0.124  -2.207 1.0000000000
51490  -33.981  5.486  5.664 1.0000000000
51492  -34.392  4.535  5.171 1.0000000000
51493  -34.811  3.622  4.685 1.0000000000
51494  -34.473  4.759  4.791 1.0000000000
51497  -31.124  13.342  5.654 1.0000000000
51498  -33.924  8.283  2.360 1.0000000000
51499  -33.876  8.102  2.784 1.0000000000
51500  -34.352  7.207  2.388 1.0000000000
51501  -34.800  6.049  2.360 1.0000000000
51502  -34.842  6.252  1.955 1.0000000000
51503  -35.351  5.222  1.521 1.0000000000
51504  -34.909  6.413  1.516 1.0000000000
51505  -35.156  8.424  -0.892 1.0000000000
51506  -35.534  7.286  -0.880 1.0000000000
51507  -35.665  7.394  -1.283 1.0000000000
51508  -36.224  6.423  -1.694 1.0000000000
51509  -35.799  7.550  -1.656 1.0000000000
51510  -36.045  7.709  -2.055 1.0000000000
61072  -37.878  -5.615  0.178 1.0000000000
61073  -37.944  -6.446  -0.534 1.0000000000
61074  -37.884  -5.470  -0.218 1.0000000000
61075  -37.795  -4.334  -0.764 1.0000000000
61076  -37.760  -5.292  -1.077 1.0000000000
61077  -37.703  -5.171  -1.503 1.0000000000
61078  -37.721  -5.974  -2.214 1.0000000000
61079  -37.656  -5.065  -1.893 1.0000000000
61080  -37.642  -4.954  -2.295 1.0000000000
61081  -37.788  -4.081  -1.541 1.0000000000
61082  -38.613  -1.407  -0.313 1.0000000000
61083  -38.315  -2.226  -0.967 1.0000000000
61084  -38.519  -1.273  -0.693 1.0000000000
61085  -38.446  -1.172  -1.115 1.0000000000
61086  -38.638  -0.342  -0.558 1.0000000000
61096  -31.458  14.033  4.327 1.0000000000
61097  -31.642  14.206  3.896 1.0000000000
61098  -32.513  12.675  2.455 1.0000000000
61099  -32.369  12.533  2.891 1.0000000000
61100  -32.754  11.631  2.390 1.0000000000
61101  -33.084  10.509  2.372 1.0000000000
61102  -33.192  10.702  1.924 1.0000000000
61103  -33.649  9.776  1.521 1.0000000000
61104  -33.297  10.859  1.527 1.0000000000
61105  -33.370  12.338  0.730 1.0000000000
61106  -33.548  11.269  0.693 1.0000000000
61107  -33.698  11.443  0.313 1.0000000000
61108  -34.042  10.479  -0.077 1.0000000000
61109  -33.914  11.575  -0.107 1.0000000000
61110  -34.123  11.661  -0.486 1.0000000000
68277  -37.791  -6.091  1.776 1.0000000000
68281  -37.940  -4.991  1.688 1.0000000000
68282  -38.724  -2.486  2.871 1.0000000000
68283  -38.498  -3.207  2.234 1.0000000000
68284  -38.755  -2.357  2.515 1.0000000000
68285  -38.750  -2.180  2.148 1.0000000000
68286  -38.698  -1.463  2.691 1.0000000000
85305  -38.049  -8.004  -2.022 1.0000000000
85327  -37.569  -4.822  -3.169 1.0000000000
85328  -37.555  -5.599  -3.899 1.0000000000
85329  -37.543  -4.713  -3.579 1.0000000000
85331  -37.464  -4.510  -4.360 1.0000000000
85355  -35.776  0.970  5.302 1.0000000000
85356  -36.563  -0.019  5.303 1.0000000000
85357  -36.596  0.213  4.877 1.0000000000
85358  -37.443  -0.478  4.457 1.0000000000
85359  -36.617  0.442  4.457 1.0000000000
85360  -35.924  1.832  3.729 1.0000000000
85361  -36.653  0.842  3.679 1.0000000000
85362  -36.664  1.032  3.303 1.0000000000
85363  -37.550  0.336  2.858 1.0000000000
85364  -36.760  1.236  2.923 1.0000000000
85372  -32.770  9.073  5.409 1.0000000000
85373  -32.010  11.911  4.202 1.0000000000
85374  -31.942  11.680  4.653 1.0000000000
85375  -32.380  10.847  4.131 1.0000000000
85376  -33.806  7.735  3.664 1.0000000000
85377  -33.289  8.643  4.094 1.0000000000
85378  -33.783  7.578  4.151 1.0000000000
85379  -33.749  7.332  4.549 1.0000000000
85380  -34.194  6.384  4.085 1.0000000000
85381  -34.582  5.187  3.990 1.0000000000
85382  -34.673  5.388  3.548 1.0000000000
85383  -35.693  3.715  2.201 1.0000000000
85384  -35.626  3.532  2.590 1.0000000000
85385  -36.243  2.633  2.159 1.0000000000
85386  -36.933  1.605  2.135 1.0000000000
85387  -36.975  1.803  1.720 1.0000000000
85388  -37.752  0.994  1.291 1.0000000000
85389  -37.037  1.977  1.311 1.0000000000
85390  -36.563  3.371  0.540 1.0000000000
85391  -37.217  2.319  0.490 1.0000000000
85392  -37.288  2.505  0.099 1.0000000000
85393  -37.994  1.704  -0.363 1.0000000000
85394  -37.370  2.712  -0.314 1.0000000000
85395  -34.641  7.894  0.688 1.0000000000
85396  -35.075  6.782  0.674 1.0000000000
85397  -35.201  6.949  0.311 1.0000000000
85398  -36.440  5.113  -0.961 1.0000000000
85399  -36.341  4.970  -0.581 1.0000000000
85400  -36.945  4.045  -1.026 1.0000000000
85401  -37.499  3.033  -1.127 1.0000000000
85402  -37.541  3.145  -1.522 1.0000000000
85403  -38.062  2.179  -2.043 1.0000000000
85404  -37.626  3.282  -1.916 1.0000000000
85405  -37.369  4.589  -2.614 1.0000000000
96547  -38.230  -3.710  0.852 1.0000000000
96548  -37.942  -4.473  0.114 1.0000000000
96549  -38.212  -3.540  0.411 1.0000000000
96550  -38.155  -3.498  -0.034 1.0000000000
96551  -38.130  -3.391  -0.442 1.0000000000
96552  -38.116  -3.227  -0.796 1.0000000000
96553  -38.477  -2.472  -0.148 1.0000000000
96554  -38.741  -1.559  0.092 1.0000000000
96555  -38.813  -0.635  0.252 1.0000000000
96562  -31.789  14.413  3.463 1.0000000000
96563  -31.944  14.586  3.036 1.0000000000
96564  -32.331  13.756  2.544 1.0000000000
96565  -32.677  12.876  2.023 1.0000000000
96566  -33.046  11.973  1.530 1.0000000000
96567  -32.853  13.047  1.613 1.0000000000
96568  -33.049  13.162  1.177 1.0000000000
96569  -33.254  13.366  0.799 1.0000000000
96570  -33.501  13.505  0.404 1.0000000000
96571  -33.162  14.309  0.895 1.0000000000
100867  -38.001  -4.777  3.811 1.0000000000
100870  -38.192  -4.428  3.035 1.0000000000
100871  -38.186  -4.306  2.692 1.0000000000
100872  -38.166  -4.169  2.331 1.0000000000
100873  -38.513  -3.434  2.977 1.0000000000
100874  -38.751  -2.608  3.249 1.0000000000
100875  -38.774  -1.798  3.499 1.0000000000
111087  -37.874  -7.750  -2.883 1.0000000000
111100  -37.834  -2.883  -2.457 1.0000000000
111101  -37.594  -3.786  -3.234 1.0000000000
111102  -37.744  -2.798  -2.872 1.0000000000
111103  -37.658  -2.742  -3.322 1.0000000000
111104  -37.597  -2.676  -3.732 1.0000000000
111106  -37.778  -1.697  -3.405 1.0000000000
111118  -35.226  2.266  4.929 1.0000000000
111119  -35.885  1.415  4.470 1.0000000000
111120  -35.289  2.467  4.513 1.0000000000
111121  -35.366  2.707  4.187 1.0000000000
111122  -35.428  2.919  3.806 1.0000000000
111127  -31.809  11.218  5.494 1.0000000000
111128  -32.914  10.143  3.247 1.0000000000
111129  -32.850  9.993  3.655 1.0000000000
111130  -33.347  9.085  3.224 1.0000000000
111131  -33.818  7.957  3.204 1.0000000000
111132  -34.320  6.750  3.213 1.0000000000
111133  -34.719  5.611  3.139 1.0000000000
111134  -34.756  5.836  2.731 1.0000000000
111135  -35.235  4.866  2.271 1.0000000000
111136  -35.760  3.918  1.809 1.0000000000
111137  -36.391  3.011  1.356 1.0000000000
111138  -35.823  4.105  1.427 1.0000000000
111139  -35.880  4.299  0.997 1.0000000000
111140  -35.977  4.481  0.584 1.0000000000
111141  -34.886  8.141  -0.100 1.0000000000
111142  -35.321  7.025  -0.112 1.0000000000
111143  -35.415  7.120  -0.492 1.0000000000
111144  -35.964  6.192  -0.904 1.0000000000
111145  -36.577  5.281  -1.346 1.0000000000
111146  -37.191  4.380  -1.801 1.0000000000
111147  -36.704  5.393  -1.735 1.0000000000
111148  -36.840  5.549  -2.130 1.0000000000
111151  -36.625  6.744  -2.468 1.0000000000
117497  -38.741  -3.329  4.712 1.0000000000
117498  -38.678  -2.516  4.984 1.0000000000
125439  -38.051  -7.354  -0.825 1.0000000000
125440  -38.027  -7.228  -1.271 1.0000000000
125441  -37.960  -7.132  -1.720 1.0000000000
125442  -37.812  -5.391  -0.650 1.0000000000
125443  -37.840  -6.214  -1.399 1.0000000000
125444  -37.899  -7.011  -2.130 1.0000000000
125445  -37.811  -6.868  -2.542 1.0000000000
125446  -37.751  -6.738  -2.944 1.0000000000
125447  -37.705  -6.622  -3.363 1.0000000000
125448  -37.644  -6.550  -3.806 1.0000000000
125449  -37.620  -5.761  -3.033 1.0000000000
125450  -37.574  -4.945  -2.777 1.0000000000
125451  -37.662  -3.972  -2.399 1.0000000000
125452  -38.051  -3.153  -1.241 1.0000000000
125453  -38.010  -3.061  -1.631 1.0000000000
125454  -37.876  -2.984  -2.043 1.0000000000
125455  -38.149  -2.012  -1.758 1.0000000000
125456  -38.387  -1.103  -1.559 1.0000000000
125457  -38.510  -0.140  -1.430 1.0000000000
125470  -31.228  13.594  5.191 1.0000000000
125471  -31.334  13.798  4.756 1.0000000000
125472  -31.705  13.000  4.250 1.0000000000
125473  -32.104  12.164  3.738 1.0000000000
125474  -32.005  13.416  3.388 1.0000000000
125475  -32.218  12.363  3.322 1.0000000000
125476  -32.529  11.199  3.268 1.0000000000
125477  -32.996  10.293  2.813 1.0000000000
125478  -33.491  9.399  2.353 1.0000000000
125479  -33.981  8.436  1.918 1.0000000000
125480  -34.481  7.574  1.506 1.0000000000
125481  -34.058  8.670  1.510 1.0000000000
125482  -34.127  8.829  1.119 1.0000000000
125483  -34.208  9.003  0.702 1.0000000000
125484  -33.434  11.056  1.104 1.0000000000
125485  -33.804  10.175  0.691 1.0000000000
125486  -34.312  9.157  0.296 1.0000000000
125487  -34.423  9.316  -0.093 1.0000000000
125488  -34.608  9.473  -0.490 1.0000000000
125489  -34.764  9.630  -0.882 1.0000000000
125490  -34.999  9.706  -1.268 1.0000000000
125491  -34.510  10.690  -0.876 1.0000000000
134873  -37.861  -5.724  0.595 1.0000000000
134874  -37.966  -4.778  0.915 1.0000000000
134875  -38.186  -4.076  1.958 1.0000000000
134876  -38.176  -3.989  1.557 1.0000000000
134877  -38.203  -3.852  1.242 1.0000000000
134878  -38.546  -2.953  1.555 1.0000000000
134879  -38.797  -2.053  1.716 1.0000000000
134880  -38.776  -1.177  1.881 1.0000000000
155615  -38.099  -8.995  -1.877 1.0000000000
155642  -37.593  -6.455  -4.231 1.0000000000
155643  -37.536  -6.355  -4.644 1.0000000000
155645  -37.509  -4.613  -4.011 1.0000000000
155646  -37.473  -5.414  -4.730 1.0000000000
155676  -37.435  -0.885  5.263 1.0000000000
155677  -38.252  -1.502  4.799 1.0000000000
155678  -38.252  -1.320  4.429 1.0000000000
155679  -38.207  -1.129  4.008 1.0000000000
155680  -38.210  -0.919  3.616 1.0000000000
155681  -36.613  0.679  4.036 1.0000000000
155682  -37.468  -0.081  3.653 1.0000000000
155683  -38.233  -0.745  3.212 1.0000000000
155684  -38.254  -0.562  2.793 1.0000000000
155685  -38.354  -0.417  2.413 1.0000000000
155686  -38.395  -0.275  2.034 1.0000000000
155695  -33.693  6.916  5.359 1.0000000000
155696  -31.489  12.593  5.169 1.0000000000
155697  -31.864  11.438  5.080 1.0000000000
155698  -32.293  10.360  5.009 1.0000000000
155699  -32.816  9.751  4.092 1.0000000000
155700  -32.780  9.512  4.545 1.0000000000
155701  -32.774  9.298  4.972 1.0000000000
155702  -33.282  8.235  4.972 1.0000000000
155703  -33.728  7.103  4.959 1.0000000000
155704  -34.118  5.929  4.886 1.0000000000
155705  -34.526  4.967  4.395 1.0000000000
155706  -34.984  4.041  3.893 1.0000000000
155707  -35.513  3.121  3.383 1.0000000000
155708  -35.136  4.469  3.056 1.0000000000
155709  -35.585  3.334  2.990 1.0000000000
155710  -36.100  2.235  2.950 1.0000000000
155711  -36.880  1.421  2.533 1.0000000000
155712  -37.702  0.641  2.118 1.0000000000
155713  -38.420  -0.109  1.666 1.0000000000
155714  -38.469  0.030  1.268 1.0000000000
155715  -38.440  0.182  0.823 1.0000000000
155716  -38.453  0.341  0.399 1.0000000000
155717  -37.079  2.161  0.893 1.0000000000
155718  -37.877  1.324  0.439 1.0000000000
155719  -38.439  0.508  -0.033 1.0000000000
155720  -38.466  0.687  -0.446 1.0000000000
155721  -38.482  0.781  -0.884 1.0000000000
155722  -38.403  0.887  -1.321 1.0000000000
155723  -34.996  6.581  1.079 1.0000000000
155724  -35.519  5.597  0.650 1.0000000000
155725  -36.098  4.659  0.197 1.0000000000
155726  -35.752  5.937  -0.141 1.0000000000
155727  -36.224  4.819  -0.180 1.0000000000
155728  -36.772  3.756  -0.279 1.0000000000
155729  -37.441  2.877  -0.730 1.0000000000
155730  -38.038  1.947  -1.220 1.0000000000
155731  -38.443  1.000  -1.728 1.0000000000
155732  -38.329  1.147  -2.125 1.0000000000
155733  -38.285  1.222  -2.520 1.0000000000
155735  -37.747  3.435  -2.307 1.0000000000
155736  -38.108  2.424  -2.791 1.0000000000
