#!ascii label  , from subject 40tvs8ref_sym_20 vox2ras=TkReg
178
349  -28.706  -84.885  -8.458 1.0000000000
1779  -21.552  -87.847  -8.362 1.0000000000
1781  -23.420  -84.188  -8.567 1.0000000000
3924  -24.999  -86.691  -8.124 1.0000000000
3925  -22.182  -85.857  -8.674 1.0000000000
3926  -25.850  -84.416  -7.803 1.0000000000
6100  -29.727  -82.137  -8.759 1.0000000000
7991  -19.311  -87.602  -9.675 1.0000000000
7992  -20.357  -85.907  -10.535 1.0000000000
7994  -27.472  -82.043  -8.020 1.0000000000
8575  -24.406  -88.461  -9.097 1.0000000000
8576  -27.954  -86.998  -9.242 1.0000000000
11604  -26.798  -85.948  -8.127 1.0000000000
11605  -25.308  -85.616  -7.874 1.0000000000
11606  -27.271  -84.715  -7.924 1.0000000000
17531  -20.279  -87.660  -8.725 1.0000000000
17532  -22.688  -85.012  -8.714 1.0000000000
17533  -21.181  -85.738  -9.515 1.0000000000
17534  -21.689  -84.967  -9.528 1.0000000000
17535  -20.832  -85.038  -10.334 1.0000000000
17536  -22.351  -84.096  -9.198 1.0000000000
17538  -28.612  -82.090  -8.314 1.0000000000
18906  -25.848  -88.712  -9.885 1.0000000000
18907  -26.163  -87.802  -9.172 1.0000000000
25494  -23.248  -87.223  -8.337 1.0000000000
25495  -21.785  -86.802  -8.514 1.0000000000
25496  -23.514  -86.217  -8.152 1.0000000000
25497  -23.899  -85.249  -8.133 1.0000000000
25498  -24.534  -84.269  -8.076 1.0000000000
29590  -29.229  -83.465  -8.389 1.0000000000
34303  -18.572  -87.729  -10.788 1.0000000000
34304  -20.655  -86.624  -9.291 1.0000000000
34305  -19.888  -86.725  -10.303 1.0000000000
34306  -19.188  -86.937  -11.356 1.0000000000
34307  -19.625  -86.045  -11.461 1.0000000000
34310  -27.889  -83.397  -8.028 1.0000000000
34311  -26.628  -83.277  -7.849 1.0000000000
34312  -25.341  -83.203  -7.970 1.0000000000
34314  -26.323  -81.991  -7.938 1.0000000000
34315  -24.243  -83.120  -8.279 1.0000000000
35987  -22.994  -88.114  -8.546 1.0000000000
35988  -24.697  -87.581  -8.641 1.0000000000
35989  -26.464  -86.923  -8.586 1.0000000000
35990  -28.278  -86.024  -8.705 1.0000000000
42324  -27.774  -85.461  -8.233 1.0000000000
42325  -26.997  -85.358  -8.004 1.0000000000
42326  -27.993  -84.814  -8.148 1.0000000000
48249  -20.883  -88.251  -8.245 1.0000000000
48250  -20.232  -88.199  -8.437 1.0000000000
48251  -20.852  -87.676  -8.431 1.0000000000
48252  -23.036  -84.601  -8.631 1.0000000000
48253  -22.162  -84.966  -9.082 1.0000000000
48254  -22.497  -84.549  -9.004 1.0000000000
48255  -22.003  -84.576  -9.388 1.0000000000
48256  -22.863  -84.105  -8.848 1.0000000000
49625  -25.667  -89.143  -10.202 1.0000000000
49627  -26.739  -88.307  -9.907 1.0000000000
57849  -24.121  -86.931  -8.242 1.0000000000
57850  -23.384  -86.726  -8.215 1.0000000000
57851  -24.249  -86.440  -8.092 1.0000000000
57852  -25.557  -85.016  -7.824 1.0000000000
57853  -24.588  -85.395  -7.923 1.0000000000
57854  -24.847  -84.857  -7.915 1.0000000000
57855  -24.150  -84.752  -8.103 1.0000000000
57856  -25.173  -84.346  -7.893 1.0000000000
75627  -19.140  -88.091  -9.247 1.0000000000
75629  -18.696  -88.138  -9.740 1.0000000000
75631  -18.902  -87.680  -10.168 1.0000000000
75632  -22.015  -86.309  -8.604 1.0000000000
75633  -21.178  -86.664  -8.849 1.0000000000
75634  -21.382  -86.209  -9.005 1.0000000000
75635  -20.744  -85.779  -10.018 1.0000000000
75636  -20.536  -86.205  -9.943 1.0000000000
75637  -20.133  -86.288  -10.485 1.0000000000
75638  -19.553  -86.835  -10.828 1.0000000000
75639  -19.807  -86.462  -11.026 1.0000000000
75640  -19.439  -86.514  -11.479 1.0000000000
75641  -19.997  -85.987  -11.006 1.0000000000
75643  -20.498  -84.994  -10.751 1.0000000000
75647  -29.490  -82.796  -8.527 1.0000000000
75648  -28.557  -83.428  -8.194 1.0000000000
75649  -28.866  -82.786  -8.316 1.0000000000
75650  -28.008  -82.107  -8.175 1.0000000000
75651  -27.631  -82.724  -8.019 1.0000000000
75652  -27.034  -82.665  -7.919 1.0000000000
75653  -26.018  -83.213  -7.870 1.0000000000
75654  -26.458  -82.592  -7.849 1.0000000000
75660  -25.724  -81.952  -7.965 1.0000000000
75661  -25.241  -82.594  -8.027 1.0000000000
79754  -23.618  -88.745  -8.953 1.0000000000
79756  -23.722  -88.281  -8.820 1.0000000000
79757  -23.832  -87.816  -8.662 1.0000000000
79758  -24.560  -88.006  -8.891 1.0000000000
79759  -27.060  -87.443  -9.169 1.0000000000
79760  -26.305  -87.372  -8.879 1.0000000000
79761  -27.235  -86.972  -8.844 1.0000000000
79762  -27.400  -86.504  -8.563 1.0000000000
79763  -28.119  -86.514  -8.971 1.0000000000
94614  -25.886  -86.374  -8.122 1.0000000000
94615  -25.135  -86.167  -7.973 1.0000000000
94616  -26.050  -85.792  -7.966 1.0000000000
94617  -26.242  -85.177  -7.857 1.0000000000
94618  -26.556  -84.552  -7.807 1.0000000000
105282  -19.669  -88.139  -8.763 1.0000000000
105283  -19.751  -87.597  -9.163 1.0000000000
105284  -22.413  -85.446  -8.733 1.0000000000
105285  -21.628  -85.766  -9.072 1.0000000000
105286  -21.839  -85.348  -9.094 1.0000000000
105287  -21.405  -85.319  -9.559 1.0000000000
105288  -20.972  -85.399  -10.021 1.0000000000
105289  -20.583  -85.496  -10.463 1.0000000000
105290  -21.253  -85.011  -9.901 1.0000000000
105291  -21.522  -84.554  -9.774 1.0000000000
105293  -29.941  -81.478  -9.096 1.0000000000
105294  -29.130  -82.152  -8.527 1.0000000000
105297  -28.384  -81.493  -8.388 1.0000000000
107758  -25.135  -88.608  -9.454 1.0000000000
107759  -25.274  -88.157  -9.150 1.0000000000
107760  -26.017  -88.259  -9.530 1.0000000000
107761  -26.921  -87.863  -9.550 1.0000000000
120924  -22.385  -87.542  -8.409 1.0000000000
120925  -21.628  -87.311  -8.429 1.0000000000
120926  -22.520  -87.015  -8.350 1.0000000000
120927  -22.659  -86.489  -8.310 1.0000000000
120928  -22.853  -85.988  -8.306 1.0000000000
120929  -24.357  -85.943  -7.991 1.0000000000
120930  -23.691  -85.721  -8.144 1.0000000000
120931  -23.040  -85.550  -8.359 1.0000000000
120932  -23.270  -85.134  -8.367 1.0000000000
120933  -23.592  -84.696  -8.334 1.0000000000
120934  -23.982  -84.211  -8.271 1.0000000000
130780  -28.908  -84.164  -8.385 1.0000000000
130782  -30.115  -82.805  -8.830 1.0000000000
130783  -30.312  -82.086  -9.040 1.0000000000
130786  -30.489  -81.408  -9.358 1.0000000000
143958  -18.010  -88.259  -10.801 1.0000000000
143959  -18.246  -87.865  -11.356 1.0000000000
143960  -20.989  -87.169  -8.645 1.0000000000
143961  -20.416  -87.105  -9.032 1.0000000000
143962  -19.946  -87.089  -9.520 1.0000000000
143963  -20.926  -86.173  -9.446 1.0000000000
143964  -20.238  -86.657  -9.815 1.0000000000
143965  -19.594  -87.150  -10.050 1.0000000000
143966  -19.202  -87.239  -10.543 1.0000000000
143967  -18.894  -87.340  -11.122 1.0000000000
143969  -18.821  -87.021  -11.894 1.0000000000
143970  -19.074  -86.550  -11.982 1.0000000000
143972  -20.220  -85.529  -10.905 1.0000000000
143978  -28.276  -84.127  -8.120 1.0000000000
143979  -27.558  -84.037  -7.951 1.0000000000
143980  -26.868  -83.942  -7.841 1.0000000000
143981  -28.257  -82.775  -8.102 1.0000000000
143982  -27.226  -83.342  -7.899 1.0000000000
143983  -26.220  -83.868  -7.794 1.0000000000
143984  -25.582  -83.809  -7.880 1.0000000000
143985  -24.956  -83.736  -8.026 1.0000000000
143986  -24.407  -83.698  -8.166 1.0000000000
143989  -27.876  -81.439  -8.228 1.0000000000
143992  -26.863  -82.035  -7.948 1.0000000000
143993  -25.831  -82.616  -7.923 1.0000000000
143994  -24.829  -83.131  -8.092 1.0000000000
143995  -23.813  -83.646  -8.427 1.0000000000
143996  -23.264  -83.622  -8.679 1.0000000000
148934  -21.492  -88.318  -8.293 1.0000000000
148943  -22.270  -87.981  -8.413 1.0000000000
148944  -23.119  -87.655  -8.482 1.0000000000
148945  -23.972  -87.372  -8.423 1.0000000000
148946  -24.846  -87.156  -8.384 1.0000000000
148947  -25.427  -87.721  -8.867 1.0000000000
148948  -25.581  -87.288  -8.560 1.0000000000
148949  -25.751  -86.841  -8.294 1.0000000000
148950  -26.634  -86.448  -8.319 1.0000000000
148951  -27.577  -86.002  -8.339 1.0000000000
148952  -28.485  -85.472  -8.549 1.0000000000
148973  -28.686  -86.950  -9.609 1.0000000000
148977  -29.031  -85.950  -9.084 1.0000000000
148978  -29.199  -85.412  -8.895 1.0000000000
148979  -29.389  -84.852  -8.775 1.0000000000
