#!ascii label  , from subject 40tvs8ref_sym_20 vox2ras=TkReg
447
209  -14.584  -52.962  6.105 1.0000000000
587  -12.274  -56.796  11.294 1.0000000000
1325  -8.079  -52.616  8.475 1.0000000000
1527  -10.534  -46.090  5.201 1.0000000000
2399  -17.671  -59.588  9.168 1.0000000000
2425  -9.017  -49.371  6.656 1.0000000000
2426  -13.516  -55.762  8.181 1.0000000000
3504  -11.654  -49.919  4.716 1.0000000000
5414  -5.591  -45.074  8.978 1.0000000000
5415  -8.375  -46.081  7.972 1.0000000000
5416  -8.100  -47.404  9.096 1.0000000000
5417  -10.099  -55.290  9.589 1.0000000000
5418  -10.564  -54.391  8.159 1.0000000000
5419  -12.776  -56.677  9.474 1.0000000000
5420  -15.607  -57.991  8.661 1.0000000000
5421  -14.779  -58.252  10.464 1.0000000000
5847  -17.660  -55.395  7.162 1.0000000000
6993  -7.627  -48.778  9.871 1.0000000000
6995  -7.649  -54.108  9.499 1.0000000000
6996  -9.508  -55.923  11.153 1.0000000000
7401  -10.280  -43.486  6.056 1.0000000000
9829  -9.078  -44.652  6.912 1.0000000000
9830  -9.373  -47.639  5.745 1.0000000000
9831  -11.363  -51.568  5.923 1.0000000000
9832  -8.685  -51.089  7.529 1.0000000000
9833  -10.988  -53.106  7.070 1.0000000000
9834  -14.036  -54.463  7.162 1.0000000000
9835  -16.543  -56.950  7.618 1.0000000000
9836  -18.800  -59.043  7.734 1.0000000000
11184  -13.043  -51.565  5.324 1.0000000000
11186  -15.426  -52.586  5.763 1.0000000000
13095  -6.987  -46.074  9.184 1.0000000000
13096  -7.046  -46.632  9.892 1.0000000000
13097  -11.149  -56.122  10.423 1.0000000000
13098  -11.468  -56.000  9.622 1.0000000000
13099  -12.480  -56.861  10.314 1.0000000000
13100  -13.793  -57.593  9.980 1.0000000000
13101  -13.511  -57.539  10.972 1.0000000000
13584  -19.070  -56.580  7.320 1.0000000000
15500  -8.479  -55.286  10.111 1.0000000000
16269  -10.764  -44.709  5.818 1.0000000000
22005  -7.915  -43.398  6.792 1.0000000000
22006  -7.405  -44.045  7.277 1.0000000000
22007  -8.660  -47.498  7.354 1.0000000000
22008  -9.042  -46.828  6.967 1.0000000000
22009  -9.149  -48.490  6.167 1.0000000000
22010  -10.321  -49.701  5.616 1.0000000000
22011  -10.044  -50.553  6.127 1.0000000000
22012  -7.760  -50.748  8.861 1.0000000000
22013  -7.830  -49.855  8.463 1.0000000000
22014  -8.366  -51.880  7.999 1.0000000000
22015  -12.055  -55.046  8.265 1.0000000000
22016  -10.792  -53.798  7.579 1.0000000000
22017  -12.238  -54.473  7.714 1.0000000000
22018  -12.516  -53.860  7.155 1.0000000000
22019  -13.746  -55.134  7.693 1.0000000000
22020  -15.321  -55.719  7.508 1.0000000000
22021  -14.903  -56.366  7.921 1.0000000000
22022  -16.721  -58.850  8.920 1.0000000000
22023  -17.160  -58.574  8.145 1.0000000000
22024  -18.135  -59.500  8.323 1.0000000000
24738  -10.610  -47.797  4.627 1.0000000000
28178  -5.773  -44.492  8.244 1.0000000000
28179  -7.126  -44.756  7.894 1.0000000000
28180  -6.957  -45.401  8.525 1.0000000000
28181  -8.194  -46.735  8.543 1.0000000000
28182  -8.379  -48.308  7.694 1.0000000000
28183  -8.980  -54.177  8.812 1.0000000000
28184  -9.067  -53.584  8.121 1.0000000000
28185  -10.283  -54.884  8.850 1.0000000000
28186  -11.718  -55.591  8.871 1.0000000000
28187  -13.128  -56.270  8.774 1.0000000000
28188  -14.556  -56.937  8.460 1.0000000000
28189  -14.146  -57.332  9.142 1.0000000000
28190  -15.175  -58.248  9.480 1.0000000000
28191  -16.161  -58.909  9.821 1.0000000000
29001  -16.109  -54.156  6.738 1.0000000000
29002  -17.063  -53.782  6.512 1.0000000000
29003  -18.617  -54.898  7.030 1.0000000000
31677  -7.187  -47.244  10.539 1.0000000000
31678  -7.267  -47.896  11.022 1.0000000000
31679  -7.466  -49.593  10.207 1.0000000000
31680  -7.528  -51.552  9.283 1.0000000000
31683  -7.853  -53.388  8.957 1.0000000000
31684  -8.812  -54.731  9.496 1.0000000000
31685  -9.861  -55.617  10.337 1.0000000000
31686  -10.934  -56.216  11.330 1.0000000000
32703  -9.401  -42.362  6.026 1.0000000000
39721  -8.529  -42.858  6.364 1.0000000000
39722  -9.596  -43.997  6.463 1.0000000000
39723  -10.056  -45.339  6.177 1.0000000000
39724  -8.658  -45.326  7.439 1.0000000000
39725  -9.527  -46.075  6.583 1.0000000000
39726  -9.857  -46.831  5.447 1.0000000000
39727  -10.391  -48.782  5.101 1.0000000000
39728  -11.530  -50.731  5.337 1.0000000000
39729  -12.949  -52.411  5.946 1.0000000000
39730  -7.771  -48.087  9.435 1.0000000000
39731  -8.141  -49.071  8.088 1.0000000000
39732  -8.857  -50.233  7.086 1.0000000000
39733  -9.359  -52.889  7.579 1.0000000000
39734  -9.623  -52.172  7.064 1.0000000000
39735  -9.871  -51.350  6.576 1.0000000000
39736  -11.177  -52.372  6.528 1.0000000000
39737  -12.729  -53.120  6.578 1.0000000000
39738  -14.333  -53.706  6.676 1.0000000000
39739  -15.698  -54.967  7.153 1.0000000000
39740  -17.147  -56.249  7.339 1.0000000000
39741  -18.398  -57.351  7.429 1.0000000000
39742  -16.034  -57.532  8.050 1.0000000000
39743  -17.817  -58.071  7.634 1.0000000000
39744  -19.539  -58.460  7.431 1.0000000000
41904  -13.822  -52.322  5.690 1.0000000000
41905  -14.162  -52.127  5.504 1.0000000000
41906  -15.011  -52.781  5.932 1.0000000000
43816  -6.462  -46.349  10.177 1.0000000000
43817  -11.704  -56.486  10.863 1.0000000000
43818  -11.821  -56.494  10.398 1.0000000000
43819  -12.343  -56.836  10.804 1.0000000000
43820  -12.996  -57.218  10.655 1.0000000000
43821  -12.863  -57.140  11.148 1.0000000000
44304  -19.725  -57.150  7.355 1.0000000000
46989  -10.647  -45.374  5.525 1.0000000000
46991  -10.846  -46.045  4.930 1.0000000000
52726  -6.601  -43.872  7.385 1.0000000000
52727  -8.682  -48.357  6.897 1.0000000000
52728  -8.865  -48.011  6.697 1.0000000000
52729  -9.039  -48.929  6.368 1.0000000000
52730  -9.557  -49.532  6.089 1.0000000000
52731  -9.509  -50.002  6.315 1.0000000000
52732  -7.877  -51.711  8.571 1.0000000000
52733  -8.043  -51.326  8.356 1.0000000000
52734  -8.184  -52.247  8.186 1.0000000000
52735  -12.803  -55.400  8.249 1.0000000000
52736  -12.184  -54.784  7.975 1.0000000000
52737  -12.932  -55.130  7.958 1.0000000000
52738  -13.011  -54.814  7.716 1.0000000000
52739  -13.642  -55.454  7.919 1.0000000000
52740  -14.335  -55.755  7.828 1.0000000000
52741  -14.205  -56.077  8.088 1.0000000000
52742  -17.135  -59.208  9.043 1.0000000000
52743  -17.399  -59.179  8.603 1.0000000000
52744  -17.861  -59.598  8.722 1.0000000000
52745  -18.638  -59.887  8.449 1.0000000000
52746  -18.399  -59.971  8.856 1.0000000000
56589  -10.989  -48.849  4.569 1.0000000000
62320  -5.138  -45.003  9.233 1.0000000000
62322  -5.128  -44.726  8.853 1.0000000000
62324  -5.642  -44.761  8.569 1.0000000000
62325  -6.287  -44.873  8.353 1.0000000000
62326  -6.211  -45.155  8.706 1.0000000000
62327  -7.665  -46.679  9.249 1.0000000000
62328  -7.677  -46.370  8.939 1.0000000000
62329  -8.100  -47.078  8.784 1.0000000000
62330  -8.374  -47.476  8.216 1.0000000000
62331  -8.257  -47.830  8.428 1.0000000000
62332  -9.535  -54.782  9.167 1.0000000000
62333  -9.608  -54.536  8.813 1.0000000000
62334  -10.191  -55.107  9.198 1.0000000000
62335  -12.109  -56.317  9.556 1.0000000000
62336  -11.572  -55.799  9.230 1.0000000000
62337  -12.262  -56.158  9.190 1.0000000000
62338  -12.421  -55.929  8.850 1.0000000000
62339  -12.948  -56.497  9.108 1.0000000000
62340  -13.639  -56.828  9.002 1.0000000000
62341  -13.448  -57.007  9.340 1.0000000000
62342  -14.270  -57.976  10.240 1.0000000000
62343  -14.460  -57.951  9.740 1.0000000000
62344  -14.955  -58.296  9.950 1.0000000000
62345  -15.685  -58.612  9.671 1.0000000000
62346  -15.464  -58.582  10.154 1.0000000000
63789  -16.907  -54.795  6.977 1.0000000000
63790  -17.311  -54.542  6.887 1.0000000000
63791  -18.095  -55.083  7.105 1.0000000000
69528  -7.418  -49.096  10.858 1.0000000000
69529  -7.390  -49.999  10.365 1.0000000000
69530  -7.454  -50.564  9.677 1.0000000000
69539  -7.754  -53.752  9.228 1.0000000000
69540  -8.311  -54.132  9.160 1.0000000000
69541  -8.193  -54.479  9.418 1.0000000000
69542  -8.993  -55.648  10.611 1.0000000000
69543  -9.157  -55.413  10.242 1.0000000000
69544  -9.674  -55.741  10.747 1.0000000000
69545  -10.381  -55.940  10.825 1.0000000000
69546  -10.198  -56.021  11.271 1.0000000000
71844  -9.862  -42.903  6.057 1.0000000000
71845  -10.439  -42.876  5.905 1.0000000000
71846  -10.809  -43.470  5.872 1.0000000000
71868  -17.513  -53.547  6.388 1.0000000000
89056  -7.606  -42.636  6.445 1.0000000000
89057  -8.521  -43.989  6.884 1.0000000000
89058  -8.812  -43.680  6.668 1.0000000000
89059  -9.302  -44.326  6.670 1.0000000000
89060  -9.966  -44.664  6.392 1.0000000000
89061  -9.643  -44.997  6.584 1.0000000000
89062  -7.816  -45.373  8.004 1.0000000000
89063  -7.906  -44.996  7.689 1.0000000000
89064  -8.523  -45.697  7.729 1.0000000000
89065  -9.180  -47.196  6.330 1.0000000000
89066  -9.294  -46.458  6.805 1.0000000000
89067  -9.460  -46.826  6.193 1.0000000000
89068  -9.788  -46.433  6.046 1.0000000000
89069  -9.576  -47.197  5.611 1.0000000000
89070  -9.878  -47.696  5.152 1.0000000000
89071  -9.857  -48.183  5.418 1.0000000000
89072  -10.823  -50.671  5.724 1.0000000000
89073  -10.939  -50.253  5.420 1.0000000000
89074  -11.461  -51.182  5.608 1.0000000000
89075  -12.206  -51.618  5.619 1.0000000000
89076  -12.147  -52.027  5.894 1.0000000000
89077  -7.514  -47.971  10.284 1.0000000000
89078  -7.576  -47.671  10.052 1.0000000000
89079  -7.713  -48.406  9.687 1.0000000000
89080  -8.206  -50.484  7.935 1.0000000000
89081  -7.987  -49.470  8.262 1.0000000000
89082  -8.321  -50.055  7.693 1.0000000000
89083  -8.427  -49.631  7.498 1.0000000000
89084  -8.774  -50.670  7.312 1.0000000000
89085  -9.808  -54.014  8.127 1.0000000000
89086  -9.257  -53.282  7.858 1.0000000000
89087  -9.919  -53.682  7.815 1.0000000000
89088  -10.877  -53.451  7.322 1.0000000000
89089  -10.163  -53.022  7.269 1.0000000000
89090  -10.253  -52.685  7.008 1.0000000000
89091  -9.771  -51.782  6.842 1.0000000000
89092  -10.373  -52.294  6.767 1.0000000000
89093  -10.491  -51.878  6.526 1.0000000000
89094  -11.089  -52.747  6.796 1.0000000000
89095  -13.254  -54.146  7.171 1.0000000000
89096  -12.658  -53.526  6.867 1.0000000000
89097  -13.382  -53.808  6.896 1.0000000000
89098  -13.562  -53.469  6.640 1.0000000000
89099  -14.182  -54.090  6.946 1.0000000000
89100  -15.026  -54.340  6.949 1.0000000000
89101  -14.858  -54.723  7.156 1.0000000000
89102  -15.930  -56.359  7.577 1.0000000000
89103  -16.148  -55.979  7.433 1.0000000000
89104  -16.726  -56.604  7.483 1.0000000000
89105  -17.779  -56.813  7.390 1.0000000000
89106  -17.435  -57.149  7.512 1.0000000000
89107  -15.079  -57.481  8.557 1.0000000000
89108  -15.272  -57.248  8.244 1.0000000000
89109  -15.811  -57.777  8.320 1.0000000000
89110  -17.939  -58.828  7.934 1.0000000000
89111  -17.465  -58.319  7.874 1.0000000000
89112  -18.294  -58.549  7.684 1.0000000000
89113  -18.681  -58.271  7.503 1.0000000000
89114  -19.185  -58.749  7.518 1.0000000000
89115  -20.161  -59.005  7.424 1.0000000000
89116  -19.737  -59.275  7.565 1.0000000000
93858  -12.306  -50.771  4.991 1.0000000000
93859  -12.639  -50.631  4.770 1.0000000000
93860  -13.341  -51.391  5.124 1.0000000000
93861  -14.584  -51.977  5.334 1.0000000000
97298  -5.638  -45.362  9.360 1.0000000000
97299  -6.250  -45.539  9.085 1.0000000000
97301  -6.978  -46.316  9.553 1.0000000000
97302  -7.566  -46.990  9.519 1.0000000000
97303  -10.621  -55.715  10.008 1.0000000000
97304  -10.782  -55.643  9.615 1.0000000000
97305  -11.316  -56.099  10.016 1.0000000000
97306  -11.971  -56.455  9.972 1.0000000000
97307  -12.634  -56.797  9.868 1.0000000000
97308  -13.297  -57.149  9.733 1.0000000000
97309  -13.143  -57.239  10.169 1.0000000000
97310  -13.641  -57.602  10.469 1.0000000000
97311  -14.148  -57.894  10.750 1.0000000000
98178  -18.403  -55.989  7.256 1.0000000000
98179  -18.855  -55.696  7.246 1.0000000000
98180  -19.556  -56.323  7.327 1.0000000000
101628  -8.049  -54.764  9.726 1.0000000000
101629  -7.891  -55.089  10.048 1.0000000000
103011  -10.604  -44.088  5.987 1.0000000000
103012  -11.073  -44.078  5.775 1.0000000000
113339  -7.647  -43.707  7.033 1.0000000000
113340  -8.253  -44.317  7.114 1.0000000000
113341  -8.697  -46.813  7.769 1.0000000000
113342  -8.855  -46.473  7.549 1.0000000000
113343  -8.848  -47.194  7.137 1.0000000000
113344  -8.991  -47.556  6.523 1.0000000000
113345  -9.308  -48.076  6.005 1.0000000000
113346  -9.742  -48.657  5.603 1.0000000000
113347  -9.640  -49.068  5.839 1.0000000000
113348  -10.123  -50.128  5.860 1.0000000000
113349  -10.648  -51.062  6.013 1.0000000000
113350  -7.606  -49.711  9.334 1.0000000000
113351  -7.723  -49.329  9.142 1.0000000000
113352  -7.857  -50.327  8.686 1.0000000000
113353  -8.106  -50.925  8.122 1.0000000000
113354  -8.487  -51.489  7.749 1.0000000000
113355  -11.303  -54.703  8.227 1.0000000000
113356  -10.675  -54.046  7.873 1.0000000000
113357  -11.438  -54.447  7.945 1.0000000000
113358  -11.518  -54.139  7.666 1.0000000000
113359  -11.613  -53.810  7.399 1.0000000000
113360  -11.743  -53.542  7.139 1.0000000000
113361  -12.369  -54.171  7.453 1.0000000000
113362  -13.120  -54.483  7.447 1.0000000000
113363  -13.865  -54.801  7.402 1.0000000000
113364  -14.681  -55.089  7.365 1.0000000000
113365  -14.496  -55.445  7.578 1.0000000000
113366  -15.125  -56.069  7.698 1.0000000000
113367  -15.696  -56.682  7.771 1.0000000000
113368  -16.155  -58.439  8.783 1.0000000000
113369  -16.361  -58.286  8.402 1.0000000000
113370  -16.930  -58.740  8.497 1.0000000000
113371  -17.699  -59.068  8.217 1.0000000000
113372  -18.478  -59.296  7.992 1.0000000000
113373  -19.354  -59.525  7.773 1.0000000000
119160  -10.514  -46.889  4.882 1.0000000000
119161  -10.771  -46.811  4.630 1.0000000000
127189  -5.279  -44.115  8.082 1.0000000000
127190  -5.850  -44.156  7.882 1.0000000000
127192  -6.418  -44.600  8.039 1.0000000000
127193  -7.033  -45.106  8.183 1.0000000000
127194  -7.721  -45.697  8.321 1.0000000000
127195  -6.918  -45.706  8.874 1.0000000000
127196  -7.640  -46.033  8.613 1.0000000000
127197  -8.343  -46.412  8.301 1.0000000000
127198  -8.488  -47.118  7.977 1.0000000000
127199  -8.517  -47.901  7.544 1.0000000000
127200  -8.589  -48.788  7.094 1.0000000000
127201  -8.445  -53.473  8.557 1.0000000000
127202  -8.542  -53.114  8.267 1.0000000000
127203  -9.029  -53.871  8.495 1.0000000000
127204  -9.645  -54.287  8.482 1.0000000000
127205  -10.406  -54.661  8.491 1.0000000000
127206  -10.888  -55.449  9.229 1.0000000000
127207  -11.017  -55.230  8.874 1.0000000000
127208  -11.150  -54.994  8.526 1.0000000000
127209  -11.878  -55.314  8.564 1.0000000000
127210  -12.603  -55.668  8.536 1.0000000000
127211  -13.345  -56.050  8.484 1.0000000000
127212  -14.042  -56.366  8.345 1.0000000000
127213  -13.848  -56.608  8.640 1.0000000000
127214  -14.353  -57.148  8.782 1.0000000000
127215  -14.866  -57.661  8.909 1.0000000000
127216  -13.981  -57.488  9.563 1.0000000000
127217  -14.659  -57.807  9.308 1.0000000000
127218  -15.381  -58.121  9.053 1.0000000000
127219  -16.011  -58.552  9.222 1.0000000000
127220  -16.464  -58.896  9.371 1.0000000000
127221  -16.908  -59.211  9.501 1.0000000000
129183  -15.339  -53.531  6.447 1.0000000000
129184  -15.809  -53.376  6.312 1.0000000000
129185  -16.555  -53.955  6.622 1.0000000000
129186  -17.822  -54.343  6.788 1.0000000000
129188  -19.386  -55.487  7.184 1.0000000000
136450  -6.698  -46.942  10.880 1.0000000000
136451  -7.280  -47.576  10.804 1.0000000000
136452  -7.499  -48.230  10.532 1.0000000000
136453  -7.349  -48.279  11.263 1.0000000000
136454  -7.486  -48.721  10.672 1.0000000000
136455  -7.504  -49.158  10.040 1.0000000000
136456  -7.551  -50.150  9.517 1.0000000000
136457  -7.631  -51.143  9.044 1.0000000000
136458  -7.753  -52.103  8.791 1.0000000000
136465  -7.405  -51.986  9.464 1.0000000000
136466  -7.659  -52.514  9.032 1.0000000000
136467  -8.020  -52.987  8.757 1.0000000000
136468  -8.392  -53.780  8.864 1.0000000000
136469  -8.895  -54.504  9.113 1.0000000000
136470  -9.447  -55.007  9.547 1.0000000000
136471  -8.658  -54.995  9.801 1.0000000000
136472  -9.327  -55.218  9.908 1.0000000000
136473  -9.986  -55.450  9.965 1.0000000000
136474  -10.527  -55.847  10.396 1.0000000000
136475  -11.076  -56.196  10.872 1.0000000000
136476  -11.664  -56.487  11.348 1.0000000000
139331  -9.961  -42.310  5.894 1.0000000000
139358  -16.271  -53.197  6.169 1.0000000000
159411  -11.042  -56.300  11.825 1.0000000000
159441  -13.661  -57.531  11.389 1.0000000000
159442  -14.281  -57.898  11.187 1.0000000000
159448  -17.030  -59.343  9.866 1.0000000000
159449  -17.788  -59.714  9.522 1.0000000000
159458  -18.517  -60.067  9.177 1.0000000000
160118  -8.932  -42.613  6.177 1.0000000000
160119  -9.437  -43.099  6.239 1.0000000000
160120  -8.200  -43.117  6.581 1.0000000000
160121  -9.097  -43.399  6.440 1.0000000000
160122  -9.948  -43.713  6.254 1.0000000000
160123  -10.241  -44.338  6.178 1.0000000000
160124  -10.339  -44.998  5.978 1.0000000000
160125  -10.293  -45.690  5.692 1.0000000000
160126  -7.246  -44.391  7.551 1.0000000000
160127  -8.063  -44.618  7.390 1.0000000000
160128  -8.794  -44.990  7.130 1.0000000000
160129  -8.959  -46.078  7.292 1.0000000000
160130  -9.210  -45.706  7.070 1.0000000000
160131  -9.413  -45.344  6.827 1.0000000000
160132  -9.803  -45.700  6.395 1.0000000000
160133  -9.965  -46.062  5.824 1.0000000000
160134  -10.163  -46.442  5.306 1.0000000000
160135  -10.089  -47.273  4.949 1.0000000000
160136  -10.410  -48.299  4.826 1.0000000000
160137  -10.926  -49.355  4.863 1.0000000000
160138  -10.363  -49.236  5.368 1.0000000000
160139  -10.929  -49.790  5.148 1.0000000000
160140  -11.532  -50.333  5.012 1.0000000000
160141  -12.230  -51.189  5.302 1.0000000000
160142  -13.008  -52.000  5.645 1.0000000000
160143  -13.731  -52.682  6.014 1.0000000000
160144  -7.106  -46.984  10.196 1.0000000000
160145  -7.637  -47.367  9.813 1.0000000000
160146  -7.955  -47.751  9.271 1.0000000000
160147  -7.786  -48.903  8.960 1.0000000000
160148  -7.953  -48.535  8.771 1.0000000000
160149  -8.074  -48.186  8.577 1.0000000000
160150  -8.162  -48.631  7.860 1.0000000000
160151  -8.544  -49.240  7.316 1.0000000000
160152  -8.956  -49.827  6.852 1.0000000000
160153  -8.668  -52.763  7.992 1.0000000000
160154  -8.796  -52.422  7.734 1.0000000000
160155  -8.935  -52.037  7.464 1.0000000000
160156  -10.029  -53.343  7.531 1.0000000000
160157  -9.458  -52.555  7.279 1.0000000000
160158  -9.123  -51.652  7.245 1.0000000000
160159  -9.251  -51.266  6.990 1.0000000000
160160  -9.349  -50.813  6.789 1.0000000000
160161  -9.464  -50.411  6.544 1.0000000000
160162  -9.966  -50.969  6.350 1.0000000000
160163  -10.566  -51.516  6.243 1.0000000000
160164  -11.271  -51.963  6.243 1.0000000000
160165  -11.891  -53.186  6.842 1.0000000000
160166  -11.950  -52.779  6.542 1.0000000000
160167  -12.031  -52.423  6.213 1.0000000000
160168  -12.863  -52.789  6.259 1.0000000000
160169  -13.634  -53.067  6.327 1.0000000000
160170  -14.436  -53.299  6.374 1.0000000000
160171  -15.172  -53.928  6.705 1.0000000000
160172  -15.983  -54.609  6.953 1.0000000000
160173  -16.677  -55.212  7.143 1.0000000000
160174  -15.524  -55.349  7.323 1.0000000000
160175  -16.379  -55.592  7.304 1.0000000000
160176  -17.425  -55.830  7.250 1.0000000000
160177  -18.189  -56.460  7.284 1.0000000000
160178  -18.789  -57.001  7.344 1.0000000000
160179  -19.336  -57.530  7.379 1.0000000000
160180  -14.746  -56.693  8.178 1.0000000000
160181  -15.477  -56.972  7.995 1.0000000000
160182  -16.277  -57.242  7.818 1.0000000000
160183  -16.616  -58.058  8.089 1.0000000000
160184  -16.885  -57.796  7.844 1.0000000000
160185  -17.153  -57.488  7.641 1.0000000000
160186  -18.096  -57.718  7.514 1.0000000000
160187  -19.022  -57.906  7.445 1.0000000000
