#!ascii label  , from subject 40tvs8ref_sym_20 vox2ras=TkReg
237
266  -43.885  37.878  5.079 1.0000000000
1158  -49.371  36.573  2.755 1.0000000000
1631  -39.656  43.138  3.685 1.0000000000
1632  -44.197  40.332  0.369 1.0000000000
4913  -41.101  38.373  6.133 1.0000000000
4915  -44.362  36.661  7.802 1.0000000000
6692  -46.781  37.357  4.020 1.0000000000
6693  -47.358  36.559  6.639 1.0000000000
6694  -49.956  36.088  5.344 1.0000000000
7644  -39.018  41.166  5.635 1.0000000000
7645  -41.082  39.920  3.921 1.0000000000
7647  -41.700  41.654  1.906 1.0000000000
7648  -43.778  39.043  2.554 1.0000000000
7649  -46.722  38.364  1.493 1.0000000000
12593  -42.478  38.054  5.620 1.0000000000
12594  -42.656  37.433  6.889 1.0000000000
12595  -44.100  37.322  6.437 1.0000000000
14993  -48.120  37.060  3.436 1.0000000000
14994  -48.405  36.763  4.825 1.0000000000
14995  -49.643  36.323  4.124 1.0000000000
16788  -39.165  43.807  4.760 1.0000000000
16789  -38.710  42.857  5.805 1.0000000000
16790  -39.235  42.160  4.623 1.0000000000
16791  -39.930  40.500  4.646 1.0000000000
16792  -40.175  41.474  3.692 1.0000000000
16796  -43.298  41.690  0.152 1.0000000000
16797  -42.206  42.507  0.983 1.0000000000
16798  -42.889  40.946  1.085 1.0000000000
16799  -42.606  40.216  2.089 1.0000000000
16800  -43.941  39.738  1.432 1.0000000000
16801  -45.234  38.688  2.036 1.0000000000
16802  -45.327  39.254  0.848 1.0000000000
25051  -39.608  44.711  3.895 1.0000000000
25056  -44.481  40.905  -0.636 1.0000000000
25057  -45.454  39.702  -0.272 1.0000000000
27275  -39.756  38.773  6.794 1.0000000000
27277  -41.193  37.634  7.423 1.0000000000
27278  -42.804  36.734  8.220 1.0000000000
30974  -45.304  37.623  4.545 1.0000000000
30975  -45.600  37.187  5.895 1.0000000000
30976  -47.053  37.012  5.345 1.0000000000
30977  -48.723  36.448  6.013 1.0000000000
33363  -38.305  41.828  6.842 1.0000000000
33364  -38.780  40.237  6.632 1.0000000000
33365  -39.842  39.617  5.685 1.0000000000
33366  -41.050  39.084  4.982 1.0000000000
33367  -42.374  38.708  4.435 1.0000000000
33370  -40.181  44.035  2.778 1.0000000000
33372  -41.103  43.284  1.882 1.0000000000
33373  -40.524  42.449  2.743 1.0000000000
33374  -41.358  40.833  2.909 1.0000000000
33375  -42.408  39.422  3.202 1.0000000000
33376  -43.772  38.361  3.809 1.0000000000
33377  -45.278  38.072  3.254 1.0000000000
33378  -46.704  37.837  2.699 1.0000000000
33379  -48.067  37.505  2.154 1.0000000000
33380  -46.706  38.815  0.292 1.0000000000
33381  -48.067  37.978  0.886 1.0000000000
33382  -49.367  37.025  1.442 1.0000000000
37917  -45.886  36.619  7.268 1.0000000000
43313  -43.191  37.970  5.374 1.0000000000
43314  -43.284  37.677  6.040 1.0000000000
43315  -44.003  37.613  5.772 1.0000000000
45713  -48.775  36.830  3.120 1.0000000000
45714  -48.897  36.673  3.797 1.0000000000
45715  -49.477  36.419  3.427 1.0000000000
47508  -39.353  43.473  4.203 1.0000000000
47509  -39.155  42.966  4.679 1.0000000000
47510  -39.439  42.648  4.149 1.0000000000
47511  -39.678  41.811  4.137 1.0000000000
47512  -39.830  42.312  3.666 1.0000000000
47516  -43.664  40.955  0.220 1.0000000000
47517  -43.085  41.329  0.619 1.0000000000
47518  -43.530  40.644  0.724 1.0000000000
47519  -43.379  40.328  1.221 1.0000000000
47520  -44.069  40.040  0.891 1.0000000000
47521  -44.617  39.456  1.118 1.0000000000
47522  -44.725  39.756  0.579 1.0000000000
57111  -39.467  45.035  4.479 1.0000000000
57112  -39.758  45.478  4.059 1.0000000000
60818  -40.443  38.592  6.451 1.0000000000
60819  -40.436  38.157  7.052 1.0000000000
60820  -41.158  38.041  6.780 1.0000000000
60821  -43.500  37.025  7.344 1.0000000000
60822  -42.763  37.104  7.536 1.0000000000
60823  -43.592  36.680  7.998 1.0000000000
60824  -43.640  36.369  8.660 1.0000000000
68018  -46.058  37.485  4.286 1.0000000000
68019  -46.174  37.300  4.953 1.0000000000
68020  -46.896  37.156  4.703 1.0000000000
68021  -49.192  36.444  5.140 1.0000000000
68022  -48.561  36.617  5.440 1.0000000000
68023  -49.356  36.305  5.690 1.0000000000
73406  -38.781  42.034  5.713 1.0000000000
73407  -38.524  42.378  6.342 1.0000000000
73408  -38.636  41.539  6.240 1.0000000000
73409  -38.475  41.022  6.684 1.0000000000
73410  -38.899  40.705  6.146 1.0000000000
73411  -39.299  39.884  6.133 1.0000000000
73412  -39.372  40.355  5.610 1.0000000000
73413  -40.459  40.176  4.262 1.0000000000
73414  -40.435  39.747  4.765 1.0000000000
73415  -41.020  39.463  4.412 1.0000000000
73416  -41.682  38.875  4.716 1.0000000000
73417  -41.696  39.265  4.145 1.0000000000
73425  -40.500  44.486  2.393 1.0000000000
73429  -41.964  42.067  1.444 1.0000000000
73430  -41.670  42.899  1.430 1.0000000000
73431  -41.382  42.479  1.893 1.0000000000
73432  -40.803  42.874  2.321 1.0000000000
73433  -41.109  42.057  2.348 1.0000000000
73434  -40.869  41.641  2.818 1.0000000000
73435  -41.501  41.256  2.402 1.0000000000
73436  -43.150  39.609  2.282 1.0000000000
73437  -42.495  39.816  2.614 1.0000000000
73438  -43.063  39.217  2.856 1.0000000000
73439  -43.046  38.862  3.453 1.0000000000
73440  -43.768  38.683  3.154 1.0000000000
73441  -44.527  38.223  3.512 1.0000000000
73442  -44.500  38.514  2.881 1.0000000000
73443  -45.987  38.531  1.759 1.0000000000
73444  -45.970  38.239  2.349 1.0000000000
73445  -46.697  38.088  2.092 1.0000000000
73446  -47.391  37.668  2.439 1.0000000000
73447  -47.400  37.912  1.829 1.0000000000
73449  -46.049  39.243  -0.007 1.0000000000
73450  -46.712  38.962  -0.306 1.0000000000
73452  -48.048  38.134  0.259 1.0000000000
73453  -48.725  37.719  0.540 1.0000000000
73454  -48.745  37.512  1.180 1.0000000000
84556  -46.472  36.873  6.278 1.0000000000
84557  -45.728  36.917  6.596 1.0000000000
84558  -46.618  36.582  6.963 1.0000000000
96395  -41.791  38.213  5.878 1.0000000000
96396  -41.852  37.875  6.516 1.0000000000
96397  -42.562  37.753  6.267 1.0000000000
96398  -43.383  37.352  6.678 1.0000000000
96399  -44.237  36.990  7.122 1.0000000000
100715  -47.433  37.242  3.741 1.0000000000
100716  -47.574  37.050  4.433 1.0000000000
100717  -48.245  36.902  4.143 1.0000000000
100718  -49.035  36.556  4.502 1.0000000000
100719  -49.784  36.206  4.778 1.0000000000
103946  -39.015  44.155  5.418 1.0000000000
103948  -38.928  43.318  5.286 1.0000000000
103949  -38.967  42.505  5.191 1.0000000000
103950  -39.144  41.665  5.131 1.0000000000
103951  -39.448  40.819  5.106 1.0000000000
103952  -39.536  41.308  4.614 1.0000000000
103953  -40.038  40.976  4.173 1.0000000000
103954  -40.574  40.656  3.776 1.0000000000
103962  -42.746  42.100  0.566 1.0000000000
103963  -42.495  41.696  1.022 1.0000000000
103964  -42.324  41.287  1.497 1.0000000000
103965  -42.125  40.880  1.983 1.0000000000
103966  -42.745  40.585  1.594 1.0000000000
103967  -43.226  39.969  1.725 1.0000000000
103968  -43.836  39.420  1.959 1.0000000000
103969  -44.498  38.871  2.297 1.0000000000
103970  -44.559  39.191  1.710 1.0000000000
103971  -45.289  38.985  1.436 1.0000000000
103972  -46.015  38.806  1.168 1.0000000000
110638  -48.207  36.265  6.964 1.0000000000
110639  -47.480  36.266  7.300 1.0000000000
117375  -50.011  36.128  3.003 1.0000000000
119892  -39.337  44.274  4.299 1.0000000000
119893  -39.576  43.938  3.763 1.0000000000
119902  -43.523  42.078  -0.327 1.0000000000
119903  -43.877  41.305  -0.257 1.0000000000
119904  -44.312  40.618  -0.140 1.0000000000
119905  -44.812  40.024  0.038 1.0000000000
119906  -44.932  40.233  -0.484 1.0000000000
125085  -41.217  37.203  8.069 1.0000000000
125086  -41.942  37.551  7.152 1.0000000000
125087  -41.999  37.151  7.809 1.0000000000
134540  -44.609  37.754  4.797 1.0000000000
134541  -44.746  37.516  5.487 1.0000000000
134542  -45.449  37.387  5.212 1.0000000000
134543  -46.315  37.117  5.607 1.0000000000
134544  -47.208  36.816  5.981 1.0000000000
134545  -47.744  36.900  5.104 1.0000000000
134546  -47.904  36.725  5.711 1.0000000000
134547  -48.059  36.531  6.317 1.0000000000
134548  -48.886  36.245  6.611 1.0000000000
134552  -50.362  35.925  4.371 1.0000000000
134553  -50.519  35.813  4.958 1.0000000000
134556  -50.705  35.688  5.511 1.0000000000
141241  -38.062  42.132  7.477 1.0000000000
141242  -38.108  41.314  7.302 1.0000000000
141245  -39.211  39.471  6.672 1.0000000000
141246  -39.819  39.194  6.245 1.0000000000
141247  -40.431  38.949  5.866 1.0000000000
141248  -39.859  40.038  5.128 1.0000000000
141249  -40.422  39.323  5.289 1.0000000000
141250  -41.077  38.727  5.557 1.0000000000
141251  -41.749  38.533  5.295 1.0000000000
141252  -42.425  38.376  5.037 1.0000000000
141253  -43.103  38.243  4.732 1.0000000000
141261  -39.826  44.379  3.330 1.0000000000
141262  -39.880  43.599  3.219 1.0000000000
141267  -41.403  43.695  1.441 1.0000000000
141269  -40.566  43.665  2.304 1.0000000000
141270  -40.297  43.232  2.724 1.0000000000
141271  -40.050  42.801  3.198 1.0000000000
141272  -40.346  41.972  3.227 1.0000000000
141273  -40.731  41.147  3.294 1.0000000000
141274  -41.186  40.372  3.398 1.0000000000
141275  -41.983  40.489  2.486 1.0000000000
141276  -41.853  40.075  3.035 1.0000000000
141277  -41.741  39.651  3.577 1.0000000000
141278  -42.382  39.065  3.826 1.0000000000
141279  -43.064  38.559  4.110 1.0000000000
141280  -43.815  38.131  4.431 1.0000000000
141281  -44.532  37.984  4.152 1.0000000000
141282  -45.296  37.828  3.901 1.0000000000
141283  -46.035  37.694  3.635 1.0000000000
141284  -45.237  38.384  2.627 1.0000000000
141285  -46.008  37.950  2.975 1.0000000000
141286  -46.755  37.559  3.360 1.0000000000
141287  -47.405  37.445  3.069 1.0000000000
141288  -48.074  37.283  2.789 1.0000000000
141289  -48.728  37.053  2.468 1.0000000000
141290  -45.375  39.541  0.271 1.0000000000
141291  -46.032  39.057  0.594 1.0000000000
141292  -46.736  38.620  0.918 1.0000000000
141293  -47.375  38.537  -0.027 1.0000000000
141294  -47.396  38.392  0.598 1.0000000000
141295  -47.419  38.200  1.232 1.0000000000
141296  -48.081  37.767  1.530 1.0000000000
141297  -48.742  37.296  1.811 1.0000000000
141298  -49.347  36.791  2.091 1.0000000000
141299  -49.949  36.524  1.665 1.0000000000
154713  -44.888  37.278  6.184 1.0000000000
154714  -44.985  36.972  6.854 1.0000000000
154715  -45.133  36.647  7.569 1.0000000000
154716  -46.751  36.279  7.619 1.0000000000
154718  -45.235  36.326  8.210 1.0000000000
