#!ascii label  , from subject 40tvs8ref_sym_20 vox2ras=TkReg
188
1262  -4.522  -78.464  22.892 1.0000000000
1263  -2.943  -76.649  18.317 1.0000000000
1264  -4.492  -83.362  17.327 1.0000000000
3183  -5.049  -80.752  20.343 1.0000000000
5230  -2.226  -79.712  15.358 1.0000000000
5231  -2.461  -75.875  15.445 1.0000000000
6880  -5.922  -76.144  22.090 1.0000000000
6881  -4.779  -74.834  20.052 1.0000000000
6882  -3.979  -77.609  20.606 1.0000000000
6883  -3.704  -80.153  17.980 1.0000000000
9607  -3.754  -73.248  17.816 1.0000000000
9608  -3.603  -72.209  15.017 1.0000000000
15307  -4.985  -77.247  22.636 1.0000000000
15308  -4.501  -76.662  21.553 1.0000000000
15309  -4.300  -78.034  21.749 1.0000000000
15310  -4.920  -82.037  18.838 1.0000000000
15311  -4.517  -80.422  19.134 1.0000000000
15312  -4.157  -81.800  17.715 1.0000000000
15313  -3.161  -81.615  16.519 1.0000000000
21450  -3.530  -75.535  19.386 1.0000000000
21451  -4.210  -74.089  18.953 1.0000000000
21452  -3.052  -74.817  18.234 1.0000000000
21454  -2.859  -73.909  15.296 1.0000000000
24160  -4.596  -79.856  22.914 1.0000000000
24161  -4.602  -79.481  21.724 1.0000000000
24162  -5.139  -81.006  21.616 1.0000000000
24163  -5.413  -82.327  20.057 1.0000000000
24164  -5.143  -83.655  18.521 1.0000000000
27846  -2.563  -78.133  16.894 1.0000000000
27847  -2.483  -76.207  16.952 1.0000000000
27848  -2.255  -77.836  15.424 1.0000000000
31415  -6.490  -74.600  20.390 1.0000000000
31416  -5.324  -75.484  21.101 1.0000000000
31417  -4.080  -76.127  20.449 1.0000000000
31418  -3.511  -77.167  19.508 1.0000000000
31419  -4.456  -79.123  20.544 1.0000000000
31420  -3.951  -78.790  19.390 1.0000000000
31421  -3.267  -78.472  18.220 1.0000000000
31422  -2.775  -79.912  16.809 1.0000000000
33777  -5.482  -77.748  23.573 1.0000000000
33780  -4.795  -78.909  23.951 1.0000000000
39055  -5.842  -73.836  19.322 1.0000000000
39056  -5.278  -72.965  18.281 1.0000000000
39057  -4.870  -72.049  17.210 1.0000000000
39058  -2.732  -74.223  16.848 1.0000000000
39059  -3.463  -72.538  16.449 1.0000000000
39060  -4.627  -71.244  15.935 1.0000000000
46027  -4.666  -77.830  22.794 1.0000000000
46028  -4.519  -77.596  22.237 1.0000000000
46029  -4.405  -78.243  22.313 1.0000000000
46030  -4.723  -82.701  18.071 1.0000000000
46031  -4.580  -81.910  18.235 1.0000000000
46032  -4.332  -82.565  17.516 1.0000000000
46033  -3.852  -82.472  16.970 1.0000000000
46034  -4.007  -83.258  16.784 1.0000000000
52170  -3.150  -76.043  18.906 1.0000000000
52171  -3.305  -75.206  18.814 1.0000000000
52172  -2.910  -75.711  18.301 1.0000000000
55627  -4.800  -80.550  22.902 1.0000000000
55628  -4.827  -80.415  22.301 1.0000000000
55629  -5.100  -81.157  22.261 1.0000000000
55631  -5.514  -82.444  20.708 1.0000000000
55632  -5.508  -83.120  19.930 1.0000000000
55633  -5.342  -83.016  19.287 1.0000000000
55634  -5.406  -83.747  19.190 1.0000000000
61770  -2.368  -78.925  16.146 1.0000000000
61771  -2.330  -77.987  16.172 1.0000000000
61772  -2.214  -78.794  15.390 1.0000000000
68962  -6.528  -75.709  21.773 1.0000000000
68964  -5.611  -75.801  21.625 1.0000000000
68965  -4.163  -77.116  21.122 1.0000000000
68966  -4.291  -76.410  21.000 1.0000000000
68967  -3.953  -76.851  20.558 1.0000000000
68968  -3.685  -76.588  20.022 1.0000000000
68969  -3.765  -77.379  20.048 1.0000000000
68970  -4.833  -80.083  21.095 1.0000000000
68971  -4.557  -79.304  21.132 1.0000000000
68972  -4.754  -79.921  20.463 1.0000000000
68973  -4.165  -80.262  18.555 1.0000000000
68974  -4.236  -79.599  19.261 1.0000000000
68975  -3.883  -79.417  18.707 1.0000000000
68976  -3.628  -78.615  18.826 1.0000000000
68977  -3.478  -79.300  18.122 1.0000000000
68978  -3.067  -79.174  17.493 1.0000000000
68979  -3.246  -80.047  17.400 1.0000000000
68980  -2.870  -82.281  15.730 1.0000000000
68981  -2.698  -81.509  15.884 1.0000000000
74390  -5.987  -77.256  23.250 1.0000000000
74391  -6.316  -77.546  23.682 1.0000000000
87390  -5.576  -74.670  20.232 1.0000000000
87391  -6.164  -74.235  19.875 1.0000000000
87392  -5.299  -74.330  19.699 1.0000000000
87393  -3.923  -73.631  18.412 1.0000000000
87394  -4.698  -73.496  18.629 1.0000000000
87395  -4.459  -73.045  18.118 1.0000000000
87396  -5.082  -72.491  17.768 1.0000000000
87397  -4.266  -72.619  17.545 1.0000000000
87398  -2.359  -76.018  16.192 1.0000000000
87399  -2.541  -75.205  16.936 1.0000000000
87400  -2.471  -75.040  16.136 1.0000000000
87401  -3.189  -73.006  15.180 1.0000000000
87402  -3.028  -73.083  15.878 1.0000000000
87403  -3.489  -72.338  15.722 1.0000000000
87404  -4.013  -71.874  16.219 1.0000000000
87405  -4.027  -71.642  15.511 1.0000000000
101281  -5.397  -76.654  22.365 1.0000000000
101282  -5.097  -76.332  21.870 1.0000000000
101283  -4.752  -76.964  22.088 1.0000000000
101284  -4.314  -77.351  21.690 1.0000000000
101285  -4.186  -77.825  21.182 1.0000000000
101286  -5.037  -81.386  19.604 1.0000000000
101287  -4.812  -80.580  19.735 1.0000000000
101288  -4.759  -81.244  18.993 1.0000000000
101289  -4.411  -81.105  18.396 1.0000000000
101290  -3.928  -80.984  17.841 1.0000000000
101291  -3.434  -80.893  17.250 1.0000000000
101292  -3.666  -81.691  17.133 1.0000000000
101293  -3.363  -82.382  16.367 1.0000000000
112338  -4.085  -75.107  19.764 1.0000000000
112339  -4.495  -74.483  19.507 1.0000000000
112340  -3.822  -74.782  19.235 1.0000000000
112341  -3.573  -74.398  18.648 1.0000000000
112342  -3.357  -73.977  18.032 1.0000000000
112344  -2.606  -74.895  15.369 1.0000000000
112346  -3.127  -73.860  14.703 1.0000000000
117814  -4.510  -79.144  22.928 1.0000000000
117815  -4.452  -78.927  22.324 1.0000000000
117816  -4.601  -79.678  22.304 1.0000000000
117817  -4.849  -80.239  21.707 1.0000000000
117818  -5.106  -80.866  20.993 1.0000000000
117820  -5.343  -81.652  20.850 1.0000000000
117821  -5.260  -81.531  20.220 1.0000000000
117822  -5.208  -82.196  19.451 1.0000000000
117823  -5.053  -82.859  18.671 1.0000000000
117824  -4.851  -83.514  17.899 1.0000000000
126414  -2.775  -77.372  17.643 1.0000000000
126415  -2.686  -76.436  17.665 1.0000000000
126416  -2.501  -77.191  16.928 1.0000000000
126417  -2.310  -76.997  16.200 1.0000000000
126418  -2.338  -76.865  15.457 1.0000000000
126419  -2.342  -78.609  14.709 1.0000000000
126420  -2.496  -77.692  14.775 1.0000000000
126421  -2.629  -76.736  14.831 1.0000000000
135739  -5.858  -74.995  20.751 1.0000000000
135740  -5.062  -75.173  20.558 1.0000000000
135741  -4.843  -76.039  21.365 1.0000000000
135742  -4.623  -75.751  20.826 1.0000000000
135743  -4.358  -75.441  20.289 1.0000000000
135744  -3.795  -75.798  19.917 1.0000000000
135745  -3.442  -76.342  19.475 1.0000000000
135746  -3.216  -76.929  18.932 1.0000000000
135747  -4.413  -78.748  21.745 1.0000000000
135748  -4.334  -78.553  21.178 1.0000000000
135749  -4.184  -78.342  20.591 1.0000000000
135750  -4.528  -79.755  19.853 1.0000000000
135751  -4.225  -78.946  19.955 1.0000000000
135752  -3.957  -78.160  20.020 1.0000000000
135753  -3.692  -77.978  19.501 1.0000000000
135754  -3.400  -77.785  18.909 1.0000000000
135755  -3.083  -77.580  18.295 1.0000000000
135756  -2.914  -78.288  17.574 1.0000000000
135757  -2.643  -79.046  16.861 1.0000000000
135758  -2.439  -79.816  16.101 1.0000000000
135759  -2.954  -80.790  16.677 1.0000000000
135760  -2.547  -80.663  16.018 1.0000000000
142437  -6.854  -76.061  22.219 1.0000000000
142440  -6.209  -76.459  22.533 1.0000000000
142441  -5.679  -76.956  22.837 1.0000000000
142442  -5.224  -77.492  23.101 1.0000000000
142443  -4.867  -78.065  23.311 1.0000000000
142450  -5.752  -77.990  24.025 1.0000000000
142451  -5.083  -78.303  23.796 1.0000000000
142452  -4.659  -78.691  23.436 1.0000000000
142453  -4.585  -79.353  23.479 1.0000000000
158120  -6.779  -73.810  19.521 1.0000000000
158121  -6.470  -73.382  18.957 1.0000000000
158122  -4.994  -73.927  19.161 1.0000000000
158123  -5.526  -73.400  18.794 1.0000000000
158128  -2.721  -75.453  17.636 1.0000000000
158129  -2.885  -74.514  17.546 1.0000000000
158130  -3.170  -73.629  17.383 1.0000000000
158131  -2.688  -74.057  16.029 1.0000000000
158132  -3.035  -73.322  16.663 1.0000000000
158133  -3.565  -72.865  17.182 1.0000000000
158134  -4.101  -72.231  16.919 1.0000000000
158135  -4.706  -71.630  16.615 1.0000000000
158136  -5.406  -71.079  16.321 1.0000000000
158137  -5.359  -70.726  15.719 1.0000000000
