#!ascii label  , from subject 40tvs8ref_sym_20 vox2ras=TkReg
471
633  -36.730  -30.599  -18.573 1.0000000000
641  -22.409  -28.162  -21.952 1.0000000000
1438  -20.865  -29.498  -18.689 1.0000000000
1439  -28.552  -33.105  -17.836 1.0000000000
1440  -30.215  -29.618  -20.501 1.0000000000
1441  -35.840  -34.810  -15.435 1.0000000000
2533  -36.506  -37.682  -19.756 1.0000000000
3358  -27.427  -34.871  -16.796 1.0000000000
3359  -31.610  -35.852  -15.174 1.0000000000
3360  -32.369  -33.860  -16.415 1.0000000000
3361  -35.108  -36.825  -13.697 1.0000000000
5687  -36.997  -39.948  -17.361 1.0000000000
5750  -21.548  -28.866  -20.295 1.0000000000
5756  -23.413  -27.261  -23.665 1.0000000000
5757  -33.607  -29.618  -19.046 1.0000000000
7195  -22.654  -33.249  -18.380 1.0000000000
7196  -23.906  -32.369  -19.673 1.0000000000
7197  -25.160  -31.283  -20.995 1.0000000000
7198  -26.279  -29.892  -22.371 1.0000000000
7199  -29.414  -31.333  -19.038 1.0000000000
7200  -32.967  -31.803  -17.682 1.0000000000
7201  -36.350  -32.644  -17.124 1.0000000000
10153  -37.623  -38.223  -14.872 1.0000000000
10154  -37.839  -36.243  -17.179 1.0000000000
10155  -37.838  -34.071  -19.230 1.0000000000
10156  -33.504  -38.308  -21.332 1.0000000000
10157  -36.026  -35.340  -21.718 1.0000000000
10158  -37.720  -31.929  -21.080 1.0000000000
10237  -27.362  -28.414  -23.870 1.0000000000
11038  -31.117  -36.816  -14.502 1.0000000000
11039  -32.888  -37.275  -13.596 1.0000000000
11040  -33.375  -36.306  -14.371 1.0000000000
11041  -34.628  -37.724  -12.827 1.0000000000
13430  -21.942  -28.565  -21.122 1.0000000000
13431  -21.379  -27.441  -20.542 1.0000000000
13432  -21.607  -27.073  -21.324 1.0000000000
13434  -21.946  -26.692  -22.127 1.0000000000
13435  -22.227  -26.239  -22.928 1.0000000000
13436  -22.895  -27.718  -22.773 1.0000000000
13437  -35.227  -29.965  -18.531 1.0000000000
15829  -24.370  -34.915  -17.288 1.0000000000
15830  -28.024  -33.997  -17.304 1.0000000000
15831  -25.648  -33.623  -18.343 1.0000000000
15832  -26.241  -32.865  -18.822 1.0000000000
15833  -24.574  -31.851  -20.302 1.0000000000
15834  -26.861  -32.091  -19.363 1.0000000000
15835  -27.326  -31.380  -20.012 1.0000000000
15836  -28.935  -32.270  -18.391 1.0000000000
15837  -34.106  -34.268  -15.721 1.0000000000
15838  -32.681  -32.817  -17.065 1.0000000000
15839  -34.442  -33.239  -16.415 1.0000000000
15840  -34.712  -32.133  -17.148 1.0000000000
15841  -36.112  -33.801  -16.230 1.0000000000
22817  -37.405  -39.136  -13.627 1.0000000000
22818  -37.689  -40.097  -14.811 1.0000000000
22819  -36.746  -38.851  -18.622 1.0000000000
22820  -37.668  -38.169  -17.403 1.0000000000
22821  -37.562  -37.072  -18.581 1.0000000000
22822  -37.860  -35.088  -18.290 1.0000000000
22823  -37.435  -36.077  -19.608 1.0000000000
22829  -35.956  -34.129  -22.692 1.0000000000
22830  -37.087  -33.770  -21.547 1.0000000000
22831  -37.041  -32.649  -22.404 1.0000000000
23027  -28.350  -29.825  -21.505 1.0000000000
23028  -26.824  -29.226  -23.158 1.0000000000
23029  -28.884  -29.007  -22.304 1.0000000000
24474  -26.872  -35.633  -16.268 1.0000000000
24475  -29.105  -36.290  -15.333 1.0000000000
24476  -29.629  -35.394  -15.914 1.0000000000
24477  -30.116  -34.410  -16.537 1.0000000000
24478  -30.521  -33.472  -17.106 1.0000000000
24479  -31.986  -34.876  -15.799 1.0000000000
24480  -33.779  -35.274  -15.071 1.0000000000
24481  -35.510  -35.857  -14.556 1.0000000000
28667  -37.193  -41.019  -16.048 1.0000000000
28668  -36.055  -41.636  -17.154 1.0000000000
28669  -35.732  -40.412  -18.455 1.0000000000
28670  -35.380  -39.271  -19.581 1.0000000000
28780  -21.183  -29.215  -19.490 1.0000000000
28781  -21.016  -28.328  -19.161 1.0000000000
28782  -21.225  -27.853  -19.812 1.0000000000
28793  -31.917  -29.621  -19.686 1.0000000000
28794  -30.676  -28.710  -21.307 1.0000000000
28795  -32.275  -28.621  -20.534 1.0000000000
32145  -21.340  -31.232  -18.568 1.0000000000
32146  -25.042  -34.304  -17.817 1.0000000000
32147  -23.244  -32.872  -19.046 1.0000000000
32148  -21.799  -30.949  -19.360 1.0000000000
32149  -22.313  -30.600  -20.141 1.0000000000
32150  -22.952  -30.329  -21.028 1.0000000000
32151  -23.571  -29.883  -21.822 1.0000000000
32152  -24.196  -29.380  -22.595 1.0000000000
32153  -25.733  -30.628  -21.685 1.0000000000
32154  -27.885  -30.589  -20.732 1.0000000000
32155  -29.828  -30.485  -19.733 1.0000000000
32156  -30.898  -32.498  -17.710 1.0000000000
32157  -31.233  -31.532  -18.341 1.0000000000
32158  -31.615  -30.567  -19.007 1.0000000000
32159  -33.329  -30.656  -18.373 1.0000000000
32160  -34.986  -30.923  -17.918 1.0000000000
32161  -36.551  -31.623  -17.806 1.0000000000
40693  -36.349  -38.244  -12.920 1.0000000000
40694  -36.743  -37.328  -13.985 1.0000000000
40695  -37.045  -36.398  -14.990 1.0000000000
40696  -37.725  -39.170  -16.114 1.0000000000
40697  -37.754  -37.253  -16.055 1.0000000000
40698  -37.230  -35.375  -16.014 1.0000000000
40699  -37.383  -34.403  -16.941 1.0000000000
40700  -37.515  -33.320  -17.905 1.0000000000
40701  -37.603  -32.338  -18.724 1.0000000000
40703  -33.816  -39.544  -20.284 1.0000000000
40704  -35.086  -38.135  -20.631 1.0000000000
40706  -34.830  -36.883  -21.626 1.0000000000
40707  -36.276  -36.450  -20.805 1.0000000000
40708  -37.224  -34.794  -20.568 1.0000000000
40709  -37.803  -33.059  -20.133 1.0000000000
40710  -37.691  -31.214  -19.688 1.0000000000
40945  -24.819  -28.819  -23.443 1.0000000000
40946  -25.280  -28.133  -24.146 1.0000000000
41760  -33.771  -37.498  -13.156 1.0000000000
41761  -34.367  -38.177  -12.393 1.0000000000
44150  -22.117  -28.362  -21.518 1.0000000000
44151  -21.710  -27.732  -21.167 1.0000000000
44152  -21.830  -27.507  -21.534 1.0000000000
44153  -21.776  -26.828  -21.681 1.0000000000
44154  -22.069  -27.375  -21.976 1.0000000000
44155  -22.305  -27.145  -22.399 1.0000000000
44156  -22.627  -27.952  -22.395 1.0000000000
44157  -36.015  -30.239  -18.456 1.0000000000
44159  -36.150  -29.746  -18.871 1.0000000000
44161  -36.823  -30.101  -18.973 1.0000000000
46550  -28.279  -33.544  -17.564 1.0000000000
46551  -27.148  -33.410  -18.060 1.0000000000
46552  -27.429  -32.994  -18.315 1.0000000000
46553  -26.544  -32.467  -19.104 1.0000000000
46554  -27.725  -32.566  -18.552 1.0000000000
46555  -27.940  -32.157  -18.837 1.0000000000
46556  -28.777  -32.677  -18.105 1.0000000000
46557  -34.994  -34.476  -15.547 1.0000000000
46558  -34.275  -33.749  -16.067 1.0000000000
46559  -35.141  -33.964  -15.900 1.0000000000
46560  -35.288  -33.460  -16.259 1.0000000000
46561  -35.992  -34.280  -15.844 1.0000000000
53539  -36.626  -38.306  -19.204 1.0000000000
53540  -37.188  -37.940  -18.651 1.0000000000
53541  -37.089  -37.386  -19.181 1.0000000000
53542  -37.481  -36.467  -19.173 1.0000000000
53543  -36.978  -36.865  -19.688 1.0000000000
53548  -35.439  -34.209  -23.279 1.0000000000
53550  -36.527  -33.359  -22.651 1.0000000000
53551  -36.586  -32.789  -23.092 1.0000000000
53747  -29.328  -29.713  -20.960 1.0000000000
53748  -28.564  -29.467  -21.891 1.0000000000
53749  -29.574  -29.256  -21.384 1.0000000000
56149  -29.871  -36.998  -14.589 1.0000000000
56150  -31.380  -36.342  -14.842 1.0000000000
56151  -30.400  -36.106  -15.236 1.0000000000
56152  -30.645  -35.622  -15.546 1.0000000000
56153  -29.876  -34.909  -16.218 1.0000000000
56154  -30.889  -35.124  -15.854 1.0000000000
56155  -31.082  -34.645  -16.159 1.0000000000
56156  -31.805  -35.371  -15.479 1.0000000000
56157  -34.243  -36.515  -14.015 1.0000000000
56158  -33.581  -35.791  -14.728 1.0000000000
56159  -34.479  -36.003  -14.409 1.0000000000
56160  -34.657  -35.519  -14.778 1.0000000000
56161  -35.332  -36.348  -14.138 1.0000000000
63137  -36.187  -42.165  -16.492 1.0000000000
63138  -35.503  -42.439  -16.983 1.0000000000
63142  -35.533  -39.930  -19.016 1.0000000000
63325  -21.320  -29.017  -19.857 1.0000000000
63326  -21.126  -28.448  -19.539 1.0000000000
63327  -21.256  -28.300  -19.971 1.0000000000
63328  -21.392  -26.902  -20.807 1.0000000000
63329  -21.304  -27.128  -20.527 1.0000000000
63342  -22.706  -26.760  -23.324 1.0000000000
63343  -22.341  -26.015  -23.331 1.0000000000
63344  -22.892  -26.450  -23.651 1.0000000000
63346  -23.623  -26.944  -24.039 1.0000000000
63347  -32.715  -29.648  -19.317 1.0000000000
63348  -32.093  -29.097  -20.101 1.0000000000
63349  -32.912  -29.092  -19.724 1.0000000000
70522  -21.662  -32.453  -18.119 1.0000000000
70524  -21.894  -32.317  -18.609 1.0000000000
70525  -27.142  -35.278  -16.530 1.0000000000
70526  -25.938  -35.011  -17.059 1.0000000000
70527  -26.256  -34.633  -17.302 1.0000000000
70528  -24.774  -33.040  -19.071 1.0000000000
70529  -24.407  -33.336  -18.814 1.0000000000
70530  -23.564  -32.627  -19.355 1.0000000000
70531  -22.496  -31.941  -19.320 1.0000000000
70532  -22.795  -31.770  -19.687 1.0000000000
70533  -22.080  -30.794  -19.760 1.0000000000
70534  -23.035  -31.547  -20.020 1.0000000000
70535  -24.834  -31.557  -20.664 1.0000000000
70536  -23.695  -31.163  -20.762 1.0000000000
70537  -23.997  -30.916  -21.147 1.0000000000
70538  -23.291  -30.155  -21.436 1.0000000000
70539  -24.263  -30.647  -21.524 1.0000000000
70540  -24.623  -30.390  -21.894 1.0000000000
70541  -25.368  -30.958  -21.342 1.0000000000
70542  -28.412  -31.333  -19.459 1.0000000000
70543  -27.597  -30.996  -20.347 1.0000000000
70544  -28.601  -30.939  -19.812 1.0000000000
70545  -28.805  -30.545  -20.163 1.0000000000
70546  -29.588  -30.905  -19.355 1.0000000000
70547  -31.459  -33.643  -16.785 1.0000000000
70548  -30.712  -32.983  -17.406 1.0000000000
70549  -31.639  -33.157  -17.088 1.0000000000
70550  -32.830  -32.309  -17.370 1.0000000000
70551  -31.953  -32.172  -17.705 1.0000000000
70552  -32.139  -31.636  -18.013 1.0000000000
70553  -31.440  -31.047  -18.657 1.0000000000
70554  -32.323  -31.096  -18.332 1.0000000000
70555  -32.481  -30.591  -18.672 1.0000000000
70556  -33.146  -31.248  -18.040 1.0000000000
70557  -35.567  -32.389  -17.006 1.0000000000
70558  -34.855  -31.542  -17.522 1.0000000000
70559  -35.693  -31.787  -17.402 1.0000000000
70560  -35.798  -31.216  -17.776 1.0000000000
70561  -36.457  -32.156  -17.454 1.0000000000
91488  -36.745  -39.125  -12.597 1.0000000000
91489  -37.529  -38.682  -14.229 1.0000000000
91490  -37.154  -38.197  -13.811 1.0000000000
91491  -37.296  -37.770  -14.351 1.0000000000
91492  -36.901  -36.903  -14.437 1.0000000000
91493  -37.418  -37.293  -14.917 1.0000000000
91494  -37.105  -40.509  -16.694 1.0000000000
91495  -37.526  -40.082  -16.136 1.0000000000
91496  -37.461  -39.606  -16.748 1.0000000000
91497  -37.801  -37.166  -17.314 1.0000000000
91498  -37.830  -37.728  -16.731 1.0000000000
91499  -37.801  -36.802  -16.611 1.0000000000
91500  -37.585  -36.387  -15.976 1.0000000000
91501  -37.653  -35.872  -16.529 1.0000000000
91502  -37.314  -34.894  -16.479 1.0000000000
91503  -37.708  -35.280  -17.107 1.0000000000
91504  -37.848  -34.548  -18.798 1.0000000000
91505  -37.757  -34.188  -18.112 1.0000000000
91506  -37.789  -33.697  -18.563 1.0000000000
91507  -37.557  -32.848  -18.297 1.0000000000
91508  -37.796  -33.255  -19.043 1.0000000000
91514  -33.675  -38.859  -20.868 1.0000000000
91515  -34.476  -38.744  -20.514 1.0000000000
91516  -34.302  -38.247  -20.989 1.0000000000
91521  -34.792  -36.173  -22.228 1.0000000000
91522  -35.483  -36.126  -21.737 1.0000000000
91523  -35.557  -36.756  -21.190 1.0000000000
91524  -36.176  -35.875  -21.287 1.0000000000
91525  -36.788  -35.663  -20.763 1.0000000000
91526  -36.679  -35.019  -21.251 1.0000000000
91527  -37.480  -32.897  -21.324 1.0000000000
91528  -37.525  -33.376  -20.857 1.0000000000
91529  -37.736  -32.476  -20.674 1.0000000000
91530  -37.817  -32.210  -19.920 1.0000000000
91531  -37.821  -31.733  -20.337 1.0000000000
91532  -37.730  -30.739  -20.093 1.0000000000
92058  -21.093  -27.845  -19.532 1.0000000000
92059  -21.012  -28.120  -19.211 1.0000000000
92117  -25.234  -29.724  -22.591 1.0000000000
92118  -24.408  -29.065  -22.924 1.0000000000
92119  -25.481  -29.431  -22.983 1.0000000000
92120  -27.115  -28.828  -23.533 1.0000000000
92121  -26.094  -28.745  -23.750 1.0000000000
92122  -26.394  -28.402  -24.150 1.0000000000
92123  -25.641  -27.802  -24.551 1.0000000000
93594  -30.820  -37.280  -14.144 1.0000000000
93596  -32.038  -37.049  -14.063 1.0000000000
93597  -32.296  -36.560  -14.423 1.0000000000
93598  -32.522  -36.075  -14.762 1.0000000000
93599  -33.129  -36.827  -13.971 1.0000000000
93600  -34.017  -37.005  -13.595 1.0000000000
93601  -34.876  -37.273  -13.267 1.0000000000
97900  -21.718  -28.712  -20.678 1.0000000000
97901  -21.405  -28.107  -20.353 1.0000000000
97902  -21.549  -27.905  -20.716 1.0000000000
97903  -21.475  -27.215  -20.910 1.0000000000
97908  -21.877  -26.106  -22.315 1.0000000000
97910  -22.039  -26.442  -22.473 1.0000000000
97911  -22.512  -26.958  -22.853 1.0000000000
97912  -23.115  -27.484  -23.171 1.0000000000
97913  -34.404  -29.803  -18.670 1.0000000000
97914  -33.710  -29.151  -19.366 1.0000000000
97915  -34.527  -29.244  -19.076 1.0000000000
102218  -23.188  -34.378  -17.533 1.0000000000
102219  -23.514  -34.171  -17.821 1.0000000000
102220  -27.721  -34.463  -17.047 1.0000000000
102221  -26.548  -34.249  -17.550 1.0000000000
102222  -26.837  -33.841  -17.808 1.0000000000
102223  -25.926  -33.267  -18.586 1.0000000000
102224  -25.066  -32.703  -19.336 1.0000000000
102225  -24.184  -32.103  -19.999 1.0000000000
102226  -25.413  -32.385  -19.607 1.0000000000
102227  -25.690  -32.032  -19.908 1.0000000000
102228  -26.005  -31.715  -20.259 1.0000000000
102229  -26.260  -31.380  -20.573 1.0000000000
102230  -27.126  -31.732  -19.663 1.0000000000
102231  -28.201  -31.724  -19.140 1.0000000000
102232  -29.191  -31.796  -18.714 1.0000000000
102233  -33.248  -34.043  -16.067 1.0000000000
102234  -32.516  -33.349  -16.747 1.0000000000
102235  -33.407  -33.529  -16.388 1.0000000000
102236  -33.561  -33.000  -16.736 1.0000000000
102237  -33.717  -32.452  -17.063 1.0000000000
102238  -33.862  -31.909  -17.400 1.0000000000
102239  -34.591  -32.673  -16.810 1.0000000000
102240  -35.443  -32.959  -16.637 1.0000000000
102241  -36.230  -33.280  -16.648 1.0000000000
114797  -37.252  -39.590  -13.000 1.0000000000
114799  -37.670  -39.641  -14.168 1.0000000000
114800  -37.752  -39.164  -14.829 1.0000000000
114801  -36.883  -39.424  -18.029 1.0000000000
114802  -37.398  -39.107  -17.352 1.0000000000
114803  -37.284  -38.608  -17.983 1.0000000000
114804  -37.630  -37.602  -17.979 1.0000000000
114805  -37.793  -36.560  -17.938 1.0000000000
114806  -37.849  -35.664  -17.749 1.0000000000
114807  -37.788  -36.027  -18.496 1.0000000000
114808  -37.755  -35.546  -18.981 1.0000000000
114809  -37.687  -35.082  -19.434 1.0000000000
114814  -32.863  -38.225  -21.694 1.0000000000
114819  -36.006  -34.683  -22.257 1.0000000000
114820  -36.595  -34.543  -21.680 1.0000000000
114821  -36.534  -34.021  -22.102 1.0000000000
114822  -37.015  -33.200  -21.990 1.0000000000
114823  -37.464  -32.321  -21.781 1.0000000000
115175  -27.312  -29.949  -21.976 1.0000000000
115176  -26.569  -29.561  -22.766 1.0000000000
115177  -27.548  -29.570  -22.371 1.0000000000
115178  -27.880  -29.161  -22.795 1.0000000000
115179  -28.150  -28.777  -23.166 1.0000000000
118542  -26.558  -35.999  -16.010 1.0000000000
118543  -27.721  -36.372  -15.472 1.0000000000
118544  -28.007  -35.967  -15.772 1.0000000000
118545  -28.318  -35.548  -16.059 1.0000000000
118546  -30.140  -36.555  -14.921 1.0000000000
118547  -29.378  -35.850  -15.625 1.0000000000
118548  -28.579  -35.116  -16.341 1.0000000000
118549  -28.826  -34.661  -16.612 1.0000000000
118550  -29.086  -34.212  -16.889 1.0000000000
118551  -29.336  -33.717  -17.179 1.0000000000
118552  -29.558  -33.264  -17.465 1.0000000000
118553  -30.324  -33.934  -16.826 1.0000000000
118554  -31.285  -34.148  -16.475 1.0000000000
118555  -32.186  -34.376  -16.103 1.0000000000
118556  -32.702  -35.599  -15.086 1.0000000000
118557  -32.908  -35.071  -15.420 1.0000000000
118558  -33.066  -34.558  -15.747 1.0000000000
118559  -33.945  -34.787  -15.380 1.0000000000
118560  -34.839  -34.989  -15.174 1.0000000000
118561  -35.678  -35.331  -14.999 1.0000000000
128328  -36.806  -41.831  -15.950 1.0000000000
128329  -36.695  -41.333  -16.651 1.0000000000
128330  -36.557  -40.817  -17.274 1.0000000000
128332  -35.895  -41.034  -17.824 1.0000000000
128333  -36.407  -40.260  -17.926 1.0000000000
128334  -36.259  -39.698  -18.554 1.0000000000
128335  -36.104  -39.085  -19.126 1.0000000000
128336  -35.974  -38.548  -19.661 1.0000000000
128590  -21.015  -29.325  -19.041 1.0000000000
128591  -20.951  -28.884  -18.901 1.0000000000
128592  -21.049  -28.659  -19.202 1.0000000000
128593  -21.087  -28.111  -19.523 1.0000000000
128595  -21.294  -27.650  -20.158 1.0000000000
128615  -22.107  -25.640  -23.111 1.0000000000
128621  -31.087  -29.581  -20.054 1.0000000000
128622  -30.423  -29.193  -20.900 1.0000000000
128623  -31.287  -29.099  -20.472 1.0000000000
128624  -31.500  -28.628  -20.878 1.0000000000
128625  -31.713  -28.144  -21.296 1.0000000000
128627  -32.500  -28.047  -20.935 1.0000000000
137715  -20.992  -30.262  -18.555 1.0000000000
137716  -25.649  -35.346  -16.806 1.0000000000
137717  -24.750  -34.631  -17.556 1.0000000000
137718  -23.827  -33.934  -18.189 1.0000000000
137719  -25.384  -33.974  -18.086 1.0000000000
137720  -24.137  -33.641  -18.565 1.0000000000
137721  -22.962  -33.071  -18.660 1.0000000000
137722  -22.183  -32.144  -18.986 1.0000000000
137723  -21.533  -31.073  -18.953 1.0000000000
137724  -21.183  -30.106  -18.968 1.0000000000
137725  -21.347  -29.981  -19.370 1.0000000000
137726  -21.596  -29.862  -19.780 1.0000000000
137727  -21.817  -29.751  -20.273 1.0000000000
137728  -23.366  -31.361  -20.396 1.0000000000
137729  -22.668  -30.490  -20.603 1.0000000000
137730  -22.088  -29.580  -20.657 1.0000000000
137731  -22.327  -29.384  -21.074 1.0000000000
137732  -22.628  -29.253  -21.518 1.0000000000
137733  -22.932  -29.047  -21.949 1.0000000000
137734  -23.222  -28.829  -22.352 1.0000000000
137735  -23.823  -29.640  -22.217 1.0000000000
137736  -24.954  -30.056  -22.252 1.0000000000
137737  -26.002  -30.262  -22.039 1.0000000000
137738  -26.546  -31.016  -20.917 1.0000000000
137739  -26.797  -30.685  -21.259 1.0000000000
137740  -27.107  -30.312  -21.630 1.0000000000
137741  -28.083  -30.231  -21.086 1.0000000000
137742  -29.081  -30.124  -20.581 1.0000000000
137743  -29.976  -30.067  -20.101 1.0000000000
137744  -29.771  -32.791  -17.750 1.0000000000
137745  -29.965  -32.371  -18.032 1.0000000000
137746  -30.125  -31.902  -18.333 1.0000000000
137747  -31.794  -32.695  -17.387 1.0000000000
137748  -31.051  -32.023  -18.009 1.0000000000
137749  -30.317  -31.420  -18.667 1.0000000000
137750  -30.520  -30.978  -18.969 1.0000000000
137751  -30.768  -30.489  -19.340 1.0000000000
137752  -30.884  -30.036  -19.702 1.0000000000
137753  -31.814  -30.037  -19.370 1.0000000000
137754  -32.610  -30.097  -18.997 1.0000000000
137755  -33.499  -30.085  -18.718 1.0000000000
137756  -34.002  -31.368  -17.741 1.0000000000
137757  -34.142  -30.810  -18.098 1.0000000000
137758  -34.271  -30.326  -18.391 1.0000000000
137759  -35.097  -30.454  -18.216 1.0000000000
137760  -35.902  -30.714  -18.091 1.0000000000
137761  -36.626  -31.062  -18.178 1.0000000000
163033  -35.271  -38.384  -12.271 1.0000000000
163034  -35.551  -37.920  -12.786 1.0000000000
163035  -35.799  -37.494  -13.263 1.0000000000
163036  -36.965  -38.687  -13.181 1.0000000000
163037  -36.564  -37.786  -13.470 1.0000000000
163038  -36.011  -36.990  -13.788 1.0000000000
163039  -36.191  -36.549  -14.234 1.0000000000
163040  -36.355  -36.054  -14.708 1.0000000000
163041  -36.495  -35.561  -15.174 1.0000000000
163042  -37.551  -40.539  -15.456 1.0000000000
163043  -37.718  -39.678  -15.461 1.0000000000
163044  -37.800  -38.718  -15.475 1.0000000000
163045  -37.705  -38.672  -16.771 1.0000000000
163046  -37.843  -38.182  -16.153 1.0000000000
163047  -37.694  -37.754  -15.449 1.0000000000
163048  -37.510  -36.812  -15.484 1.0000000000
163049  -37.152  -35.875  -15.528 1.0000000000
163050  -36.615  -35.061  -15.616 1.0000000000
163051  -36.736  -34.536  -16.078 1.0000000000
163052  -36.842  -33.951  -16.595 1.0000000000
163053  -36.943  -33.444  -16.984 1.0000000000
163054  -37.741  -34.731  -17.598 1.0000000000
163055  -37.438  -33.836  -17.447 1.0000000000
163056  -37.035  -32.927  -17.395 1.0000000000
163057  -37.117  -32.430  -17.811 1.0000000000
163058  -37.174  -31.860  -18.262 1.0000000000
163059  -37.254  -31.356  -18.652 1.0000000000
163066  -34.613  -39.538  -19.955 1.0000000000
163067  -35.242  -38.676  -20.147 1.0000000000
163068  -35.812  -37.830  -20.253 1.0000000000
163073  -34.110  -36.928  -22.012 1.0000000000
163074  -34.228  -37.485  -21.599 1.0000000000
163075  -34.970  -37.424  -21.166 1.0000000000
163076  -35.703  -37.286  -20.750 1.0000000000
163077  -36.371  -37.150  -20.255 1.0000000000
163078  -36.858  -36.318  -20.238 1.0000000000
163079  -37.360  -35.408  -20.135 1.0000000000
163080  -37.575  -34.535  -19.958 1.0000000000
163081  -37.146  -34.322  -21.027 1.0000000000
163082  -37.550  -34.001  -20.416 1.0000000000
163083  -37.823  -33.575  -19.690 1.0000000000
163084  -37.790  -32.680  -19.486 1.0000000000
163085  -37.647  -31.795  -19.200 1.0000000000
163086  -37.333  -30.874  -19.052 1.0000000000
163087  -37.398  -30.397  -19.481 1.0000000000
163789  -23.529  -28.564  -22.765 1.0000000000
163790  -23.695  -28.287  -23.116 1.0000000000
163791  -24.057  -28.009  -23.563 1.0000000000
163792  -25.810  -29.073  -23.340 1.0000000000
163793  -24.995  -28.458  -23.733 1.0000000000
163794  -24.325  -27.720  -23.962 1.0000000000
163795  -24.617  -27.479  -24.460 1.0000000000
163798  -29.756  -28.871  -21.791 1.0000000000
