#!ascii label  , from subject 40tvs8ref_sym_20 vox2ras=TkReg
414
119  -5.550  48.000  -19.099 1.0000000000
518  -10.624  55.190  -22.894 1.0000000000
519  -6.892  39.899  -24.463 1.0000000000
1138  -4.642  54.039  -23.208 1.0000000000
1139  -8.807  48.603  -21.833 1.0000000000
1140  -3.325  45.402  -26.724 1.0000000000
2198  -12.534  42.196  -24.123 1.0000000000
3057  -5.565  54.978  -19.554 1.0000000000
3058  -4.692  50.876  -20.957 1.0000000000
3059  -3.831  49.843  -24.652 1.0000000000
3060  -3.820  46.664  -22.688 1.0000000000
4849  -9.096  58.317  -22.309 1.0000000000
4851  -12.486  57.362  -20.347 1.0000000000
4856  -7.613  44.298  -22.575 1.0000000000
4857  -11.234  45.548  -21.993 1.0000000000
4858  -10.269  41.786  -21.233 1.0000000000
6655  -5.866  57.635  -22.060 1.0000000000
6656  -7.429  55.613  -23.568 1.0000000000
6657  -9.593  52.308  -23.429 1.0000000000
6658  -6.317  51.702  -23.225 1.0000000000
6659  -5.489  47.164  -24.376 1.0000000000
6660  -4.963  42.649  -26.733 1.0000000000
9154  -11.358  48.929  -24.327 1.0000000000
9155  -12.498  45.348  -25.651 1.0000000000
10737  -5.480  51.436  -19.056 1.0000000000
10738  -5.044  49.379  -19.903 1.0000000000
10739  -4.180  48.768  -21.803 1.0000000000
10740  -4.664  47.306  -20.757 1.0000000000
10741  -4.343  45.367  -21.792 1.0000000000
10742  -5.247  46.148  -20.031 1.0000000000
12529  -9.853  56.961  -22.855 1.0000000000
12530  -10.816  58.005  -21.539 1.0000000000
12531  -11.478  56.325  -21.725 1.0000000000
12532  -13.036  55.545  -20.171 1.0000000000
12533  -12.149  54.486  -21.500 1.0000000000
12535  -11.419  53.400  -22.845 1.0000000000
12536  -7.211  42.137  -23.501 1.0000000000
12537  -8.865  43.047  -21.815 1.0000000000
12538  -8.390  40.888  -22.564 1.0000000000
14929  -4.896  54.591  -21.542 1.0000000000
14930  -5.405  56.468  -20.920 1.0000000000
14931  -5.222  55.962  -22.637 1.0000000000
14932  -6.390  56.934  -23.311 1.0000000000
14933  -5.750  55.112  -23.530 1.0000000000
14934  -6.823  53.778  -23.339 1.0000000000
14935  -5.168  53.050  -23.806 1.0000000000
14936  -3.534  47.636  -25.644 1.0000000000
14937  -4.526  48.684  -25.105 1.0000000000
14938  -4.246  46.477  -26.212 1.0000000000
14939  -5.157  44.927  -25.495 1.0000000000
14940  -4.079  44.205  -27.401 1.0000000000
14941  -4.065  42.071  -28.379 1.0000000000
14942  -3.241  43.360  -27.913 1.0000000000
20326  -9.214  50.584  -22.554 1.0000000000
20327  -10.561  50.600  -23.744 1.0000000000
20328  -10.352  48.927  -22.689 1.0000000000
20329  -12.069  43.942  -22.928 1.0000000000
20330  -11.820  45.524  -24.389 1.0000000000
20331  -12.192  43.744  -25.521 1.0000000000
23933  -5.796  55.558  -17.530 1.0000000000
23934  -5.787  53.504  -18.266 1.0000000000
23935  -5.141  52.973  -20.221 1.0000000000
23936  -4.376  52.542  -22.196 1.0000000000
23937  -4.146  51.958  -23.829 1.0000000000
23938  -3.937  50.489  -22.947 1.0000000000
23939  -3.532  48.335  -23.785 1.0000000000
23940  -3.224  46.084  -24.846 1.0000000000
23941  -3.112  44.112  -26.057 1.0000000000
23942  -3.565  44.684  -23.847 1.0000000000
27159  -8.347  59.330  -21.255 1.0000000000
27161  -10.161  59.301  -20.813 1.0000000000
27162  -11.922  58.928  -20.057 1.0000000000
27163  -13.677  58.300  -19.079 1.0000000000
27172  -8.217  46.505  -21.877 1.0000000000
27173  -10.057  47.083  -21.639 1.0000000000
27174  -9.516  45.090  -21.367 1.0000000000
27175  -10.854  43.677  -21.266 1.0000000000
27176  -12.084  42.251  -21.686 1.0000000000
30885  -5.639  56.986  -18.971 1.0000000000
30886  -5.738  58.276  -20.296 1.0000000000
30887  -6.638  59.053  -21.109 1.0000000000
30888  -7.244  58.273  -22.589 1.0000000000
30889  -8.183  57.212  -23.337 1.0000000000
30890  -9.139  55.611  -23.512 1.0000000000
30891  -10.002  53.887  -23.523 1.0000000000
30892  -8.561  54.046  -23.416 1.0000000000
30893  -8.058  52.209  -22.806 1.0000000000
30894  -7.561  50.134  -22.333 1.0000000000
30895  -4.778  50.901  -24.369 1.0000000000
30896  -5.873  49.444  -23.548 1.0000000000
30897  -7.036  47.890  -22.560 1.0000000000
30898  -6.488  45.655  -23.421 1.0000000000
30899  -6.103  43.435  -24.508 1.0000000000
30900  -5.884  41.148  -25.543 1.0000000000
30901  -5.896  39.063  -26.188 1.0000000000
30902  -4.988  40.515  -27.456 1.0000000000
37702  -10.884  52.097  -23.746 1.0000000000
37703  -11.733  50.337  -24.106 1.0000000000
37704  -12.479  48.590  -24.416 1.0000000000
37705  -11.267  47.233  -23.295 1.0000000000
37706  -11.920  47.200  -25.083 1.0000000000
41456  -5.686  49.028  -18.623 1.0000000000
41457  -5.442  49.728  -18.975 1.0000000000
41458  -5.260  48.693  -19.468 1.0000000000
41459  -4.825  48.336  -20.330 1.0000000000
41460  -5.095  47.664  -19.893 1.0000000000
41461  -4.943  46.735  -20.370 1.0000000000
41462  -5.399  47.078  -19.555 1.0000000000
43249  -10.248  56.111  -22.939 1.0000000000
43250  -10.673  56.665  -22.371 1.0000000000
43251  -11.028  55.777  -22.366 1.0000000000
43252  -11.808  55.411  -21.632 1.0000000000
43253  -11.378  54.854  -22.282 1.0000000000
43254  -11.737  53.960  -22.197 1.0000000000
43255  -11.021  54.312  -22.869 1.0000000000
43256  -7.054  41.018  -23.983 1.0000000000
43257  -7.794  41.487  -23.048 1.0000000000
43258  -7.603  40.420  -23.487 1.0000000000
43262  -6.914  38.900  -24.692 1.0000000000
45649  -4.646  54.380  -22.475 1.0000000000
45650  -4.968  55.320  -22.133 1.0000000000
45651  -4.911  55.022  -22.909 1.0000000000
45652  -5.389  55.608  -23.226 1.0000000000
45653  -5.099  54.623  -23.442 1.0000000000
45654  -5.430  54.106  -23.639 1.0000000000
45655  -4.785  53.603  -23.675 1.0000000000
45656  -3.400  46.552  -26.163 1.0000000000
45657  -3.805  47.154  -26.161 1.0000000000
45658  -3.720  46.016  -26.670 1.0000000000
45659  -4.136  45.355  -26.877 1.0000000000
45660  -3.623  44.888  -27.302 1.0000000000
45661  -3.629  43.850  -27.827 1.0000000000
45662  -3.284  44.370  -27.319 1.0000000000
51046  -9.048  49.621  -22.109 1.0000000000
51047  -9.805  49.790  -22.534 1.0000000000
51048  -9.656  48.822  -22.044 1.0000000000
51049  -12.367  43.077  -23.515 1.0000000000
51050  -12.138  43.832  -24.336 1.0000000000
51051  -12.283  42.933  -24.945 1.0000000000
55247  -5.926  53.856  -17.357 1.0000000000
55249  -5.099  51.137  -20.007 1.0000000000
55250  -5.328  52.173  -19.606 1.0000000000
55251  -4.919  51.940  -20.578 1.0000000000
55252  -4.741  52.770  -21.214 1.0000000000
55253  -4.505  51.721  -21.540 1.0000000000
55254  -4.156  51.536  -22.540 1.0000000000
55255  -4.280  50.694  -21.939 1.0000000000
55256  -3.979  47.705  -22.211 1.0000000000
55257  -3.814  48.558  -22.735 1.0000000000
55258  -3.597  47.462  -23.253 1.0000000000
55259  -3.375  47.211  -24.309 1.0000000000
55260  -3.483  46.376  -23.743 1.0000000000
55261  -3.359  45.383  -24.298 1.0000000000
55262  -3.673  45.694  -23.238 1.0000000000
55263  -4.655  44.788  -21.371 1.0000000000
55264  -4.236  44.394  -22.304 1.0000000000
60624  -8.734  58.851  -21.835 1.0000000000
60625  -9.278  59.347  -21.074 1.0000000000
60626  -9.616  58.828  -21.596 1.0000000000
60627  -11.653  57.719  -20.989 1.0000000000
60628  -11.345  58.479  -20.791 1.0000000000
60629  -12.203  58.197  -20.270 1.0000000000
60630  -12.798  58.665  -19.621 1.0000000000
60631  -13.056  57.837  -19.703 1.0000000000
60632  -13.911  57.430  -19.078 1.0000000000
60635  -13.765  55.064  -19.424 1.0000000000
60646  -7.914  45.391  -22.193 1.0000000000
60647  -8.866  45.781  -21.604 1.0000000000
60648  -8.532  44.733  -21.815 1.0000000000
60649  -9.561  42.417  -21.500 1.0000000000
60650  -9.870  43.427  -21.303 1.0000000000
60651  -10.570  42.766  -21.163 1.0000000000
60652  -11.517  42.988  -21.346 1.0000000000
60653  -11.271  42.079  -21.167 1.0000000000
60654  -11.930  41.374  -21.246 1.0000000000
60655  -10.980  41.155  -21.073 1.0000000000
67824  -5.724  55.234  -18.530 1.0000000000
67825  -5.687  56.269  -18.233 1.0000000000
67826  -5.625  55.988  -19.247 1.0000000000
67827  -5.522  57.122  -21.533 1.0000000000
67828  -5.553  57.415  -20.621 1.0000000000
67829  -5.775  57.976  -21.196 1.0000000000
67830  -6.051  58.757  -20.783 1.0000000000
67831  -6.243  58.369  -21.618 1.0000000000
67832  -6.923  58.645  -21.874 1.0000000000
67833  -6.439  58.031  -22.425 1.0000000000
67834  -6.881  56.336  -23.534 1.0000000000
67835  -7.258  57.179  -23.419 1.0000000000
67836  -7.773  56.464  -23.547 1.0000000000
67837  -8.655  56.463  -23.475 1.0000000000
67838  -8.312  55.676  -23.602 1.0000000000
67839  -8.836  54.848  -23.544 1.0000000000
67840  -8.006  54.843  -23.516 1.0000000000
67841  -6.537  52.748  -23.264 1.0000000000
67842  -7.424  53.014  -23.104 1.0000000000
67843  -7.198  52.009  -22.845 1.0000000000
67844  -7.816  51.177  -22.538 1.0000000000
67845  -6.940  50.932  -22.794 1.0000000000
67846  -3.947  50.926  -24.271 1.0000000000
67847  -4.330  51.508  -24.370 1.0000000000
67848  -4.230  50.411  -24.671 1.0000000000
67849  -4.991  47.954  -24.825 1.0000000000
67850  -5.156  49.070  -24.377 1.0000000000
67851  -5.689  48.304  -23.890 1.0000000000
67852  -6.466  48.653  -23.040 1.0000000000
67853  -6.215  47.510  -23.415 1.0000000000
67854  -6.762  46.768  -22.963 1.0000000000
67855  -5.987  46.378  -23.895 1.0000000000
67856  -5.029  43.795  -26.114 1.0000000000
67857  -5.617  44.152  -25.009 1.0000000000
67858  -5.493  43.020  -25.585 1.0000000000
67859  -5.973  42.295  -25.047 1.0000000000
67860  -5.402  41.861  -26.150 1.0000000000
67861  -5.415  40.837  -26.491 1.0000000000
67862  -4.954  41.612  -27.165 1.0000000000
67864  -4.106  40.924  -28.738 1.0000000000
67868  -3.226  43.423  -25.557 1.0000000000
67869  -3.010  43.088  -26.695 1.0000000000
84016  -9.783  53.109  -23.603 1.0000000000
84017  -10.442  53.021  -23.621 1.0000000000
84018  -10.259  52.252  -23.713 1.0000000000
84019  -10.985  49.779  -24.001 1.0000000000
84020  -11.126  50.518  -24.111 1.0000000000
84021  -11.492  49.682  -24.359 1.0000000000
84022  -12.112  49.470  -24.278 1.0000000000
84023  -11.852  48.809  -24.643 1.0000000000
84024  -10.694  46.326  -21.708 1.0000000000
84025  -10.799  47.206  -22.265 1.0000000000
84026  -11.318  46.435  -22.555 1.0000000000
84027  -12.020  45.456  -25.376 1.0000000000
84028  -11.799  46.359  -24.937 1.0000000000
84029  -12.198  46.299  -25.410 1.0000000000
84030  -12.489  47.043  -25.134 1.0000000000
84031  -12.854  46.059  -25.193 1.0000000000
84033  -13.223  45.087  -25.274 1.0000000000
84084  -5.931  38.018  -26.421 1.0000000000
93053  -5.786  51.794  -18.154 1.0000000000
93055  -5.268  50.397  -19.475 1.0000000000
93056  -4.869  50.101  -20.428 1.0000000000
93057  -4.436  49.852  -21.379 1.0000000000
93058  -4.614  49.065  -20.848 1.0000000000
93059  -4.392  47.998  -21.258 1.0000000000
93060  -4.238  46.954  -21.689 1.0000000000
93061  -4.059  45.992  -22.234 1.0000000000
93062  -4.492  46.367  -21.246 1.0000000000
93063  -4.785  45.775  -20.873 1.0000000000
96279  -9.457  57.714  -22.685 1.0000000000
96280  -9.955  58.207  -21.986 1.0000000000
96281  -10.288  57.533  -22.300 1.0000000000
96282  -11.136  57.207  -21.729 1.0000000000
96283  -11.955  56.865  -21.031 1.0000000000
96284  -12.761  56.455  -20.314 1.0000000000
96285  -12.266  55.951  -20.960 1.0000000000
96286  -12.572  55.030  -20.807 1.0000000000
96289  -12.448  53.605  -21.361 1.0000000000
96290  -12.114  53.058  -22.147 1.0000000000
96292  -7.403  43.218  -23.041 1.0000000000
96293  -8.230  43.648  -22.205 1.0000000000
96294  -7.968  42.543  -22.621 1.0000000000
96295  -8.621  41.953  -22.191 1.0000000000
96296  -9.292  41.361  -21.760 1.0000000000
96298  -9.022  40.343  -22.101 1.0000000000
100599  -5.230  54.814  -20.567 1.0000000000
100600  -5.453  55.740  -20.257 1.0000000000
100601  -5.176  55.544  -21.203 1.0000000000
100602  -5.212  56.261  -21.869 1.0000000000
100603  -5.512  56.857  -22.383 1.0000000000
100604  -6.071  57.344  -22.788 1.0000000000
100605  -5.692  56.519  -23.034 1.0000000000
100606  -6.060  56.058  -23.433 1.0000000000
100607  -6.546  55.475  -23.557 1.0000000000
100608  -7.124  54.740  -23.504 1.0000000000
100609  -6.248  54.488  -23.550 1.0000000000
100610  -5.924  53.475  -23.550 1.0000000000
100611  -5.689  52.416  -23.630 1.0000000000
100612  -3.671  48.748  -25.142 1.0000000000
100613  -4.106  49.333  -25.108 1.0000000000
100614  -3.974  48.219  -25.563 1.0000000000
100615  -4.349  47.596  -25.710 1.0000000000
100616  -4.835  46.837  -25.391 1.0000000000
100617  -5.305  46.044  -24.922 1.0000000000
100618  -4.706  45.745  -25.982 1.0000000000
100619  -4.606  44.568  -26.561 1.0000000000
100620  -4.533  43.423  -27.211 1.0000000000
100621  -4.518  42.381  -27.641 1.0000000000
100622  -4.065  43.163  -27.916 1.0000000000
100623  -3.615  42.770  -28.290 1.0000000000
100624  -3.249  42.265  -28.362 1.0000000000
110314  -9.394  51.481  -23.027 1.0000000000
110315  -10.126  51.450  -23.568 1.0000000000
110316  -9.947  50.634  -23.143 1.0000000000
110317  -10.437  49.782  -23.313 1.0000000000
110318  -10.897  48.970  -23.570 1.0000000000
110319  -11.764  44.798  -22.303 1.0000000000
110320  -11.652  45.583  -23.092 1.0000000000
110321  -11.939  44.730  -23.697 1.0000000000
110322  -11.940  44.643  -25.075 1.0000000000
110323  -12.253  44.551  -25.779 1.0000000000
110324  -12.875  44.371  -25.774 1.0000000000
117281  -5.814  55.909  -16.655 1.0000000000
117283  -5.834  54.531  -17.888 1.0000000000
117284  -5.674  54.204  -18.848 1.0000000000
117285  -5.665  52.474  -18.662 1.0000000000
117286  -5.522  53.206  -19.235 1.0000000000
117287  -5.363  53.999  -19.880 1.0000000000
117288  -4.969  53.810  -20.904 1.0000000000
117289  -4.620  53.587  -21.873 1.0000000000
117290  -4.408  53.345  -22.777 1.0000000000
117291  -4.347  53.010  -23.521 1.0000000000
117292  -4.130  52.323  -23.099 1.0000000000
117293  -3.939  51.279  -23.478 1.0000000000
117294  -3.741  50.204  -23.892 1.0000000000
117295  -4.047  49.652  -22.312 1.0000000000
117296  -3.738  49.417  -23.300 1.0000000000
117297  -3.584  49.142  -24.338 1.0000000000
117298  -3.434  48.040  -24.805 1.0000000000
117299  -3.283  46.932  -25.353 1.0000000000
117300  -3.204  45.789  -25.867 1.0000000000
117301  -3.125  44.793  -26.501 1.0000000000
117302  -3.192  45.116  -25.431 1.0000000000
117303  -3.293  44.411  -24.943 1.0000000000
117304  -3.493  43.710  -24.447 1.0000000000
117305  -3.902  44.986  -22.802 1.0000000000
117306  -3.830  44.045  -23.368 1.0000000000
124809  -7.929  59.789  -20.567 1.0000000000
124811  -8.899  59.833  -20.464 1.0000000000
124812  -9.856  59.800  -20.263 1.0000000000
124814  -10.482  58.720  -21.249 1.0000000000
124815  -11.045  59.160  -20.462 1.0000000000
124816  -11.672  59.593  -19.716 1.0000000000
124817  -12.550  59.363  -19.407 1.0000000000
124819  -14.353  58.745  -18.476 1.0000000000
124824  -13.540  55.999  -19.584 1.0000000000
124840  -8.526  47.572  -21.785 1.0000000000
124841  -9.436  47.840  -21.696 1.0000000000
124842  -9.176  46.834  -21.529 1.0000000000
124843  -9.829  46.108  -21.402 1.0000000000
124844  -10.484  45.361  -21.405 1.0000000000
124845  -9.164  44.062  -21.556 1.0000000000
124846  -10.180  44.377  -21.253 1.0000000000
124847  -11.130  44.616  -21.495 1.0000000000
124848  -11.661  43.895  -21.808 1.0000000000
124849  -12.203  43.165  -22.150 1.0000000000
124850  -12.501  42.305  -22.748 1.0000000000
124851  -12.812  41.467  -23.367 1.0000000000
124852  -12.625  41.508  -22.060 1.0000000000
134295  -5.685  56.601  -17.272 1.0000000000
134296  -5.616  57.278  -17.966 1.0000000000
134298  -5.559  56.722  -19.966 1.0000000000
134299  -5.634  57.676  -19.677 1.0000000000
134300  -5.662  58.594  -19.417 1.0000000000
134301  -5.861  59.125  -19.940 1.0000000000
134302  -6.376  59.469  -20.303 1.0000000000
134304  -7.393  59.259  -21.281 1.0000000000
134305  -7.789  58.807  -21.942 1.0000000000
134306  -8.210  58.345  -22.504 1.0000000000
134307  -6.819  57.677  -23.042 1.0000000000
134308  -7.707  57.828  -23.086 1.0000000000
134309  -8.634  57.813  -22.940 1.0000000000
134310  -9.040  57.139  -23.166 1.0000000000
134311  -9.486  56.351  -23.288 1.0000000000
134312  -9.895  55.449  -23.294 1.0000000000
134313  -10.269  54.603  -23.324 1.0000000000
134314  -9.571  54.780  -23.529 1.0000000000
134315  -9.306  53.994  -23.536 1.0000000000
134316  -9.075  53.212  -23.368 1.0000000000
134317  -7.714  53.995  -23.329 1.0000000000
134318  -8.286  53.185  -23.164 1.0000000000
134319  -8.847  52.317  -23.052 1.0000000000
134320  -8.638  51.364  -22.629 1.0000000000
134321  -8.431  50.377  -22.248 1.0000000000
134322  -8.185  49.342  -22.083 1.0000000000
134323  -4.571  52.542  -23.942 1.0000000000
134324  -4.950  51.985  -24.069 1.0000000000
134325  -5.490  51.341  -23.814 1.0000000000
134326  -4.635  49.794  -24.713 1.0000000000
134327  -5.302  50.199  -24.042 1.0000000000
134328  -6.086  50.593  -23.333 1.0000000000
134329  -6.683  49.832  -22.813 1.0000000000
134330  -7.303  49.013  -22.413 1.0000000000
134331  -7.907  48.289  -22.033 1.0000000000
134332  -7.620  47.188  -22.229 1.0000000000
134333  -7.292  46.092  -22.545 1.0000000000
134334  -7.043  44.951  -23.010 1.0000000000
134335  -5.789  45.261  -24.414 1.0000000000
134336  -6.279  44.524  -23.965 1.0000000000
134337  -6.811  43.840  -23.489 1.0000000000
134338  -6.653  42.771  -23.997 1.0000000000
134339  -6.508  41.646  -24.472 1.0000000000
134340  -6.392  40.508  -24.971 1.0000000000
134341  -6.374  39.467  -25.282 1.0000000000
134342  -5.880  40.108  -25.868 1.0000000000
134343  -5.427  39.781  -26.808 1.0000000000
134344  -5.039  39.377  -27.794 1.0000000000
134345  -4.534  41.294  -28.036 1.0000000000
134346  -4.589  40.140  -28.383 1.0000000000
134351  -3.072  43.750  -27.106 1.0000000000
154066  -10.704  53.692  -23.302 1.0000000000
154067  -11.121  52.780  -23.389 1.0000000000
154069  -10.697  51.393  -23.953 1.0000000000
154070  -11.319  51.213  -23.941 1.0000000000
154071  -11.976  50.957  -23.598 1.0000000000
154072  -12.375  50.078  -23.722 1.0000000000
154073  -12.769  49.211  -23.741 1.0000000000
154075  -10.257  48.021  -22.062 1.0000000000
154076  -10.886  48.105  -22.890 1.0000000000
154077  -11.279  48.129  -24.005 1.0000000000
154078  -11.592  46.394  -23.821 1.0000000000
154079  -11.560  47.238  -24.387 1.0000000000
154080  -11.642  48.075  -24.757 1.0000000000
154081  -12.186  47.929  -24.891 1.0000000000
154082  -12.841  47.675  -24.480 1.0000000000
154147  -6.395  38.431  -25.520 1.0000000000
154201  -5.744  46.535  -19.215 1.0000000000
