#!ascii label  , from subject 40tvs8ref_sym_20 vox2ras=TkReg
364
279  -59.785  -32.382  32.238 1.0000000000
544  -50.928  -33.779  29.282 1.0000000000
1201  -55.360  -30.835  25.984 1.0000000000
1655  -55.930  -35.539  35.346 1.0000000000
2272  -60.274  -30.728  26.939 1.0000000000
2273  -55.687  -33.316  30.373 1.0000000000
2274  -52.105  -37.345  33.381 1.0000000000
3717  -59.420  -32.910  34.453 1.0000000000
3719  -57.723  -33.696  33.719 1.0000000000
5043  -53.041  -32.106  27.825 1.0000000000
5044  -55.469  -32.073  28.270 1.0000000000
5045  -53.275  -33.547  29.805 1.0000000000
5046  -53.457  -34.877  32.114 1.0000000000
5047  -51.289  -35.399  31.424 1.0000000000
5975  -62.273  -31.172  30.825 1.0000000000
9377  -62.591  -30.401  27.854 1.0000000000
9378  -60.102  -31.643  29.673 1.0000000000
9379  -57.836  -30.831  26.371 1.0000000000
9380  -57.877  -31.998  28.833 1.0000000000
9381  -57.903  -32.990  31.154 1.0000000000
9382  -55.731  -34.298  32.798 1.0000000000
9383  -53.986  -36.443  34.412 1.0000000000
11395  -60.781  -32.022  32.694 1.0000000000
11396  -60.544  -32.259  33.795 1.0000000000
11397  -59.634  -32.690  33.302 1.0000000000
11398  -58.576  -33.337  34.016 1.0000000000
11399  -58.721  -33.059  32.901 1.0000000000
12723  -51.959  -32.929  28.622 1.0000000000
12724  -53.148  -32.854  28.797 1.0000000000
12725  -52.097  -33.648  29.521 1.0000000000
12726  -52.203  -34.364  30.588 1.0000000000
12727  -51.069  -34.566  30.321 1.0000000000
16915  -56.755  -35.074  35.690 1.0000000000
16919  -55.400  -36.839  35.919 1.0000000000
20885  -61.473  -30.607  27.354 1.0000000000
20886  -61.330  -31.045  28.797 1.0000000000
20887  -60.243  -31.197  28.317 1.0000000000
20890  -56.600  -30.839  26.143 1.0000000000
20891  -55.581  -32.763  29.313 1.0000000000
20892  -56.680  -32.069  28.517 1.0000000000
20893  -56.760  -32.694  29.590 1.0000000000
20894  -57.883  -32.555  29.960 1.0000000000
20895  -56.858  -33.130  30.690 1.0000000000
20896  -56.870  -33.606  31.932 1.0000000000
20897  -55.740  -33.809  31.553 1.0000000000
20898  -52.639  -35.986  32.920 1.0000000000
20899  -53.651  -35.601  33.331 1.0000000000
20900  -53.035  -36.878  33.895 1.0000000000
20901  -53.620  -37.822  34.678 1.0000000000
20902  -52.790  -38.290  34.031 1.0000000000
25126  -57.599  -34.128  34.854 1.0000000000
25127  -56.710  -34.536  34.555 1.0000000000
27509  -54.179  -31.394  26.929 1.0000000000
27510  -55.417  -31.388  27.124 1.0000000000
27511  -54.267  -32.068  28.030 1.0000000000
27512  -54.384  -32.787  29.045 1.0000000000
27513  -54.468  -33.437  30.073 1.0000000000
27514  -54.528  -33.999  31.212 1.0000000000
27515  -53.355  -34.196  30.878 1.0000000000
27516  -52.375  -35.135  31.785 1.0000000000
27517  -51.636  -36.322  32.517 1.0000000000
29302  -62.063  -31.421  32.067 1.0000000000
29303  -60.982  -31.757  31.589 1.0000000000
31159  -54.223  -30.866  25.781 1.0000000000
31160  -53.024  -31.436  26.756 1.0000000000
31161  -51.843  -32.137  27.651 1.0000000000
31162  -50.771  -33.008  28.397 1.0000000000
38373  -63.518  -30.008  28.479 1.0000000000
38374  -62.467  -30.846  29.376 1.0000000000
38375  -61.196  -31.433  30.215 1.0000000000
38376  -59.956  -32.048  30.976 1.0000000000
38379  -59.071  -30.823  26.662 1.0000000000
38380  -56.629  -31.416  27.356 1.0000000000
38381  -57.841  -31.397  27.614 1.0000000000
38382  -59.072  -31.324  27.948 1.0000000000
38383  -59.003  -31.871  29.226 1.0000000000
38384  -58.930  -32.343  30.463 1.0000000000
38385  -58.849  -32.721  31.647 1.0000000000
38386  -57.821  -33.336  32.382 1.0000000000
38387  -56.754  -34.010  33.270 1.0000000000
38388  -55.745  -34.862  34.129 1.0000000000
38389  -54.585  -34.594  32.440 1.0000000000
38390  -54.660  -35.262  33.740 1.0000000000
38391  -54.943  -36.044  34.926 1.0000000000
38392  -54.470  -37.337  35.296 1.0000000000
38403  -49.714  -34.016  29.084 1.0000000000
38412  -49.921  -34.850  30.017 1.0000000000
38413  -50.195  -35.794  31.082 1.0000000000
38414  -50.619  -36.752  32.037 1.0000000000
38415  -51.200  -37.839  32.787 1.0000000000
38418  -51.969  -38.788  33.288 1.0000000000
42115  -60.281  -32.207  32.452 1.0000000000
42116  -60.187  -32.354  32.996 1.0000000000
42117  -59.700  -32.528  32.783 1.0000000000
42118  -59.174  -32.867  33.095 1.0000000000
42119  -59.249  -32.735  32.562 1.0000000000
43443  -51.432  -33.351  28.974 1.0000000000
43444  -52.016  -33.291  29.087 1.0000000000
43445  -51.500  -33.718  29.422 1.0000000000
43446  -51.567  -34.082  29.901 1.0000000000
43447  -50.990  -34.162  29.770 1.0000000000
47635  -56.338  -35.274  35.513 1.0000000000
47636  -56.434  -35.606  36.010 1.0000000000
47637  -56.046  -35.874  35.824 1.0000000000
47639  -55.625  -36.147  35.663 1.0000000000
51605  -60.875  -30.674  27.129 1.0000000000
51606  -60.837  -30.892  27.821 1.0000000000
51607  -60.255  -30.941  27.637 1.0000000000
51608  -55.970  -30.571  25.492 1.0000000000
51609  -56.600  -30.577  25.548 1.0000000000
51610  -55.972  -30.834  26.044 1.0000000000
51611  -55.630  -33.056  29.835 1.0000000000
51612  -56.183  -32.743  29.449 1.0000000000
51613  -56.232  -32.994  29.978 1.0000000000
51614  -56.809  -32.906  30.125 1.0000000000
51615  -56.282  -33.221  30.524 1.0000000000
51616  -56.325  -33.460  31.103 1.0000000000
51617  -55.729  -33.558  30.944 1.0000000000
51618  -52.337  -36.628  33.210 1.0000000000
51619  -52.815  -36.415  33.448 1.0000000000
51620  -52.579  -37.108  33.648 1.0000000000
51621  -52.866  -37.590  34.027 1.0000000000
51622  -52.431  -37.837  33.720 1.0000000000
57228  -59.979  -32.563  34.086 1.0000000000
57230  -59.847  -32.696  34.689 1.0000000000
57232  -59.337  -33.065  35.051 1.0000000000
57235  -58.141  -33.522  33.863 1.0000000000
57236  -58.066  -33.716  34.425 1.0000000000
57237  -57.638  -33.918  34.263 1.0000000000
57238  -57.154  -34.344  34.699 1.0000000000
57239  -57.209  -34.095  34.123 1.0000000000
61208  -53.608  -31.733  27.371 1.0000000000
61209  -54.216  -31.718  27.467 1.0000000000
61210  -53.660  -32.070  27.908 1.0000000000
61211  -53.197  -33.215  29.304 1.0000000000
61212  -53.757  -32.821  28.932 1.0000000000
61213  -53.830  -33.163  29.423 1.0000000000
61214  -54.426  -33.124  29.552 1.0000000000
61215  -53.881  -33.494  29.932 1.0000000000
61216  -53.919  -33.796  30.453 1.0000000000
61217  -53.322  -33.872  30.315 1.0000000000
61218  -51.717  -34.854  31.010 1.0000000000
61219  -52.276  -34.745  31.182 1.0000000000
61220  -51.820  -35.261  31.616 1.0000000000
61221  -51.960  -35.708  32.183 1.0000000000
61222  -51.453  -35.848  31.981 1.0000000000
64437  -62.167  -31.305  31.444 1.0000000000
64438  -61.516  -31.594  31.829 1.0000000000
64439  -61.639  -31.467  31.224 1.0000000000
68416  -53.629  -31.134  26.263 1.0000000000
68417  -53.056  -31.153  26.198 1.0000000000
68419  -51.814  -31.803  27.122 1.0000000000
68420  -51.240  -32.175  27.567 1.0000000000
68421  -51.308  -32.552  28.047 1.0000000000
68422  -50.699  -32.598  27.935 1.0000000000
85695  -63.092  -30.229  28.157 1.0000000000
85696  -63.046  -30.444  28.927 1.0000000000
85697  -62.555  -30.626  28.616 1.0000000000
85698  -60.713  -31.340  29.226 1.0000000000
85699  -61.273  -31.241  29.504 1.0000000000
85700  -60.644  -31.539  29.935 1.0000000000
85701  -60.546  -31.732  30.636 1.0000000000
85702  -60.025  -31.859  30.338 1.0000000000
85706  -57.841  -30.598  25.710 1.0000000000
85709  -59.049  -30.603  26.007 1.0000000000
85710  -58.466  -30.823  26.506 1.0000000000
85711  -55.431  -31.722  27.720 1.0000000000
85712  -56.017  -31.394  27.237 1.0000000000
85713  -56.034  -31.720  27.830 1.0000000000
85714  -57.292  -32.048  28.666 1.0000000000
85715  -57.255  -31.728  28.091 1.0000000000
85716  -57.879  -31.684  28.245 1.0000000000
85717  -58.462  -31.353  27.770 1.0000000000
85718  -58.457  -31.639  28.422 1.0000000000
85719  -59.044  -31.591  28.591 1.0000000000
85720  -58.458  -31.939  29.031 1.0000000000
85721  -57.904  -32.789  30.558 1.0000000000
85722  -58.421  -32.471  30.206 1.0000000000
85723  -58.423  -32.667  30.801 1.0000000000
85724  -58.897  -32.538  31.061 1.0000000000
85725  -58.381  -32.844  31.379 1.0000000000
85726  -58.345  -33.027  31.983 1.0000000000
85727  -57.867  -33.172  31.750 1.0000000000
85728  -56.293  -33.916  32.350 1.0000000000
85729  -56.798  -33.779  32.566 1.0000000000
85730  -56.265  -34.135  33.015 1.0000000000
85731  -56.244  -34.390  33.689 1.0000000000
85732  -55.738  -34.552  33.464 1.0000000000
85733  -53.951  -34.412  31.655 1.0000000000
85734  -54.538  -34.289  31.823 1.0000000000
85735  -54.025  -34.733  32.280 1.0000000000
85736  -53.782  -36.020  33.906 1.0000000000
85737  -54.165  -35.445  33.535 1.0000000000
85738  -54.287  -35.832  34.130 1.0000000000
85739  -54.790  -35.616  34.351 1.0000000000
85740  -54.469  -36.232  34.662 1.0000000000
85741  -54.658  -36.682  35.154 1.0000000000
85742  -54.198  -36.886  34.860 1.0000000000
85743  -53.574  -38.524  34.660 1.0000000000
85744  -53.974  -38.273  35.007 1.0000000000
85769  -49.618  -33.617  28.651 1.0000000000
85792  -49.360  -35.015  29.861 1.0000000000
85794  -50.042  -35.305  30.543 1.0000000000
85795  -49.690  -35.990  30.878 1.0000000000
85797  -50.141  -36.977  31.775 1.0000000000
85799  -50.890  -37.288  32.445 1.0000000000
85809  -52.423  -39.241  33.486 1.0000000000
94241  -60.652  -32.161  33.253 1.0000000000
94242  -60.088  -32.476  33.547 1.0000000000
94243  -59.520  -32.790  33.860 1.0000000000
94244  -59.012  -33.129  34.203 1.0000000000
94245  -59.094  -32.991  33.637 1.0000000000
94246  -58.653  -33.168  33.455 1.0000000000
94247  -58.206  -33.354  33.291 1.0000000000
96629  -52.499  -32.489  28.229 1.0000000000
96630  -53.110  -32.457  28.322 1.0000000000
96631  -52.552  -32.871  28.712 1.0000000000
96632  -52.618  -33.238  29.183 1.0000000000
96633  -52.686  -33.580  29.656 1.0000000000
96634  -52.718  -33.907  30.164 1.0000000000
96635  -52.146  -33.984  30.033 1.0000000000
96636  -51.636  -34.465  30.464 1.0000000000
96637  -51.162  -34.977  30.871 1.0000000000
98567  -62.880  -30.837  30.441 1.0000000000
104175  -57.179  -34.844  35.852 1.0000000000
104182  -55.638  -37.235  36.275 1.0000000000
111320  -62.099  -30.301  26.869 1.0000000000
111321  -62.035  -30.528  27.606 1.0000000000
111322  -61.959  -30.743  28.346 1.0000000000
111323  -61.408  -30.826  28.064 1.0000000000
111324  -60.786  -31.115  28.512 1.0000000000
111325  -60.168  -31.431  28.985 1.0000000000
111329  -57.217  -30.592  25.613 1.0000000000
111330  -57.224  -30.826  26.234 1.0000000000
111331  -55.511  -32.445  28.781 1.0000000000
111332  -56.070  -32.078  28.381 1.0000000000
111333  -56.121  -32.434  28.911 1.0000000000
111334  -56.708  -32.431  29.050 1.0000000000
111335  -57.301  -32.358  29.207 1.0000000000
111336  -57.880  -32.284  29.386 1.0000000000
111337  -57.324  -32.618  29.743 1.0000000000
111338  -57.362  -32.865  30.322 1.0000000000
111339  -57.414  -33.090  30.923 1.0000000000
111340  -57.391  -33.307  31.527 1.0000000000
111341  -56.893  -33.378  31.298 1.0000000000
111342  -56.324  -33.712  31.729 1.0000000000
111343  -55.740  -34.059  32.170 1.0000000000
111344  -53.020  -35.395  32.549 1.0000000000
111345  -53.562  -35.229  32.748 1.0000000000
111346  -53.141  -35.790  33.125 1.0000000000
111347  -53.299  -36.204  33.655 1.0000000000
111348  -53.499  -36.634  34.131 1.0000000000
111349  -53.735  -37.105  34.580 1.0000000000
111350  -53.312  -37.347  34.313 1.0000000000
111351  -53.210  -38.065  34.378 1.0000000000
120067  -58.036  -33.890  34.996 1.0000000000
120069  -57.135  -34.593  35.317 1.0000000000
120070  -56.712  -34.803  35.142 1.0000000000
120071  -56.297  -35.005  34.977 1.0000000000
125626  -60.303  -30.502  26.235 1.0000000000
125627  -54.755  -31.115  26.505 1.0000000000
125628  -55.375  -31.107  26.548 1.0000000000
125629  -54.782  -31.405  27.045 1.0000000000
125630  -54.849  -31.738  27.592 1.0000000000
125631  -54.871  -32.099  28.136 1.0000000000
125632  -53.701  -32.446  28.430 1.0000000000
125633  -54.290  -32.455  28.564 1.0000000000
125634  -54.910  -32.450  28.673 1.0000000000
125635  -54.976  -32.773  29.195 1.0000000000
125636  -55.010  -33.093  29.706 1.0000000000
125637  -55.061  -33.400  30.222 1.0000000000
125638  -55.125  -33.657  30.760 1.0000000000
125639  -54.512  -33.723  30.626 1.0000000000
125640  -53.951  -34.098  31.045 1.0000000000
125641  -53.394  -34.528  31.484 1.0000000000
125642  -52.775  -34.289  30.739 1.0000000000
125643  -52.832  -34.629  31.349 1.0000000000
125644  -52.931  -35.006  31.949 1.0000000000
125645  -52.497  -35.561  32.364 1.0000000000
125646  -52.134  -36.163  32.718 1.0000000000
125647  -51.832  -36.799  32.991 1.0000000000
130003  -62.556  -31.221  32.312 1.0000000000
130004  -61.944  -31.503  32.661 1.0000000000
130005  -61.401  -31.697  32.413 1.0000000000
130006  -60.881  -31.882  32.159 1.0000000000
130007  -60.364  -32.050  31.927 1.0000000000
135034  -55.404  -30.579  25.398 1.0000000000
135042  -54.832  -30.591  25.296 1.0000000000
135043  -54.764  -30.843  25.901 1.0000000000
135044  -54.180  -31.119  26.365 1.0000000000
135045  -53.588  -31.408  26.846 1.0000000000
135046  -53.000  -31.761  27.311 1.0000000000
135048  -52.402  -31.759  27.218 1.0000000000
135049  -52.432  -32.099  27.731 1.0000000000
135050  -51.903  -32.511  28.140 1.0000000000
135051  -51.368  -32.965  28.518 1.0000000000
135052  -50.835  -33.413  28.855 1.0000000000
156082  -63.481  -30.233  29.250 1.0000000000
156084  -62.385  -31.011  30.098 1.0000000000
156085  -61.897  -30.949  29.084 1.0000000000
156086  -61.839  -31.137  29.789 1.0000000000
156087  -61.760  -31.320  30.496 1.0000000000
156088  -61.098  -31.607  30.911 1.0000000000
156089  -60.467  -31.906  31.268 1.0000000000
156090  -59.876  -32.215  31.606 1.0000000000
156099  -59.683  -30.773  26.775 1.0000000000
156100  -56.010  -31.097  26.623 1.0000000000
156101  -56.620  -31.124  26.731 1.0000000000
156102  -57.242  -31.095  26.869 1.0000000000
156103  -56.628  -31.730  27.946 1.0000000000
156104  -57.237  -31.405  27.487 1.0000000000
156105  -57.878  -31.076  27.007 1.0000000000
156106  -58.478  -31.070  27.125 1.0000000000
156107  -59.076  -31.040  27.282 1.0000000000
156108  -59.673  -31.007  27.455 1.0000000000
156109  -59.653  -31.264  28.130 1.0000000000
156110  -59.611  -31.523  28.781 1.0000000000
156111  -59.550  -31.770  29.432 1.0000000000
156112  -58.446  -32.217  29.619 1.0000000000
156113  -58.962  -32.125  29.845 1.0000000000
156114  -59.495  -31.995  30.086 1.0000000000
156115  -59.438  -32.209  30.720 1.0000000000
156116  -59.393  -32.388  31.317 1.0000000000
156117  -59.320  -32.560  31.929 1.0000000000
156118  -58.794  -32.893  32.263 1.0000000000
156119  -58.262  -33.199  32.620 1.0000000000
156120  -57.742  -33.496  33.049 1.0000000000
156121  -57.349  -33.474  32.147 1.0000000000
156122  -57.282  -33.648  32.819 1.0000000000
156123  -57.244  -33.851  33.482 1.0000000000
156124  -56.738  -34.225  33.885 1.0000000000
156125  -56.250  -34.685  34.338 1.0000000000
156126  -55.823  -35.210  34.768 1.0000000000
156127  -55.121  -33.911  31.395 1.0000000000
156128  -55.152  -34.177  32.000 1.0000000000
156129  -55.166  -34.455  32.618 1.0000000000
156130  -54.099  -35.070  32.908 1.0000000000
156131  -54.638  -34.912  33.089 1.0000000000
156132  -55.186  -34.749  33.267 1.0000000000
156133  -55.231  -35.061  33.919 1.0000000000
156134  -55.309  -35.415  34.554 1.0000000000
156135  -55.453  -35.787  35.145 1.0000000000
156136  -55.149  -36.432  35.454 1.0000000000
156137  -54.928  -37.082  35.631 1.0000000000
156138  -54.813  -37.758  35.689 1.0000000000
156139  -54.005  -37.571  34.978 1.0000000000
156169  -50.150  -33.091  28.291 1.0000000000
156170  -50.222  -33.505  28.748 1.0000000000
156171  -50.322  -33.883  29.178 1.0000000000
156196  -49.247  -34.555  29.392 1.0000000000
156197  -49.848  -34.391  29.500 1.0000000000
156198  -50.415  -34.279  29.649 1.0000000000
156199  -50.490  -34.701  30.171 1.0000000000
156200  -50.592  -35.139  30.720 1.0000000000
156201  -50.732  -35.601  31.280 1.0000000000
156202  -49.875  -36.499  31.357 1.0000000000
156203  -50.387  -36.271  31.586 1.0000000000
156204  -50.907  -36.044  31.796 1.0000000000
156205  -51.122  -36.537  32.278 1.0000000000
156206  -51.369  -37.060  32.708 1.0000000000
156207  -51.663  -37.584  33.075 1.0000000000
156215  -51.570  -38.318  33.055 1.0000000000
156216  -52.002  -38.081  33.388 1.0000000000
156217  -52.377  -38.548  33.661 1.0000000000
