#!ascii label  , from subject 40tvs8ref_sym_20 vox2ras=TkReg
402
123  -53.555  -27.431  6.650 1.0000000000
270  -45.954  -25.892  8.404 1.0000000000
1171  -56.695  -23.081  4.361 1.0000000000
1210  -52.752  -30.735  8.511 1.0000000000
1637  -46.292  -31.250  6.932 1.0000000000
1638  -48.922  -26.809  4.973 1.0000000000
1639  -42.674  -29.699  8.635 1.0000000000
2240  -51.907  -22.090  3.588 1.0000000000
3089  -57.336  -25.709  6.431 1.0000000000
3090  -58.979  -23.629  5.240 1.0000000000
3091  -55.182  -25.328  5.548 1.0000000000
3130  -53.095  -29.093  7.645 1.0000000000
3132  -57.048  -27.335  7.370 1.0000000000
3690  -44.060  -30.601  6.922 1.0000000000
4957  -46.904  -26.230  6.012 1.0000000000
4958  -50.421  -24.460  4.139 1.0000000000
4959  -48.572  -24.040  5.621 1.0000000000
6716  -60.459  -21.239  4.235 1.0000000000
6717  -58.254  -20.606  3.507 1.0000000000
7661  -49.896  -29.348  6.660 1.0000000000
7662  -51.282  -27.257  5.593 1.0000000000
7663  -47.595  -29.099  5.822 1.0000000000
7664  -45.465  -28.348  6.378 1.0000000000
7665  -44.359  -27.806  8.604 1.0000000000
7723  -49.432  -30.954  7.770 1.0000000000
9278  -52.856  -24.984  4.458 1.0000000000
9279  -54.304  -22.580  3.504 1.0000000000
9280  -55.799  -20.102  2.855 1.0000000000
10769  -55.406  -26.556  6.593 1.0000000000
10770  -56.245  -25.501  6.000 1.0000000000
10771  -54.369  -26.390  6.119 1.0000000000
10810  -53.298  -28.240  7.166 1.0000000000
10811  -55.019  -28.195  7.532 1.0000000000
10812  -55.254  -27.344  7.086 1.0000000000
10813  -57.197  -26.511  6.931 1.0000000000
12637  -46.387  -26.039  7.134 1.0000000000
12638  -47.706  -25.145  5.803 1.0000000000
12639  -47.218  -25.030  6.996 1.0000000000
15032  -57.867  -23.321  4.802 1.0000000000
15033  -59.717  -22.467  4.704 1.0000000000
15034  -58.586  -22.141  4.279 1.0000000000
15035  -59.325  -20.891  3.861 1.0000000000
15036  -57.488  -21.841  3.871 1.0000000000
16829  -48.086  -30.339  6.743 1.0000000000
16830  -48.754  -29.280  6.177 1.0000000000
16831  -46.957  -30.185  6.353 1.0000000000
16832  -43.257  -30.117  7.540 1.0000000000
16833  -44.774  -29.499  6.577 1.0000000000
16834  -44.015  -29.043  7.440 1.0000000000
16835  -44.805  -28.023  7.344 1.0000000000
16836  -43.539  -28.716  8.617 1.0000000000
16962  -47.865  -31.132  7.332 1.0000000000
16963  -49.617  -30.173  7.232 1.0000000000
20632  -50.093  -27.085  5.136 1.0000000000
20633  -52.074  -26.123  5.038 1.0000000000
20634  -50.830  -25.937  4.648 1.0000000000
20635  -51.190  -23.276  3.833 1.0000000000
20636  -52.341  -23.554  3.697 1.0000000000
20637  -53.076  -22.312  3.365 1.0000000000
20638  -55.007  -21.368  3.175 1.0000000000
20639  -53.828  -21.102  3.108 1.0000000000
23993  -59.286  -24.981  6.198 1.0000000000
23994  -60.107  -23.946  5.629 1.0000000000
23995  -58.195  -24.697  5.825 1.0000000000
23996  -57.076  -24.439  5.420 1.0000000000
23997  -55.959  -24.210  4.914 1.0000000000
24066  -52.920  -29.925  8.089 1.0000000000
24073  -59.088  -25.797  6.712 1.0000000000
25074  -45.159  -31.009  6.734 1.0000000000
27355  -47.772  -26.515  5.213 1.0000000000
27356  -49.623  -25.650  4.562 1.0000000000
27357  -48.529  -25.367  4.933 1.0000000000
27358  -49.355  -24.220  4.632 1.0000000000
27359  -50.139  -23.059  4.410 1.0000000000
31030  -60.866  -22.821  5.072 1.0000000000
31031  -61.574  -21.647  4.578 1.0000000000
33413  -51.716  -28.371  6.666 1.0000000000
33414  -52.409  -27.355  6.127 1.0000000000
33415  -50.578  -28.319  6.134 1.0000000000
33416  -49.418  -28.200  5.661 1.0000000000
33417  -48.259  -27.924  5.387 1.0000000000
33418  -45.815  -29.905  6.253 1.0000000000
33419  -46.471  -28.745  5.882 1.0000000000
33420  -47.114  -27.642  5.532 1.0000000000
33421  -46.168  -27.306  6.184 1.0000000000
33422  -45.574  -26.994  7.252 1.0000000000
33423  -45.155  -26.840  8.503 1.0000000000
33429  -42.308  -29.336  9.900 1.0000000000
33430  -43.135  -28.419  9.864 1.0000000000
33431  -43.885  -27.479  9.757 1.0000000000
33432  -44.565  -26.561  9.680 1.0000000000
33581  -51.048  -30.787  8.204 1.0000000000
33582  -51.254  -29.989  7.703 1.0000000000
33583  -51.466  -29.181  7.190 1.0000000000
38072  -53.234  -26.274  5.600 1.0000000000
38073  -54.009  -25.156  5.001 1.0000000000
38074  -54.778  -24.018  4.424 1.0000000000
38075  -51.610  -24.761  4.129 1.0000000000
38076  -53.584  -23.803  3.958 1.0000000000
38077  -55.508  -22.844  3.879 1.0000000000
38078  -56.307  -21.579  3.490 1.0000000000
38079  -57.032  -20.338  3.144 1.0000000000
41489  -54.449  -26.998  6.634 1.0000000000
41490  -54.889  -26.465  6.357 1.0000000000
41491  -53.950  -26.918  6.388 1.0000000000
41530  -53.408  -27.837  6.907 1.0000000000
41531  -54.247  -27.796  7.138 1.0000000000
41532  -54.359  -27.391  6.880 1.0000000000
41533  -55.316  -26.958  6.857 1.0000000000
43357  -46.188  -25.985  7.772 1.0000000000
43358  -46.785  -25.549  7.076 1.0000000000
43359  -46.609  -25.494  7.691 1.0000000000
45752  -57.290  -23.193  4.581 1.0000000000
45753  -58.215  -22.735  4.542 1.0000000000
45754  -57.648  -22.592  4.309 1.0000000000
45755  -58.040  -21.981  4.069 1.0000000000
45756  -57.085  -22.472  4.089 1.0000000000
45872  -53.570  -30.741  8.632 1.0000000000
47549  -47.178  -30.811  6.816 1.0000000000
47550  -47.520  -30.279  6.531 1.0000000000
47551  -46.628  -30.736  6.635 1.0000000000
47552  -42.922  -29.902  8.057 1.0000000000
47553  -43.610  -29.588  7.500 1.0000000000
47554  -43.290  -29.376  8.090 1.0000000000
47555  -43.757  -28.862  8.001 1.0000000000
47556  -43.109  -29.200  8.630 1.0000000000
47680  -46.208  -31.652  7.211 1.0000000000
47682  -47.090  -31.206  7.099 1.0000000000
47683  -47.963  -30.734  7.030 1.0000000000
51352  -49.498  -26.951  5.018 1.0000000000
51353  -50.475  -26.505  4.894 1.0000000000
51354  -49.836  -26.366  4.768 1.0000000000
51355  -51.559  -22.680  3.687 1.0000000000
51356  -52.117  -22.807  3.560 1.0000000000
51357  -52.481  -22.199  3.430 1.0000000000
51358  -53.451  -21.710  3.216 1.0000000000
51359  -52.851  -21.613  3.320 1.0000000000
55349  -58.316  -25.353  6.322 1.0000000000
55350  -58.750  -24.830  6.022 1.0000000000
55351  -57.778  -25.207  6.134 1.0000000000
55352  -55.719  -25.407  5.767 1.0000000000
55353  -56.661  -24.984  5.706 1.0000000000
55354  -56.125  -24.880  5.472 1.0000000000
55355  -56.521  -24.317  5.159 1.0000000000
55356  -55.566  -24.780  5.206 1.0000000000
55470  -53.003  -29.503  7.861 1.0000000000
55471  -53.907  -29.486  8.002 1.0000000000
55473  -56.051  -27.758  7.465 1.0000000000
55474  -55.948  -28.191  7.672 1.0000000000
55475  -56.932  -27.775  7.567 1.0000000000
55479  -58.012  -26.969  7.275 1.0000000000
55480  -57.248  -26.115  6.694 1.0000000000
55481  -58.163  -26.152  6.839 1.0000000000
55482  -58.211  -25.756  6.585 1.0000000000
55483  -59.163  -25.393  6.457 1.0000000000
60952  -47.294  -26.368  5.573 1.0000000000
60953  -48.157  -25.927  5.072 1.0000000000
60954  -47.660  -25.804  5.417 1.0000000000
60955  -48.152  -24.593  5.670 1.0000000000
60956  -48.505  -24.678  5.165 1.0000000000
60957  -48.894  -24.118  5.055 1.0000000000
60958  -49.750  -23.645  4.537 1.0000000000
60959  -49.318  -23.560  5.013 1.0000000000
68137  -59.538  -23.789  5.440 1.0000000000
68138  -60.485  -23.394  5.363 1.0000000000
68139  -59.950  -23.230  5.156 1.0000000000
68140  -60.076  -21.869  4.440 1.0000000000
68141  -60.632  -22.063  4.638 1.0000000000
68142  -61.007  -21.442  4.420 1.0000000000
68144  -61.386  -20.799  4.234 1.0000000000
68147  -58.806  -20.749  3.695 1.0000000000
68151  -58.611  -19.974  3.346 1.0000000000
73529  -50.812  -28.859  6.662 1.0000000000
73530  -51.150  -28.352  6.398 1.0000000000
73531  -50.238  -28.832  6.394 1.0000000000
73532  -48.172  -29.211  5.980 1.0000000000
73533  -49.080  -28.756  5.913 1.0000000000
73534  -48.511  -28.647  5.726 1.0000000000
73535  -48.840  -28.065  5.475 1.0000000000
73536  -47.952  -28.504  5.614 1.0000000000
73537  -44.598  -30.813  6.768 1.0000000000
73538  -45.481  -30.455  6.492 1.0000000000
73539  -44.930  -30.266  6.548 1.0000000000
73540  -45.137  -28.916  6.481 1.0000000000
73541  -45.579  -29.131  6.211 1.0000000000
73542  -45.933  -28.561  6.063 1.0000000000
73543  -46.785  -28.188  5.692 1.0000000000
73544  -46.277  -27.998  5.941 1.0000000000
73545  -46.617  -27.452  5.766 1.0000000000
73546  -45.830  -27.819  6.283 1.0000000000
73547  -44.584  -27.891  7.929 1.0000000000
73548  -45.201  -27.500  7.288 1.0000000000
73549  -44.959  -27.404  7.925 1.0000000000
73550  -45.332  -26.936  7.886 1.0000000000
73551  -44.741  -27.320  8.563 1.0000000000
73566  -41.688  -29.577  10.482 1.0000000000
73567  -42.087  -29.117  10.476 1.0000000000
73568  -42.716  -28.873  9.882 1.0000000000
73573  -44.227  -27.019  9.729 1.0000000000
73926  -50.140  -31.259  8.250 1.0000000000
73927  -50.241  -30.863  7.986 1.0000000000
73928  -51.144  -30.395  7.952 1.0000000000
73929  -50.334  -30.477  7.721 1.0000000000
73930  -49.761  -29.763  6.948 1.0000000000
73931  -50.550  -29.668  7.202 1.0000000000
73932  -50.694  -29.257  6.942 1.0000000000
73933  -51.597  -28.773  6.939 1.0000000000
84937  -51.856  -27.317  5.857 1.0000000000
84938  -52.832  -26.812  5.847 1.0000000000
84939  -52.273  -26.761  5.580 1.0000000000
84940  -52.461  -25.557  4.770 1.0000000000
84941  -53.051  -25.639  5.033 1.0000000000
84942  -53.442  -25.066  4.726 1.0000000000
84943  -54.388  -24.593  4.693 1.0000000000
84944  -53.821  -24.496  4.435 1.0000000000
84945  -50.016  -25.061  4.367 1.0000000000
84946  -50.590  -25.218  4.336 1.0000000000
84947  -51.000  -24.614  4.070 1.0000000000
84948  -53.332  -23.061  3.579 1.0000000000
84949  -52.963  -23.684  3.794 1.0000000000
84950  -53.955  -23.191  3.700 1.0000000000
84951  -54.549  -23.332  3.893 1.0000000000
84952  -54.904  -22.719  3.673 1.0000000000
84953  -55.901  -22.226  3.664 1.0000000000
84954  -55.282  -22.092  3.475 1.0000000000
84955  -55.395  -20.723  3.027 1.0000000000
84956  -56.026  -20.843  3.158 1.0000000000
84957  -56.405  -20.227  2.982 1.0000000000
84959  -56.800  -19.607  2.802 1.0000000000
93113  -56.360  -26.112  6.519 1.0000000000
93114  -56.787  -25.602  6.223 1.0000000000
93115  -55.837  -26.020  6.307 1.0000000000
93116  -55.315  -25.934  6.076 1.0000000000
93117  -54.782  -25.858  5.832 1.0000000000
93186  -53.183  -28.678  7.415 1.0000000000
93187  -54.066  -28.645  7.599 1.0000000000
93188  -54.130  -28.215  7.394 1.0000000000
93189  -55.153  -27.766  7.324 1.0000000000
93190  -56.188  -27.319  7.266 1.0000000000
93191  -57.134  -26.925  7.158 1.0000000000
93192  -56.229  -26.922  7.024 1.0000000000
93193  -56.281  -26.526  6.796 1.0000000000
96475  -46.591  -26.115  6.528 1.0000000000
96476  -47.308  -25.688  5.900 1.0000000000
96477  -47.017  -25.609  6.468 1.0000000000
96478  -47.427  -25.083  6.374 1.0000000000
96479  -47.862  -24.538  6.276 1.0000000000
100786  -58.390  -23.487  5.032 1.0000000000
100787  -59.344  -23.077  4.958 1.0000000000
100788  -58.772  -22.902  4.753 1.0000000000
100789  -59.134  -22.306  4.496 1.0000000000
100790  -59.563  -21.684  4.227 1.0000000000
100791  -59.890  -21.046  4.040 1.0000000000
100792  -58.970  -21.524  4.047 1.0000000000
100793  -58.425  -21.361  3.866 1.0000000000
100794  -57.893  -21.213  3.686 1.0000000000
104021  -48.993  -29.849  6.699 1.0000000000
104022  -49.322  -29.321  6.405 1.0000000000
104023  -48.424  -29.811  6.456 1.0000000000
104024  -47.852  -29.753  6.240 1.0000000000
104025  -47.264  -29.649  6.088 1.0000000000
104026  -43.593  -30.376  7.181 1.0000000000
104027  -44.412  -30.061  6.709 1.0000000000
104028  -43.991  -29.821  7.034 1.0000000000
104029  -44.354  -29.255  6.908 1.0000000000
104030  -44.746  -28.707  6.866 1.0000000000
104031  -45.091  -28.172  6.826 1.0000000000
104032  -44.404  -28.518  7.358 1.0000000000
104033  -44.175  -28.370  7.966 1.0000000000
104034  -43.960  -28.263  8.603 1.0000000000
104259  -47.763  -31.512  7.621 1.0000000000
104260  -48.627  -31.046  7.558 1.0000000000
104261  -49.485  -30.594  7.513 1.0000000000
104262  -48.720  -30.664  7.274 1.0000000000
104263  -48.860  -30.257  6.987 1.0000000000
110866  -50.697  -27.180  5.355 1.0000000000
110867  -51.676  -26.692  5.319 1.0000000000
110868  -51.081  -26.611  5.082 1.0000000000
110869  -51.480  -26.042  4.804 1.0000000000
110870  -51.847  -25.469  4.539 1.0000000000
110871  -50.782  -23.867  3.951 1.0000000000
110872  -51.371  -24.015  3.892 1.0000000000
110873  -51.749  -23.410  3.718 1.0000000000
110874  -52.722  -22.932  3.531 1.0000000000
110875  -53.706  -22.425  3.383 1.0000000000
110876  -54.660  -21.963  3.331 1.0000000000
110877  -54.041  -21.848  3.247 1.0000000000
110878  -54.418  -21.233  3.103 1.0000000000
110879  -54.816  -20.598  2.929 1.0000000000
117425  -60.258  -24.595  6.098 1.0000000000
117426  -60.676  -24.069  5.824 1.0000000000
117427  -59.720  -24.456  5.912 1.0000000000
117428  -59.161  -24.323  5.724 1.0000000000
117429  -58.573  -24.167  5.532 1.0000000000
117430  -57.200  -25.086  5.923 1.0000000000
117431  -57.630  -24.569  5.625 1.0000000000
117432  -58.039  -24.013  5.330 1.0000000000
117433  -57.484  -23.873  5.105 1.0000000000
117434  -56.924  -23.740  4.864 1.0000000000
117435  -56.331  -23.654  4.635 1.0000000000
117594  -52.820  -30.338  8.300 1.0000000000
117613  -60.153  -24.995  6.344 1.0000000000
119946  -45.722  -31.147  6.804 1.0000000000
119948  -44.299  -31.362  7.019 1.0000000000
125269  -48.350  -26.670  5.020 1.0000000000
125270  -49.268  -26.228  4.742 1.0000000000
125271  -48.704  -26.072  4.847 1.0000000000
125272  -49.038  -25.502  4.682 1.0000000000
125273  -49.456  -24.917  4.494 1.0000000000
125274  -48.080  -25.252  5.311 1.0000000000
125275  -48.927  -24.802  4.748 1.0000000000
125276  -49.860  -24.333  4.330 1.0000000000
125277  -50.261  -23.732  4.164 1.0000000000
125278  -50.662  -23.162  4.051 1.0000000000
125279  -51.020  -22.567  3.964 1.0000000000
134694  -61.838  -22.394  4.979 1.0000000000
134695  -60.278  -22.654  4.891 1.0000000000
134696  -61.223  -22.238  4.816 1.0000000000
134697  -62.214  -21.793  4.732 1.0000000000
134698  -62.555  -21.176  4.501 1.0000000000
134704  -60.234  -20.420  3.875 1.0000000000
134710  -45.661  -25.757  9.008 1.0000000000
134711  -46.364  -25.389  8.333 1.0000000000
141389  -52.647  -27.881  6.663 1.0000000000
141390  -52.998  -27.380  6.397 1.0000000000
141391  -52.059  -27.866  6.401 1.0000000000
141392  -51.481  -27.840  6.137 1.0000000000
141393  -50.925  -27.800  5.881 1.0000000000
141394  -49.651  -28.807  6.143 1.0000000000
141395  -49.993  -28.277  5.885 1.0000000000
141396  -50.348  -27.735  5.614 1.0000000000
141397  -49.756  -27.619  5.407 1.0000000000
141398  -49.159  -27.500  5.251 1.0000000000
141399  -48.579  -27.368  5.159 1.0000000000
141400  -46.048  -30.616  6.524 1.0000000000
141401  -46.367  -30.073  6.229 1.0000000000
141402  -46.694  -29.505  6.023 1.0000000000
141403  -45.278  -29.710  6.361 1.0000000000
141404  -46.131  -29.325  6.049 1.0000000000
141405  -47.033  -28.923  5.804 1.0000000000
141406  -47.368  -28.349  5.588 1.0000000000
141407  -47.670  -27.792  5.407 1.0000000000
141408  -48.010  -27.239  5.210 1.0000000000
141409  -47.470  -27.077  5.379 1.0000000000
141410  -46.946  -26.923  5.677 1.0000000000
141411  -46.493  -26.776  6.100 1.0000000000
141412  -45.429  -27.671  6.728 1.0000000000
141413  -45.833  -27.141  6.683 1.0000000000
141414  -46.208  -26.613  6.628 1.0000000000
141415  -45.963  -26.522  7.201 1.0000000000
141416  -45.753  -26.455  7.823 1.0000000000
141417  -45.577  -26.381  8.461 1.0000000000
141426  -42.052  -29.998  9.235 1.0000000000
141435  -42.483  -29.515  9.243 1.0000000000
141436  -42.924  -29.041  9.255 1.0000000000
141437  -43.335  -28.598  9.251 1.0000000000
141438  -43.751  -28.135  9.236 1.0000000000
141440  -43.552  -27.948  9.788 1.0000000000
141441  -44.161  -27.653  9.187 1.0000000000
141442  -44.577  -27.190  9.158 1.0000000000
141443  -44.908  -26.716  9.114 1.0000000000
141444  -45.284  -26.241  9.073 1.0000000000
141875  -51.875  -30.745  8.404 1.0000000000
141876  -51.968  -30.366  8.160 1.0000000000
141877  -52.072  -29.936  7.920 1.0000000000
141878  -52.155  -29.523  7.687 1.0000000000
141879  -50.433  -30.077  7.468 1.0000000000
141880  -51.363  -29.579  7.449 1.0000000000
141881  -52.263  -29.125  7.425 1.0000000000
141882  -52.369  -28.702  7.172 1.0000000000
141883  -52.505  -28.289  6.918 1.0000000000
155174  -53.400  -26.858  6.120 1.0000000000
155175  -53.789  -26.341  5.856 1.0000000000
155176  -54.202  -25.798  5.585 1.0000000000
155177  -52.671  -26.194  5.323 1.0000000000
155178  -53.643  -25.709  5.317 1.0000000000
155179  -54.602  -25.240  5.279 1.0000000000
155180  -54.941  -24.700  4.953 1.0000000000
155181  -55.346  -24.126  4.669 1.0000000000
155182  -55.722  -23.550  4.390 1.0000000000
155183  -50.211  -25.807  4.562 1.0000000000
155184  -51.186  -25.384  4.382 1.0000000000
155185  -52.225  -24.892  4.263 1.0000000000
155186  -51.979  -24.161  3.918 1.0000000000
155187  -52.591  -24.298  4.017 1.0000000000
155188  -53.228  -24.401  4.194 1.0000000000
155189  -54.191  -23.912  4.174 1.0000000000
155190  -55.136  -23.436  4.138 1.0000000000
155191  -56.092  -22.960  4.116 1.0000000000
155192  -56.481  -22.368  3.879 1.0000000000
155193  -56.904  -21.713  3.684 1.0000000000
155194  -57.293  -21.096  3.495 1.0000000000
155195  -55.681  -21.442  3.285 1.0000000000
155196  -56.663  -20.961  3.308 1.0000000000
155197  -57.654  -20.470  3.320 1.0000000000
155201  -47.004  -24.964  7.649 1.0000000000
155203  -48.303  -24.000  6.247 1.0000000000
155206  -48.974  -23.484  5.572 1.0000000000
155208  -50.528  -22.478  4.371 1.0000000000
155209  -51.374  -21.964  3.855 1.0000000000
155220  -54.190  -20.484  2.982 1.0000000000
155221  -55.187  -19.978  2.811 1.0000000000
