#!ascii label  , from subject 40tvs8ref_sym_20 vox2ras=TkReg
306
451  -12.565  -57.703  -3.123 1.0000000000
627  -11.374  -71.536  -4.135 1.0000000000
2011  -16.592  -57.288  -5.543 1.0000000000
2516  -12.947  -66.133  -1.782 1.0000000000
2517  -17.619  -64.681  -4.701 1.0000000000
4411  -14.499  -57.866  -4.450 1.0000000000
5644  -9.802  -72.079  -1.800 1.0000000000
5645  -10.124  -69.098  -0.737 1.0000000000
5646  -12.486  -69.407  -2.536 1.0000000000
5647  -15.438  -65.878  -3.125 1.0000000000
5648  -14.551  -68.552  -4.399 1.0000000000
8611  -18.651  -56.246  -6.604 1.0000000000
10101  -10.510  -61.557  -1.124 1.0000000000
10102  -7.891  -68.012  1.015 1.0000000000
10103  -10.455  -65.597  -0.566 1.0000000000
10104  -12.711  -62.114  -2.427 1.0000000000
10105  -15.083  -62.060  -3.269 1.0000000000
10106  -17.364  -61.356  -4.497 1.0000000000
10107  -19.236  -59.903  -5.798 1.0000000000
12087  -12.652  -55.339  -2.967 1.0000000000
12089  -13.221  -55.432  -3.826 1.0000000000
12090  -14.092  -55.479  -4.657 1.0000000000
12091  -13.494  -57.859  -3.860 1.0000000000
13324  -10.563  -71.950  -3.053 1.0000000000
13325  -10.967  -70.758  -2.292 1.0000000000
13326  -11.958  -70.605  -3.318 1.0000000000
13327  -13.574  -69.164  -3.475 1.0000000000
13328  -12.921  -70.112  -4.309 1.0000000000
18987  -16.056  -55.191  -5.992 1.0000000000
18989  -17.104  -54.796  -6.557 1.0000000000
18990  -18.084  -54.296  -7.087 1.0000000000
18991  -17.636  -56.869  -6.057 1.0000000000
22690  -6.961  -69.126  1.957 1.0000000000
22691  -8.053  -69.811  0.940 1.0000000000
22692  -11.587  -67.766  -1.178 1.0000000000
22693  -10.375  -67.425  -0.438 1.0000000000
22694  -11.622  -65.957  -1.187 1.0000000000
22695  -11.607  -63.987  -1.514 1.0000000000
22696  -12.868  -64.157  -1.976 1.0000000000
22697  -13.950  -62.177  -2.850 1.0000000000
22698  -14.165  -64.152  -2.446 1.0000000000
22699  -16.581  -65.386  -3.909 1.0000000000
22700  -16.549  -63.676  -3.692 1.0000000000
22701  -17.584  -63.126  -4.395 1.0000000000
22702  -18.370  -60.690  -5.156 1.0000000000
22703  -18.562  -62.413  -5.106 1.0000000000
26370  -15.052  -55.399  -5.408 1.0000000000
26371  -15.542  -57.679  -5.003 1.0000000000
28590  -9.110  -71.947  -0.468 1.0000000000
28591  -8.994  -70.369  -0.111 1.0000000000
28592  -9.991  -70.655  -1.238 1.0000000000
28593  -11.287  -69.358  -1.561 1.0000000000
28594  -12.806  -67.920  -1.974 1.0000000000
28595  -14.226  -66.149  -2.412 1.0000000000
28596  -14.019  -67.752  -2.809 1.0000000000
28597  -15.168  -67.354  -3.660 1.0000000000
28598  -16.215  -66.740  -4.525 1.0000000000
30271  -11.866  -57.466  -2.253 1.0000000000
36090  -19.029  -53.611  -7.551 1.0000000000
36091  -19.543  -55.450  -6.990 1.0000000000
40539  -11.597  -59.749  -2.179 1.0000000000
40541  -6.722  -67.220  1.995 1.0000000000
40542  -7.941  -66.197  1.068 1.0000000000
40543  -9.052  -68.655  0.131 1.0000000000
40544  -9.173  -66.884  0.269 1.0000000000
40545  -9.289  -65.019  0.114 1.0000000000
40546  -10.452  -63.613  -0.911 1.0000000000
40547  -11.501  -61.894  -1.873 1.0000000000
40548  -12.559  -60.038  -2.927 1.0000000000
40549  -13.628  -60.105  -3.441 1.0000000000
40550  -14.740  -60.019  -3.845 1.0000000000
40551  -15.871  -59.766  -4.353 1.0000000000
40552  -15.385  -64.051  -2.967 1.0000000000
40553  -16.225  -61.771  -3.859 1.0000000000
40554  -16.991  -59.378  -4.937 1.0000000000
40555  -18.026  -58.822  -5.566 1.0000000000
40556  -18.980  -58.133  -6.100 1.0000000000
40557  -19.860  -57.294  -6.545 1.0000000000
42807  -12.529  -56.480  -3.046 1.0000000000
42808  -12.896  -55.369  -3.394 1.0000000000
42809  -12.922  -56.555  -3.494 1.0000000000
42810  -13.346  -56.621  -3.891 1.0000000000
42811  -13.013  -57.776  -3.501 1.0000000000
44044  -10.952  -71.766  -3.611 1.0000000000
44045  -11.185  -71.270  -3.225 1.0000000000
44046  -11.628  -71.087  -3.739 1.0000000000
44047  -12.427  -70.400  -3.811 1.0000000000
44048  -12.116  -70.807  -4.246 1.0000000000
49707  -16.320  -56.292  -5.747 1.0000000000
49708  -16.572  -55.045  -6.281 1.0000000000
49709  -16.847  -56.094  -6.019 1.0000000000
49710  -17.361  -55.883  -6.282 1.0000000000
49711  -17.123  -57.124  -5.790 1.0000000000
53410  -7.713  -70.398  1.400 1.0000000000
53411  -8.202  -70.705  0.842 1.0000000000
53412  -12.237  -66.992  -1.471 1.0000000000
53413  -11.595  -66.888  -1.115 1.0000000000
53414  -12.284  -66.067  -1.498 1.0000000000
53415  -12.283  -65.112  -1.582 1.0000000000
53416  -12.959  -65.141  -1.836 1.0000000000
53417  -13.540  -64.184  -2.198 1.0000000000
53418  -13.605  -65.144  -2.084 1.0000000000
53419  -17.118  -65.042  -4.311 1.0000000000
53420  -17.121  -64.303  -4.076 1.0000000000
53421  -17.645  -63.980  -4.456 1.0000000000
53422  -18.084  -62.784  -4.748 1.0000000000
53423  -18.115  -63.574  -4.858 1.0000000000
59307  -14.275  -56.698  -4.598 1.0000000000
59308  -14.556  -55.449  -5.033 1.0000000000
59309  -14.746  -56.666  -4.890 1.0000000000
59310  -15.249  -56.574  -5.194 1.0000000000
59311  -15.016  -57.780  -4.733 1.0000000000
63009  -9.453  -72.037  -1.129 1.0000000000
63010  -9.494  -71.306  -0.876 1.0000000000
63011  -9.905  -71.387  -1.497 1.0000000000
63012  -11.682  -70.110  -2.392 1.0000000000
63013  -11.137  -70.086  -1.932 1.0000000000
63014  -11.900  -69.431  -2.053 1.0000000000
63015  -12.037  -68.677  -1.761 1.0000000000
63016  -12.650  -68.694  -2.231 1.0000000000
63017  -13.410  -67.864  -2.401 1.0000000000
63018  -13.235  -68.621  -2.665 1.0000000000
63019  -14.050  -68.897  -3.927 1.0000000000
63020  -14.363  -68.276  -3.550 1.0000000000
63021  -14.912  -68.003  -4.024 1.0000000000
63022  -15.689  -67.081  -4.083 1.0000000000
63023  -15.431  -67.629  -4.506 1.0000000000
80007  -18.383  -55.287  -6.814 1.0000000000
80008  -18.540  -53.954  -7.341 1.0000000000
80009  -18.854  -54.930  -7.059 1.0000000000
80010  -19.300  -54.563  -7.269 1.0000000000
80011  -19.092  -55.861  -6.806 1.0000000000
91103  -11.051  -60.671  -1.659 1.0000000000
91107  -7.362  -68.544  1.470 1.0000000000
91108  -6.799  -68.168  1.969 1.0000000000
91109  -7.297  -67.635  1.485 1.0000000000
91110  -7.293  -66.741  1.524 1.0000000000
91111  -7.900  -67.122  1.040 1.0000000000
91112  -9.535  -69.732  -0.469 1.0000000000
91113  -9.014  -69.500  0.015 1.0000000000
91114  -9.586  -68.913  -0.299 1.0000000000
91115  -10.417  -66.530  -0.441 1.0000000000
91116  -9.774  -67.174  -0.082 1.0000000000
91117  -9.857  -66.266  -0.118 1.0000000000
91118  -9.258  -65.962  0.222 1.0000000000
91119  -9.878  -65.342  -0.238 1.0000000000
91120  -9.877  -64.350  -0.409 1.0000000000
91121  -10.445  -64.597  -0.738 1.0000000000
91122  -12.151  -63.059  -1.969 1.0000000000
91123  -11.534  -62.938  -1.701 1.0000000000
91124  -12.081  -62.032  -2.176 1.0000000000
91125  -12.064  -60.985  -2.399 1.0000000000
91126  -12.644  -61.084  -2.701 1.0000000000
91127  -13.088  -60.078  -3.215 1.0000000000
91128  -13.215  -61.130  -2.947 1.0000000000
91129  -14.533  -62.141  -3.046 1.0000000000
91130  -14.365  -61.105  -3.339 1.0000000000
91131  -14.929  -61.053  -3.531 1.0000000000
91132  -15.317  -59.904  -4.092 1.0000000000
91133  -15.463  -60.962  -3.767 1.0000000000
91134  -14.840  -66.052  -2.762 1.0000000000
91135  -14.839  -65.128  -2.687 1.0000000000
91136  -15.461  -65.023  -3.016 1.0000000000
91137  -16.960  -62.570  -4.072 1.0000000000
91138  -16.409  -62.751  -3.713 1.0000000000
91139  -16.806  -61.593  -4.175 1.0000000000
91140  -16.611  -60.589  -4.369 1.0000000000
91141  -17.187  -60.392  -4.653 1.0000000000
91142  -17.519  -59.108  -5.261 1.0000000000
91143  -17.701  -60.073  -5.006 1.0000000000
91144  -18.814  -60.317  -5.486 1.0000000000
91145  -18.655  -59.440  -5.647 1.0000000000
91146  -19.126  -59.029  -5.911 1.0000000000
91147  -19.420  -57.722  -6.346 1.0000000000
91148  -19.569  -58.572  -6.144 1.0000000000
95483  -12.909  -54.295  -2.944 1.0000000000
95485  -12.979  -54.249  -3.360 1.0000000000
95489  -13.645  -55.481  -4.263 1.0000000000
95490  -13.798  -56.663  -4.262 1.0000000000
95491  -13.997  -57.885  -4.167 1.0000000000
97710  -10.166  -72.065  -2.453 1.0000000000
97711  -10.322  -71.437  -2.093 1.0000000000
97712  -10.754  -71.385  -2.669 1.0000000000
97713  -11.465  -70.715  -2.802 1.0000000000
97714  -12.210  -70.031  -2.899 1.0000000000
97715  -13.054  -69.311  -3.029 1.0000000000
97716  -12.714  -69.897  -3.395 1.0000000000
97717  -13.229  -69.675  -3.889 1.0000000000
97718  -13.735  -69.331  -4.364 1.0000000000
107905  -16.327  -53.922  -6.460 1.0000000000
107907  -17.302  -53.470  -7.049 1.0000000000
107908  -17.796  -53.238  -7.335 1.0000000000
107909  -17.606  -54.564  -6.823 1.0000000000
107910  -17.908  -55.624  -6.548 1.0000000000
107911  -18.147  -56.580  -6.330 1.0000000000
114569  -7.174  -70.053  1.924 1.0000000000
114570  -7.524  -69.477  1.440 1.0000000000
114571  -7.935  -68.911  0.960 1.0000000000
114572  -10.836  -68.457  -0.929 1.0000000000
114573  -10.279  -68.274  -0.513 1.0000000000
114574  -11.002  -67.619  -0.803 1.0000000000
114575  -10.992  -66.737  -0.774 1.0000000000
114576  -11.027  -65.796  -0.881 1.0000000000
114577  -11.044  -64.824  -1.050 1.0000000000
114578  -11.627  -65.030  -1.327 1.0000000000
114579  -12.231  -64.105  -1.750 1.0000000000
114580  -12.802  -63.140  -2.178 1.0000000000
114581  -13.332  -62.162  -2.649 1.0000000000
114582  -13.439  -63.171  -2.372 1.0000000000
114583  -14.068  -63.175  -2.592 1.0000000000
114584  -14.656  -63.139  -2.835 1.0000000000
114585  -16.027  -65.641  -3.506 1.0000000000
114586  -16.059  -64.802  -3.371 1.0000000000
114587  -16.586  -64.585  -3.711 1.0000000000
114588  -17.073  -63.449  -4.044 1.0000000000
114589  -17.495  -62.272  -4.408 1.0000000000
114590  -17.889  -61.043  -4.821 1.0000000000
114591  -17.998  -61.942  -4.749 1.0000000000
114592  -18.470  -61.595  -5.102 1.0000000000
114593  -18.921  -61.186  -5.450 1.0000000000
122967  -14.841  -54.247  -5.481 1.0000000000
122968  -15.337  -54.176  -5.846 1.0000000000
122969  -15.554  -55.299  -5.705 1.0000000000
122970  -15.783  -56.453  -5.494 1.0000000000
122971  -16.063  -57.490  -5.275 1.0000000000
128148  -8.761  -71.762  0.147 1.0000000000
128150  -9.065  -71.175  -0.264 1.0000000000
128151  -9.479  -70.554  -0.670 1.0000000000
128152  -10.046  -69.905  -0.933 1.0000000000
128153  -10.469  -70.743  -1.776 1.0000000000
128154  -10.594  -70.013  -1.437 1.0000000000
128155  -10.694  -69.245  -1.148 1.0000000000
128156  -11.428  -68.595  -1.307 1.0000000000
128157  -12.181  -67.868  -1.562 1.0000000000
128158  -12.930  -67.038  -1.826 1.0000000000
128159  -13.594  -66.155  -2.086 1.0000000000
128160  -13.564  -67.035  -2.181 1.0000000000
128161  -14.176  -66.981  -2.560 1.0000000000
128162  -14.778  -66.888  -2.967 1.0000000000
128163  -13.811  -68.479  -3.099 1.0000000000
128164  -14.625  -67.581  -3.218 1.0000000000
128165  -15.366  -66.653  -3.355 1.0000000000
128166  -15.905  -66.394  -3.752 1.0000000000
128167  -16.402  -66.105  -4.167 1.0000000000
128168  -16.959  -65.749  -4.603 1.0000000000
132630  -12.274  -56.424  -2.611 1.0000000000
132631  -12.163  -57.622  -2.721 1.0000000000
137326  -9.146  -72.676  -0.726 1.0000000000
137327  -9.410  -72.728  -1.457 1.0000000000
137330  -9.722  -72.694  -2.174 1.0000000000
137332  -10.365  -72.467  -3.510 1.0000000000
137333  -10.769  -72.271  -4.049 1.0000000000
149247  -18.714  -52.609  -7.811 1.0000000000
149249  -19.485  -53.219  -7.724 1.0000000000
149251  -20.005  -55.008  -7.139 1.0000000000
162572  -11.681  -58.618  -2.226 1.0000000000
162573  -12.064  -58.777  -2.648 1.0000000000
162583  -8.545  -70.121  0.427 1.0000000000
162584  -8.491  -69.227  0.485 1.0000000000
162585  -8.475  -68.350  0.571 1.0000000000
162586  -9.707  -68.054  -0.129 1.0000000000
162587  -9.108  -67.801  0.222 1.0000000000
162588  -8.512  -67.468  0.604 1.0000000000
162589  -8.556  -66.567  0.616 1.0000000000
162590  -8.625  -65.635  0.595 1.0000000000
162592  -9.306  -64.062  -0.029 1.0000000000
162593  -9.913  -63.362  -0.530 1.0000000000
162594  -10.471  -62.623  -1.041 1.0000000000
162595  -10.981  -63.802  -1.239 1.0000000000
162596  -10.972  -62.783  -1.396 1.0000000000
162597  -10.977  -61.737  -1.520 1.0000000000
162598  -11.500  -60.821  -2.042 1.0000000000
162599  -12.061  -59.898  -2.572 1.0000000000
162600  -12.541  -58.894  -3.055 1.0000000000
162601  -13.040  -58.966  -3.389 1.0000000000
162602  -13.550  -59.011  -3.682 1.0000000000
162603  -14.066  -59.034  -3.928 1.0000000000
162604  -13.784  -61.137  -3.154 1.0000000000
162605  -14.174  -60.087  -3.646 1.0000000000
162606  -14.600  -58.965  -4.169 1.0000000000
162607  -15.139  -58.859  -4.420 1.0000000000
162608  -15.694  -58.727  -4.684 1.0000000000
162609  -16.254  -58.529  -4.967 1.0000000000
162610  -14.218  -65.161  -2.380 1.0000000000
162611  -14.773  -64.110  -2.698 1.0000000000
162612  -15.245  -63.052  -3.090 1.0000000000
162613  -15.983  -63.881  -3.328 1.0000000000
162614  -15.835  -62.919  -3.387 1.0000000000
162615  -15.641  -61.943  -3.530 1.0000000000
162616  -16.040  -60.772  -4.078 1.0000000000
162617  -16.420  -59.580  -4.642 1.0000000000
162618  -16.802  -58.337  -5.227 1.0000000000
162619  -17.325  -58.133  -5.487 1.0000000000
162620  -17.858  -57.854  -5.798 1.0000000000
162621  -18.329  -57.553  -6.063 1.0000000000
162622  -18.187  -59.769  -5.337 1.0000000000
162623  -18.525  -58.527  -5.820 1.0000000000
162624  -18.808  -57.200  -6.333 1.0000000000
162625  -19.268  -56.801  -6.592 1.0000000000
162626  -19.723  -56.356  -6.763 1.0000000000
162627  -20.179  -55.884  -6.870 1.0000000000
162816  -11.278  -71.963  -4.676 1.0000000000
162843  -11.967  -71.180  -4.741 1.0000000000
162849  -15.202  -68.096  -4.972 1.0000000000
162850  -16.051  -67.173  -5.033 1.0000000000
162869  -20.417  -56.664  -6.662 1.0000000000
