#!ascii label  , from subject 40tvs8ref_sym_20 vox2ras=TkReg
189
1528  -12.751  -45.499  3.100 1.0000000000
1529  -17.826  -51.582  4.448 1.0000000000
3505  -12.818  -49.279  3.800 1.0000000000
3506  -16.241  -52.174  5.402 1.0000000000
4397  -14.274  -47.755  1.651 1.0000000000
5848  -19.732  -54.542  6.766 1.0000000000
7402  -12.241  -43.441  5.320 1.0000000000
7403  -11.829  -45.862  4.189 1.0000000000
7404  -13.849  -48.586  2.767 1.0000000000
7405  -18.813  -50.968  3.166 1.0000000000
7406  -21.415  -53.653  5.924 1.0000000000
11185  -13.697  -51.258  4.912 1.0000000000
12077  -16.447  -48.846  1.643 1.0000000000
12078  -14.398  -47.209  1.079 1.0000000000
13585  -20.085  -56.095  7.312 1.0000000000
16270  -11.509  -44.661  5.321 1.0000000000
16271  -11.173  -45.974  4.683 1.0000000000
16272  -15.098  -50.656  3.935 1.0000000000
16273  -13.346  -48.943  3.295 1.0000000000
16274  -15.616  -50.216  3.430 1.0000000000
16275  -16.162  -49.906  2.910 1.0000000000
16276  -18.472  -51.352  3.800 1.0000000000
16278  -20.577  -53.967  6.457 1.0000000000
18947  -12.753  -44.556  4.339 1.0000000000
18948  -12.906  -43.357  4.945 1.0000000000
18949  -13.205  -44.447  3.767 1.0000000000
24739  -11.178  -47.585  4.153 1.0000000000
24740  -12.199  -49.552  4.272 1.0000000000
24741  -14.357  -50.922  4.424 1.0000000000
24742  -17.004  -51.835  4.917 1.0000000000
26345  -13.059  -46.464  2.113 1.0000000000
26346  -13.008  -45.256  2.555 1.0000000000
26347  -13.224  -46.071  1.636 1.0000000000
29004  -21.158  -55.693  7.155 1.0000000000
32704  -10.528  -42.284  5.758 1.0000000000
32705  -11.345  -43.463  5.696 1.0000000000
32706  -12.218  -44.625  4.875 1.0000000000
32707  -12.240  -45.594  3.655 1.0000000000
32708  -11.683  -47.348  3.620 1.0000000000
32709  -12.251  -47.031  3.168 1.0000000000
32710  -12.639  -46.703  2.629 1.0000000000
32711  -14.047  -48.068  2.219 1.0000000000
32712  -16.494  -49.506  2.360 1.0000000000
32714  -17.930  -53.312  6.214 1.0000000000
32715  -18.834  -52.902  5.781 1.0000000000
32716  -19.700  -52.744  5.309 1.0000000000
32719  -20.333  -52.404  4.620 1.0000000000
32720  -20.766  -52.227  3.852 1.0000000000
36038  -11.586  -42.218  5.484 1.0000000000
46990  -11.053  -45.368  5.252 1.0000000000
46992  -16.442  -51.188  4.177 1.0000000000
46993  -15.347  -50.439  3.692 1.0000000000
46994  -16.783  -50.968  3.953 1.0000000000
46995  -17.077  -50.832  3.663 1.0000000000
46996  -18.162  -51.420  4.175 1.0000000000
49667  -12.748  -45.035  3.697 1.0000000000
49668  -12.999  -44.502  4.057 1.0000000000
49669  -12.989  -45.009  3.393 1.0000000000
56590  -11.353  -48.761  4.368 1.0000000000
56591  -11.962  -49.752  4.493 1.0000000000
56592  -15.011  -51.818  5.146 1.0000000000
56593  -14.026  -51.098  4.676 1.0000000000
56594  -15.361  -51.603  4.909 1.0000000000
56595  -15.669  -51.405  4.672 1.0000000000
56596  -16.624  -51.989  5.168 1.0000000000
59267  -13.524  -47.061  1.847 1.0000000000
59268  -13.193  -46.329  1.891 1.0000000000
59269  -13.663  -46.933  1.598 1.0000000000
63793  -20.679  -55.935  7.238 1.0000000000
63794  -21.856  -56.279  7.297 1.0000000000
71847  -11.703  -45.249  4.774 1.0000000000
71848  -11.890  -44.659  5.097 1.0000000000
71849  -12.051  -45.222  4.545 1.0000000000
71850  -12.269  -45.094  4.295 1.0000000000
71851  -12.057  -45.709  3.928 1.0000000000
71852  -11.983  -48.507  3.934 1.0000000000
71853  -11.420  -47.469  3.886 1.0000000000
71854  -12.187  -48.322  3.646 1.0000000000
71855  -13.621  -48.771  3.034 1.0000000000
71856  -12.687  -47.976  3.158 1.0000000000
71857  -12.961  -47.812  2.900 1.0000000000
71858  -12.491  -46.885  2.912 1.0000000000
71859  -13.159  -47.630  2.631 1.0000000000
71860  -13.278  -47.428  2.348 1.0000000000
71861  -13.989  -48.363  2.497 1.0000000000
71862  -17.598  -50.415  3.090 1.0000000000
71863  -16.465  -49.726  2.675 1.0000000000
71864  -17.673  -50.207  2.754 1.0000000000
71867  -18.310  -54.115  6.683 1.0000000000
71869  -18.799  -53.877  6.559 1.0000000000
71870  -21.099  -53.886  6.213 1.0000000000
71871  -19.730  -53.522  6.166 1.0000000000
71872  -20.137  -53.355  5.918 1.0000000000
71873  -19.276  -52.803  5.544 1.0000000000
71874  -20.576  -53.193  5.629 1.0000000000
71883  -20.539  -52.262  4.209 1.0000000000
79877  -11.506  -42.834  5.596 1.0000000000
79878  -11.080  -42.259  5.615 1.0000000000
79879  -11.974  -42.822  5.442 1.0000000000
79885  -13.133  -45.089  2.258 1.0000000000
93862  -15.868  -52.400  5.606 1.0000000000
95465  -15.279  -48.328  1.610 1.0000000000
95466  -14.340  -47.490  1.348 1.0000000000
95467  -15.282  -48.015  1.270 1.0000000000
98181  -20.787  -56.712  7.391 1.0000000000
103013  -11.172  -44.685  5.554 1.0000000000
103014  -11.359  -45.278  5.010 1.0000000000
103015  -11.494  -45.898  4.441 1.0000000000
103016  -13.806  -49.981  3.784 1.0000000000
103017  -13.041  -49.096  3.523 1.0000000000
103018  -14.044  -49.776  3.520 1.0000000000
103019  -14.276  -49.585  3.250 1.0000000000
103020  -14.542  -49.414  2.994 1.0000000000
103021  -14.843  -49.245  2.759 1.0000000000
103022  -15.884  -50.075  3.164 1.0000000000
103023  -17.337  -50.691  3.346 1.0000000000
103024  -18.742  -51.168  3.509 1.0000000000
103025  -20.907  -54.858  6.845 1.0000000000
103026  -20.085  -54.137  6.647 1.0000000000
103027  -21.372  -54.598  6.677 1.0000000000
103029  -22.264  -54.252  6.186 1.0000000000
107831  -12.627  -44.042  4.909 1.0000000000
107832  -12.585  -43.399  5.129 1.0000000000
107833  -12.906  -43.977  4.663 1.0000000000
107834  -13.145  -43.909  4.426 1.0000000000
119162  -10.926  -47.702  4.403 1.0000000000
119163  -11.744  -48.683  4.183 1.0000000000
119164  -12.544  -49.431  4.052 1.0000000000
119165  -12.874  -50.440  4.530 1.0000000000
119166  -13.189  -50.281  4.291 1.0000000000
119167  -13.541  -50.152  4.051 1.0000000000
119168  -14.799  -50.841  4.177 1.0000000000
119169  -16.035  -51.274  4.426 1.0000000000
119170  -17.457  -51.769  4.671 1.0000000000
122909  -12.742  -45.914  2.540 1.0000000000
122910  -12.901  -45.402  2.830 1.0000000000
122911  -12.926  -45.840  2.296 1.0000000000
122912  -12.998  -45.615  2.016 1.0000000000
122913  -12.997  -45.353  1.729 1.0000000000
122914  -13.672  -46.644  1.290 1.0000000000
122915  -13.231  -45.772  1.356 1.0000000000
129187  -19.181  -54.729  6.917 1.0000000000
129189  -19.959  -55.337  7.092 1.0000000000
129190  -20.463  -55.159  6.987 1.0000000000
139330  -9.428  -41.812  5.859 1.0000000000
139332  -10.980  -42.846  5.753 1.0000000000
139333  -11.821  -43.449  5.512 1.0000000000
139334  -11.566  -44.083  5.566 1.0000000000
139335  -11.943  -44.053  5.356 1.0000000000
139336  -12.293  -44.043  5.139 1.0000000000
139337  -12.489  -44.568  4.638 1.0000000000
139338  -12.500  -45.050  4.003 1.0000000000
139339  -12.445  -45.525  3.381 1.0000000000
139340  -11.053  -46.735  4.377 1.0000000000
139341  -11.360  -46.660  4.128 1.0000000000
139342  -11.652  -46.575  3.871 1.0000000000
139343  -12.417  -48.151  3.377 1.0000000000
139344  -11.965  -47.199  3.388 1.0000000000
139345  -11.930  -46.416  3.625 1.0000000000
139346  -12.146  -46.250  3.364 1.0000000000
139347  -12.275  -46.099  3.074 1.0000000000
139348  -12.494  -45.967  2.798 1.0000000000
139349  -12.796  -46.533  2.356 1.0000000000
139350  -13.366  -47.169  2.094 1.0000000000
139351  -14.134  -47.857  1.937 1.0000000000
139352  -15.102  -49.087  2.525 1.0000000000
139353  -15.263  -48.892  2.266 1.0000000000
139354  -15.275  -48.656  1.959 1.0000000000
139355  -16.496  -49.207  2.018 1.0000000000
139356  -17.898  -49.824  2.073 1.0000000000
139359  -16.699  -52.977  6.022 1.0000000000
139360  -17.070  -52.739  5.830 1.0000000000
139361  -19.327  -53.675  6.372 1.0000000000
139362  -18.330  -53.087  6.002 1.0000000000
139363  -17.488  -52.531  5.615 1.0000000000
139364  -17.987  -52.383  5.375 1.0000000000
139365  -18.403  -52.289  5.137 1.0000000000
139366  -18.773  -52.128  4.899 1.0000000000
139374  -20.137  -52.648  5.068 1.0000000000
139375  -19.079  -51.898  4.630 1.0000000000
139376  -19.291  -51.735  4.247 1.0000000000
139377  -19.667  -51.767  3.917 1.0000000000
139378  -19.945  -51.727  3.549 1.0000000000
139380  -20.871  -52.059  3.430 1.0000000000
139381  -19.869  -51.422  3.076 1.0000000000
149091  -10.581  -41.734  5.616 1.0000000000
149093  -12.403  -42.802  5.290 1.0000000000
149099  -13.130  -44.891  3.134 1.0000000000
149100  -13.406  -44.448  3.456 1.0000000000
