#!ascii label  , from subject 40tvs8ref_sym_20 vox2ras=TkReg
643
114  -6.284  34.250  12.116 1.0000000000
248  -6.113  35.611  2.158 1.0000000000
249  -11.450  44.065  5.052 1.0000000000
1105  -6.432  35.209  7.133 1.0000000000
1106  -3.443  32.246  7.299 1.0000000000
1600  -6.258  42.254  2.943 1.0000000000
1601  -7.157  40.988  8.474 1.0000000000
2164  -12.743  42.843  10.825 1.0000000000
2165  -8.995  38.668  14.173 1.0000000000
3025  -6.383  34.776  9.638 1.0000000000
3026  -4.964  32.214  9.470 1.0000000000
3027  -5.582  31.162  11.606 1.0000000000
3029  -6.204  30.237  13.673 1.0000000000
3625  -11.967  44.117  2.549 1.0000000000
3626  -9.182  42.915  1.411 1.0000000000
3627  -8.796  43.213  3.971 1.0000000000
3628  -6.715  41.768  5.642 1.0000000000
3629  -9.365  42.350  6.370 1.0000000000
4757  -4.593  33.331  2.358 1.0000000000
4776  -11.307  40.356  12.046 1.0000000000
4777  -12.152  39.331  14.846 1.0000000000
5921  -13.375  46.233  4.165 1.0000000000
6597  -6.304  35.522  4.655 1.0000000000
6598  -4.612  33.469  4.831 1.0000000000
6599  -4.652  33.061  7.176 1.0000000000
7571  -5.282  39.268  -0.637 1.0000000000
7573  -6.260  41.867  0.300 1.0000000000
7574  -5.767  39.261  2.132 1.0000000000
7575  -5.844  39.081  4.965 1.0000000000
7576  -5.744  38.868  7.864 1.0000000000
7577  -5.583  38.452  10.671 1.0000000000
9036  -3.141  32.501  4.980 1.0000000000
9053  -12.961  46.261  7.156 1.0000000000
9056  -12.070  43.478  7.928 1.0000000000
9057  -10.335  41.319  9.108 1.0000000000
9058  -8.055  39.946  11.407 1.0000000000
9059  -5.601  38.219  13.807 1.0000000000
9067  -6.273  36.931  16.704 1.0000000000
9068  -5.688  33.777  14.990 1.0000000000
10705  -6.395  34.506  10.894 1.0000000000
10706  -6.214  32.797  10.600 1.0000000000
10707  -6.332  32.434  11.759 1.0000000000
10708  -5.898  30.672  12.629 1.0000000000
10709  -6.366  32.165  12.873 1.0000000000
11305  -11.599  44.208  3.760 1.0000000000
11306  -10.250  43.642  3.173 1.0000000000
11307  -10.181  43.592  4.470 1.0000000000
11308  -9.005  42.883  5.204 1.0000000000
11309  -10.308  43.180  5.689 1.0000000000
12435  -6.034  35.542  0.871 1.0000000000
12436  -5.445  34.037  1.134 1.0000000000
12437  -5.402  34.130  2.327 1.0000000000
12456  -12.889  40.748  14.324 1.0000000000
12457  -13.077  40.357  15.828 1.0000000000
13708  -13.714  46.301  2.957 1.0000000000
14835  -6.385  35.370  5.916 1.0000000000
14836  -5.620  33.978  5.975 1.0000000000
14837  -5.773  33.722  7.108 1.0000000000
14839  -4.292  31.713  9.490 1.0000000000
16633  -5.064  39.070  -1.969 1.0000000000
16634  -5.443  40.537  -1.617 1.0000000000
16638  -7.399  42.786  2.152 1.0000000000
16639  -7.584  42.516  0.903 1.0000000000
16640  -6.141  42.164  1.606 1.0000000000
16641  -5.491  41.033  1.034 1.0000000000
16642  -5.638  41.071  2.433 1.0000000000
16643  -5.821  39.247  3.528 1.0000000000
16644  -5.769  40.973  3.888 1.0000000000
16645  -6.919  41.349  7.060 1.0000000000
16646  -5.908  40.573  6.761 1.0000000000
16647  -5.918  40.339  8.259 1.0000000000
16648  -5.685  38.654  9.266 1.0000000000
16649  -5.965  40.085  9.669 1.0000000000
20033  -3.918  32.873  6.072 1.0000000000
20034  -3.864  32.970  4.898 1.0000000000
20035  -3.276  32.467  6.140 1.0000000000
20083  -12.997  44.378  10.583 1.0000000000
20084  -12.807  44.619  9.070 1.0000000000
20085  -12.410  43.170  9.349 1.0000000000
20086  -11.280  42.268  8.371 1.0000000000
20087  -11.767  41.855  9.784 1.0000000000
20088  -10.183  39.432  13.002 1.0000000000
20089  -9.742  39.942  11.582 1.0000000000
20090  -8.492  39.380  12.864 1.0000000000
20091  -6.621  39.417  12.769 1.0000000000
20092  -7.057  38.788  14.144 1.0000000000
20114  -5.322  35.769  16.041 1.0000000000
23877  -6.386  35.022  8.394 1.0000000000
23878  -5.925  33.473  8.297 1.0000000000
23879  -6.046  33.131  9.458 1.0000000000
23880  -5.293  31.708  10.550 1.0000000000
24957  -12.412  43.966  1.413 1.0000000000
24958  -11.240  43.124  0.863 1.0000000000
24959  -10.692  43.414  1.968 1.0000000000
24960  -8.826  43.184  2.680 1.0000000000
24961  -7.437  42.823  3.488 1.0000000000
24962  -6.471  42.128  4.279 1.0000000000
24963  -7.634  42.615  4.720 1.0000000000
24964  -7.998  42.133  5.941 1.0000000000
24965  -8.359  41.598  7.230 1.0000000000
27027  -12.973  42.563  12.383 1.0000000000
27028  -12.162  41.476  11.329 1.0000000000
27029  -12.585  41.115  12.796 1.0000000000
27030  -11.773  39.851  13.484 1.0000000000
27031  -10.685  38.765  14.297 1.0000000000
29175  -13.253  45.056  2.107 1.0000000000
29176  -12.895  45.076  3.272 1.0000000000
29177  -12.601  45.023  4.502 1.0000000000
30753  -6.221  35.572  3.402 1.0000000000
30754  -5.442  34.216  3.542 1.0000000000
30755  -5.519  34.135  4.764 1.0000000000
30756  -4.599  33.324  6.022 1.0000000000
30757  -4.076  32.672  7.176 1.0000000000
30758  -4.758  32.644  8.339 1.0000000000
30759  -4.204  32.240  8.321 1.0000000000
33166  -5.719  37.306  -0.602 1.0000000000
33167  -5.923  37.359  0.701 1.0000000000
33171  -9.820  42.539  0.307 1.0000000000
33172  -8.153  42.044  -0.317 1.0000000000
33173  -6.583  41.475  -0.973 1.0000000000
33174  -5.394  40.866  -0.318 1.0000000000
33175  -5.545  39.300  0.752 1.0000000000
33176  -6.081  37.320  2.054 1.0000000000
33177  -6.184  37.285  3.393 1.0000000000
33178  -6.200  37.197  4.735 1.0000000000
33179  -6.228  37.109  6.072 1.0000000000
33180  -5.850  40.781  5.316 1.0000000000
33181  -5.807  38.987  6.376 1.0000000000
33182  -6.232  36.986  7.439 1.0000000000
33183  -6.190  36.798  8.767 1.0000000000
33184  -6.101  36.618  10.100 1.0000000000
33185  -5.875  36.383  11.424 1.0000000000
37350  -4.566  33.454  3.605 1.0000000000
37351  -3.834  32.908  3.628 1.0000000000
37353  -2.706  31.963  6.210 1.0000000000
37354  -2.484  31.982  5.086 1.0000000000
37402  -13.052  46.303  5.610 1.0000000000
37403  -12.572  44.990  6.010 1.0000000000
37410  -12.926  46.174  8.750 1.0000000000
37411  -12.668  44.849  7.547 1.0000000000
37412  -11.734  43.798  6.509 1.0000000000
37413  -10.810  42.749  7.019 1.0000000000
37414  -9.845  41.846  7.702 1.0000000000
37415  -8.790  41.068  8.735 1.0000000000
37416  -10.827  40.814  10.587 1.0000000000
37417  -9.288  40.489  10.141 1.0000000000
37418  -7.654  40.452  9.950 1.0000000000
37419  -6.284  39.808  11.251 1.0000000000
37420  -5.474  38.429  12.249 1.0000000000
37421  -5.556  36.344  12.952 1.0000000000
37440  -12.505  38.784  16.349 1.0000000000
37441  -11.192  38.057  15.671 1.0000000000
37442  -9.524  37.861  15.441 1.0000000000
37444  -8.073  37.095  16.715 1.0000000000
37445  -7.554  37.968  15.463 1.0000000000
37446  -5.865  37.653  15.354 1.0000000000
37447  -5.311  36.106  14.506 1.0000000000
37448  -5.998  34.005  13.530 1.0000000000
37449  -6.250  31.837  14.196 1.0000000000
41425  -6.319  34.385  11.517 1.0000000000
41426  -6.415  33.430  11.328 1.0000000000
41427  -6.391  33.283  11.921 1.0000000000
41428  -6.352  32.293  12.315 1.0000000000
41429  -6.352  33.194  12.485 1.0000000000
42025  -11.486  44.185  4.404 1.0000000000
42026  -10.833  43.914  4.086 1.0000000000
42027  -10.829  43.807  4.739 1.0000000000
42028  -10.231  43.419  5.092 1.0000000000
42029  -10.869  43.626  5.365 1.0000000000
43155  -6.057  35.603  1.514 1.0000000000
43156  -5.794  34.799  1.609 1.0000000000
43157  -5.826  34.832  2.240 1.0000000000
43176  -13.194  41.139  15.609 1.0000000000
43177  -13.143  40.944  16.440 1.0000000000
45555  -6.412  35.288  6.531 1.0000000000
45556  -6.219  34.491  6.500 1.0000000000
45557  -6.283  34.388  7.086 1.0000000000
47354  -6.142  40.783  -1.925 1.0000000000
47358  -6.755  42.595  2.558 1.0000000000
47359  -6.715  42.535  1.892 1.0000000000
47360  -6.227  42.211  2.269 1.0000000000
47361  -5.808  41.729  1.957 1.0000000000
47362  -5.891  41.730  2.677 1.0000000000
47363  -5.708  41.061  3.155 1.0000000000
47364  -5.930  41.764  3.366 1.0000000000
47365  -7.044  41.166  7.761 1.0000000000
47366  -6.381  40.904  7.668 1.0000000000
47367  -6.451  40.751  8.393 1.0000000000
47368  -5.985  40.175  8.958 1.0000000000
47369  -6.537  40.612  9.099 1.0000000000
50753  -3.664  32.601  6.659 1.0000000000
50754  -3.578  32.667  6.120 1.0000000000
50755  -3.357  32.384  6.708 1.0000000000
50803  -12.914  43.605  10.710 1.0000000000
50804  -12.805  43.754  9.961 1.0000000000
50805  -12.596  42.986  10.099 1.0000000000
50806  -12.136  42.473  9.521 1.0000000000
50807  -12.320  42.279  10.277 1.0000000000
50808  -9.641  39.022  13.569 1.0000000000
50809  -9.362  39.358  12.920 1.0000000000
50810  -8.730  39.027  13.545 1.0000000000
50811  -7.770  39.112  13.510 1.0000000000
50812  -8.010  38.770  14.171 1.0000000000
55155  -6.369  34.927  9.012 1.0000000000
55156  -6.284  34.077  8.923 1.0000000000
55157  -6.340  33.914  9.513 1.0000000000
55158  -5.927  31.948  11.089 1.0000000000
55159  -5.854  32.164  10.527 1.0000000000
55160  -5.440  31.409  11.052 1.0000000000
55161  -4.946  31.096  11.078 1.0000000000
55162  -5.053  30.753  11.606 1.0000000000
55164  -5.235  30.486  12.097 1.0000000000
55165  -6.014  30.464  13.152 1.0000000000
55166  -5.555  29.879  13.084 1.0000000000
55169  -5.878  29.348  14.086 1.0000000000
56955  -12.233  44.011  1.949 1.0000000000
56956  -11.628  43.603  1.676 1.0000000000
56957  -11.379  43.744  2.252 1.0000000000
56958  -9.488  43.450  3.567 1.0000000000
56959  -9.562  43.407  2.914 1.0000000000
56960  -8.785  43.243  3.319 1.0000000000
56961  -8.071  43.036  3.088 1.0000000000
56962  -8.083  43.047  3.740 1.0000000000
56963  -7.511  42.779  4.144 1.0000000000
56964  -8.171  42.934  4.354 1.0000000000
56965  -9.161  42.628  5.789 1.0000000000
56966  -8.474  42.514  5.563 1.0000000000
56967  -8.663  42.244  6.161 1.0000000000
56968  -8.159  41.863  6.601 1.0000000000
56969  -8.854  41.954  6.761 1.0000000000
60348  -4.968  33.597  1.799 1.0000000000
60404  -13.140  43.198  12.988 1.0000000000
60406  -12.829  41.818  12.564 1.0000000000
60407  -12.999  41.683  13.330 1.0000000000
60408  -12.596  40.050  14.588 1.0000000000
60409  -12.401  40.259  13.857 1.0000000000
60410  -11.955  39.600  14.174 1.0000000000
60411  -11.211  39.271  13.848 1.0000000000
60412  -11.463  38.967  14.497 1.0000000000
64165  -13.535  46.271  3.562 1.0000000000
64166  -13.378  45.640  3.116 1.0000000000
64167  -13.202  45.621  3.708 1.0000000000
64168  -12.733  45.046  3.857 1.0000000000
64169  -13.036  45.589  4.315 1.0000000000
67545  -6.245  35.555  4.030 1.0000000000
67546  -6.000  34.802  4.083 1.0000000000
67547  -6.050  34.740  4.699 1.0000000000
67548  -5.078  33.467  6.589 1.0000000000
67549  -5.008  33.572  6.022 1.0000000000
67550  -4.622  33.222  6.591 1.0000000000
67551  -4.301  33.008  6.586 1.0000000000
67552  -4.357  32.868  7.158 1.0000000000
67553  -5.403  32.769  8.895 1.0000000000
67554  -5.323  32.982  8.315 1.0000000000
67555  -4.890  32.438  8.911 1.0000000000
67556  -4.019  31.520  9.526 1.0000000000
67557  -4.257  31.981  8.918 1.0000000000
72940  -5.194  39.173  -1.285 1.0000000000
72941  -5.361  38.243  -1.308 1.0000000000
72942  -5.477  38.290  -0.656 1.0000000000
72943  -5.860  37.325  0.024 1.0000000000
72944  -5.613  38.328  0.020 1.0000000000
72953  -10.277  42.966  1.141 1.0000000000
72954  -10.554  42.816  0.584 1.0000000000
72955  -9.493  42.733  0.852 1.0000000000
72956  -6.832  42.260  0.614 1.0000000000
72957  -7.857  42.284  0.273 1.0000000000
72958  -7.097  42.026  -0.021 1.0000000000
72959  -7.323  41.821  -0.636 1.0000000000
72960  -6.353  41.732  -0.339 1.0000000000
72961  -5.804  41.268  -0.677 1.0000000000
72962  -5.764  41.419  -0.020 1.0000000000
72963  -5.553  40.197  1.550 1.0000000000
72964  -5.473  40.210  0.856 1.0000000000
72965  -5.661  39.273  1.425 1.0000000000
72966  -5.834  38.298  1.381 1.0000000000
72967  -5.940  38.248  2.056 1.0000000000
72968  -6.135  37.316  2.731 1.0000000000
72969  -6.003  38.270  2.752 1.0000000000
72970  -5.858  39.154  4.257 1.0000000000
72971  -6.035  38.213  4.108 1.0000000000
72972  -6.027  38.137  4.823 1.0000000000
72973  -6.201  37.151  5.407 1.0000000000
72974  -6.020  38.063  5.499 1.0000000000
72975  -6.572  41.996  4.953 1.0000000000
72976  -6.120  41.535  4.765 1.0000000000
72977  -6.165  41.440  5.487 1.0000000000
72978  -5.706  39.779  7.320 1.0000000000
72979  -5.723  39.870  6.601 1.0000000000
72980  -5.798  38.956  7.121 1.0000000000
72981  -6.003  38.008  6.931 1.0000000000
72982  -6.001  37.941  7.630 1.0000000000
72983  -6.234  36.870  8.113 1.0000000000
72984  -5.996  37.828  8.322 1.0000000000
72985  -5.641  38.554  9.970 1.0000000000
72986  -5.878  37.644  9.703 1.0000000000
72987  -5.809  37.552  10.391 1.0000000000
72988  -6.009  36.506  10.755 1.0000000000
72989  -5.685  37.439  11.064 1.0000000000
83138  -5.001  33.783  4.195 1.0000000000
83139  -4.953  33.764  3.590 1.0000000000
83140  -4.603  33.483  4.206 1.0000000000
83141  -3.475  32.723  4.952 1.0000000000
83142  -3.846  32.949  4.232 1.0000000000
83143  -3.462  32.697  4.264 1.0000000000
83144  -3.430  32.636  3.665 1.0000000000
83147  -2.789  31.897  6.805 1.0000000000
83150  -2.220  31.680  5.732 1.0000000000
83151  -2.173  31.695  5.109 1.0000000000
83268  -12.962  46.986  6.979 1.0000000000
83270  -13.010  46.282  6.365 1.0000000000
83271  -12.859  45.636  5.789 1.0000000000
83272  -12.869  45.590  6.576 1.0000000000
83289  -12.813  46.866  9.351 1.0000000000
83291  -12.525  44.022  8.485 1.0000000000
83292  -12.737  44.735  8.310 1.0000000000
83293  -12.413  44.160  7.753 1.0000000000
83294  -12.311  44.243  7.007 1.0000000000
83295  -11.936  43.627  7.207 1.0000000000
83296  -11.270  43.255  6.748 1.0000000000
83297  -11.497  43.043  7.419 1.0000000000
83298  -10.842  41.751  8.713 1.0000000000
83299  -10.592  42.019  8.024 1.0000000000
83300  -10.102  41.572  8.407 1.0000000000
83301  -9.305  41.447  8.185 1.0000000000
83302  -9.577  41.176  8.874 1.0000000000
83303  -11.762  40.878  11.657 1.0000000000
83304  -11.579  41.059  10.877 1.0000000000
83305  -11.085  40.567  11.330 1.0000000000
83306  -8.932  39.901  11.486 1.0000000000
83307  -9.528  40.209  10.865 1.0000000000
83308  -8.718  40.148  10.751 1.0000000000
83309  -8.486  40.447  10.043 1.0000000000
83310  -7.845  40.201  10.689 1.0000000000
83311  -6.934  40.221  10.609 1.0000000000
83312  -7.139  39.964  11.368 1.0000000000
83313  -6.017  38.920  13.341 1.0000000000
83314  -5.804  39.138  12.622 1.0000000000
83315  -5.488  38.338  13.040 1.0000000000
83316  -5.413  37.440  12.612 1.0000000000
83317  -5.379  37.384  13.393 1.0000000000
83364  -12.893  39.312  16.834 1.0000000000
83365  -12.638  38.504  17.103 1.0000000000
83367  -11.421  37.721  16.348 1.0000000000
83368  -10.618  37.517  16.155 1.0000000000
83369  -10.389  37.888  15.501 1.0000000000
83374  -6.498  36.565  17.349 1.0000000000
83375  -7.384  36.675  17.373 1.0000000000
83376  -7.129  37.098  16.740 1.0000000000
83377  -7.812  37.536  16.092 1.0000000000
83378  -6.862  37.558  16.109 1.0000000000
83379  -6.631  37.947  15.484 1.0000000000
83380  -6.053  37.325  16.053 1.0000000000
83381  -5.352  34.835  15.512 1.0000000000
83382  -5.316  35.946  15.264 1.0000000000
83383  -5.453  34.969  14.740 1.0000000000
83384  -5.624  35.041  13.968 1.0000000000
83385  -5.855  33.882  14.263 1.0000000000
83386  -6.153  32.911  13.852 1.0000000000
83387  -6.031  32.758  14.538 1.0000000000
92997  -6.396  34.609  10.272 1.0000000000
92998  -6.387  33.713  10.128 1.0000000000
92999  -6.396  33.579  10.721 1.0000000000
93000  -6.283  32.607  11.175 1.0000000000
93001  -6.054  31.699  11.647 1.0000000000
93002  -5.751  30.915  12.116 1.0000000000
93003  -6.159  31.527  12.187 1.0000000000
93004  -6.233  31.350  12.725 1.0000000000
93005  -6.334  31.168  13.273 1.0000000000
94077  -11.727  44.186  3.134 1.0000000000
94078  -11.118  43.837  2.837 1.0000000000
94079  -10.931  43.907  3.450 1.0000000000
94080  -10.164  43.665  3.818 1.0000000000
94081  -9.481  43.412  4.212 1.0000000000
94082  -8.860  43.097  4.597 1.0000000000
94083  -9.572  43.242  4.845 1.0000000000
94084  -9.661  43.016  5.440 1.0000000000
94085  -9.817  42.755  6.019 1.0000000000
96111  -6.042  35.461  0.260 1.0000000000
96112  -5.864  34.645  0.407 1.0000000000
96113  -5.793  34.737  1.002 1.0000000000
96114  -5.397  34.132  1.711 1.0000000000
96115  -4.974  33.687  2.374 1.0000000000
96148  -13.048  41.504  14.094 1.0000000000
96149  -13.126  41.309  14.859 1.0000000000
96150  -12.988  40.558  15.076 1.0000000000
96151  -12.728  39.819  15.301 1.0000000000
98404  -13.724  46.975  3.407 1.0000000000
100431  -6.316  35.464  5.289 1.0000000000
100432  -6.079  34.667  5.320 1.0000000000
100433  -6.173  34.573  5.934 1.0000000000
100434  -5.681  33.867  6.545 1.0000000000
100435  -5.133  33.327  7.161 1.0000000000
100436  -4.649  31.672  10.031 1.0000000000
100437  -4.564  31.940  9.484 1.0000000000
100438  -4.328  31.439  10.038 1.0000000000
100439  -4.095  31.234  10.070 1.0000000000
103667  -5.080  38.925  -2.605 1.0000000000
103669  -5.180  39.867  -1.831 1.0000000000
103670  -5.144  40.061  -1.201 1.0000000000
103676  -8.208  42.872  1.759 1.0000000000
103677  -8.397  42.706  1.134 1.0000000000
103678  -7.401  42.685  1.506 1.0000000000
103679  -6.723  42.422  1.263 1.0000000000
103680  -6.169  42.026  0.947 1.0000000000
103681  -5.728  41.541  0.643 1.0000000000
103682  -5.778  41.621  1.306 1.0000000000
103683  -5.610  41.016  1.741 1.0000000000
103684  -5.625  40.215  2.254 1.0000000000
103685  -5.815  39.267  2.838 1.0000000000
103686  -5.662  40.215  2.970 1.0000000000
103687  -5.700  40.151  3.717 1.0000000000
103688  -5.750  40.057  4.431 1.0000000000
103689  -6.810  41.567  6.341 1.0000000000
103690  -6.261  41.229  6.198 1.0000000000
103691  -6.300  41.121  6.910 1.0000000000
103692  -5.895  40.460  7.501 1.0000000000
103693  -5.701  39.676  8.062 1.0000000000
103694  -5.741  38.756  8.565 1.0000000000
103695  -5.647  39.592  8.795 1.0000000000
103696  -5.703  39.431  9.487 1.0000000000
103697  -5.647  39.352  10.216 1.0000000000
109787  -4.255  33.186  5.450 1.0000000000
109788  -4.255  33.234  4.842 1.0000000000
109789  -3.870  32.935  5.516 1.0000000000
109790  -3.498  32.712  5.601 1.0000000000
109791  -3.214  32.491  5.593 1.0000000000
109867  -12.908  46.955  7.777 1.0000000000
109876  -13.054  45.026  11.221 1.0000000000
109877  -12.974  45.170  10.462 1.0000000000
109878  -12.942  45.319  9.700 1.0000000000
109879  -12.909  44.501  9.820 1.0000000000
109880  -12.635  43.887  9.208 1.0000000000
109881  -12.218  43.316  8.619 1.0000000000
109882  -11.679  42.839  8.116 1.0000000000
109883  -11.898  42.668  8.811 1.0000000000
109884  -11.524  42.071  9.076 1.0000000000
109885  -11.084  41.534  9.417 1.0000000000
109886  -10.733  39.868  12.491 1.0000000000
109887  -10.492  40.130  11.816 1.0000000000
109888  -9.920  39.727  12.345 1.0000000000
109889  -9.155  39.645  12.214 1.0000000000
109890  -8.268  39.677  12.147 1.0000000000
109891  -7.332  39.741  12.109 1.0000000000
109892  -7.551  39.452  12.829 1.0000000000
109893  -6.805  39.133  13.472 1.0000000000
109894  -6.222  38.635  14.048 1.0000000000
109932  -5.582  36.520  16.513 1.0000000000
109933  -5.302  35.616  16.843 1.0000000000
109935  -5.561  33.601  15.742 1.0000000000
117153  -6.450  35.105  7.758 1.0000000000
117154  -6.311  34.298  7.691 1.0000000000
117155  -6.285  34.195  8.319 1.0000000000
117156  -5.954  33.330  8.884 1.0000000000
117157  -5.536  32.578  9.444 1.0000000000
117158  -6.175  32.974  10.023 1.0000000000
117159  -5.675  32.384  10.000 1.0000000000
117160  -5.128  31.954  10.012 1.0000000000
117161  -4.799  31.387  10.575 1.0000000000
117168  -5.377  30.190  12.586 1.0000000000
119673  -12.624  43.904  0.844 1.0000000000
119675  -11.876  43.495  1.128 1.0000000000
119676  -10.958  43.273  1.405 1.0000000000
119677  -9.947  43.143  1.700 1.0000000000
119678  -10.454  43.562  2.567 1.0000000000
119679  -9.689  43.286  2.289 1.0000000000
119680  -8.947  43.060  2.038 1.0000000000
119681  -8.071  43.000  2.437 1.0000000000
119682  -7.387  42.843  2.836 1.0000000000
119683  -6.829  42.574  3.228 1.0000000000
119684  -6.383  42.201  3.630 1.0000000000
119685  -6.910  42.532  3.881 1.0000000000
119686  -7.014  42.431  4.527 1.0000000000
119687  -7.192  42.212  5.108 1.0000000000
119688  -8.293  42.761  4.946 1.0000000000
119689  -7.820  42.380  5.321 1.0000000000
119690  -7.340  41.976  5.784 1.0000000000
119691  -7.469  41.736  6.472 1.0000000000
119692  -7.623  41.492  7.139 1.0000000000
119693  -7.783  41.297  7.826 1.0000000000
124431  -3.160  32.042  7.350 1.0000000000
124503  -12.853  42.715  11.620 1.0000000000
124504  -12.503  42.135  11.064 1.0000000000
124505  -12.659  41.979  11.826 1.0000000000
124506  -12.373  41.277  12.053 1.0000000000
124507  -12.002  40.680  12.377 1.0000000000
124508  -12.761  40.952  13.555 1.0000000000
124509  -12.221  40.463  13.096 1.0000000000
124510  -11.530  40.120  12.762 1.0000000000
124511  -10.986  39.588  13.192 1.0000000000
124512  -10.428  39.103  13.650 1.0000000000
124513  -9.913  38.659  14.185 1.0000000000
129658  -12.888  44.455  1.720 1.0000000000
129659  -12.685  44.526  2.310 1.0000000000
129660  -13.547  45.674  2.510 1.0000000000
129661  -13.100  45.057  2.687 1.0000000000
129662  -12.490  44.552  2.880 1.0000000000
129663  -12.285  44.595  3.480 1.0000000000
129664  -12.147  44.577  4.110 1.0000000000
129665  -12.064  44.521  4.746 1.0000000000
133941  -6.167  35.592  2.775 1.0000000000
133942  -5.906  34.815  2.860 1.0000000000
133943  -5.945  34.828  3.465 1.0000000000
133944  -5.504  34.196  4.156 1.0000000000
133945  -4.961  33.692  4.834 1.0000000000
133946  -5.553  34.013  5.374 1.0000000000
133947  -5.010  33.660  5.423 1.0000000000
133948  -4.588  33.418  5.436 1.0000000000
133949  -4.289  33.110  6.018 1.0000000000
133950  -4.016  32.803  6.605 1.0000000000
133951  -3.764  32.455  7.243 1.0000000000
133952  -5.826  33.624  7.698 1.0000000000
133953  -5.157  33.114  7.737 1.0000000000
133954  -4.732  32.873  7.755 1.0000000000
133955  -4.513  32.174  8.928 1.0000000000
133956  -4.467  32.436  8.333 1.0000000000
133957  -4.399  32.678  7.745 1.0000000000
133958  -4.130  32.471  7.750 1.0000000000
133959  -3.827  32.262  7.808 1.0000000000
133960  -3.529  32.059  7.895 1.0000000000
140673  -5.986  36.365  0.137 1.0000000000
140674  -6.077  36.399  0.767 1.0000000000
140675  -6.111  36.437  1.423 1.0000000000
140685  -11.494  43.008  0.300 1.0000000000
140686  -10.852  42.638  0.032 1.0000000000
140688  -8.663  42.517  0.559 1.0000000000
140689  -8.990  42.269  -0.006 1.0000000000
140690  -9.309  41.996  -0.578 1.0000000000
140691  -8.480  41.766  -0.895 1.0000000000
140692  -7.631  41.517  -1.228 1.0000000000
140693  -6.826  41.212  -1.579 1.0000000000
140694  -5.857  41.098  -1.338 1.0000000000
140695  -5.375  40.747  -0.999 1.0000000000
140696  -5.252  40.146  -0.533 1.0000000000
140697  -5.483  40.927  0.369 1.0000000000
140698  -5.340  40.224  0.154 1.0000000000
140699  -5.390  39.336  0.057 1.0000000000
140700  -5.683  38.364  0.719 1.0000000000
140701  -6.054  37.336  1.362 1.0000000000
140702  -6.183  36.426  2.088 1.0000000000
140703  -6.208  36.433  2.743 1.0000000000
140704  -6.245  36.407  3.385 1.0000000000
140705  -6.295  36.361  4.030 1.0000000000
140706  -6.033  38.235  3.440 1.0000000000
140707  -6.190  37.256  4.063 1.0000000000
140708  -6.295  36.331  4.685 1.0000000000
140709  -6.322  36.269  5.331 1.0000000000
140710  -6.344  36.217  5.978 1.0000000000
140711  -6.370  36.145  6.612 1.0000000000
140712  -6.035  41.662  4.077 1.0000000000
140713  -5.800  40.908  4.587 1.0000000000
140714  -5.696  40.003  5.158 1.0000000000
140715  -5.838  40.696  6.067 1.0000000000
140716  -5.731  39.910  5.871 1.0000000000
140717  -5.819  39.026  5.663 1.0000000000
140718  -6.012  38.045  6.207 1.0000000000
140719  -6.219  37.065  6.760 1.0000000000
140720  -6.398  36.082  7.272 1.0000000000
140721  -6.367  35.986  7.912 1.0000000000
140722  -6.334  35.895  8.546 1.0000000000
140723  -6.316  35.784  9.203 1.0000000000
140724  -5.961  37.738  9.004 1.0000000000
140725  -6.171  36.697  9.443 1.0000000000
140726  -6.311  35.657  9.841 1.0000000000
140727  -6.278  35.577  10.480 1.0000000000
140728  -6.182  35.457  11.132 1.0000000000
140729  -6.084  35.346  11.781 1.0000000000
153012  -5.424  34.208  2.928 1.0000000000
153013  -4.961  33.743  2.985 1.0000000000
153014  -4.580  33.405  2.985 1.0000000000
153015  -4.215  33.210  4.223 1.0000000000
153016  -4.196  33.172  3.617 1.0000000000
153017  -4.217  33.119  3.009 1.0000000000
153022  -3.012  32.225  6.180 1.0000000000
153023  -2.951  32.271  5.619 1.0000000000
153024  -2.325  31.656  6.304 1.0000000000
153025  -2.572  31.974  5.678 1.0000000000
153026  -2.849  32.267  4.979 1.0000000000
153027  -2.828  32.281  4.295 1.0000000000
153170  -13.177  46.281  4.879 1.0000000000
153171  -12.921  45.626  5.025 1.0000000000
153172  -12.543  45.032  5.235 1.0000000000
153173  -12.080  44.487  5.500 1.0000000000
153194  -12.933  46.214  7.961 1.0000000000
153195  -12.914  45.384  8.917 1.0000000000
153196  -12.875  45.477  8.138 1.0000000000
153197  -12.885  45.538  7.366 1.0000000000
153198  -12.630  44.904  6.799 1.0000000000
153199  -12.178  44.371  6.267 1.0000000000
153200  -11.565  43.959  5.790 1.0000000000
153201  -11.051  43.456  6.071 1.0000000000
153202  -10.539  42.962  6.343 1.0000000000
153203  -10.106  42.529  6.667 1.0000000000
153204  -11.056  42.521  7.699 1.0000000000
153205  -10.358  42.288  7.338 1.0000000000
153206  -9.602  42.115  7.035 1.0000000000
153207  -9.068  41.716  7.475 1.0000000000
153208  -8.537  41.342  7.995 1.0000000000
153209  -8.015  41.013  8.595 1.0000000000
153210  -11.987  41.645  10.527 1.0000000000
153211  -11.330  41.308  10.149 1.0000000000
153212  -10.594  41.062  9.832 1.0000000000
153213  -10.293  40.368  11.066 1.0000000000
153214  -10.062  40.627  10.324 1.0000000000
153215  -9.820  40.894  9.584 1.0000000000
153216  -9.058  40.769  9.431 1.0000000000
153217  -8.258  40.734  9.325 1.0000000000
153218  -7.424  40.714  9.221 1.0000000000
153219  -6.756  40.398  9.847 1.0000000000
153220  -6.153  39.950  10.454 1.0000000000
153221  -5.712  39.308  11.013 1.0000000000
153222  -6.415  39.653  12.046 1.0000000000
153223  -5.771  39.217  11.804 1.0000000000
153224  -5.469  38.500  11.472 1.0000000000
153225  -5.519  37.457  11.828 1.0000000000
153226  -5.698  36.374  12.185 1.0000000000
153227  -5.924  35.280  12.504 1.0000000000
153282  -13.066  40.126  16.627 1.0000000000
153283  -12.813  39.540  16.056 1.0000000000
153284  -12.328  39.041  15.578 1.0000000000
153285  -12.123  38.074  16.667 1.0000000000
153286  -11.928  38.351  15.940 1.0000000000
153287  -11.697  38.664  15.219 1.0000000000
153288  -10.972  38.396  14.970 1.0000000000
153289  -10.134  38.289  14.843 1.0000000000
153290  -9.245  38.274  14.810 1.0000000000
153295  -8.346  36.639  17.294 1.0000000000
153297  -8.794  37.478  16.062 1.0000000000
153298  -8.533  37.909  15.442 1.0000000000
153299  -8.255  38.336  14.815 1.0000000000
153300  -7.290  38.407  14.837 1.0000000000
153301  -6.405  38.313  14.790 1.0000000000
153302  -5.754  37.914  14.585 1.0000000000
153303  -5.522  36.769  15.730 1.0000000000
153304  -5.444  36.998  14.989 1.0000000000
153305  -5.375  37.242  14.247 1.0000000000
153306  -5.442  36.245  13.699 1.0000000000
153307  -5.784  35.170  13.219 1.0000000000
153308  -6.137  34.139  12.812 1.0000000000
153309  -6.267  33.053  13.151 1.0000000000
153310  -6.332  31.998  13.532 1.0000000000
153311  -6.322  30.969  13.927 1.0000000000
153314  -6.233  30.000  14.310 1.0000000000
