#!ascii label  , from subject 40tvs8ref_sym_20 vox2ras=TkReg
606
112  -5.274  33.503  -7.458 1.0000000000
261  -7.334  40.239  -14.120 1.0000000000
521  -6.551  25.497  -13.861 1.0000000000
1102  -4.375  27.278  -4.804 1.0000000000
1143  -8.795  36.164  -11.490 1.0000000000
1144  -6.957  32.956  -15.469 1.0000000000
1145  -6.276  29.372  -10.851 1.0000000000
1146  -4.510  22.645  -6.766 1.0000000000
2206  -4.433  17.790  -8.290 1.0000000000
3022  -4.917  30.102  -6.285 1.0000000000
3023  -4.049  28.690  -3.388 1.0000000000
3063  -8.136  34.352  -9.185 1.0000000000
3064  -8.055  32.639  -11.455 1.0000000000
3065  -5.737  31.431  -9.135 1.0000000000
3066  -4.897  28.126  -7.931 1.0000000000
4870  -7.407  38.290  -16.193 1.0000000000
4871  -6.894  29.215  -15.020 1.0000000000
4872  -6.406  31.020  -17.397 1.0000000000
4873  -6.548  27.203  -16.699 1.0000000000
4874  -6.070  25.193  -18.463 1.0000000000
4875  -6.543  23.451  -15.070 1.0000000000
4876  -5.440  19.543  -12.319 1.0000000000
4877  -5.384  21.774  -11.595 1.0000000000
4879  -3.414  19.505  -4.989 1.0000000000
6665  -7.718  38.299  -13.133 1.0000000000
6666  -6.994  36.700  -15.119 1.0000000000
6667  -7.757  34.728  -13.611 1.0000000000
6668  -7.536  31.018  -13.383 1.0000000000
6669  -6.427  27.439  -12.548 1.0000000000
6670  -5.185  23.963  -10.625 1.0000000000
6671  -5.078  26.095  -9.392 1.0000000000
6672  -4.415  25.001  -5.877 1.0000000000
7567  -7.452  36.166  -7.136 1.0000000000
7627  -7.799  41.693  -12.114 1.0000000000
7628  -8.940  39.543  -11.072 1.0000000000
7629  -9.763  37.233  -9.080 1.0000000000
9172  -6.775  34.709  -17.144 1.0000000000
9181  -4.538  20.290  -7.587 1.0000000000
9182  -3.484  16.255  -5.127 1.0000000000
10702  -4.921  31.817  -7.058 1.0000000000
10743  -6.596  33.928  -8.303 1.0000000000
10744  -6.900  32.916  -9.192 1.0000000000
10745  -5.512  32.450  -8.327 1.0000000000
10746  -5.012  30.813  -7.912 1.0000000000
12550  -7.340  39.321  -15.154 1.0000000000
12551  -6.820  27.340  -14.534 1.0000000000
12552  -6.702  28.240  -15.874 1.0000000000
12553  -6.692  26.350  -15.321 1.0000000000
12554  -6.592  25.314  -16.018 1.0000000000
12555  -6.522  24.487  -14.474 1.0000000000
12556  -6.174  22.670  -13.437 1.0000000000
12557  -5.972  23.642  -12.903 1.0000000000
14827  -3.870  26.255  -4.441 1.0000000000
14829  -3.739  27.074  -3.890 1.0000000000
14948  -8.218  37.266  -12.443 1.0000000000
14949  -7.734  36.512  -13.461 1.0000000000
14950  -8.260  35.459  -12.600 1.0000000000
14951  -7.230  31.037  -11.181 1.0000000000
14952  -7.796  31.901  -12.519 1.0000000000
14953  -7.233  30.147  -12.180 1.0000000000
14954  -7.079  29.251  -13.039 1.0000000000
14955  -6.348  28.405  -11.747 1.0000000000
14956  -5.603  26.732  -11.071 1.0000000000
14957  -5.512  27.759  -10.280 1.0000000000
14958  -4.744  27.543  -6.162 1.0000000000
14959  -4.762  26.509  -6.879 1.0000000000
14960  -4.399  26.150  -5.369 1.0000000000
14961  -3.856  24.988  -4.871 1.0000000000
16756  -8.283  40.659  -11.687 1.0000000000
16761  -9.110  36.493  -7.980 1.0000000000
20371  -7.013  34.838  -15.363 1.0000000000
20372  -6.845  35.710  -16.124 1.0000000000
20373  -6.685  33.904  -16.349 1.0000000000
20374  -6.294  29.957  -18.370 1.0000000000
20375  -6.373  31.843  -18.426 1.0000000000
20381  -6.222  23.303  -17.510 1.0000000000
20388  -4.876  18.652  -10.268 1.0000000000
20389  -4.931  17.310  -10.418 1.0000000000
20390  -4.489  16.455  -8.583 1.0000000000
20391  -4.190  14.205  -7.218 1.0000000000
20392  -4.089  15.698  -6.902 1.0000000000
20393  -4.906  23.255  -8.611 1.0000000000
20394  -4.909  22.139  -9.164 1.0000000000
20395  -4.532  21.497  -7.194 1.0000000000
20397  -3.395  17.801  -4.999 1.0000000000
23872  -4.777  28.542  -5.443 1.0000000000
23873  -4.219  27.981  -4.102 1.0000000000
23874  -4.716  29.128  -4.499 1.0000000000
23945  -8.919  35.087  -10.375 1.0000000000
23946  -8.552  34.404  -11.552 1.0000000000
23947  -8.152  33.502  -10.304 1.0000000000
23948  -7.105  31.960  -10.191 1.0000000000
23949  -6.050  30.360  -9.964 1.0000000000
23950  -5.302  28.753  -9.504 1.0000000000
23951  -5.165  29.793  -8.752 1.0000000000
23952  -4.827  29.089  -7.093 1.0000000000
27198  -7.386  37.265  -17.483 1.0000000000
27199  -6.954  31.066  -15.323 1.0000000000
27200  -6.614  31.978  -16.422 1.0000000000
27201  -6.660  30.105  -16.247 1.0000000000
27202  -6.465  29.127  -17.147 1.0000000000
27203  -6.219  28.119  -18.089 1.0000000000
27205  -6.322  26.232  -17.544 1.0000000000
27206  -6.440  24.336  -16.766 1.0000000000
27207  -6.430  22.431  -15.604 1.0000000000
27208  -6.047  20.518  -14.288 1.0000000000
27209  -6.124  21.560  -13.841 1.0000000000
27210  -5.430  20.666  -11.944 1.0000000000
27211  -4.831  19.880  -10.040 1.0000000000
27212  -3.929  22.425  -5.517 1.0000000000
27213  -3.944  21.095  -5.759 1.0000000000
27214  -3.401  21.028  -4.914 1.0000000000
30911  -7.322  39.323  -13.687 1.0000000000
30912  -7.065  38.488  -14.686 1.0000000000
30913  -7.317  37.563  -14.148 1.0000000000
30914  -7.311  35.730  -14.427 1.0000000000
30915  -7.348  33.843  -14.530 1.0000000000
30916  -8.171  33.631  -12.607 1.0000000000
30917  -7.720  32.876  -13.577 1.0000000000
30918  -7.303  31.995  -14.440 1.0000000000
30919  -7.216  30.136  -14.177 1.0000000000
30920  -6.934  28.311  -13.819 1.0000000000
30921  -6.502  26.467  -13.223 1.0000000000
30922  -5.889  24.690  -12.371 1.0000000000
30923  -5.760  25.718  -11.777 1.0000000000
30924  -5.131  25.018  -10.018 1.0000000000
30925  -4.842  24.310  -8.068 1.0000000000
30926  -4.962  27.093  -8.701 1.0000000000
30927  -4.811  25.405  -7.493 1.0000000000
30928  -4.455  23.848  -6.378 1.0000000000
30929  -3.874  23.783  -5.216 1.0000000000
33157  -6.109  34.922  -7.377 1.0000000000
33310  -7.689  41.882  -13.487 1.0000000000
33318  -7.706  42.628  -12.536 1.0000000000
33319  -7.432  41.002  -13.160 1.0000000000
33320  -7.738  40.010  -12.677 1.0000000000
33321  -8.239  38.993  -12.134 1.0000000000
33322  -8.876  37.830  -11.321 1.0000000000
33324  -9.583  38.346  -10.171 1.0000000000
33325  -9.378  36.684  -10.316 1.0000000000
33326  -9.098  35.789  -9.166 1.0000000000
33327  -7.913  35.202  -8.097 1.0000000000
37756  -7.019  37.537  -15.696 1.0000000000
37757  -7.076  36.509  -16.750 1.0000000000
37758  -6.979  35.469  -17.964 1.0000000000
37759  -6.502  32.875  -17.352 1.0000000000
37760  -6.599  33.703  -18.294 1.0000000000
37783  -5.241  22.864  -11.129 1.0000000000
37784  -4.803  20.947  -9.613 1.0000000000
37785  -4.477  19.036  -7.946 1.0000000000
37786  -3.981  19.702  -5.914 1.0000000000
37787  -3.996  18.331  -6.187 1.0000000000
37788  -4.030  16.956  -6.514 1.0000000000
37789  -3.636  14.884  -5.496 1.0000000000
41422  -5.046  32.662  -7.309 1.0000000000
41463  -5.846  33.750  -7.917 1.0000000000
41464  -5.989  33.219  -8.372 1.0000000000
41465  -5.318  32.984  -7.958 1.0000000000
41466  -5.121  32.159  -7.759 1.0000000000
43270  -7.299  39.781  -14.638 1.0000000000
43271  -6.714  26.422  -14.236 1.0000000000
43272  -6.763  26.867  -14.949 1.0000000000
43273  -6.694  25.939  -14.602 1.0000000000
43274  -6.641  25.414  -14.921 1.0000000000
43275  -6.488  25.006  -14.190 1.0000000000
43276  -6.310  24.099  -13.721 1.0000000000
43277  -6.248  24.590  -13.443 1.0000000000
45547  -4.123  26.749  -4.584 1.0000000000
45548  -3.801  26.652  -4.160 1.0000000000
45549  -4.050  27.132  -4.274 1.0000000000
45668  -8.524  36.716  -11.997 1.0000000000
45669  -8.232  36.369  -12.545 1.0000000000
45670  -8.516  35.833  -12.082 1.0000000000
45671  -6.753  30.204  -11.015 1.0000000000
45672  -7.234  30.592  -11.688 1.0000000000
45673  -6.800  29.735  -11.491 1.0000000000
45674  -6.796  29.296  -11.987 1.0000000000
45675  -6.344  28.892  -11.303 1.0000000000
45676  -5.893  28.067  -11.030 1.0000000000
45677  -5.856  28.556  -10.616 1.0000000000
45678  -4.588  27.353  -5.416 1.0000000000
45679  -4.598  26.828  -5.757 1.0000000000
45680  -4.374  26.694  -5.083 1.0000000000
45681  -4.123  26.168  -4.863 1.0000000000
51091  -6.977  33.894  -15.448 1.0000000000
51092  -6.839  34.384  -15.856 1.0000000000
51093  -6.792  33.416  -15.946 1.0000000000
51095  -6.261  30.386  -18.969 1.0000000000
51101  -6.244  22.360  -16.900 1.0000000000
51102  -6.105  22.785  -17.874 1.0000000000
51108  -4.644  18.221  -9.274 1.0000000000
51109  -4.656  17.510  -9.336 1.0000000000
51110  -4.436  17.052  -8.387 1.0000000000
51111  -4.277  16.047  -7.705 1.0000000000
51112  -4.252  16.707  -7.539 1.0000000000
51113  -4.780  22.918  -7.639 1.0000000000
51114  -4.754  22.394  -7.934 1.0000000000
51115  -4.529  22.077  -7.018 1.0000000000
55147  -4.879  29.306  -5.884 1.0000000000
55148  -4.786  28.821  -4.930 1.0000000000
55149  -4.931  29.549  -5.314 1.0000000000
55268  -8.626  34.682  -9.763 1.0000000000
55269  -8.548  34.269  -10.356 1.0000000000
55270  -8.214  33.910  -9.711 1.0000000000
55271  -6.280  32.186  -9.200 1.0000000000
55272  -7.011  32.425  -9.688 1.0000000000
55273  -6.436  31.665  -9.640 1.0000000000
55274  -6.557  31.179  -10.083 1.0000000000
55275  -5.942  30.887  -9.550 1.0000000000
55276  -5.512  30.110  -9.401 1.0000000000
55277  -5.432  30.604  -8.984 1.0000000000
55278  -4.890  30.469  -7.135 1.0000000000
55279  -4.891  29.953  -7.541 1.0000000000
55280  -4.873  29.615  -6.714 1.0000000000
55281  -4.854  28.768  -6.232 1.0000000000
60686  -7.638  39.169  -15.916 1.0000000000
60690  -7.430  37.763  -16.819 1.0000000000
60691  -6.901  30.141  -15.193 1.0000000000
60692  -6.809  30.595  -15.790 1.0000000000
60693  -6.795  29.658  -15.632 1.0000000000
60694  -6.629  27.721  -16.297 1.0000000000
60695  -6.614  28.680  -16.516 1.0000000000
60696  -6.496  28.183  -16.950 1.0000000000
60697  -6.363  28.603  -17.603 1.0000000000
60698  -6.377  27.700  -17.393 1.0000000000
60699  -6.261  27.167  -17.840 1.0000000000
60700  -6.436  26.712  -17.113 1.0000000000
60701  -6.610  24.404  -15.608 1.0000000000
60702  -6.521  24.828  -16.420 1.0000000000
60703  -6.541  23.907  -15.932 1.0000000000
60704  -6.463  23.394  -16.226 1.0000000000
60705  -6.497  22.961  -15.352 1.0000000000
60706  -6.338  21.994  -14.726 1.0000000000
60707  -6.367  22.513  -14.502 1.0000000000
60708  -5.755  22.207  -12.540 1.0000000000
60709  -5.790  21.677  -12.719 1.0000000000
60710  -5.410  21.220  -11.790 1.0000000000
60711  -5.094  20.265  -11.009 1.0000000000
60712  -5.087  20.826  -10.835 1.0000000000
60714  -3.648  21.719  -5.190 1.0000000000
67530  -4.120  28.314  -3.746 1.0000000000
67532  -3.802  28.309  -3.309 1.0000000000
67883  -7.490  38.819  -13.431 1.0000000000
67884  -7.302  38.441  -13.932 1.0000000000
67885  -7.499  37.937  -13.657 1.0000000000
67886  -7.761  35.613  -13.541 1.0000000000
67887  -7.502  36.127  -13.965 1.0000000000
67888  -7.517  35.212  -14.035 1.0000000000
67889  -7.317  34.806  -14.498 1.0000000000
67890  -7.518  34.300  -14.077 1.0000000000
67891  -8.321  33.535  -11.527 1.0000000000
67892  -8.367  34.030  -12.110 1.0000000000
67893  -8.193  33.141  -12.047 1.0000000000
67894  -7.699  31.464  -12.973 1.0000000000
67895  -7.814  32.385  -13.074 1.0000000000
67896  -7.663  31.953  -13.485 1.0000000000
67897  -7.534  32.430  -14.001 1.0000000000
67898  -7.491  31.488  -13.900 1.0000000000
67899  -7.286  31.051  -14.315 1.0000000000
67900  -7.378  30.583  -13.770 1.0000000000
67901  -6.797  28.342  -12.832 1.0000000000
67902  -7.020  28.792  -13.432 1.0000000000
67903  -6.750  27.865  -13.197 1.0000000000
67904  -6.745  27.369  -13.563 1.0000000000
67905  -6.475  26.951  -12.900 1.0000000000
67906  -6.161  26.088  -12.523 1.0000000000
67907  -6.088  26.580  -12.209 1.0000000000
67908  -5.293  26.414  -10.252 1.0000000000
67909  -5.317  25.886  -10.598 1.0000000000
67910  -5.104  25.572  -9.745 1.0000000000
67911  -4.975  24.672  -9.062 1.0000000000
67912  -4.973  25.200  -8.775 1.0000000000
67913  -5.065  28.468  -8.767 1.0000000000
67914  -5.131  27.936  -9.127 1.0000000000
67915  -4.938  27.626  -8.313 1.0000000000
67916  -4.643  25.721  -6.325 1.0000000000
67917  -4.779  25.941  -7.169 1.0000000000
67918  -4.628  25.155  -6.633 1.0000000000
67919  -4.658  24.591  -6.911 1.0000000000
67920  -4.432  24.420  -6.133 1.0000000000
67921  -4.181  23.764  -5.728 1.0000000000
67922  -4.154  24.384  -5.540 1.0000000000
67923  -3.584  25.035  -4.515 1.0000000000
67924  -3.594  24.414  -4.668 1.0000000000
72922  -6.762  35.567  -7.259 1.0000000000
73281  -7.974  42.267  -13.656 1.0000000000
73282  -7.880  42.667  -13.162 1.0000000000
73302  -7.792  42.957  -12.036 1.0000000000
73303  -7.680  42.153  -12.364 1.0000000000
73304  -7.557  41.799  -12.871 1.0000000000
73305  -7.607  41.321  -12.641 1.0000000000
73306  -7.520  40.526  -12.918 1.0000000000
73307  -7.759  40.836  -12.405 1.0000000000
73308  -8.558  40.120  -11.420 1.0000000000
73309  -8.244  39.830  -11.927 1.0000000000
73310  -8.559  39.272  -11.602 1.0000000000
73311  -8.536  38.406  -11.770 1.0000000000
73312  -8.915  38.688  -11.215 1.0000000000
73317  -9.892  38.564  -9.540 1.0000000000
73318  -9.790  37.749  -9.639 1.0000000000
73319  -9.510  37.531  -10.271 1.0000000000
73320  -9.594  36.987  -9.726 1.0000000000
73321  -9.361  36.213  -9.756 1.0000000000
73322  -9.494  36.509  -9.139 1.0000000000
73323  -8.399  36.255  -7.493 1.0000000000
73324  -8.514  35.862  -8.049 1.0000000000
73325  -7.694  35.672  -7.616 1.0000000000
73326  -6.977  35.035  -7.703 1.0000000000
84151  -7.025  37.595  -14.925 1.0000000000
84152  -7.010  38.043  -15.199 1.0000000000
84153  -6.951  37.129  -15.427 1.0000000000
84154  -6.811  35.217  -16.636 1.0000000000
84155  -6.931  36.108  -16.442 1.0000000000
84156  -6.930  35.649  -16.973 1.0000000000
84157  -7.061  35.998  -17.347 1.0000000000
84158  -6.880  35.113  -17.550 1.0000000000
84159  -6.508  31.500  -16.894 1.0000000000
84160  -6.520  32.419  -16.898 1.0000000000
84161  -6.437  31.955  -17.403 1.0000000000
84163  -6.462  32.788  -18.390 1.0000000000
84203  -5.790  20.041  -13.300 1.0000000000
84204  -5.758  19.475  -13.460 1.0000000000
84205  -5.442  18.963  -12.444 1.0000000000
84218  -5.513  24.333  -11.535 1.0000000000
84219  -5.541  23.789  -11.795 1.0000000000
84220  -5.241  23.422  -10.882 1.0000000000
84221  -4.755  21.221  -8.384 1.0000000000
84222  -4.849  21.554  -9.405 1.0000000000
84223  -4.700  20.638  -8.594 1.0000000000
84224  -4.654  20.051  -8.797 1.0000000000
84225  -4.504  19.685  -7.779 1.0000000000
84226  -3.674  20.345  -5.346 1.0000000000
84227  -3.947  20.413  -5.813 1.0000000000
84228  -3.681  19.576  -5.399 1.0000000000
84229  -3.431  17.006  -5.053 1.0000000000
84230  -3.693  18.069  -5.529 1.0000000000
84231  -3.707  17.275  -5.592 1.0000000000
84232  -4.028  17.677  -6.343 1.0000000000
84233  -3.771  16.603  -5.767 1.0000000000
84234  -3.826  15.923  -5.934 1.0000000000
84235  -3.562  15.561  -5.282 1.0000000000
92992  -4.930  30.953  -6.677 1.0000000000
93065  -7.435  34.103  -8.662 1.0000000000
93066  -7.532  33.627  -9.186 1.0000000000
93067  -6.762  33.418  -8.754 1.0000000000
93068  -6.101  32.714  -8.789 1.0000000000
93069  -5.633  31.929  -8.722 1.0000000000
93070  -5.285  31.134  -8.593 1.0000000000
93071  -5.165  31.663  -8.209 1.0000000000
93072  -4.984  31.323  -7.483 1.0000000000
96318  -7.373  38.825  -15.670 1.0000000000
96319  -6.859  28.289  -14.813 1.0000000000
96320  -6.792  28.729  -15.433 1.0000000000
96321  -6.763  27.796  -15.205 1.0000000000
96322  -6.696  27.289  -15.655 1.0000000000
96323  -6.644  26.768  -16.019 1.0000000000
96324  -6.589  26.241  -16.386 1.0000000000
96325  -6.657  25.829  -15.673 1.0000000000
96326  -6.602  24.903  -15.250 1.0000000000
96327  -6.564  23.956  -14.767 1.0000000000
96328  -6.434  23.032  -14.245 1.0000000000
96329  -6.357  23.570  -13.973 1.0000000000
96330  -6.054  23.145  -13.151 1.0000000000
96331  -5.692  22.698  -12.297 1.0000000000
100417  -3.597  25.686  -4.312 1.0000000000
100419  -3.522  26.148  -4.043 1.0000000000
100634  -7.977  37.796  -12.805 1.0000000000
100635  -7.717  37.416  -13.310 1.0000000000
100636  -7.971  36.889  -12.942 1.0000000000
100637  -8.027  35.979  -13.033 1.0000000000
100638  -8.020  35.088  -13.099 1.0000000000
100639  -7.641  31.849  -11.334 1.0000000000
100640  -7.918  32.276  -11.988 1.0000000000
100641  -7.626  31.443  -11.890 1.0000000000
100642  -7.566  31.003  -12.354 1.0000000000
100643  -7.454  30.579  -12.812 1.0000000000
100644  -7.369  30.131  -13.246 1.0000000000
100645  -7.164  29.718  -12.637 1.0000000000
100646  -6.800  28.829  -12.412 1.0000000000
100647  -6.378  27.929  -12.156 1.0000000000
100648  -6.012  27.085  -11.879 1.0000000000
100649  -5.940  27.574  -11.448 1.0000000000
100650  -5.513  27.249  -10.692 1.0000000000
100651  -5.214  26.936  -9.868 1.0000000000
100652  -4.786  27.798  -7.044 1.0000000000
100653  -4.820  27.295  -7.449 1.0000000000
100654  -4.763  27.041  -6.551 1.0000000000
100655  -4.655  26.280  -6.025 1.0000000000
100656  -4.441  25.617  -5.646 1.0000000000
100657  -4.158  24.982  -5.302 1.0000000000
100658  -4.166  25.567  -5.096 1.0000000000
100659  -3.824  25.573  -4.662 1.0000000000
103657  -8.139  36.713  -6.976 1.0000000000
103888  -8.027  41.185  -11.913 1.0000000000
103889  -8.303  41.493  -11.393 1.0000000000
103897  -9.541  36.819  -8.518 1.0000000000
110395  -7.002  35.772  -15.258 1.0000000000
110396  -6.913  36.217  -15.607 1.0000000000
110397  -6.863  35.311  -15.743 1.0000000000
110398  -6.777  34.834  -16.250 1.0000000000
110399  -6.700  34.299  -16.747 1.0000000000
110400  -6.332  30.476  -17.896 1.0000000000
110401  -6.369  31.438  -17.916 1.0000000000
110402  -6.304  30.892  -18.442 1.0000000000
110413  -6.158  24.275  -18.020 1.0000000000
110414  -5.963  24.671  -18.915 1.0000000000
110415  -6.053  23.732  -18.429 1.0000000000
110426  -5.127  19.084  -11.279 1.0000000000
110427  -5.139  18.468  -11.402 1.0000000000
110428  -4.871  17.994  -10.366 1.0000000000
110429  -4.705  16.866  -9.484 1.0000000000
110431  -4.402  14.675  -7.982 1.0000000000
110432  -4.336  15.411  -7.894 1.0000000000
110433  -4.125  14.994  -7.087 1.0000000000
110435  -5.025  23.607  -9.612 1.0000000000
110436  -5.033  23.070  -9.916 1.0000000000
110437  -4.909  22.741  -8.889 1.0000000000
110438  -4.750  21.814  -8.150 1.0000000000
110439  -4.546  20.888  -7.350 1.0000000000
110441  -3.399  18.640  -4.983 1.0000000000
110443  -3.176  16.827  -4.626 1.0000000000
110445  -3.304  15.323  -4.781 1.0000000000
117142  -4.617  27.843  -5.056 1.0000000000
117143  -4.309  27.623  -4.424 1.0000000000
117144  -4.544  28.192  -4.670 1.0000000000
117145  -4.446  28.508  -4.244 1.0000000000
117146  -4.381  28.832  -3.871 1.0000000000
117147  -4.975  29.788  -4.804 1.0000000000
117148  -4.670  29.379  -4.012 1.0000000000
117149  -4.311  29.134  -3.493 1.0000000000
117311  -8.978  35.627  -10.936 1.0000000000
117312  -8.711  35.279  -11.529 1.0000000000
117313  -8.713  34.743  -10.966 1.0000000000
117314  -8.461  33.878  -10.966 1.0000000000
117315  -8.103  33.101  -10.908 1.0000000000
117316  -7.624  33.182  -9.704 1.0000000000
117317  -7.685  32.732  -10.256 1.0000000000
117318  -7.674  32.289  -10.794 1.0000000000
117319  -7.204  31.497  -10.672 1.0000000000
117320  -6.660  30.679  -10.560 1.0000000000
117321  -6.161  29.846  -10.413 1.0000000000
117322  -5.770  29.058  -10.203 1.0000000000
117323  -5.629  29.581  -9.792 1.0000000000
117324  -5.254  29.301  -9.130 1.0000000000
117325  -4.997  28.973  -8.394 1.0000000000
117326  -5.046  30.299  -8.360 1.0000000000
117327  -4.935  29.440  -7.958 1.0000000000
117328  -4.826  28.579  -7.507 1.0000000000
117329  -4.796  28.290  -6.632 1.0000000000
117330  -4.741  28.040  -5.816 1.0000000000
124901  -7.467  37.691  -17.945 1.0000000000
124902  -7.272  36.784  -18.194 1.0000000000
124903  -6.966  32.023  -15.431 1.0000000000
124904  -6.775  32.463  -15.964 1.0000000000
124905  -6.793  31.530  -15.893 1.0000000000
124906  -6.633  31.043  -16.360 1.0000000000
124907  -6.520  30.555  -16.837 1.0000000000
124908  -6.707  29.165  -16.081 1.0000000000
124909  -6.572  29.628  -16.698 1.0000000000
124910  -6.436  30.063  -17.305 1.0000000000
124911  -6.353  29.527  -17.773 1.0000000000
124912  -6.256  29.025  -18.261 1.0000000000
124917  -6.230  25.703  -17.984 1.0000000000
124918  -6.505  25.741  -16.789 1.0000000000
124919  -6.391  25.274  -17.191 1.0000000000
124920  -6.291  24.803  -17.596 1.0000000000
124921  -6.338  23.851  -17.126 1.0000000000
124922  -6.381  22.886  -16.553 1.0000000000
124923  -6.318  21.917  -15.915 1.0000000000
124924  -6.197  20.961  -15.254 1.0000000000
124925  -6.299  21.484  -14.977 1.0000000000
124926  -6.137  21.026  -14.052 1.0000000000
124927  -5.834  20.584  -13.139 1.0000000000
124928  -6.119  22.110  -13.620 1.0000000000
124929  -5.810  21.143  -12.926 1.0000000000
124930  -5.486  20.139  -12.166 1.0000000000
124931  -5.129  19.681  -11.135 1.0000000000
124932  -4.844  19.304  -10.176 1.0000000000
124933  -4.634  18.871  -9.159 1.0000000000
124934  -4.223  22.489  -6.076 1.0000000000
124935  -4.243  21.851  -6.232 1.0000000000
124936  -3.930  21.740  -5.615 1.0000000000
124937  -3.654  21.037  -5.291 1.0000000000
124938  -3.409  20.301  -4.956 1.0000000000
124939  -3.193  21.134  -4.639 1.0000000000
133923  -3.970  27.506  -3.981 1.0000000000
134369  -7.252  39.809  -13.909 1.0000000000
134370  -7.164  39.365  -14.413 1.0000000000
134371  -7.178  38.922  -14.183 1.0000000000
134372  -7.117  38.032  -14.435 1.0000000000
134373  -7.131  37.139  -14.631 1.0000000000
134374  -7.517  37.058  -13.826 1.0000000000
134375  -7.304  36.663  -14.322 1.0000000000
134376  -7.137  36.223  -14.792 1.0000000000
134377  -7.145  35.298  -14.903 1.0000000000
134378  -7.169  34.350  -14.961 1.0000000000
134379  -7.149  33.406  -15.003 1.0000000000
134380  -8.451  34.923  -12.101 1.0000000000
134381  -8.243  34.539  -12.632 1.0000000000
134382  -8.010  34.158  -13.129 1.0000000000
134383  -8.035  32.781  -12.600 1.0000000000
134384  -7.923  33.275  -13.129 1.0000000000
134385  -7.729  33.786  -13.621 1.0000000000
134386  -7.547  33.350  -14.071 1.0000000000
134387  -7.347  32.914  -14.510 1.0000000000
134388  -7.129  32.478  -14.965 1.0000000000
134389  -7.136  31.529  -14.875 1.0000000000
134390  -7.094  30.596  -14.748 1.0000000000
134391  -6.998  29.675  -14.605 1.0000000000
134392  -7.212  29.689  -13.622 1.0000000000
134393  -7.060  29.228  -14.013 1.0000000000
134394  -6.960  28.760  -14.436 1.0000000000
134395  -6.852  27.821  -14.197 1.0000000000
134396  -6.739  26.860  -13.868 1.0000000000
134397  -6.533  25.963  -13.525 1.0000000000
134398  -6.251  25.074  -13.139 1.0000000000
134399  -6.238  25.597  -12.866 1.0000000000
134400  -5.831  25.220  -12.071 1.0000000000
134401  -5.440  24.850  -11.230 1.0000000000
134402  -5.680  26.227  -11.439 1.0000000000
134403  -5.348  25.364  -10.937 1.0000000000
134404  -5.139  24.487  -10.319 1.0000000000
134405  -5.006  24.125  -9.330 1.0000000000
134406  -4.889  23.777  -8.330 1.0000000000
134407  -4.706  23.479  -7.403 1.0000000000
134408  -5.436  28.263  -9.901 1.0000000000
134409  -5.197  27.452  -9.511 1.0000000000
134410  -5.058  26.600  -9.025 1.0000000000
134411  -4.854  26.778  -7.768 1.0000000000
134412  -4.909  26.261  -8.121 1.0000000000
134413  -4.966  25.726  -8.459 1.0000000000
134414  -4.835  24.861  -7.826 1.0000000000
134415  -4.688  24.036  -7.157 1.0000000000
134416  -4.491  23.239  -6.552 1.0000000000
134417  -4.224  23.121  -5.887 1.0000000000
134418  -3.899  23.125  -5.377 1.0000000000
134420  -3.871  24.390  -5.053 1.0000000000
134421  -3.615  23.771  -4.839 1.0000000000
140647  -5.580  34.280  -7.482 1.0000000000
140648  -5.079  33.773  -6.961 1.0000000000
140649  -5.330  34.587  -7.017 1.0000000000
141088  -7.483  41.072  -13.819 1.0000000000
141112  -7.841  43.063  -12.676 1.0000000000
141113  -7.666  42.272  -13.017 1.0000000000
141114  -7.502  41.454  -13.334 1.0000000000
141115  -7.354  40.638  -13.636 1.0000000000
141116  -7.370  40.182  -13.423 1.0000000000
141117  -7.497  39.692  -13.183 1.0000000000
141118  -7.732  39.164  -12.917 1.0000000000
141119  -7.986  40.332  -12.203 1.0000000000
141120  -7.980  39.499  -12.427 1.0000000000
141121  -8.003  38.667  -12.642 1.0000000000
141122  -8.241  38.122  -12.305 1.0000000000
141123  -8.519  37.557  -11.901 1.0000000000
141124  -8.866  36.999  -11.429 1.0000000000
141127  -9.305  39.805  -10.520 1.0000000000
141129  -9.645  39.183  -10.086 1.0000000000
141130  -9.290  38.954  -10.649 1.0000000000
141131  -9.269  38.103  -10.756 1.0000000000
141132  -9.176  37.257  -10.828 1.0000000000
141133  -9.096  36.427  -10.892 1.0000000000
141134  -9.154  35.906  -10.344 1.0000000000
141135  -9.035  35.442  -9.779 1.0000000000
141136  -8.711  35.034  -9.177 1.0000000000
141137  -9.152  36.129  -8.565 1.0000000000
141138  -8.618  35.457  -8.610 1.0000000000
141139  -8.030  34.782  -8.627 1.0000000000
141140  -7.232  34.573  -8.195 1.0000000000
141141  -6.374  34.410  -7.830 1.0000000000
154228  -7.151  38.920  -14.925 1.0000000000
154229  -7.150  38.458  -15.433 1.0000000000
154230  -7.179  37.930  -15.941 1.0000000000
154231  -6.912  36.614  -15.940 1.0000000000
154232  -7.047  37.011  -16.195 1.0000000000
154233  -7.233  37.381  -16.496 1.0000000000
154234  -7.237  36.869  -17.104 1.0000000000
154235  -7.181  36.367  -17.750 1.0000000000
154237  -6.644  32.929  -16.417 1.0000000000
154238  -6.593  33.375  -16.836 1.0000000000
154239  -6.618  33.796  -17.260 1.0000000000
154240  -6.426  32.382  -17.883 1.0000000000
154241  -6.529  33.296  -17.816 1.0000000000
154242  -6.692  34.206  -17.706 1.0000000000
154243  -6.791  34.600  -18.164 1.0000000000
154294  -5.186  17.867  -11.526 1.0000000000
154309  -5.926  24.162  -12.655 1.0000000000
154310  -5.596  23.244  -12.034 1.0000000000
154311  -5.291  22.319  -11.362 1.0000000000
154312  -4.986  22.498  -10.189 1.0000000000
154313  -5.014  21.911  -10.391 1.0000000000
154314  -5.055  21.374  -10.615 1.0000000000
154315  -4.841  20.430  -9.825 1.0000000000
154316  -4.636  19.471  -9.000 1.0000000000
154317  -4.447  18.405  -8.138 1.0000000000
154318  -4.260  21.203  -6.338 1.0000000000
154319  -4.241  20.585  -6.476 1.0000000000
154320  -4.302  19.973  -6.682 1.0000000000
154321  -3.697  18.809  -5.477 1.0000000000
154322  -3.999  19.035  -6.080 1.0000000000
154323  -4.289  19.290  -6.796 1.0000000000
154324  -4.263  18.662  -7.010 1.0000000000
154325  -4.258  17.989  -7.180 1.0000000000
154326  -4.244  17.301  -7.338 1.0000000000
154327  -4.056  16.320  -6.719 1.0000000000
154328  -3.875  15.250  -6.145 1.0000000000
154329  -3.723  14.135  -5.663 1.0000000000
