#!ascii label  , from subject 40tvs8ref_sym_20 vox2ras=TkReg
150
197  -3.970  9.027  -5.089 1.0000000000
2207  -2.696  15.754  -3.866 1.0000000000
3472  -4.591  10.275  -6.611 1.0000000000
3474  -4.482  5.750  -6.335 1.0000000000
4881  -2.149  16.094  -3.256 1.0000000000
5827  -3.349  8.231  -4.407 1.0000000000
5828  -3.845  5.443  -5.666 1.0000000000
9180  -3.835  13.372  -5.867 1.0000000000
9183  -3.120  12.338  -4.161 1.0000000000
9184  -2.599  11.919  -3.555 1.0000000000
11152  -4.326  9.522  -5.723 1.0000000000
11153  -4.593  7.862  -6.080 1.0000000000
11154  -4.221  7.371  -5.581 1.0000000000
13552  -2.977  8.167  -4.182 1.0000000000
13553  -3.316  6.699  -4.731 1.0000000000
16186  -4.237  4.375  -6.600 1.0000000000
20396  -2.940  17.578  -4.328 1.0000000000
20398  -2.995  15.959  -4.316 1.0000000000
20399  -3.133  14.271  -4.454 1.0000000000
20400  -2.834  13.938  -3.909 1.0000000000
20401  -2.871  12.000  -3.837 1.0000000000
20402  -2.622  13.920  -3.591 1.0000000000
27216  -2.578  17.604  -3.916 1.0000000000
27217  -2.398  15.618  -3.456 1.0000000000
28957  -3.583  8.554  -4.638 1.0000000000
28958  -3.924  6.878  -5.186 1.0000000000
28959  -3.626  6.815  -4.952 1.0000000000
32598  -4.161  5.479  -5.960 1.0000000000
32599  -4.432  4.266  -6.866 1.0000000000
37781  -4.127  11.813  -6.256 1.0000000000
37782  -3.844  11.126  -5.311 1.0000000000
37790  -3.410  12.756  -4.864 1.0000000000
37791  -3.498  10.667  -4.596 1.0000000000
37792  -3.215  10.196  -4.197 1.0000000000
37793  -2.928  10.007  -3.937 1.0000000000
37794  -2.656  10.055  -3.782 1.0000000000
37795  -2.397  13.916  -3.281 1.0000000000
37796  -2.407  12.070  -3.332 1.0000000000
41872  -4.159  9.282  -5.372 1.0000000000
41873  -4.268  8.383  -5.570 1.0000000000
41874  -4.096  8.156  -5.306 1.0000000000
44272  -2.865  8.370  -4.090 1.0000000000
44273  -2.984  7.566  -4.290 1.0000000000
51116  -2.800  16.648  -4.078 1.0000000000
51117  -2.945  16.689  -4.279 1.0000000000
51118  -2.829  15.868  -4.068 1.0000000000
51119  -2.862  14.960  -4.077 1.0000000000
51120  -2.758  14.845  -3.876 1.0000000000
51121  -2.730  13.886  -3.740 1.0000000000
51122  -2.640  14.792  -3.690 1.0000000000
56500  -4.525  6.837  -6.101 1.0000000000
56501  -4.658  6.953  -6.312 1.0000000000
56502  -4.563  5.858  -6.419 1.0000000000
56504  -4.603  4.988  -6.727 1.0000000000
60720  -2.522  18.501  -3.949 1.0000000000
63697  -3.450  8.396  -4.493 1.0000000000
63698  -3.608  7.576  -4.755 1.0000000000
63699  -3.496  7.515  -4.686 1.0000000000
71595  -3.868  6.087  -5.420 1.0000000000
71596  -4.054  6.152  -5.552 1.0000000000
71597  -3.989  5.431  -5.826 1.0000000000
71599  -4.330  4.373  -6.735 1.0000000000
84213  -4.020  13.804  -6.514 1.0000000000
84214  -4.141  13.008  -6.689 1.0000000000
84215  -3.969  12.601  -6.078 1.0000000000
84216  -3.967  11.393  -5.703 1.0000000000
84217  -3.790  12.220  -5.538 1.0000000000
84236  -3.077  13.268  -4.259 1.0000000000
84237  -3.253  13.502  -4.647 1.0000000000
84238  -3.210  12.508  -4.479 1.0000000000
84239  -3.436  11.716  -4.699 1.0000000000
84240  -3.295  11.493  -4.403 1.0000000000
84241  -3.354  10.435  -4.378 1.0000000000
84242  -3.172  11.293  -4.169 1.0000000000
84243  -2.737  11.929  -3.714 1.0000000000
84244  -2.871  11.038  -3.905 1.0000000000
84245  -2.747  10.934  -3.728 1.0000000000
84246  -2.785  9.934  -3.785 1.0000000000
84247  -2.630  10.956  -3.637 1.0000000000
84248  -2.262  15.773  -3.344 1.0000000000
84249  -2.411  14.726  -3.326 1.0000000000
84250  -2.290  14.974  -3.249 1.0000000000
84252  -2.280  13.061  -3.161 1.0000000000
93802  -4.431  9.866  -6.130 1.0000000000
93803  -4.600  8.906  -6.240 1.0000000000
93804  -4.461  8.732  -5.861 1.0000000000
93805  -4.404  7.628  -5.817 1.0000000000
93806  -4.368  6.694  -5.922 1.0000000000
98122  -3.176  8.098  -4.299 1.0000000000
98123  -3.347  7.431  -4.585 1.0000000000
98124  -3.146  7.399  -4.440 1.0000000000
102862  -4.044  4.873  -6.122 1.0000000000
110434  -3.923  14.557  -6.333 1.0000000000
110440  -3.134  18.536  -4.604 1.0000000000
110442  -3.144  17.622  -4.605 1.0000000000
110444  -3.222  16.014  -4.659 1.0000000000
110446  -3.062  15.109  -4.386 1.0000000000
110447  -2.951  14.083  -4.131 1.0000000000
110448  -2.947  13.091  -3.970 1.0000000000
110449  -3.001  12.113  -3.966 1.0000000000
110450  -2.859  12.971  -3.810 1.0000000000
110451  -2.737  12.915  -3.703 1.0000000000
110452  -2.617  12.933  -3.550 1.0000000000
119037  -4.722  8.018  -6.430 1.0000000000
124943  -2.754  17.610  -4.125 1.0000000000
124944  -2.642  16.662  -3.861 1.0000000000
124945  -2.559  15.691  -3.648 1.0000000000
124946  -2.467  16.644  -3.667 1.0000000000
124948  -2.164  16.835  -3.395 1.0000000000
124951  -2.041  17.095  -3.216 1.0000000000
129067  -3.768  8.780  -4.848 1.0000000000
129068  -3.920  7.937  -5.079 1.0000000000
129069  -3.730  7.697  -4.891 1.0000000000
129070  -3.754  6.799  -5.052 1.0000000000
129071  -3.744  6.114  -5.276 1.0000000000
129072  -3.486  6.777  -4.866 1.0000000000
129073  -3.612  6.131  -5.156 1.0000000000
139026  -4.066  7.143  -5.356 1.0000000000
139027  -4.203  6.456  -5.747 1.0000000000
139028  -4.328  5.633  -6.161 1.0000000000
139029  -4.149  4.860  -6.251 1.0000000000
139030  -4.263  4.836  -6.403 1.0000000000
139031  -4.449  4.847  -6.582 1.0000000000
139032  -4.559  4.244  -6.997 1.0000000000
154305  -4.353  11.058  -6.397 1.0000000000
154306  -4.216  10.642  -5.926 1.0000000000
154307  -4.073  10.312  -5.501 1.0000000000
154308  -3.927  10.085  -5.148 1.0000000000
154330  -3.383  14.553  -4.928 1.0000000000
154331  -3.492  13.815  -5.107 1.0000000000
154332  -3.631  13.031  -5.337 1.0000000000
154333  -3.614  11.900  -5.131 1.0000000000
154334  -3.676  10.879  -4.937 1.0000000000
154335  -3.730  9.805  -4.815 1.0000000000
154336  -3.557  9.575  -4.561 1.0000000000
154337  -3.399  9.373  -4.386 1.0000000000
154338  -3.264  9.194  -4.256 1.0000000000
154339  -3.037  11.082  -3.993 1.0000000000
154340  -3.078  10.078  -4.065 1.0000000000
154341  -3.156  9.051  -4.169 1.0000000000
154342  -2.961  9.023  -4.018 1.0000000000
154343  -2.830  9.072  -3.941 1.0000000000
154345  -2.525  14.715  -3.492 1.0000000000
154346  -2.519  13.882  -3.403 1.0000000000
154347  -2.503  12.961  -3.392 1.0000000000
154348  -2.283  14.068  -3.189 1.0000000000
154349  -2.378  12.973  -3.263 1.0000000000
154350  -2.510  12.022  -3.464 1.0000000000
154351  -2.526  11.086  -3.568 1.0000000000
154352  -2.545  10.214  -3.639 1.0000000000
