#!ascii label  , from subject 40tvs8ref_sym_20 vox2ras=TkReg
568
91  -17.155  -60.935  0.102 1.0000000000
210  -19.091  -50.146  1.609 1.0000000000
450  -17.068  -44.373  -3.996 1.0000000000
987  -23.840  -55.229  -1.169 1.0000000000
988  -18.848  -47.600  -1.438 1.0000000000
989  -20.111  -53.911  -3.661 1.0000000000
990  -16.632  -51.246  -4.669 1.0000000000
1531  -22.495  -62.435  0.368 1.0000000000
2007  -13.892  -42.907  -1.180 1.0000000000
2907  -21.045  -58.317  -0.970 1.0000000000
2908  -22.029  -54.604  -2.644 1.0000000000
2909  -18.647  -57.537  -1.494 1.0000000000
2910  -16.562  -56.498  -1.980 1.0000000000
4399  -14.461  -46.781  0.524 1.0000000000
4400  -18.050  -45.992  -2.861 1.0000000000
4401  -14.092  -43.972  -1.588 1.0000000000
4402  -13.972  -42.627  -2.557 1.0000000000
4406  -16.009  -42.731  -4.749 1.0000000000
4407  -13.354  -53.421  -2.986 1.0000000000
6383  -23.271  -51.909  0.631 1.0000000000
6384  -19.090  -49.000  0.009 1.0000000000
6385  -22.900  -51.017  -1.339 1.0000000000
6386  -22.100  -50.138  -3.160 1.0000000000
6387  -20.822  -49.224  -4.632 1.0000000000
6388  -19.379  -47.955  -5.596 1.0000000000
6389  -18.281  -52.889  -4.368 1.0000000000
6390  -14.641  -54.862  -2.267 1.0000000000
7408  -23.032  -52.687  2.521 1.0000000000
7409  -25.199  -55.656  0.606 1.0000000000
7410  -23.434  -58.868  -0.464 1.0000000000
7411  -19.780  -61.778  0.174 1.0000000000
8597  -14.307  -45.360  -0.550 1.0000000000
8606  -17.868  -46.156  -6.124 1.0000000000
10089  -16.200  -64.344  1.439 1.0000000000
10587  -19.204  -59.655  -0.482 1.0000000000
10588  -19.864  -57.907  -1.238 1.0000000000
10589  -17.960  -59.274  -0.638 1.0000000000
10590  -16.782  -58.787  -0.818 1.0000000000
10591  -15.894  -60.388  0.107 1.0000000000
12079  -16.499  -48.455  0.935 1.0000000000
12080  -17.531  -45.137  -3.471 1.0000000000
12081  -15.266  -43.968  -2.795 1.0000000000
12082  -14.960  -43.193  -3.253 1.0000000000
12084  -14.844  -42.563  -3.648 1.0000000000
12086  -16.514  -43.525  -4.429 1.0000000000
14477  -24.142  -53.478  -0.375 1.0000000000
14478  -23.148  -51.433  -0.365 1.0000000000
14479  -23.612  -53.079  -1.389 1.0000000000
14480  -21.072  -54.265  -3.202 1.0000000000
14481  -22.295  -52.426  -3.050 1.0000000000
14482  -21.511  -52.101  -3.757 1.0000000000
14483  -21.522  -49.686  -3.989 1.0000000000
14484  -20.687  -51.712  -4.366 1.0000000000
14485  -19.870  -51.240  -4.850 1.0000000000
14486  -19.151  -53.471  -4.052 1.0000000000
14487  -14.616  -57.379  -1.029 1.0000000000
14488  -15.574  -55.761  -2.108 1.0000000000
14489  -13.663  -56.591  -1.187 1.0000000000
14490  -12.898  -55.860  -1.561 1.0000000000
16283  -22.768  -52.917  3.456 1.0000000000
16284  -24.615  -54.181  2.713 1.0000000000
16285  -24.560  -53.958  1.627 1.0000000000
16286  -25.584  -55.843  1.660 1.0000000000
16287  -24.250  -60.911  0.340 1.0000000000
16288  -24.647  -59.077  0.015 1.0000000000
16289  -23.006  -60.656  -0.037 1.0000000000
16290  -21.732  -60.363  -0.239 1.0000000000
16291  -21.127  -62.082  0.234 1.0000000000
18955  -19.006  -48.262  -0.717 1.0000000000
18956  -16.364  -47.235  -0.458 1.0000000000
18957  -16.150  -46.417  -1.126 1.0000000000
18958  -13.758  -43.108  -1.366 1.0000000000
18959  -13.657  -43.522  -0.909 1.0000000000
18960  -13.834  -43.170  -0.720 1.0000000000
18977  -18.289  -49.908  -5.531 1.0000000000
18978  -18.660  -47.103  -5.924 1.0000000000
18979  -17.566  -48.985  -5.680 1.0000000000
22657  -17.634  -64.828  1.320 1.0000000000
22658  -15.717  -65.909  1.854 1.0000000000
23663  -22.652  -56.848  -1.461 1.0000000000
23664  -22.996  -54.957  -1.950 1.0000000000
23665  -21.523  -56.511  -1.906 1.0000000000
23666  -20.492  -56.179  -2.272 1.0000000000
23667  -19.392  -55.811  -2.645 1.0000000000
23668  -18.388  -55.373  -2.978 1.0000000000
23669  -17.598  -57.076  -1.786 1.0000000000
23670  -15.707  -58.166  -0.958 1.0000000000
26350  -18.496  -46.791  -2.149 1.0000000000
26351  -15.908  -45.610  -1.745 1.0000000000
26352  -15.585  -44.798  -2.302 1.0000000000
26353  -14.041  -43.308  -2.025 1.0000000000
26354  -13.873  -42.799  -1.800 1.0000000000
26363  -14.743  -52.274  -3.544 1.0000000000
26364  -15.776  -50.313  -4.693 1.0000000000
30251  -21.441  -50.960  1.345 1.0000000000
30252  -19.199  -49.687  0.836 1.0000000000
30253  -21.463  -50.341  0.482 1.0000000000
30254  -21.428  -49.719  -0.408 1.0000000000
30255  -21.355  -49.116  -1.266 1.0000000000
30256  -23.011  -52.800  -2.273 1.0000000000
30257  -22.557  -50.539  -2.312 1.0000000000
30258  -21.196  -48.540  -2.133 1.0000000000
30259  -20.840  -47.947  -2.940 1.0000000000
30260  -20.349  -47.273  -3.682 1.0000000000
30261  -19.687  -46.638  -4.345 1.0000000000
30262  -18.971  -45.905  -4.872 1.0000000000
30263  -20.118  -48.656  -5.152 1.0000000000
30264  -19.074  -50.618  -5.223 1.0000000000
30265  -17.425  -52.145  -4.546 1.0000000000
30266  -17.408  -54.768  -3.225 1.0000000000
30267  -16.474  -54.069  -3.381 1.0000000000
30268  -15.573  -53.164  -3.460 1.0000000000
30269  -13.865  -54.034  -2.524 1.0000000000
30270  -12.543  -55.399  -2.181 1.0000000000
32713  -18.861  -50.496  2.321 1.0000000000
32721  -20.996  -51.909  3.002 1.0000000000
32722  -21.225  -51.373  2.125 1.0000000000
32723  -23.217  -52.467  1.632 1.0000000000
32724  -24.395  -53.832  0.628 1.0000000000
32725  -24.570  -55.390  -0.393 1.0000000000
32726  -25.569  -57.464  0.602 1.0000000000
32727  -24.760  -57.362  -0.226 1.0000000000
32728  -23.742  -57.185  -0.885 1.0000000000
32729  -22.187  -58.628  -0.786 1.0000000000
32730  -20.437  -60.072  -0.338 1.0000000000
32731  -18.458  -61.391  0.088 1.0000000000
36047  -16.500  -47.912  0.242 1.0000000000
36048  -14.400  -46.123  -0.037 1.0000000000
36050  -14.192  -44.622  -1.076 1.0000000000
36051  -13.522  -44.008  -0.419 1.0000000000
36074  -18.227  -45.125  -5.299 1.0000000000
36075  -17.493  -44.207  -5.596 1.0000000000
36077  -16.771  -47.926  -5.808 1.0000000000
40500  -20.943  -63.904  0.725 1.0000000000
40501  -19.531  -63.553  0.738 1.0000000000
40502  -18.124  -63.173  0.762 1.0000000000
40503  -16.720  -62.713  0.829 1.0000000000
40528  -14.127  -65.329  2.290 1.0000000000
40529  -14.741  -63.747  1.676 1.0000000000
40530  -15.268  -62.118  0.959 1.0000000000
41307  -18.193  -60.308  -0.250 1.0000000000
41308  -18.556  -59.457  -0.564 1.0000000000
41309  -17.551  -60.094  -0.268 1.0000000000
41310  -16.943  -59.882  -0.290 1.0000000000
41311  -16.495  -60.672  0.109 1.0000000000
42797  -17.824  -49.474  1.619 1.0000000000
42798  -16.364  -48.545  1.247 1.0000000000
42799  -17.866  -49.273  1.262 1.0000000000
42800  -17.344  -44.748  -3.746 1.0000000000
42801  -16.094  -44.104  -3.369 1.0000000000
42802  -15.912  -43.723  -3.629 1.0000000000
42803  -14.869  -42.861  -3.448 1.0000000000
42804  -15.774  -43.363  -3.849 1.0000000000
42805  -15.637  -43.022  -4.053 1.0000000000
42806  -16.767  -43.928  -4.215 1.0000000000
45197  -24.137  -54.262  -0.843 1.0000000000
45198  -23.909  -53.239  -0.877 1.0000000000
45199  -23.787  -54.095  -1.319 1.0000000000
45200  -20.594  -54.102  -3.429 1.0000000000
45201  -21.336  -53.172  -3.528 1.0000000000
45202  -20.882  -53.049  -3.784 1.0000000000
45203  -21.104  -51.920  -4.078 1.0000000000
45204  -20.423  -52.845  -4.056 1.0000000000
45205  -19.984  -52.620  -4.300 1.0000000000
45206  -19.626  -53.670  -3.910 1.0000000000
45208  -14.128  -56.994  -1.091 1.0000000000
45210  -12.715  -57.010  -0.867 1.0000000000
47005  -25.176  -55.022  2.221 1.0000000000
47006  -25.652  -55.966  2.198 1.0000000000
47007  -23.452  -61.687  0.326 1.0000000000
47008  -23.635  -60.779  0.132 1.0000000000
47009  -22.758  -61.538  0.152 1.0000000000
47010  -22.111  -61.380  0.058 1.0000000000
47011  -21.808  -62.259  0.281 1.0000000000
49675  -18.942  -47.971  -1.062 1.0000000000
49676  -17.588  -47.560  -0.921 1.0000000000
49677  -17.523  -47.181  -1.254 1.0000000000
49678  -13.822  -42.976  -1.310 1.0000000000
49679  -13.784  -43.130  -1.070 1.0000000000
49680  -13.865  -43.032  -0.957 1.0000000000
49681  -13.905  -43.079  -0.577 1.0000000000
49697  -17.503  -50.633  -5.146 1.0000000000
49698  -17.920  -49.457  -5.605 1.0000000000
49699  -17.117  -50.166  -5.201 1.0000000000
53377  -16.482  -66.185  1.711 1.0000000000
54797  -21.861  -57.589  -1.278 1.0000000000
54798  -22.063  -56.684  -1.689 1.0000000000
54799  -21.277  -57.424  -1.427 1.0000000000
54800  -19.249  -57.723  -1.361 1.0000000000
54801  -20.157  -57.050  -1.730 1.0000000000
54802  -19.589  -56.893  -1.877 1.0000000000
54803  -19.957  -56.013  -2.478 1.0000000000
54804  -19.034  -56.675  -2.051 1.0000000000
54805  -18.507  -56.459  -2.216 1.0000000000
54806  -18.110  -57.330  -1.643 1.0000000000
54808  -16.257  -58.483  -0.909 1.0000000000
54809  -15.234  -58.959  -0.462 1.0000000000
59270  -14.440  -46.948  0.818 1.0000000000
59272  -13.831  -46.165  0.790 1.0000000000
59275  -18.281  -46.372  -2.501 1.0000000000
59276  -16.942  -45.796  -2.262 1.0000000000
59277  -16.729  -45.354  -2.559 1.0000000000
59278  -14.396  -43.150  -2.695 1.0000000000
59279  -14.486  -43.540  -2.466 1.0000000000
59280  -13.946  -42.904  -2.307 1.0000000000
59281  -13.854  -42.961  -1.914 1.0000000000
59282  -13.872  -42.684  -2.141 1.0000000000
59283  -13.935  -42.623  -2.008 1.0000000000
59284  -13.895  -42.433  -2.393 1.0000000000
59292  -15.323  -42.253  -4.373 1.0000000000
59294  -15.226  -41.956  -4.519 1.0000000000
59296  -15.819  -42.368  -4.908 1.0000000000
59297  -13.965  -52.759  -3.195 1.0000000000
66467  -22.477  -51.381  1.030 1.0000000000
66468  -21.360  -50.558  0.865 1.0000000000
66469  -22.455  -51.082  0.586 1.0000000000
66470  -23.031  -51.227  -0.853 1.0000000000
66471  -22.400  -50.545  -0.352 1.0000000000
66472  -22.315  -50.311  -0.827 1.0000000000
66473  -21.361  -49.403  -0.853 1.0000000000
66474  -22.254  -50.058  -1.294 1.0000000000
66475  -22.509  -54.777  -2.317 1.0000000000
66476  -23.020  -53.901  -2.144 1.0000000000
66477  -22.639  -53.740  -2.537 1.0000000000
66478  -22.296  -51.326  -3.150 1.0000000000
66479  -22.601  -51.514  -2.743 1.0000000000
66480  -22.334  -50.332  -2.744 1.0000000000
66481  -22.034  -49.472  -2.263 1.0000000000
66482  -21.849  -49.244  -2.661 1.0000000000
66483  -20.987  -48.211  -2.522 1.0000000000
66484  -21.642  -48.992  -3.074 1.0000000000
66485  -21.173  -49.462  -4.321 1.0000000000
66486  -21.167  -48.417  -3.905 1.0000000000
66487  -20.849  -48.174  -4.241 1.0000000000
66488  -20.009  -46.944  -4.029 1.0000000000
66489  -20.503  -47.925  -4.553 1.0000000000
66490  -20.177  -47.672  -4.825 1.0000000000
66491  -20.477  -48.971  -4.918 1.0000000000
66492  -19.114  -52.113  -4.679 1.0000000000
66493  -19.449  -50.961  -5.055 1.0000000000
66494  -18.691  -51.795  -4.838 1.0000000000
66495  -18.297  -51.450  -4.968 1.0000000000
66496  -17.850  -52.544  -4.475 1.0000000000
66497  -17.494  -55.948  -2.491 1.0000000000
66498  -17.880  -55.092  -3.107 1.0000000000
66499  -16.995  -55.643  -2.592 1.0000000000
66500  -15.101  -55.335  -2.177 1.0000000000
66501  -16.055  -54.916  -2.770 1.0000000000
66502  -15.572  -54.471  -2.813 1.0000000000
66503  -16.003  -53.622  -3.418 1.0000000000
66504  -15.095  -54.019  -2.851 1.0000000000
66505  -14.661  -53.557  -2.923 1.0000000000
66506  -14.238  -54.409  -2.382 1.0000000000
66507  -12.135  -56.519  -1.435 1.0000000000
66508  -12.679  -55.580  -1.852 1.0000000000
66509  -12.038  -56.382  -1.804 1.0000000000
66510  -12.111  -56.380  -2.192 1.0000000000
71865  -17.763  -50.017  2.407 1.0000000000
71866  -18.756  -50.778  2.771 1.0000000000
71885  -22.894  -52.827  2.987 1.0000000000
71886  -21.892  -52.393  3.259 1.0000000000
71887  -22.027  -52.283  2.808 1.0000000000
71888  -21.150  -51.735  2.577 1.0000000000
71889  -22.126  -51.994  2.345 1.0000000000
71890  -22.249  -51.800  1.917 1.0000000000
71891  -23.156  -52.553  2.062 1.0000000000
71892  -25.012  -54.804  1.106 1.0000000000
71893  -24.501  -53.827  1.100 1.0000000000
71894  -24.845  -54.719  0.616 1.0000000000
71895  -24.642  -54.613  0.105 1.0000000000
71896  -24.908  -55.521  0.104 1.0000000000
71898  -25.848  -57.685  1.054 1.0000000000
71899  -25.661  -58.384  0.617 1.0000000000
71900  -24.042  -58.966  -0.274 1.0000000000
71901  -24.759  -58.208  -0.127 1.0000000000
71902  -24.207  -58.155  -0.460 1.0000000000
71903  -24.273  -57.299  -0.576 1.0000000000
71904  -23.610  -58.026  -0.700 1.0000000000
71905  -23.002  -57.884  -0.926 1.0000000000
71906  -22.817  -58.755  -0.631 1.0000000000
71907  -20.799  -61.098  -0.034 1.0000000000
71908  -21.072  -60.228  -0.294 1.0000000000
71909  -20.136  -60.938  -0.082 1.0000000000
71910  -19.481  -60.735  -0.143 1.0000000000
71911  -19.118  -61.590  0.135 1.0000000000
79900  -19.165  -49.391  0.423 1.0000000000
79901  -17.883  -48.884  0.538 1.0000000000
79902  -17.794  -48.529  0.132 1.0000000000
79903  -15.165  -46.246  -0.564 1.0000000000
79904  -15.283  -46.701  -0.260 1.0000000000
79905  -14.341  -45.711  -0.308 1.0000000000
79907  -13.739  -44.918  -0.252 1.0000000000
79908  -14.718  -44.702  -1.727 1.0000000000
79909  -14.866  -45.107  -1.457 1.0000000000
79910  -14.088  -44.265  -1.352 1.0000000000
79911  -13.695  -43.443  -0.573 1.0000000000
79912  -13.613  -43.730  -0.673 1.0000000000
79914  -13.566  -43.904  -0.041 1.0000000000
79967  -19.396  -46.889  -5.289 1.0000000000
79968  -18.589  -45.521  -5.087 1.0000000000
79969  -19.024  -46.489  -5.496 1.0000000000
79970  -18.264  -46.617  -6.036 1.0000000000
79971  -18.260  -45.632  -5.813 1.0000000000
79972  -17.879  -45.191  -5.931 1.0000000000
79975  -15.397  -49.834  -4.774 1.0000000000
79976  -16.291  -49.199  -5.267 1.0000000000
79977  -15.932  -48.675  -5.360 1.0000000000
91005  -20.785  -64.804  0.941 1.0000000000
91006  -20.067  -64.609  0.958 1.0000000000
91007  -20.248  -63.725  0.716 1.0000000000
91008  -19.343  -64.427  0.994 1.0000000000
91009  -16.913  -64.590  1.364 1.0000000000
91010  -17.890  -64.013  1.084 1.0000000000
91011  -17.179  -63.798  1.111 1.0000000000
91012  -17.424  -62.947  0.795 1.0000000000
91013  -16.476  -63.563  1.163 1.0000000000
91076  -13.092  -65.725  2.786 1.0000000000
91080  -15.042  -62.946  1.312 1.0000000000
92783  -20.151  -58.992  -0.701 1.0000000000
92784  -20.442  -58.128  -1.092 1.0000000000
92785  -19.538  -58.779  -0.816 1.0000000000
92786  -18.919  -58.590  -0.929 1.0000000000
92787  -18.305  -58.405  -1.043 1.0000000000
92788  -17.732  -58.198  -1.160 1.0000000000
92789  -17.348  -59.049  -0.726 1.0000000000
92790  -16.348  -59.621  -0.343 1.0000000000
95468  -15.295  -47.736  0.970 1.0000000000
95469  -15.301  -47.556  0.659 1.0000000000
95470  -17.763  -45.559  -3.178 1.0000000000
95471  -16.526  -44.938  -2.843 1.0000000000
95472  -16.300  -44.501  -3.095 1.0000000000
95473  -15.114  -43.585  -3.019 1.0000000000
95474  -14.350  -42.819  -2.905 1.0000000000
95475  -14.001  -42.368  -2.778 1.0000000000
95476  -14.310  -42.550  -3.102 1.0000000000
95480  -14.829  -42.266  -3.849 1.0000000000
95481  -15.471  -42.630  -4.218 1.0000000000
95482  -16.282  -43.135  -4.612 1.0000000000
95484  -13.287  -53.240  -3.348 1.0000000000
99785  -23.851  -52.623  0.116 1.0000000000
99786  -23.217  -51.658  0.120 1.0000000000
99787  -23.718  -52.420  -0.379 1.0000000000
99788  -23.540  -52.231  -0.877 1.0000000000
99789  -23.333  -52.050  -1.386 1.0000000000
99790  -21.548  -54.454  -2.940 1.0000000000
99791  -22.193  -53.575  -2.908 1.0000000000
99792  -21.750  -53.382  -3.236 1.0000000000
99793  -21.918  -52.250  -3.414 1.0000000000
99794  -21.989  -51.172  -3.479 1.0000000000
99795  -21.837  -49.908  -3.607 1.0000000000
99796  -21.642  -50.955  -3.863 1.0000000000
99797  -21.254  -50.712  -4.253 1.0000000000
99798  -20.857  -50.489  -4.567 1.0000000000
99799  -20.465  -50.256  -4.836 1.0000000000
99800  -20.282  -51.480  -4.620 1.0000000000
99801  -19.555  -52.390  -4.498 1.0000000000
99802  -18.712  -53.198  -4.213 1.0000000000
99803  -15.603  -56.967  -1.480 1.0000000000
99804  -16.057  -56.139  -2.054 1.0000000000
99805  -15.103  -56.569  -1.526 1.0000000000
99806  -14.619  -56.179  -1.589 1.0000000000
99807  -14.169  -55.721  -1.687 1.0000000000
99808  -13.742  -55.300  -1.840 1.0000000000
99809  -13.246  -56.198  -1.332 1.0000000000
99810  -12.362  -56.729  -1.120 1.0000000000
103035  -22.714  -53.187  3.922 1.0000000000
103036  -23.691  -53.726  3.629 1.0000000000
103037  -23.759  -53.600  3.144 1.0000000000
103038  -23.836  -53.491  2.656 1.0000000000
103039  -23.925  -53.369  2.168 1.0000000000
103040  -24.594  -54.151  2.185 1.0000000000
103041  -25.121  -54.911  1.667 1.0000000000
103042  -25.438  -55.784  1.124 1.0000000000
103043  -24.952  -60.140  0.473 1.0000000000
103045  -24.436  -59.990  0.162 1.0000000000
103046  -23.841  -59.878  -0.059 1.0000000000
103047  -23.225  -59.746  -0.244 1.0000000000
103048  -22.603  -59.606  -0.392 1.0000000000
103049  -22.378  -60.486  -0.168 1.0000000000
103050  -21.456  -61.233  -0.001 1.0000000000
103051  -20.453  -61.947  0.205 1.0000000000
107845  -19.057  -48.563  -0.383 1.0000000000
107846  -17.742  -48.172  -0.251 1.0000000000
107847  -17.680  -47.797  -0.609 1.0000000000
107848  -16.242  -46.795  -0.800 1.0000000000
107849  -15.078  -45.854  -0.859 1.0000000000
107850  -13.731  -43.445  -1.485 1.0000000000
107851  -13.739  -43.683  -1.228 1.0000000000
107852  -13.701  -43.321  -1.146 1.0000000000
107853  -13.735  -43.298  -0.823 1.0000000000
107856  -13.947  -43.264  -0.375 1.0000000000
107885  -18.965  -48.967  -5.657 1.0000000000
107886  -19.030  -47.569  -5.777 1.0000000000
107887  -18.600  -48.579  -5.809 1.0000000000
107888  -18.231  -48.115  -5.923 1.0000000000
107889  -17.842  -47.631  -6.023 1.0000000000
114511  -16.697  -65.382  1.552 1.0000000000
114512  -15.958  -65.139  1.668 1.0000000000
116651  -23.337  -56.119  -1.394 1.0000000000
116652  -23.420  -55.117  -1.569 1.0000000000
116653  -22.841  -55.949  -1.723 1.0000000000
116654  -22.338  -55.759  -2.026 1.0000000000
116655  -21.821  -55.567  -2.309 1.0000000000
116656  -20.720  -57.241  -1.578 1.0000000000
116657  -21.013  -56.337  -2.083 1.0000000000
116658  -21.303  -55.429  -2.536 1.0000000000
116659  -20.807  -55.254  -2.779 1.0000000000
116660  -20.285  -55.078  -3.001 1.0000000000
116661  -19.761  -54.911  -3.189 1.0000000000
116662  -19.270  -54.684  -3.397 1.0000000000
116663  -18.893  -55.600  -2.823 1.0000000000
116664  -17.994  -56.243  -2.376 1.0000000000
116665  -17.075  -56.803  -1.893 1.0000000000
116666  -17.190  -57.931  -1.276 1.0000000000
116667  -16.655  -57.647  -1.374 1.0000000000
116668  -16.119  -57.355  -1.448 1.0000000000
116669  -15.158  -57.793  -0.997 1.0000000000
119190  -24.083  -61.816  0.506 1.0000000000
119191  -23.200  -62.601  0.508 1.0000000000
122920  -18.701  -47.220  -1.790 1.0000000000
122921  -17.402  -46.717  -1.598 1.0000000000
122922  -17.121  -46.266  -1.964 1.0000000000
122923  -15.741  -45.221  -2.054 1.0000000000
122924  -14.678  -44.358  -1.967 1.0000000000
122925  -15.428  -44.381  -2.554 1.0000000000
122926  -14.629  -44.016  -2.195 1.0000000000
122927  -14.076  -43.650  -1.795 1.0000000000
122928  -13.812  -43.227  -1.699 1.0000000000
122929  -13.792  -42.942  -1.590 1.0000000000
122930  -13.842  -42.844  -1.509 1.0000000000
122931  -13.911  -42.783  -1.390 1.0000000000
122951  -15.666  -51.779  -4.082 1.0000000000
122952  -16.196  -50.788  -4.661 1.0000000000
122953  -15.266  -51.304  -4.117 1.0000000000
122954  -14.899  -50.870  -4.224 1.0000000000
132575  -20.331  -50.596  1.522 1.0000000000
132576  -19.188  -49.904  1.232 1.0000000000
132577  -20.321  -50.294  1.097 1.0000000000
132578  -20.342  -50.023  0.684 1.0000000000
132579  -20.380  -49.771  0.290 1.0000000000
132580  -22.410  -50.795  0.125 1.0000000000
132581  -21.486  -50.049  0.052 1.0000000000
132582  -20.346  -49.362  -0.141 1.0000000000
132583  -20.298  -48.931  -0.536 1.0000000000
132584  -20.238  -48.569  -0.902 1.0000000000
132585  -20.167  -48.314  -1.288 1.0000000000
132586  -23.411  -53.979  -1.755 1.0000000000
132587  -23.320  -52.950  -1.845 1.0000000000
132588  -23.130  -51.854  -1.860 1.0000000000
132589  -22.673  -52.635  -2.664 1.0000000000
132590  -22.880  -51.670  -2.307 1.0000000000
132591  -22.773  -50.798  -1.829 1.0000000000
132592  -22.176  -49.773  -1.773 1.0000000000
132593  -21.298  -48.835  -1.701 1.0000000000
132594  -20.130  -48.022  -1.676 1.0000000000
132595  -19.987  -47.671  -2.068 1.0000000000
132596  -19.768  -47.279  -2.472 1.0000000000
132597  -19.578  -46.949  -2.862 1.0000000000
132598  -21.415  -48.718  -3.504 1.0000000000
132599  -20.649  -47.652  -3.331 1.0000000000
132600  -19.299  -46.565  -3.211 1.0000000000
132601  -19.025  -46.185  -3.536 1.0000000000
132602  -18.778  -45.820  -3.839 1.0000000000
132603  -18.477  -45.454  -4.141 1.0000000000
132604  -18.141  -45.053  -4.400 1.0000000000
132605  -19.355  -46.304  -4.620 1.0000000000
132606  -19.777  -47.272  -5.063 1.0000000000
132607  -19.753  -48.324  -5.373 1.0000000000
132608  -20.085  -50.000  -5.083 1.0000000000
132609  -19.715  -49.699  -5.304 1.0000000000
132610  -19.337  -49.330  -5.486 1.0000000000
132611  -18.690  -50.259  -5.379 1.0000000000
132612  -17.898  -51.060  -5.073 1.0000000000
132613  -17.012  -51.709  -4.606 1.0000000000
132614  -18.773  -54.450  -3.550 1.0000000000
132615  -18.273  -54.197  -3.678 1.0000000000
132616  -17.832  -53.880  -3.818 1.0000000000
132617  -16.501  -55.311  -2.683 1.0000000000
132618  -16.942  -54.433  -3.315 1.0000000000
132619  -17.386  -53.538  -3.905 1.0000000000
132620  -16.939  -53.156  -3.971 1.0000000000
132621  -16.504  -52.740  -4.020 1.0000000000
132622  -16.080  -52.262  -4.054 1.0000000000
132623  -15.160  -52.719  -3.497 1.0000000000
132624  -14.279  -53.127  -3.029 1.0000000000
132625  -13.537  -53.718  -2.703 1.0000000000
132626  -13.366  -54.923  -2.034 1.0000000000
132627  -13.099  -54.616  -2.281 1.0000000000
132628  -12.953  -54.416  -2.586 1.0000000000
132629  -12.497  -55.325  -2.536 1.0000000000
139357  -18.992  -50.335  1.967 1.0000000000
139379  -21.777  -52.577  3.697 1.0000000000
139382  -20.028  -51.299  2.692 1.0000000000
139383  -20.159  -51.083  2.285 1.0000000000
139384  -20.252  -50.817  1.886 1.0000000000
139385  -21.380  -51.202  1.748 1.0000000000
139386  -22.408  -51.656  1.495 1.0000000000
139387  -23.258  -52.171  1.136 1.0000000000
139388  -23.970  -53.159  1.621 1.0000000000
139389  -23.918  -52.992  1.117 1.0000000000
139390  -23.848  -52.809  0.614 1.0000000000
139391  -24.296  -53.681  0.115 1.0000000000
139392  -24.408  -54.465  -0.395 1.0000000000
139393  -24.213  -55.322  -0.786 1.0000000000
139394  -25.906  -56.859  1.603 1.0000000000
139395  -25.710  -56.681  1.091 1.0000000000
139396  -25.446  -56.567  0.599 1.0000000000
139397  -25.245  -58.276  0.233 1.0000000000
139398  -25.218  -57.375  0.175 1.0000000000
139399  -25.112  -56.495  0.133 1.0000000000
139400  -24.668  -56.448  -0.287 1.0000000000
139401  -24.223  -56.438  -0.657 1.0000000000
139402  -23.784  -56.358  -1.016 1.0000000000
139403  -23.211  -57.005  -1.205 1.0000000000
139404  -22.395  -57.740  -1.129 1.0000000000
139405  -21.620  -58.474  -0.873 1.0000000000
139406  -21.968  -59.505  -0.490 1.0000000000
139407  -21.352  -59.358  -0.556 1.0000000000
139408  -20.746  -59.184  -0.617 1.0000000000
139409  -19.812  -59.859  -0.407 1.0000000000
139410  -18.828  -60.525  -0.202 1.0000000000
139411  -17.811  -61.168  0.090 1.0000000000
149117  -18.021  -49.192  0.960 1.0000000000
149118  -16.561  -48.252  0.606 1.0000000000
149119  -15.337  -47.354  0.339 1.0000000000
149120  -16.464  -47.636  -0.116 1.0000000000
149121  -15.366  -47.094  0.034 1.0000000000
149122  -14.442  -46.500  0.238 1.0000000000
149126  -16.066  -46.003  -1.421 1.0000000000
149127  -14.993  -45.482  -1.160 1.0000000000
149128  -14.265  -44.991  -0.813 1.0000000000
149129  -13.758  -43.947  -0.993 1.0000000000
149130  -13.780  -44.248  -0.742 1.0000000000
149131  -13.773  -44.564  -0.498 1.0000000000
149132  -13.492  -44.324  -0.164 1.0000000000
149198  -17.783  -44.619  -4.632 1.0000000000
149199  -17.479  -44.264  -4.870 1.0000000000
149200  -17.171  -43.861  -5.043 1.0000000000
149201  -18.647  -46.064  -5.681 1.0000000000
149202  -17.906  -44.717  -5.497 1.0000000000
149203  -16.861  -43.448  -5.195 1.0000000000
149204  -16.552  -43.038  -5.368 1.0000000000
149207  -16.692  -49.700  -5.219 1.0000000000
149208  -17.191  -48.467  -5.750 1.0000000000
149209  -17.450  -47.110  -6.104 1.0000000000
149211  -17.081  -46.571  -6.185 1.0000000000
149212  -17.493  -45.639  -6.226 1.0000000000
162447  -22.426  -63.345  0.586 1.0000000000
162455  -21.632  -64.088  0.740 1.0000000000
162456  -21.682  -63.157  0.521 1.0000000000
162457  -21.044  -62.977  0.490 1.0000000000
162458  -20.362  -62.821  0.469 1.0000000000
162459  -19.636  -62.688  0.454 1.0000000000
162460  -18.601  -64.226  1.056 1.0000000000
162461  -18.796  -63.380  0.764 1.0000000000
162462  -18.962  -62.489  0.448 1.0000000000
162463  -18.293  -62.281  0.435 1.0000000000
162464  -17.628  -62.071  0.434 1.0000000000
162465  -16.962  -61.837  0.467 1.0000000000
162539  -14.912  -65.625  2.055 1.0000000000
162540  -15.178  -64.864  1.832 1.0000000000
162541  -13.394  -64.975  2.520 1.0000000000
162542  -14.442  -64.556  2.001 1.0000000000
162543  -15.443  -64.075  1.555 1.0000000000
162544  -15.744  -63.276  1.221 1.0000000000
162545  -15.964  -62.433  0.870 1.0000000000
162546  -16.254  -61.566  0.516 1.0000000000
162547  -15.612  -61.250  0.546 1.0000000000
