#!ascii label  , from subject 40tvs8ref_sym_20 vox2ras=TkReg
225
129  -61.973  -36.887  6.016 1.0000000000
1236  -60.658  -33.405  4.053 1.0000000000
2283  -67.580  -37.224  8.577 1.0000000000
2286  -67.152  -33.416  5.948 1.0000000000
2287  -66.114  -29.828  3.791 1.0000000000
3156  -61.314  -35.091  5.039 1.0000000000
5078  -66.660  -31.519  4.783 1.0000000000
9411  -65.121  -37.188  7.000 1.0000000000
9419  -67.547  -35.383  7.209 1.0000000000
9420  -64.618  -35.310  5.828 1.0000000000
9421  -64.043  -33.406  4.756 1.0000000000
9422  -63.389  -31.617  3.815 1.0000000000
10832  -60.532  -37.359  6.008 1.0000000000
10834  -60.199  -36.496  5.480 1.0000000000
10835  -59.873  -35.615  4.998 1.0000000000
10836  -61.632  -36.019  5.500 1.0000000000
15227  -59.150  -33.981  4.072 1.0000000000
15229  -58.806  -33.195  3.535 1.0000000000
15231  -60.379  -32.580  3.588 1.0000000000
20967  -66.609  -38.167  8.252 1.0000000000
20968  -65.331  -38.083  7.576 1.0000000000
20969  -66.562  -37.294  7.636 1.0000000000
20988  -68.175  -33.210  7.107 1.0000000000
20990  -67.400  -34.392  6.612 1.0000000000
20991  -66.210  -35.407  6.423 1.0000000000
20992  -65.933  -34.400  5.840 1.0000000000
20993  -64.352  -34.346  5.269 1.0000000000
20994  -65.662  -33.432  5.250 1.0000000000
20995  -66.343  -30.665  4.293 1.0000000000
20996  -65.089  -31.593  4.164 1.0000000000
20997  -64.745  -30.715  3.779 1.0000000000
20998  -63.046  -30.733  3.394 1.0000000000
20999  -64.418  -29.913  3.275 1.0000000000
24113  -59.516  -34.780  4.531 1.0000000000
24114  -60.995  -34.221  4.550 1.0000000000
27571  -68.068  -32.269  6.429 1.0000000000
27572  -66.944  -32.447  5.339 1.0000000000
27573  -67.904  -31.349  5.830 1.0000000000
27574  -67.739  -30.500  5.212 1.0000000000
27575  -67.518  -29.727  4.578 1.0000000000
33669  -62.213  -37.746  6.586 1.0000000000
38474  -63.782  -37.913  7.085 1.0000000000
38475  -63.572  -37.047  6.476 1.0000000000
38499  -67.599  -36.261  7.873 1.0000000000
38500  -66.430  -36.370  6.992 1.0000000000
38501  -64.884  -36.274  6.429 1.0000000000
38502  -63.296  -36.154  5.889 1.0000000000
38503  -63.022  -35.202  5.374 1.0000000000
38504  -62.693  -34.285  4.866 1.0000000000
38505  -62.360  -33.381  4.403 1.0000000000
38506  -65.376  -32.470  4.683 1.0000000000
38507  -63.704  -32.479  4.250 1.0000000000
38508  -62.046  -32.505  3.924 1.0000000000
38509  -61.709  -31.683  3.462 1.0000000000
38514  -67.334  -28.852  3.978 1.0000000000
38516  -67.011  -27.955  3.401 1.0000000000
38517  -65.761  -28.989  3.266 1.0000000000
41552  -61.256  -37.130  6.005 1.0000000000
41553  -60.383  -36.917  5.739 1.0000000000
41554  -61.081  -36.680  5.737 1.0000000000
41555  -60.913  -36.255  5.482 1.0000000000
41556  -61.795  -36.458  5.757 1.0000000000
45947  -59.862  -33.704  4.082 1.0000000000
45948  -58.976  -33.585  3.802 1.0000000000
45949  -59.736  -33.289  3.806 1.0000000000
45950  -59.599  -32.893  3.551 1.0000000000
45951  -60.522  -32.998  3.799 1.0000000000
51687  -67.134  -37.710  8.380 1.0000000000
51688  -66.609  -37.736  7.912 1.0000000000
51689  -67.146  -37.287  8.051 1.0000000000
51708  -67.751  -33.326  6.474 1.0000000000
51709  -67.853  -33.826  6.819 1.0000000000
51710  -67.272  -33.907  6.278 1.0000000000
51711  -66.712  -34.421  6.174 1.0000000000
51712  -66.569  -33.921  5.867 1.0000000000
51713  -65.814  -33.898  5.540 1.0000000000
51714  -66.437  -33.464  5.551 1.0000000000
51715  -66.215  -30.251  4.050 1.0000000000
51716  -65.540  -30.693  4.007 1.0000000000
51717  -65.417  -30.282  3.785 1.0000000000
51718  -64.578  -30.310  3.520 1.0000000000
51719  -65.270  -29.885  3.527 1.0000000000
55547  -60.604  -35.363  5.017 1.0000000000
55548  -59.703  -35.211  4.776 1.0000000000
55549  -60.425  -34.915  4.786 1.0000000000
55550  -60.255  -34.489  4.528 1.0000000000
55551  -61.150  -34.648  4.797 1.0000000000
61313  -68.007  -31.815  6.148 1.0000000000
61314  -68.295  -31.193  6.544 1.0000000000
61318  -67.672  -30.117  4.888 1.0000000000
85945  -65.248  -37.669  7.287 1.0000000000
85946  -64.589  -38.015  7.311 1.0000000000
85947  -64.461  -37.563  7.023 1.0000000000
85948  -63.682  -37.491  6.768 1.0000000000
85949  -64.345  -37.110  6.734 1.0000000000
86006  -67.931  -34.811  7.463 1.0000000000
86008  -67.998  -35.238  7.773 1.0000000000
86010  -67.600  -35.794  7.520 1.0000000000
86011  -67.079  -36.365  7.380 1.0000000000
86012  -67.027  -35.900  7.051 1.0000000000
86013  -65.411  -35.359  6.120 1.0000000000
86014  -65.536  -35.825  6.400 1.0000000000
86015  -64.744  -35.790  6.118 1.0000000000
86016  -64.088  -36.209  6.139 1.0000000000
86017  -63.939  -35.723  5.833 1.0000000000
86018  -63.148  -35.677  5.629 1.0000000000
86019  -63.828  -35.243  5.579 1.0000000000
86020  -64.217  -33.875  4.992 1.0000000000
86021  -63.551  -34.316  5.029 1.0000000000
86022  -63.371  -33.851  4.803 1.0000000000
86023  -62.514  -33.826  4.634 1.0000000000
86024  -63.209  -33.388  4.565 1.0000000000
86025  -66.811  -31.986  5.069 1.0000000000
86026  -66.191  -32.467  4.969 1.0000000000
86027  -66.046  -32.032  4.697 1.0000000000
86028  -64.255  -31.601  3.982 1.0000000000
86029  -64.406  -32.030  4.208 1.0000000000
86030  -63.557  -32.040  4.029 1.0000000000
86031  -62.870  -32.478  4.080 1.0000000000
86032  -62.723  -32.042  3.869 1.0000000000
86033  -61.888  -32.086  3.692 1.0000000000
86034  -62.559  -31.640  3.662 1.0000000000
86035  -62.851  -30.368  3.138 1.0000000000
86036  -62.194  -30.817  3.206 1.0000000000
86047  -67.857  -28.298  4.217 1.0000000000
86052  -66.909  -27.506  3.142 1.0000000000
86054  -66.412  -28.465  3.315 1.0000000000
86055  -65.585  -28.531  3.009 1.0000000000
93226  -59.827  -37.612  6.024 1.0000000000
93228  -59.680  -37.156  5.761 1.0000000000
93232  -60.026  -36.065  5.226 1.0000000000
93233  -60.770  -35.816  5.234 1.0000000000
93234  -61.486  -35.551  5.264 1.0000000000
101140  -58.046  -33.510  3.519 1.0000000000
101141  -57.852  -33.131  3.241 1.0000000000
101144  -59.404  -32.497  3.289 1.0000000000
101145  -60.188  -32.190  3.349 1.0000000000
111468  -66.620  -38.615  8.576 1.0000000000
111469  -66.041  -38.583  8.186 1.0000000000
111470  -65.388  -38.500  7.865 1.0000000000
111471  -66.050  -38.138  7.855 1.0000000000
111472  -65.971  -37.712  7.579 1.0000000000
111473  -65.894  -37.272  7.305 1.0000000000
111508  -68.175  -33.678  7.453 1.0000000000
111510  -67.490  -34.909  6.906 1.0000000000
111511  -66.930  -35.431  6.759 1.0000000000
111512  -66.840  -34.921  6.485 1.0000000000
111513  -66.075  -34.911  6.148 1.0000000000
111514  -65.276  -34.862  5.834 1.0000000000
111515  -64.494  -34.819  5.549 1.0000000000
111516  -65.139  -34.377  5.532 1.0000000000
111517  -65.006  -33.892  5.256 1.0000000000
111518  -64.868  -33.428  4.986 1.0000000000
111519  -66.508  -31.076  4.530 1.0000000000
111520  -65.882  -31.565  4.441 1.0000000000
111521  -65.697  -31.120  4.216 1.0000000000
111522  -64.916  -31.152  3.975 1.0000000000
111523  -64.114  -31.174  3.774 1.0000000000
111524  -63.237  -31.185  3.620 1.0000000000
111525  -63.910  -30.733  3.560 1.0000000000
111526  -63.721  -30.327  3.295 1.0000000000
111527  -63.523  -29.916  3.088 1.0000000000
117704  -58.778  -35.057  4.551 1.0000000000
117706  -59.333  -34.371  4.301 1.0000000000
117707  -60.075  -34.085  4.305 1.0000000000
117708  -60.827  -33.807  4.319 1.0000000000
125771  -68.358  -32.597  7.484 1.0000000000
125772  -68.111  -32.728  6.776 1.0000000000
125773  -67.683  -32.836  6.125 1.0000000000
125774  -67.055  -32.930  5.633 1.0000000000
125775  -67.589  -32.380  5.830 1.0000000000
125776  -67.477  -31.931  5.540 1.0000000000
125777  -67.353  -31.465  5.226 1.0000000000
125779  -67.828  -30.918  5.476 1.0000000000
125780  -67.227  -31.022  4.952 1.0000000000
125781  -67.113  -30.609  4.682 1.0000000000
125782  -66.965  -30.225  4.400 1.0000000000
125783  -66.859  -29.819  4.106 1.0000000000
142130  -61.385  -37.541  6.283 1.0000000000
142131  -62.101  -37.335  6.292 1.0000000000
156384  -63.088  -38.228  7.163 1.0000000000
156385  -62.997  -37.839  6.855 1.0000000000
156386  -62.897  -37.416  6.528 1.0000000000
156387  -62.782  -36.970  6.246 1.0000000000
156450  -67.847  -36.603  8.842 1.0000000000
156459  -67.614  -36.741  8.232 1.0000000000
156460  -67.117  -36.853  7.718 1.0000000000
156461  -66.500  -36.851  7.323 1.0000000000
156462  -65.776  -36.814  6.981 1.0000000000
156463  -66.321  -35.879  6.703 1.0000000000
156464  -65.673  -36.324  6.692 1.0000000000
156465  -65.008  -36.738  6.704 1.0000000000
156466  -64.228  -36.673  6.438 1.0000000000
156467  -63.443  -36.610  6.185 1.0000000000
156468  -62.637  -36.528  5.961 1.0000000000
156469  -62.465  -36.096  5.693 1.0000000000
156470  -62.322  -35.628  5.446 1.0000000000
156471  -62.191  -35.150  5.199 1.0000000000
156472  -63.703  -34.775  5.308 1.0000000000
156473  -62.883  -34.743  5.109 1.0000000000
156474  -62.022  -34.706  4.958 1.0000000000
156475  -61.836  -34.247  4.715 1.0000000000
156476  -61.669  -33.817  4.487 1.0000000000
156477  -61.517  -33.397  4.244 1.0000000000
156478  -66.312  -32.957  5.253 1.0000000000
156479  -65.531  -32.930  4.940 1.0000000000
156480  -64.705  -32.950  4.715 1.0000000000
156481  -65.232  -32.035  4.426 1.0000000000
156482  -64.551  -32.480  4.455 1.0000000000
156483  -63.883  -32.945  4.498 1.0000000000
156484  -63.038  -32.934  4.319 1.0000000000
156485  -62.201  -32.947  4.153 1.0000000000
156486  -61.362  -32.962  3.974 1.0000000000
156487  -61.223  -32.539  3.758 1.0000000000
156488  -61.072  -32.128  3.531 1.0000000000
156489  -60.862  -31.727  3.276 1.0000000000
156490  -62.389  -31.220  3.475 1.0000000000
156491  -61.528  -31.268  3.250 1.0000000000
156503  -67.418  -29.282  4.279 1.0000000000
156504  -66.760  -29.353  3.840 1.0000000000
156510  -67.694  -27.817  3.916 1.0000000000
156511  -67.167  -28.401  3.713 1.0000000000
156512  -66.580  -28.916  3.583 1.0000000000
156513  -65.941  -29.425  3.513 1.0000000000
156514  -65.095  -29.472  3.259 1.0000000000
