#!ascii label  , from subject 40tvs8ref_sym_20 vox2ras=TkReg
193
2525  -17.220  -67.879  -8.351 1.0000000000
2526  -22.383  -59.619  -6.807 1.0000000000
5668  -18.276  -69.786  -9.033 1.0000000000
5669  -20.395  -65.402  -8.981 1.0000000000
5670  -19.879  -63.825  -8.242 1.0000000000
5671  -22.642  -60.870  -7.731 1.0000000000
10130  -14.663  -71.888  -7.884 1.0000000000
10131  -13.878  -69.809  -6.379 1.0000000000
10132  -17.145  -66.480  -6.548 1.0000000000
10133  -19.909  -62.525  -6.570 1.0000000000
13348  -20.798  -66.265  -8.705 1.0000000000
13349  -21.809  -63.969  -8.399 1.0000000000
13350  -21.452  -63.089  -8.508 1.0000000000
22760  -17.712  -68.907  -8.876 1.0000000000
22761  -16.488  -70.961  -8.653 1.0000000000
22762  -15.898  -69.942  -8.128 1.0000000000
22763  -14.094  -70.822  -7.264 1.0000000000
22764  -15.445  -68.913  -7.374 1.0000000000
22765  -15.447  -68.168  -6.468 1.0000000000
22766  -16.994  -67.082  -7.539 1.0000000000
22767  -21.203  -61.813  -7.696 1.0000000000
22768  -19.918  -63.279  -7.438 1.0000000000
22769  -21.138  -61.116  -6.983 1.0000000000
22770  -20.827  -60.035  -6.495 1.0000000000
22771  -22.000  -58.666  -6.478 1.0000000000
28632  -18.686  -70.519  -8.710 1.0000000000
28633  -19.743  -68.502  -8.827 1.0000000000
28634  -19.384  -67.672  -9.146 1.0000000000
28635  -18.969  -66.689  -9.018 1.0000000000
28636  -18.559  -65.866  -8.474 1.0000000000
28637  -20.086  -64.480  -8.813 1.0000000000
28638  -21.222  -62.311  -8.222 1.0000000000
28639  -22.521  -60.287  -7.333 1.0000000000
40624  -17.036  -71.723  -8.670 1.0000000000
40625  -15.288  -72.774  -8.182 1.0000000000
40626  -13.569  -73.762  -7.521 1.0000000000
40627  -12.903  -72.759  -7.114 1.0000000000
40628  -12.533  -71.603  -6.305 1.0000000000
40629  -12.537  -70.769  -5.316 1.0000000000
40630  -14.078  -69.196  -5.444 1.0000000000
40631  -15.867  -67.556  -5.492 1.0000000000
40632  -17.456  -65.762  -5.581 1.0000000000
40633  -18.453  -65.212  -7.605 1.0000000000
40634  -18.658  -64.658  -6.615 1.0000000000
40635  -18.734  -63.730  -5.718 1.0000000000
40636  -19.692  -61.321  -5.956 1.0000000000
40637  -20.328  -58.729  -6.353 1.0000000000
44069  -22.534  -63.256  -8.013 1.0000000000
53480  -17.420  -68.422  -8.651 1.0000000000
53481  -16.823  -69.444  -8.548 1.0000000000
53482  -16.522  -68.939  -8.222 1.0000000000
53483  -15.640  -69.415  -7.780 1.0000000000
53484  -16.333  -68.429  -7.883 1.0000000000
53485  -16.206  -67.970  -7.446 1.0000000000
53486  -17.034  -67.432  -7.973 1.0000000000
53487  -21.832  -60.732  -7.256 1.0000000000
53488  -21.200  -61.480  -7.312 1.0000000000
53489  -21.765  -60.353  -6.972 1.0000000000
53490  -21.610  -59.894  -6.738 1.0000000000
53491  -22.230  -59.182  -6.610 1.0000000000
53493  -22.775  -58.553  -6.438 1.0000000000
63080  -20.627  -65.811  -8.892 1.0000000000
63081  -20.124  -66.969  -8.969 1.0000000000
63082  -19.892  -66.531  -9.114 1.0000000000
63083  -19.160  -67.188  -9.152 1.0000000000
63084  -19.724  -66.067  -9.113 1.0000000000
63085  -19.504  -65.624  -8.973 1.0000000000
63086  -20.236  -64.922  -8.931 1.0000000000
63087  -22.033  -61.947  -8.137 1.0000000000
63088  -21.314  -62.659  -8.413 1.0000000000
63089  -21.896  -61.581  -8.013 1.0000000000
63090  -21.856  -61.295  -7.809 1.0000000000
63091  -22.569  -60.544  -7.584 1.0000000000
63093  -23.166  -59.961  -7.367 1.0000000000
91315  -18.468  -70.197  -8.882 1.0000000000
91316  -17.868  -71.125  -8.766 1.0000000000
91317  -17.649  -70.798  -8.896 1.0000000000
91318  -15.563  -71.446  -8.269 1.0000000000
91319  -15.881  -71.883  -8.431 1.0000000000
91320  -14.977  -72.375  -8.091 1.0000000000
91321  -14.437  -73.267  -7.848 1.0000000000
91322  -14.075  -72.828  -7.701 1.0000000000
91323  -13.181  -73.304  -7.358 1.0000000000
91324  -13.762  -72.341  -7.498 1.0000000000
91325  -13.954  -70.273  -6.823 1.0000000000
91326  -13.288  -71.235  -6.825 1.0000000000
91327  -13.184  -70.676  -6.333 1.0000000000
91328  -12.526  -71.103  -5.807 1.0000000000
91329  -13.178  -70.295  -5.865 1.0000000000
91330  -13.318  -69.965  -5.391 1.0000000000
91331  -13.924  -69.471  -5.939 1.0000000000
91332  -16.303  -67.352  -6.489 1.0000000000
91333  -15.631  -67.892  -5.956 1.0000000000
91334  -16.515  -67.032  -6.015 1.0000000000
91335  -16.666  -66.690  -5.554 1.0000000000
91336  -17.296  -66.151  -6.091 1.0000000000
91337  -19.221  -64.806  -8.384 1.0000000000
91338  -18.456  -65.481  -8.051 1.0000000000
91339  -19.170  -64.585  -8.020 1.0000000000
91340  -19.943  -62.982  -6.981 1.0000000000
91341  -19.284  -63.991  -7.077 1.0000000000
91342  -19.292  -63.657  -6.607 1.0000000000
91343  -18.708  -64.275  -6.146 1.0000000000
91344  -19.300  -63.164  -6.184 1.0000000000
91345  -19.272  -62.601  -5.789 1.0000000000
91346  -19.838  -61.989  -6.193 1.0000000000
91348  -20.559  -59.405  -6.383 1.0000000000
97752  -20.947  -66.681  -8.502 1.0000000000
97753  -21.477  -65.508  -8.372 1.0000000000
97754  -21.277  -65.060  -8.567 1.0000000000
97755  -21.099  -64.666  -8.725 1.0000000000
97756  -20.944  -64.220  -8.770 1.0000000000
97757  -21.662  -63.507  -8.490 1.0000000000
97759  -22.786  -61.242  -7.824 1.0000000000
97760  -23.275  -60.307  -7.485 1.0000000000
114694  -18.008  -69.390  -8.998 1.0000000000
114695  -17.412  -70.383  -8.944 1.0000000000
114696  -17.108  -69.953  -8.768 1.0000000000
114697  -16.199  -70.481  -8.438 1.0000000000
114698  -15.302  -70.929  -8.012 1.0000000000
114699  -14.370  -71.369  -7.618 1.0000000000
114700  -15.000  -70.409  -7.697 1.0000000000
114701  -14.763  -69.868  -7.304 1.0000000000
114702  -14.642  -69.344  -6.873 1.0000000000
114703  -14.618  -68.989  -6.445 1.0000000000
114704  -15.414  -68.465  -6.919 1.0000000000
114705  -16.223  -67.617  -6.984 1.0000000000
114706  -17.012  -66.759  -7.039 1.0000000000
114707  -20.523  -62.840  -7.997 1.0000000000
114708  -19.866  -63.566  -7.854 1.0000000000
114709  -20.560  -62.560  -7.645 1.0000000000
114710  -20.581  -62.236  -7.237 1.0000000000
114711  -20.522  -61.842  -6.841 1.0000000000
114712  -20.401  -61.312  -6.525 1.0000000000
114713  -21.007  -60.622  -6.710 1.0000000000
114714  -21.413  -59.352  -6.544 1.0000000000
114715  -21.798  -58.022  -6.377 1.0000000000
128245  -19.436  -69.893  -8.488 1.0000000000
128246  -19.219  -69.558  -8.760 1.0000000000
128247  -19.029  -69.151  -8.990 1.0000000000
128248  -20.278  -67.433  -8.841 1.0000000000
128249  -19.614  -68.126  -9.043 1.0000000000
128250  -18.855  -68.761  -9.101 1.0000000000
128251  -18.578  -68.304  -9.093 1.0000000000
128252  -18.363  -67.803  -8.979 1.0000000000
128253  -18.123  -67.293  -8.759 1.0000000000
128254  -17.894  -66.814  -8.448 1.0000000000
128255  -18.712  -66.214  -8.801 1.0000000000
128256  -19.344  -65.169  -8.737 1.0000000000
128257  -19.962  -64.094  -8.557 1.0000000000
128258  -20.774  -63.795  -8.704 1.0000000000
128259  -20.633  -63.413  -8.589 1.0000000000
128260  -20.567  -63.060  -8.301 1.0000000000
128261  -21.203  -62.041  -7.969 1.0000000000
128262  -21.840  -61.063  -7.542 1.0000000000
128263  -22.470  -59.999  -7.095 1.0000000000
128264  -22.936  -58.999  -6.647 1.0000000000
128265  -23.046  -59.366  -6.900 1.0000000000
162826  -18.168  -71.463  -8.518 1.0000000000
162829  -16.799  -71.360  -8.710 1.0000000000
162830  -16.161  -72.293  -8.464 1.0000000000
162831  -15.623  -73.192  -8.189 1.0000000000
162832  -14.755  -73.700  -7.911 1.0000000000
162833  -13.901  -74.192  -7.631 1.0000000000
162835  -12.722  -74.182  -7.180 1.0000000000
162836  -12.354  -73.691  -6.985 1.0000000000
162837  -12.049  -73.157  -6.694 1.0000000000
162838  -13.500  -71.800  -7.207 1.0000000000
162839  -12.663  -72.201  -6.756 1.0000000000
162842  -11.878  -71.536  -5.261 1.0000000000
162844  -12.724  -70.421  -4.822 1.0000000000
162845  -13.522  -69.706  -4.854 1.0000000000
162846  -14.345  -68.902  -4.935 1.0000000000
162847  -14.715  -68.702  -5.955 1.0000000000
162848  -14.967  -68.412  -5.464 1.0000000000
162851  -16.831  -66.254  -5.061 1.0000000000
162852  -17.566  -65.288  -5.132 1.0000000000
162853  -17.759  -66.503  -8.077 1.0000000000
162854  -17.732  -66.142  -7.584 1.0000000000
162855  -17.786  -65.863  -7.094 1.0000000000
162856  -19.206  -64.262  -7.560 1.0000000000
162857  -18.503  -64.979  -7.113 1.0000000000
162858  -17.929  -65.554  -6.602 1.0000000000
162859  -18.036  -65.254  -6.105 1.0000000000
162860  -18.144  -64.797  -5.644 1.0000000000
162861  -18.200  -64.223  -5.184 1.0000000000
162862  -18.692  -63.108  -5.337 1.0000000000
162863  -19.139  -61.909  -5.546 1.0000000000
162864  -19.450  -60.644  -5.831 1.0000000000
162865  -20.249  -60.705  -6.304 1.0000000000
162866  -19.993  -60.044  -6.156 1.0000000000
162867  -19.755  -59.357  -6.110 1.0000000000
162868  -20.116  -57.975  -6.371 1.0000000000
