#!ascii label  , from subject 40tvs8ref_sym_20 vox2ras=TkReg
214
632  -31.586  -43.565  -17.939 1.0000000000
1415  -27.563  -49.720  -15.421 1.0000000000
2531  -33.420  -48.487  -12.617 1.0000000000
5682  -28.962  -46.324  -16.275 1.0000000000
5683  -30.424  -49.136  -14.034 1.0000000000
5684  -32.401  -46.040  -15.171 1.0000000000
5685  -35.494  -45.295  -13.804 1.0000000000
5686  -34.929  -43.206  -16.707 1.0000000000
5688  -34.215  -40.820  -19.185 1.0000000000
7153  -27.341  -53.836  -15.141 1.0000000000
7154  -28.464  -51.020  -16.883 1.0000000000
7155  -28.053  -47.145  -17.781 1.0000000000
7156  -28.866  -43.746  -19.014 1.0000000000
7157  -30.952  -40.915  -20.320 1.0000000000
10147  -29.539  -52.862  -13.744 1.0000000000
13362  -30.225  -44.901  -17.004 1.0000000000
13363  -30.661  -46.209  -15.731 1.0000000000
13364  -31.947  -44.850  -16.553 1.0000000000
13365  -33.674  -44.654  -16.010 1.0000000000
13366  -33.314  -43.499  -17.385 1.0000000000
13367  -34.587  -42.045  -18.054 1.0000000000
13368  -32.897  -42.283  -18.619 1.0000000000
15764  -29.180  -46.136  -18.854 1.0000000000
15765  -28.265  -45.342  -18.365 1.0000000000
15766  -29.235  -44.383  -19.668 1.0000000000
22802  -27.318  -51.745  -15.214 1.0000000000
22803  -28.085  -53.367  -14.374 1.0000000000
22804  -28.383  -51.269  -14.451 1.0000000000
22805  -31.960  -48.799  -13.368 1.0000000000
22806  -31.308  -50.616  -13.119 1.0000000000
22807  -32.701  -50.302  -12.331 1.0000000000
22809  -33.992  -49.817  -11.442 1.0000000000
22811  -34.792  -48.088  -11.740 1.0000000000
28658  -28.148  -47.899  -15.765 1.0000000000
28659  -28.892  -49.430  -14.666 1.0000000000
28660  -29.647  -47.690  -15.089 1.0000000000
28661  -31.265  -47.476  -14.477 1.0000000000
28662  -32.875  -47.244  -13.845 1.0000000000
28663  -34.421  -46.940  -13.130 1.0000000000
28664  -34.045  -45.739  -14.578 1.0000000000
28665  -35.247  -44.263  -15.306 1.0000000000
28666  -36.340  -42.632  -15.859 1.0000000000
32049  -27.568  -52.313  -16.062 1.0000000000
32050  -27.395  -50.273  -16.291 1.0000000000
32052  -28.124  -49.131  -17.222 1.0000000000
32053  -27.475  -48.381  -16.617 1.0000000000
32054  -27.898  -46.516  -17.068 1.0000000000
32055  -28.691  -44.953  -17.611 1.0000000000
32056  -29.943  -43.536  -18.387 1.0000000000
32057  -31.247  -42.250  -19.157 1.0000000000
32058  -29.794  -42.260  -19.656 1.0000000000
40678  -29.873  -50.914  -13.816 1.0000000000
40679  -30.944  -52.506  -13.058 1.0000000000
40702  -32.487  -40.947  -19.803 1.0000000000
44082  -30.908  -44.259  -17.491 1.0000000000
44083  -31.071  -44.936  -16.758 1.0000000000
44084  -31.764  -44.297  -17.161 1.0000000000
44085  -32.650  -44.208  -16.985 1.0000000000
44086  -32.435  -43.604  -17.628 1.0000000000
44087  -33.112  -42.957  -18.008 1.0000000000
44088  -32.266  -42.953  -18.288 1.0000000000
46484  -29.903  -45.699  -19.333 1.0000000000
46485  -29.203  -45.312  -19.221 1.0000000000
53522  -27.419  -50.761  -15.289 1.0000000000
53523  -27.711  -51.485  -14.796 1.0000000000
53524  -27.879  -50.516  -14.871 1.0000000000
53525  -32.702  -48.679  -12.982 1.0000000000
53526  -32.329  -49.569  -12.832 1.0000000000
53527  -33.029  -49.370  -12.412 1.0000000000
53528  -33.347  -50.039  -11.887 1.0000000000
53529  -33.710  -49.169  -11.999 1.0000000000
53530  -34.367  -48.968  -11.562 1.0000000000
53531  -34.125  -48.327  -12.194 1.0000000000
63122  -28.528  -47.088  -15.991 1.0000000000
63123  -28.852  -47.760  -15.415 1.0000000000
63124  -29.280  -46.991  -15.659 1.0000000000
63125  -31.526  -46.171  -15.427 1.0000000000
63126  -30.952  -46.867  -15.105 1.0000000000
63127  -31.787  -46.767  -14.793 1.0000000000
63128  -32.086  -47.333  -14.187 1.0000000000
63129  -32.647  -46.675  -14.488 1.0000000000
63130  -33.440  -46.457  -14.189 1.0000000000
63131  -33.236  -46.000  -14.854 1.0000000000
63132  -34.298  -43.932  -16.389 1.0000000000
63133  -34.472  -44.522  -15.624 1.0000000000
63134  -35.118  -43.765  -15.995 1.0000000000
63135  -35.776  -43.482  -15.568 1.0000000000
63136  -35.648  -42.953  -16.275 1.0000000000
63139  -34.366  -41.524  -18.580 1.0000000000
63140  -35.174  -41.332  -18.230 1.0000000000
63141  -34.956  -40.674  -18.857 1.0000000000
63143  -34.794  -40.124  -19.373 1.0000000000
70319  -27.926  -51.669  -16.488 1.0000000000
70320  -27.462  -51.382  -16.138 1.0000000000
70321  -27.792  -50.636  -16.612 1.0000000000
70327  -28.045  -48.160  -17.469 1.0000000000
70328  -27.618  -48.697  -16.983 1.0000000000
70329  -27.647  -47.748  -17.191 1.0000000000
70330  -27.641  -47.475  -16.808 1.0000000000
70331  -27.784  -46.864  -17.429 1.0000000000
70332  -28.543  -44.501  -18.689 1.0000000000
70333  -28.282  -45.147  -17.984 1.0000000000
70334  -28.746  -44.303  -18.321 1.0000000000
70335  -29.277  -44.227  -18.009 1.0000000000
70336  -29.227  -43.584  -18.663 1.0000000000
70337  -29.796  -42.951  -18.988 1.0000000000
70338  -29.320  -42.975  -19.359 1.0000000000
91444  -27.594  -54.611  -14.711 1.0000000000
91445  -28.812  -53.095  -14.040 1.0000000000
91446  -28.702  -54.092  -14.007 1.0000000000
91447  -29.443  -53.888  -13.728 1.0000000000
91450  -29.662  -49.258  -14.359 1.0000000000
91451  -29.338  -50.117  -14.215 1.0000000000
91452  -30.103  -50.022  -13.894 1.0000000000
91453  -31.760  -51.393  -12.661 1.0000000000
91454  -31.109  -51.533  -13.074 1.0000000000
91455  -31.592  -52.286  -12.681 1.0000000000
91472  -34.951  -46.168  -13.448 1.0000000000
91509  -31.055  -41.654  -19.698 1.0000000000
91510  -31.891  -41.596  -19.490 1.0000000000
91511  -31.707  -41.002  -20.022 1.0000000000
97778  -29.565  -45.581  -16.621 1.0000000000
97779  -29.817  -46.251  -15.985 1.0000000000
97780  -30.435  -45.559  -16.381 1.0000000000
97781  -31.303  -45.561  -16.109 1.0000000000
97782  -32.146  -45.467  -15.853 1.0000000000
97783  -33.010  -45.395  -15.584 1.0000000000
97784  -32.822  -44.802  -16.283 1.0000000000
97785  -33.496  -44.081  -16.696 1.0000000000
97786  -34.129  -43.388  -17.076 1.0000000000
97787  -34.740  -42.636  -17.367 1.0000000000
97788  -33.932  -42.864  -17.683 1.0000000000
97789  -33.773  -42.190  -18.349 1.0000000000
97790  -33.580  -41.591  -18.933 1.0000000000
102097  -29.292  -51.389  -17.011 1.0000000000
102102  -28.584  -46.654  -18.303 1.0000000000
102103  -28.070  -46.257  -18.042 1.0000000000
102104  -28.598  -45.709  -18.668 1.0000000000
102105  -28.677  -44.901  -19.007 1.0000000000
102106  -28.865  -44.096  -19.353 1.0000000000
102107  -29.148  -43.206  -19.732 1.0000000000
102108  -29.345  -43.602  -20.020 1.0000000000
114770  -27.310  -52.796  -15.171 1.0000000000
114771  -27.576  -53.564  -14.726 1.0000000000
114772  -27.613  -52.518  -14.761 1.0000000000
114773  -28.211  -52.291  -14.395 1.0000000000
114774  -28.920  -52.048  -14.078 1.0000000000
114775  -31.190  -48.978  -13.712 1.0000000000
114776  -30.871  -49.833  -13.582 1.0000000000
114777  -31.564  -49.671  -13.223 1.0000000000
114778  -31.988  -50.405  -12.737 1.0000000000
114781  -33.051  -50.917  -11.799 1.0000000000
114786  -34.963  -48.706  -11.106 1.0000000000
114788  -36.015  -44.501  -14.095 1.0000000000
114810  -30.836  -40.341  -20.906 1.0000000000
114811  -31.594  -40.279  -20.642 1.0000000000
128306  -27.813  -48.750  -15.562 1.0000000000
128307  -28.152  -49.515  -15.023 1.0000000000
128308  -28.454  -48.617  -15.191 1.0000000000
128309  -29.227  -48.453  -14.893 1.0000000000
128310  -29.992  -48.428  -14.509 1.0000000000
128311  -30.136  -46.916  -15.385 1.0000000000
128312  -30.449  -47.596  -14.807 1.0000000000
128313  -30.833  -48.290  -14.256 1.0000000000
128314  -31.599  -48.063  -13.955 1.0000000000
128315  -32.400  -48.000  -13.603 1.0000000000
128316  -33.146  -47.835  -13.232 1.0000000000
128317  -33.881  -47.619  -12.877 1.0000000000
128318  -33.673  -47.058  -13.511 1.0000000000
128319  -34.212  -46.348  -13.842 1.0000000000
128320  -34.815  -45.583  -14.212 1.0000000000
128321  -33.861  -45.217  -15.283 1.0000000000
128322  -34.654  -45.066  -14.911 1.0000000000
128323  -35.374  -44.745  -14.579 1.0000000000
128325  -36.413  -43.167  -15.074 1.0000000000
128326  -36.871  -42.263  -15.306 1.0000000000
128331  -35.331  -41.889  -17.611 1.0000000000
137455  -27.329  -53.117  -15.597 1.0000000000
137456  -27.254  -52.051  -15.668 1.0000000000
137457  -27.258  -51.012  -15.748 1.0000000000
137458  -27.308  -50.016  -15.849 1.0000000000
137461  -29.067  -50.412  -17.200 1.0000000000
137464  -28.279  -50.092  -17.039 1.0000000000
137465  -27.659  -49.724  -16.769 1.0000000000
137466  -27.379  -49.356  -16.431 1.0000000000
137467  -27.422  -48.998  -16.014 1.0000000000
137468  -27.639  -48.089  -16.193 1.0000000000
137469  -27.953  -47.191  -16.401 1.0000000000
137470  -28.307  -46.367  -16.641 1.0000000000
137471  -27.999  -45.920  -17.713 1.0000000000
137472  -28.238  -45.706  -17.330 1.0000000000
137473  -28.808  -45.610  -16.945 1.0000000000
137474  -29.385  -44.960  -17.255 1.0000000000
137475  -30.011  -44.226  -17.665 1.0000000000
137476  -30.729  -43.598  -18.072 1.0000000000
137477  -31.401  -42.944  -18.516 1.0000000000
137478  -30.560  -42.950  -18.731 1.0000000000
137479  -30.447  -42.267  -19.355 1.0000000000
137480  -30.364  -41.592  -20.040 1.0000000000
137482  -29.814  -41.752  -20.328 1.0000000000
162988  -28.576  -50.296  -14.521 1.0000000000
162989  -29.082  -51.015  -14.163 1.0000000000
162990  -29.672  -51.856  -13.769 1.0000000000
162991  -30.588  -50.755  -13.461 1.0000000000
162992  -30.393  -51.745  -13.419 1.0000000000
162993  -30.259  -52.668  -13.453 1.0000000000
162994  -30.847  -53.565  -13.033 1.0000000000
163015  -34.612  -47.498  -12.423 1.0000000000
163060  -32.057  -42.253  -18.941 1.0000000000
163061  -32.723  -41.574  -19.235 1.0000000000
163062  -33.324  -40.921  -19.489 1.0000000000
163063  -32.364  -40.265  -20.363 1.0000000000
163064  -33.168  -40.243  -20.055 1.0000000000
163065  -33.999  -40.179  -19.770 1.0000000000
