#!ascii label  , from subject 40tvs8ref_sym_20 vox2ras=TkReg
236
1401  -5.634  -76.177  2.922 1.0000000000
1402  -8.371  -71.537  0.755 1.0000000000
1403  -8.844  -76.954  -1.843 1.0000000000
2524  -12.643  -75.512  -7.027 1.0000000000
3320  -3.361  -78.125  1.188 1.0000000000
3321  -5.752  -79.202  0.732 1.0000000000
3322  -7.638  -76.673  0.994 1.0000000000
3323  -8.110  -79.748  -0.615 1.0000000000
5665  -11.496  -78.576  -5.604 1.0000000000
7129  -4.709  -72.743  4.296 1.0000000000
7130  -6.210  -70.308  2.927 1.0000000000
7131  -7.111  -73.826  2.422 1.0000000000
7132  -8.662  -74.538  -0.320 1.0000000000
7133  -9.379  -74.476  -3.372 1.0000000000
10126  -9.969  -79.433  -3.211 1.0000000000
10127  -9.988  -76.732  -5.177 1.0000000000
10128  -11.307  -73.516  -6.200 1.0000000000
11002  -7.016  -79.628  0.150 1.0000000000
15717  -4.591  -77.281  2.378 1.0000000000
15719  -4.398  -75.723  3.522 1.0000000000
15721  -5.306  -74.517  3.727 1.0000000000
15722  -5.947  -73.288  3.445 1.0000000000
15723  -6.473  -74.931  2.896 1.0000000000
15724  -8.357  -76.830  -0.331 1.0000000000
15725  -8.264  -75.503  0.487 1.0000000000
15726  -8.727  -75.718  -1.062 1.0000000000
15727  -9.078  -74.608  -1.841 1.0000000000
15728  -9.075  -75.809  -2.684 1.0000000000
22689  -7.400  -70.977  1.867 1.0000000000
22752  -11.960  -77.082  -6.443 1.0000000000
22753  -10.740  -77.648  -5.516 1.0000000000
22754  -11.198  -76.200  -6.294 1.0000000000
22755  -10.437  -75.195  -5.851 1.0000000000
22756  -11.903  -74.568  -6.814 1.0000000000
24407  -3.400  -79.546  -0.350 1.0000000000
24408  -4.508  -78.667  1.016 1.0000000000
24409  -5.719  -77.661  1.869 1.0000000000
24410  -6.707  -76.452  2.083 1.0000000000
24411  -6.855  -78.000  1.130 1.0000000000
24412  -7.813  -78.185  0.145 1.0000000000
24413  -8.584  -78.248  -1.116 1.0000000000
31994  -4.977  -69.599  3.977 1.0000000000
31995  -5.426  -71.522  3.694 1.0000000000
31996  -6.682  -72.109  2.749 1.0000000000
31997  -7.759  -72.696  1.662 1.0000000000
31998  -7.435  -75.272  1.793 1.0000000000
31999  -7.998  -74.263  1.157 1.0000000000
32000  -8.587  -73.145  0.319 1.0000000000
32001  -9.152  -73.357  -1.118 1.0000000000
32002  -9.637  -73.285  -2.538 1.0000000000
32003  -10.176  -73.040  -3.910 1.0000000000
40540  -5.771  -68.310  3.026 1.0000000000
40613  -9.218  -79.694  -1.855 1.0000000000
40614  -9.286  -78.293  -2.715 1.0000000000
40615  -10.622  -79.090  -4.533 1.0000000000
40616  -9.931  -78.069  -4.234 1.0000000000
40617  -9.306  -77.011  -3.667 1.0000000000
40618  -9.525  -75.661  -4.429 1.0000000000
40619  -10.154  -74.096  -4.999 1.0000000000
40620  -11.183  -72.413  -5.226 1.0000000000
46437  -5.124  -76.751  2.736 1.0000000000
46438  -4.536  -76.544  3.011 1.0000000000
46439  -5.024  -75.973  3.251 1.0000000000
46440  -4.868  -75.124  3.678 1.0000000000
46441  -5.507  -75.367  3.362 1.0000000000
46442  -5.908  -74.734  3.330 1.0000000000
46443  -6.104  -75.523  2.964 1.0000000000
46444  -8.637  -76.894  -1.081 1.0000000000
46445  -8.549  -76.261  -0.663 1.0000000000
46446  -8.751  -76.322  -1.454 1.0000000000
46447  -8.901  -75.785  -1.873 1.0000000000
46448  -8.941  -76.370  -2.233 1.0000000000
53409  -7.936  -71.279  1.334 1.0000000000
53472  -12.276  -76.309  -6.779 1.0000000000
53473  -11.580  -76.660  -6.431 1.0000000000
53474  -11.892  -75.878  -6.698 1.0000000000
53475  -11.507  -75.372  -6.591 1.0000000000
53476  -12.289  -75.050  -6.958 1.0000000000
56039  -5.116  -78.974  0.910 1.0000000000
56040  -5.128  -78.215  1.520 1.0000000000
56041  -5.752  -78.428  1.311 1.0000000000
56042  -6.299  -77.858  1.595 1.0000000000
56043  -6.356  -78.632  1.018 1.0000000000
56044  -7.577  -79.700  -0.204 1.0000000000
56045  -7.474  -78.911  0.212 1.0000000000
56046  -8.001  -78.941  -0.248 1.0000000000
56047  -8.222  -78.224  -0.470 1.0000000000
56048  -8.452  -78.958  -0.753 1.0000000000
70189  -2.803  -77.974  1.477 1.0000000000
70197  -4.348  -73.358  4.416 1.0000000000
70201  -4.422  -71.834  4.496 1.0000000000
70203  -5.077  -72.132  4.009 1.0000000000
70204  -6.566  -73.562  2.965 1.0000000000
70205  -6.316  -72.703  3.120 1.0000000000
70206  -6.911  -72.985  2.610 1.0000000000
70207  -7.252  -72.411  2.251 1.0000000000
70208  -7.451  -73.273  2.050 1.0000000000
70209  -7.198  -76.580  1.571 1.0000000000
70210  -7.131  -75.861  2.010 1.0000000000
70211  -7.553  -75.953  1.418 1.0000000000
70212  -8.461  -75.002  0.098 1.0000000000
70213  -8.121  -74.900  0.837 1.0000000000
70214  -8.356  -74.425  0.443 1.0000000000
70215  -8.295  -73.746  0.705 1.0000000000
70216  -8.664  -73.894  -0.013 1.0000000000
70217  -8.891  -73.285  -0.389 1.0000000000
70218  -8.891  -73.975  -0.752 1.0000000000
70219  -9.249  -74.579  -2.593 1.0000000000
70220  -9.295  -73.988  -2.191 1.0000000000
70221  -9.500  -73.872  -2.929 1.0000000000
70222  -9.899  -73.171  -3.219 1.0000000000
70223  -9.728  -73.743  -3.633 1.0000000000
91104  -5.576  -69.964  3.443 1.0000000000
91105  -5.346  -68.936  3.519 1.0000000000
91106  -5.939  -69.330  2.990 1.0000000000
91289  -9.638  -79.595  -2.530 1.0000000000
91290  -9.284  -78.947  -2.239 1.0000000000
91291  -9.647  -78.873  -2.972 1.0000000000
91293  -10.923  -79.607  -4.624 1.0000000000
91294  -10.993  -78.856  -5.089 1.0000000000
91295  -10.346  -77.175  -5.374 1.0000000000
91296  -10.294  -77.876  -4.906 1.0000000000
91297  -9.893  -77.379  -4.758 1.0000000000
91298  -9.560  -77.573  -4.020 1.0000000000
91299  -9.569  -76.914  -4.477 1.0000000000
91300  -9.368  -76.355  -4.068 1.0000000000
91301  -9.697  -76.197  -4.879 1.0000000000
91302  -10.816  -74.376  -6.045 1.0000000000
91303  -10.144  -74.669  -5.457 1.0000000000
91304  -10.669  -73.840  -5.658 1.0000000000
91305  -10.588  -73.250  -5.118 1.0000000000
91306  -11.195  -72.919  -5.771 1.0000000000
93530  -6.377  -79.435  0.477 1.0000000000
93532  -7.094  -80.352  -0.320 1.0000000000
93533  -7.705  -80.450  -0.631 1.0000000000
102017  -3.937  -77.680  1.800 1.0000000000
102018  -3.334  -77.488  2.010 1.0000000000
102025  -5.028  -73.643  4.045 1.0000000000
102026  -5.345  -73.022  3.889 1.0000000000
102027  -5.661  -73.912  3.632 1.0000000000
102028  -6.251  -74.157  3.194 1.0000000000
102029  -6.792  -74.404  2.730 1.0000000000
102030  -8.021  -76.757  0.362 1.0000000000
102031  -7.948  -76.044  0.794 1.0000000000
102032  -8.278  -76.147  0.137 1.0000000000
102033  -8.515  -75.611  -0.252 1.0000000000
102034  -8.720  -75.099  -0.675 1.0000000000
102035  -8.880  -74.606  -1.094 1.0000000000
102036  -8.916  -75.191  -1.492 1.0000000000
102037  -9.047  -75.217  -2.298 1.0000000000
102038  -9.187  -75.193  -3.128 1.0000000000
114567  -6.815  -70.648  2.411 1.0000000000
114568  -6.550  -69.707  2.465 1.0000000000
114680  -11.675  -77.821  -6.047 1.0000000000
114681  -11.123  -78.096  -5.579 1.0000000000
114682  -11.327  -77.442  -6.011 1.0000000000
114683  -10.946  -76.949  -5.974 1.0000000000
114684  -10.558  -76.474  -5.787 1.0000000000
114685  -10.182  -75.974  -5.545 1.0000000000
114686  -10.797  -75.696  -6.103 1.0000000000
114687  -11.140  -74.897  -6.380 1.0000000000
114688  -11.558  -74.052  -6.552 1.0000000000
118387  -3.384  -78.798  0.426 1.0000000000
118389  -3.947  -79.097  0.361 1.0000000000
118390  -3.926  -78.361  1.064 1.0000000000
118391  -4.533  -77.935  1.688 1.0000000000
118392  -5.135  -77.466  2.132 1.0000000000
118393  -5.692  -76.904  2.421 1.0000000000
118394  -6.186  -76.300  2.545 1.0000000000
118395  -6.244  -77.067  2.080 1.0000000000
118396  -6.774  -77.201  1.618 1.0000000000
118397  -7.271  -77.323  1.103 1.0000000000
118398  -6.931  -78.831  0.642 1.0000000000
118399  -7.349  -78.113  0.656 1.0000000000
118400  -7.719  -77.411  0.560 1.0000000000
118401  -8.121  -77.474  -0.096 1.0000000000
118402  -8.450  -77.532  -0.763 1.0000000000
118403  -8.732  -77.580  -1.461 1.0000000000
128149  -8.611  -70.966  0.295 1.0000000000
128236  -11.865  -79.035  -5.590 1.0000000000
128239  -12.052  -78.288  -6.023 1.0000000000
128241  -12.605  -76.700  -6.751 1.0000000000
128242  -12.986  -75.903  -7.094 1.0000000000
137306  -4.400  -69.244  4.593 1.0000000000
137307  -4.566  -70.226  4.397 1.0000000000
137308  -5.202  -70.583  3.837 1.0000000000
137309  -5.860  -70.934  3.313 1.0000000000
137310  -5.705  -72.425  3.591 1.0000000000
137311  -6.061  -71.823  3.222 1.0000000000
137312  -6.478  -71.239  2.854 1.0000000000
137313  -7.055  -71.544  2.337 1.0000000000
137314  -7.606  -71.837  1.810 1.0000000000
137315  -8.119  -72.111  1.237 1.0000000000
137316  -6.645  -75.691  2.518 1.0000000000
137317  -6.997  -75.139  2.398 1.0000000000
137318  -7.271  -74.593  2.144 1.0000000000
137319  -7.858  -75.388  1.157 1.0000000000
137320  -7.710  -74.756  1.506 1.0000000000
137321  -7.595  -74.062  1.798 1.0000000000
137322  -7.894  -73.529  1.397 1.0000000000
137323  -8.216  -72.962  0.999 1.0000000000
137324  -8.504  -72.340  0.602 1.0000000000
137325  -8.843  -72.533  -0.043 1.0000000000
137328  -9.100  -74.011  -1.473 1.0000000000
137329  -9.376  -73.370  -1.825 1.0000000000
137331  -10.035  -72.611  -2.863 1.0000000000
162575  -5.193  -67.904  3.633 1.0000000000
162576  -5.674  -67.318  3.043 1.0000000000
162577  -6.375  -68.753  2.479 1.0000000000
162578  -6.238  -67.776  2.486 1.0000000000
162792  -8.387  -80.535  -1.066 1.0000000000
162794  -8.991  -80.468  -1.587 1.0000000000
162795  -8.720  -79.771  -1.196 1.0000000000
162796  -8.886  -78.974  -1.530 1.0000000000
162797  -8.959  -78.284  -1.929 1.0000000000
162798  -9.013  -77.607  -2.315 1.0000000000
162800  -10.532  -79.831  -4.017 1.0000000000
162801  -10.292  -79.252  -3.912 1.0000000000
162802  -10.654  -78.342  -5.037 1.0000000000
162803  -10.276  -78.583  -4.382 1.0000000000
162804  -9.954  -78.743  -3.723 1.0000000000
162805  -9.607  -78.234  -3.494 1.0000000000
162806  -9.269  -77.644  -3.204 1.0000000000
162807  -9.084  -77.010  -2.772 1.0000000000
162808  -9.184  -76.408  -3.136 1.0000000000
162809  -9.267  -75.772  -3.587 1.0000000000
162810  -9.432  -75.091  -3.985 1.0000000000
162811  -9.907  -75.470  -5.211 1.0000000000
162812  -9.739  -74.918  -4.740 1.0000000000
162813  -9.725  -74.300  -4.247 1.0000000000
162814  -10.106  -73.528  -4.431 1.0000000000
162815  -10.619  -72.775  -4.604 1.0000000000
162825  -13.433  -75.059  -7.368 1.0000000000
162834  -13.082  -74.658  -7.315 1.0000000000
162840  -11.893  -72.571  -6.282 1.0000000000
162841  -11.827  -72.001  -5.774 1.0000000000
