#!ascii label  , from subject 40tvs8ref_sym_20 vox2ras=TkReg
168
21  -7.119  32.235  50.514 1.0000000000
730  -7.451  37.028  45.154 1.0000000000
731  -7.917  34.464  39.192 1.0000000000
732  -8.406  29.830  44.278 1.0000000000
2650  -7.294  34.632  47.947 1.0000000000
2651  -8.093  33.412  44.768 1.0000000000
2652  -8.161  31.074  47.398 1.0000000000
2654  -7.791  29.245  50.008 1.0000000000
3633  -7.433  31.193  39.210 1.0000000000
5924  -8.146  35.720  42.053 1.0000000000
5925  -8.157  32.191  41.772 1.0000000000
10330  -7.223  33.420  49.345 1.0000000000
10331  -7.776  32.827  47.695 1.0000000000
10332  -7.701  31.686  48.959 1.0000000000
10333  -8.015  30.197  48.682 1.0000000000
10334  -7.484  30.747  50.232 1.0000000000
13710  -7.649  38.184  43.733 1.0000000000
13711  -8.113  37.577  42.204 1.0000000000
13712  -7.901  36.415  43.616 1.0000000000
13713  -8.327  31.597  44.561 1.0000000000
13714  -8.206  32.757  43.216 1.0000000000
13715  -8.221  30.978  42.983 1.0000000000
13716  -7.872  30.426  41.582 1.0000000000
13717  -8.075  29.221  42.805 1.0000000000
13719  -8.301  28.353  44.053 1.0000000000
23202  -7.357  35.848  46.574 1.0000000000
23203  -7.802  35.200  44.974 1.0000000000
23204  -7.803  34.023  46.369 1.0000000000
23205  -8.204  32.173  46.158 1.0000000000
23206  -8.438  30.423  45.863 1.0000000000
23207  -8.554  28.929  45.522 1.0000000000
23208  -8.391  29.567  47.130 1.0000000000
23209  -8.277  28.639  48.391 1.0000000000
24971  -7.696  32.818  39.240 1.0000000000
24972  -7.585  33.823  37.896 1.0000000000
24973  -7.426  32.264  38.056 1.0000000000
29181  -8.258  36.873  40.650 1.0000000000
29182  -8.142  35.086  40.583 1.0000000000
29183  -8.066  34.576  43.429 1.0000000000
29184  -8.197  33.958  41.954 1.0000000000
29185  -8.016  33.334  40.536 1.0000000000
29186  -7.807  31.644  40.424 1.0000000000
41050  -7.173  32.823  49.949 1.0000000000
41051  -7.467  32.549  49.145 1.0000000000
41052  -7.409  31.964  49.744 1.0000000000
41053  -7.596  31.229  49.592 1.0000000000
41054  -7.305  31.505  50.366 1.0000000000
44430  -7.530  37.616  44.458 1.0000000000
44431  -7.768  37.306  43.702 1.0000000000
44432  -7.692  36.709  44.394 1.0000000000
44433  -8.394  30.703  44.428 1.0000000000
44434  -8.326  31.277  43.774 1.0000000000
44435  -8.325  30.382  43.643 1.0000000000
44436  -8.184  30.084  42.894 1.0000000000
44437  -8.278  29.523  43.516 1.0000000000
44438  -8.185  28.802  43.418 1.0000000000
44439  -8.372  29.100  44.160 1.0000000000
47380  -7.907  34.997  38.509 1.0000000000
54030  -7.318  35.241  47.260 1.0000000000
54031  -7.585  34.938  46.460 1.0000000000
54032  -7.563  34.322  47.155 1.0000000000
54033  -8.018  31.971  47.574 1.0000000000
54034  -8.014  32.516  46.920 1.0000000000
54035  -8.208  31.648  46.798 1.0000000000
54036  -8.335  31.305  46.010 1.0000000000
54037  -8.312  30.756  46.630 1.0000000000
54038  -8.413  30.003  46.515 1.0000000000
54039  -8.268  30.321  47.271 1.0000000000
54040  -7.897  29.735  49.347 1.0000000000
54041  -8.133  29.428  48.546 1.0000000000
54042  -8.051  28.960  49.191 1.0000000000
54044  -8.004  28.492  49.832 1.0000000000
56978  -7.564  32.016  39.229 1.0000000000
56979  -7.524  32.544  38.631 1.0000000000
56980  -7.432  31.754  38.660 1.0000000000
64173  -8.144  36.647  42.146 1.0000000000
64174  -8.215  37.214  41.411 1.0000000000
64175  -8.194  36.316  41.370 1.0000000000
64176  -8.202  35.995  40.620 1.0000000000
64177  -8.168  35.417  41.315 1.0000000000
64178  -7.954  34.306  44.897 1.0000000000
64179  -7.978  34.899  44.177 1.0000000000
64180  -8.087  34.002  44.100 1.0000000000
64181  -8.205  32.468  42.481 1.0000000000
64182  -8.210  33.347  42.580 1.0000000000
64183  -8.215  33.082  41.872 1.0000000000
64184  -8.135  33.608  41.237 1.0000000000
64185  -8.086  32.764  41.143 1.0000000000
64186  -7.929  32.487  40.480 1.0000000000
64187  -7.993  31.904  41.077 1.0000000000
64188  -7.656  29.568  41.553 1.0000000000
64201  -8.556  28.180  45.385 1.0000000000
73021  -7.425  33.516  37.321 1.0000000000
73022  -7.565  34.319  37.224 1.0000000000
92322  -7.265  34.030  48.653 1.0000000000
92323  -7.543  33.726  47.854 1.0000000000
92324  -7.508  33.140  48.527 1.0000000000
92325  -7.755  32.252  48.330 1.0000000000
92326  -7.978  31.382  48.188 1.0000000000
92327  -8.093  30.617  48.025 1.0000000000
92328  -7.877  30.950  48.816 1.0000000000
92329  -7.782  30.489  49.452 1.0000000000
92330  -7.645  29.990  50.113 1.0000000000
94091  -7.302  30.358  39.223 1.0000000000
98407  -8.021  38.448  42.229 1.0000000000
98408  -7.892  37.883  42.970 1.0000000000
98409  -7.984  36.989  42.923 1.0000000000
98410  -8.051  36.082  42.831 1.0000000000
98411  -8.217  32.492  44.682 1.0000000000
98412  -8.168  33.085  43.976 1.0000000000
98413  -8.263  32.174  43.866 1.0000000000
98414  -8.230  31.866  43.087 1.0000000000
98415  -8.165  31.574  42.353 1.0000000000
98416  -8.037  31.307  41.651 1.0000000000
98417  -8.085  30.693  42.257 1.0000000000
98418  -7.981  29.803  42.195 1.0000000000
98419  -7.766  28.958  42.144 1.0000000000
98422  -8.058  28.057  43.324 1.0000000000
98423  -8.194  27.569  43.935 1.0000000000
115578  -7.395  36.452  45.860 1.0000000000
115579  -7.632  36.146  45.095 1.0000000000
115580  -7.590  35.540  45.787 1.0000000000
115581  -7.782  34.615  45.686 1.0000000000
115582  -7.963  33.715  45.581 1.0000000000
115583  -7.798  33.410  47.040 1.0000000000
115584  -8.009  33.075  46.270 1.0000000000
115585  -8.138  32.794  45.469 1.0000000000
115586  -8.280  31.885  45.375 1.0000000000
115587  -8.390  31.018  45.225 1.0000000000
115588  -8.465  30.133  45.070 1.0000000000
115589  -8.491  29.395  44.907 1.0000000000
115590  -8.511  29.674  45.697 1.0000000000
115591  -8.518  29.251  46.328 1.0000000000
115592  -8.504  28.804  46.982 1.0000000000
115593  -8.217  29.871  47.912 1.0000000000
115594  -8.360  29.103  47.766 1.0000000000
115595  -8.466  28.332  47.653 1.0000000000
119705  -7.798  33.634  39.217 1.0000000000
119706  -7.759  34.148  38.554 1.0000000000
119707  -7.627  33.324  38.563 1.0000000000
119708  -7.474  33.035  37.971 1.0000000000
119710  -7.429  31.493  38.098 1.0000000000
119711  -7.445  31.992  37.501 1.0000000000
129671  -8.199  38.115  41.434 1.0000000000
129676  -8.060  34.780  39.875 1.0000000000
129677  -7.846  35.798  44.298 1.0000000000
129678  -7.999  35.502  43.494 1.0000000000
129679  -8.093  35.160  42.745 1.0000000000
129680  -8.163  33.649  43.315 1.0000000000
129681  -8.144  34.244  42.669 1.0000000000
129682  -8.156  34.835  42.001 1.0000000000
129683  -8.152  34.502  41.282 1.0000000000
129684  -8.085  34.189  40.577 1.0000000000
129685  -7.963  33.925  39.895 1.0000000000
129686  -7.864  33.076  39.880 1.0000000000
129687  -7.760  32.248  39.835 1.0000000000
129688  -7.605  31.386  39.784 1.0000000000
129689  -7.857  31.072  41.005 1.0000000000
129690  -7.611  30.822  40.372 1.0000000000
129691  -7.411  30.597  39.759 1.0000000000
129705  -8.468  28.653  44.790 1.0000000000
129706  -8.411  27.872  44.660 1.0000000000
145807  -7.397  38.395  44.486 1.0000000000
145808  -7.305  37.809  45.203 1.0000000000
145817  -7.234  37.208  45.895 1.0000000000
145820  -7.089  35.404  48.022 1.0000000000
145824  -7.023  34.183  49.423 1.0000000000
152660  -7.391  30.106  50.827 1.0000000000
