#!ascii label  , from subject 40tvs8ref_sym_20 vox2ras=TkReg
198
1104  -3.645  30.189  -1.840 1.0000000000
1598  -5.485  35.058  -2.890 1.0000000000
2157  -3.165  32.218  2.454 1.0000000000
3024  -5.110  30.921  -4.074 1.0000000000
4755  -5.918  35.450  -0.408 1.0000000000
4756  -4.694  32.789  0.140 1.0000000000
7568  -4.946  34.492  -5.360 1.0000000000
7569  -5.972  37.573  -5.346 1.0000000000
7570  -5.045  38.795  -3.254 1.0000000000
9033  -4.976  31.912  -2.027 1.0000000000
9034  -3.253  31.444  0.147 1.0000000000
10703  -5.079  30.534  -5.162 1.0000000000
10704  -4.977  32.192  -5.904 1.0000000000
14830  -3.848  29.473  -2.621 1.0000000000
14832  -2.989  29.543  -1.727 1.0000000000
14834  -2.776  30.238  -0.821 1.0000000000
16628  -6.648  36.880  -6.243 1.0000000000
20025  -5.198  34.794  -4.139 1.0000000000
20026  -5.409  32.949  -3.588 1.0000000000
20027  -5.512  33.292  -2.388 1.0000000000
20028  -3.919  32.480  1.276 1.0000000000
20029  -3.986  32.064  0.144 1.0000000000
20030  -3.198  31.878  1.275 1.0000000000
20031  -2.524  31.266  1.320 1.0000000000
20032  -2.514  31.651  2.502 1.0000000000
23875  -4.579  29.669  -3.624 1.0000000000
23876  -4.346  30.265  -2.741 1.0000000000
26991  -5.695  35.268  -1.693 1.0000000000
26992  -5.579  33.620  -1.260 1.0000000000
26993  -5.557  33.851  -0.055 1.0000000000
26994  -4.565  33.075  1.259 1.0000000000
26995  -3.875  32.745  2.406 1.0000000000
33158  -4.946  34.049  -6.452 1.0000000000
33159  -5.550  35.645  -6.544 1.0000000000
33160  -5.094  36.236  -5.613 1.0000000000
33161  -4.881  36.719  -4.508 1.0000000000
33163  -5.360  38.227  -4.392 1.0000000000
33164  -5.052  36.997  -3.235 1.0000000000
33165  -5.410  37.201  -1.932 1.0000000000
37341  -5.198  32.571  -4.768 1.0000000000
37342  -5.020  31.416  -3.053 1.0000000000
37343  -4.193  30.919  -1.847 1.0000000000
37344  -4.831  32.441  -0.946 1.0000000000
37345  -4.036  31.592  -0.798 1.0000000000
37346  -3.462  30.947  -0.890 1.0000000000
37347  -2.615  30.847  0.215 1.0000000000
37352  -3.104  32.422  3.690 1.0000000000
37355  -2.472  31.938  3.817 1.0000000000
41423  -4.948  32.002  -6.472 1.0000000000
41424  -4.925  32.875  -6.798 1.0000000000
45550  -3.738  29.844  -2.248 1.0000000000
45551  -3.447  29.512  -2.211 1.0000000000
45552  -3.307  29.881  -1.777 1.0000000000
45553  -2.855  29.912  -1.257 1.0000000000
45554  -3.198  30.293  -1.315 1.0000000000
50745  -5.320  34.958  -3.514 1.0000000000
50746  -5.462  33.982  -3.248 1.0000000000
50747  -5.588  34.142  -2.693 1.0000000000
50748  -3.529  32.351  1.850 1.0000000000
50749  -3.576  32.183  1.286 1.0000000000
50750  -3.189  32.083  1.856 1.0000000000
50751  -2.847  31.775  1.874 1.0000000000
50752  -2.849  31.944  2.470 1.0000000000
55150  -5.130  30.731  -4.619 1.0000000000
55151  -4.928  30.032  -4.307 1.0000000000
55152  -4.904  30.239  -3.800 1.0000000000
55153  -4.435  29.926  -3.177 1.0000000000
55154  -4.776  30.502  -3.340 1.0000000000
60345  -5.828  35.359  -1.070 1.0000000000
60346  -5.772  34.479  -0.859 1.0000000000
60347  -5.860  34.562  -0.208 1.0000000000
60349  -4.993  33.512  1.207 1.0000000000
60350  -4.579  33.220  1.803 1.0000000000
60351  -4.240  32.924  1.799 1.0000000000
60352  -4.242  33.033  2.365 1.0000000000
72923  -5.766  35.325  -6.990 1.0000000000
72924  -6.398  35.942  -6.859 1.0000000000
72925  -6.237  37.282  -5.803 1.0000000000
72926  -5.719  36.648  -6.000 1.0000000000
72927  -5.419  36.966  -5.574 1.0000000000
72928  -5.000  36.485  -5.087 1.0000000000
72929  -5.232  37.235  -5.038 1.0000000000
72934  -5.790  38.856  -4.195 1.0000000000
72935  -5.162  38.535  -3.817 1.0000000000
72936  -4.942  37.776  -3.898 1.0000000000
72937  -5.014  37.922  -3.273 1.0000000000
72938  -5.219  37.118  -2.592 1.0000000000
72939  -5.029  38.132  -2.691 1.0000000000
83115  -4.972  34.276  -5.906 1.0000000000
83116  -4.956  33.317  -5.664 1.0000000000
83117  -5.084  33.527  -5.077 1.0000000000
83118  -5.321  32.340  -2.758 1.0000000000
83119  -5.338  32.106  -3.295 1.0000000000
83120  -5.012  31.643  -2.533 1.0000000000
83121  -4.599  31.105  -2.403 1.0000000000
83122  -4.560  31.377  -1.910 1.0000000000
83123  -5.227  33.144  -0.526 1.0000000000
83124  -5.261  33.007  -1.087 1.0000000000
83125  -4.783  32.639  -0.429 1.0000000000
83126  -3.613  31.744  0.150 1.0000000000
83127  -4.019  31.840  -0.355 1.0000000000
83128  -3.668  31.506  -0.372 1.0000000000
83129  -3.735  31.241  -0.843 1.0000000000
83130  -3.355  31.202  -0.388 1.0000000000
83131  -3.023  30.891  -0.394 1.0000000000
83132  -2.931  31.145  0.151 1.0000000000
83133  -2.190  31.116  1.935 1.0000000000
83134  -2.215  30.927  1.377 1.0000000000
83145  -3.136  32.495  4.264 1.0000000000
83152  -2.472  31.982  4.431 1.0000000000
83153  -2.151  31.661  4.495 1.0000000000
92993  -4.973  30.325  -5.713 1.0000000000
92994  -4.960  31.135  -6.099 1.0000000000
92995  -5.052  31.335  -5.533 1.0000000000
92996  -5.179  31.498  -4.940 1.0000000000
100422  -3.970  29.102  -3.013 1.0000000000
100428  -2.598  29.561  -1.192 1.0000000000
100429  -2.482  29.893  -0.731 1.0000000000
100430  -2.389  30.152  -0.262 1.0000000000
103658  -7.023  36.504  -6.679 1.0000000000
103660  -7.356  37.379  -5.987 1.0000000000
103661  -6.966  37.753  -5.535 1.0000000000
103666  -5.324  39.477  -3.086 1.0000000000
109773  -5.081  34.655  -4.747 1.0000000000
109774  -5.231  33.692  -4.478 1.0000000000
109775  -5.338  33.831  -3.873 1.0000000000
109776  -5.486  33.096  -2.951 1.0000000000
109777  -5.359  32.508  -2.161 1.0000000000
109778  -4.284  32.594  0.696 1.0000000000
109779  -4.360  32.418  0.148 1.0000000000
109780  -3.975  32.288  0.701 1.0000000000
109781  -3.587  31.974  0.704 1.0000000000
109782  -3.217  31.671  0.702 1.0000000000
109783  -2.877  31.371  0.723 1.0000000000
109784  -2.848  31.579  1.279 1.0000000000
109785  -2.521  31.475  1.902 1.0000000000
109786  -2.187  31.305  2.530 1.0000000000
117150  -4.191  29.481  -3.089 1.0000000000
117151  -4.087  29.845  -2.677 1.0000000000
117152  -3.972  30.190  -2.257 1.0000000000
124419  -5.617  35.165  -2.286 1.0000000000
124420  -5.664  34.269  -2.063 1.0000000000
124421  -5.792  34.352  -1.488 1.0000000000
124422  -5.611  33.728  -0.669 1.0000000000
124423  -5.121  33.273  0.052 1.0000000000
124424  -5.470  33.955  0.536 1.0000000000
124425  -5.035  33.382  0.634 1.0000000000
124426  -4.629  32.962  0.680 1.0000000000
124427  -4.229  32.773  1.269 1.0000000000
124428  -3.882  32.647  1.840 1.0000000000
124429  -3.483  32.470  2.408 1.0000000000
140650  -5.174  34.903  -6.567 1.0000000000
140651  -5.028  35.179  -6.082 1.0000000000
140652  -6.001  36.342  -6.461 1.0000000000
140653  -5.243  35.984  -6.124 1.0000000000
140654  -4.978  35.398  -5.512 1.0000000000
140655  -4.922  35.617  -4.967 1.0000000000
140656  -5.028  35.783  -4.359 1.0000000000
140657  -5.139  35.902  -3.692 1.0000000000
140662  -6.190  38.484  -4.642 1.0000000000
140663  -5.612  37.917  -4.911 1.0000000000
140664  -5.040  37.523  -4.491 1.0000000000
140665  -4.997  36.849  -3.844 1.0000000000
140666  -5.283  36.013  -3.069 1.0000000000
140667  -5.425  36.132  -2.477 1.0000000000
140668  -5.572  36.228  -1.840 1.0000000000
140669  -5.719  36.310  -1.200 1.0000000000
140670  -5.221  38.151  -1.972 1.0000000000
140671  -5.561  37.270  -1.261 1.0000000000
140672  -5.883  36.341  -0.524 1.0000000000
152985  -4.950  33.110  -6.209 1.0000000000
152986  -5.081  32.389  -5.315 1.0000000000
152987  -5.224  31.704  -4.396 1.0000000000
152988  -5.299  32.778  -4.173 1.0000000000
152989  -5.269  31.882  -3.843 1.0000000000
152990  -5.120  31.132  -3.547 1.0000000000
152991  -4.675  30.783  -2.845 1.0000000000
152992  -4.258  30.601  -2.306 1.0000000000
152993  -3.903  30.546  -1.832 1.0000000000
152994  -5.596  33.430  -1.772 1.0000000000
152995  -5.275  32.775  -1.615 1.0000000000
152996  -4.875  32.187  -1.465 1.0000000000
152997  -4.390  32.193  -0.369 1.0000000000
152998  -4.436  31.979  -0.875 1.0000000000
152999  -4.491  31.688  -1.386 1.0000000000
153000  -4.122  31.278  -1.331 1.0000000000
153001  -3.809  30.906  -1.330 1.0000000000
153002  -3.533  30.595  -1.354 1.0000000000
153003  -3.123  30.626  -0.864 1.0000000000
153004  -2.690  30.527  -0.357 1.0000000000
153006  -2.553  31.093  0.787 1.0000000000
153007  -2.254  30.735  0.842 1.0000000000
153018  -3.860  32.829  3.034 1.0000000000
153019  -3.469  32.565  3.056 1.0000000000
153020  -3.138  32.347  3.085 1.0000000000
153028  -2.800  32.212  3.761 1.0000000000
153029  -2.823  32.088  3.116 1.0000000000
153030  -2.492  31.818  3.154 1.0000000000
