#!ascii label  , from subject 40tvs8ref_sym_20 vox2ras=TkReg
176
372  -26.018  -34.473  67.603 1.0000000000
1825  -25.312  -32.214  74.204 1.0000000000
1826  -29.009  -32.002  72.725 1.0000000000
6487  -27.793  -34.291  66.853 1.0000000000
8103  -25.761  -33.589  71.262 1.0000000000
8105  -27.117  -32.004  73.597 1.0000000000
8106  -27.575  -33.485  70.381 1.0000000000
8107  -29.456  -33.601  69.657 1.0000000000
8108  -31.483  -33.911  68.875 1.0000000000
12250  -25.146  -34.601  68.085 1.0000000000
12252  -25.120  -35.042  66.087 1.0000000000
14650  -28.729  -34.262  66.448 1.0000000000
14651  -27.742  -34.666  64.880 1.0000000000
17780  -24.502  -32.327  74.586 1.0000000000
17781  -23.844  -33.278  73.446 1.0000000000
17782  -24.723  -33.144  73.231 1.0000000000
17783  -24.870  -33.750  71.567 1.0000000000
17784  -25.600  -33.009  72.976 1.0000000000
17788  -28.522  -30.949  73.145 1.0000000000
17789  -27.532  -31.038  73.577 1.0000000000
17790  -28.056  -31.929  73.195 1.0000000000
17791  -27.413  -32.864  72.261 1.0000000000
17792  -28.317  -32.881  71.758 1.0000000000
17793  -28.501  -33.530  69.992 1.0000000000
17794  -29.291  -32.963  71.368 1.0000000000
17796  -31.288  -33.250  70.628 1.0000000000
17797  -32.331  -33.448  70.092 1.0000000000
17798  -32.530  -34.060  68.513 1.0000000000
25653  -30.042  -32.081  72.330 1.0000000000
30493  -26.933  -34.350  67.238 1.0000000000
30494  -26.008  -34.858  65.662 1.0000000000
30495  -26.844  -34.762  65.223 1.0000000000
34616  -24.978  -34.217  69.824 1.0000000000
34617  -25.904  -34.071  69.453 1.0000000000
34623  -26.195  -32.075  73.903 1.0000000000
34624  -26.507  -32.925  72.641 1.0000000000
34625  -26.662  -33.548  70.817 1.0000000000
34626  -26.820  -33.982  69.026 1.0000000000
34627  -27.720  -33.939  68.624 1.0000000000
34628  -28.615  -33.954  68.215 1.0000000000
34629  -29.563  -34.039  67.817 1.0000000000
34630  -30.321  -33.110  71.036 1.0000000000
34631  -30.442  -33.784  69.250 1.0000000000
34632  -30.597  -34.133  67.456 1.0000000000
42970  -25.588  -34.527  67.862 1.0000000000
42971  -25.128  -34.826  67.070 1.0000000000
42972  -25.574  -34.762  66.846 1.0000000000
45370  -29.211  -34.289  66.247 1.0000000000
48500  -24.917  -32.240  74.408 1.0000000000
48501  -24.628  -32.745  73.961 1.0000000000
48502  -25.049  -32.723  73.800 1.0000000000
48503  -25.133  -33.069  73.078 1.0000000000
48504  -25.463  -32.633  73.683 1.0000000000
48508  -28.781  -31.466  73.077 1.0000000000
48509  -28.325  -31.433  73.356 1.0000000000
48510  -28.508  -31.962  72.924 1.0000000000
48511  -28.222  -32.439  72.601 1.0000000000
48512  -28.690  -32.479  72.367 1.0000000000
48513  -28.811  -32.898  71.590 1.0000000000
48514  -29.161  -32.522  72.156 1.0000000000
48518  -32.863  -33.520  69.955 1.0000000000
66985  -27.334  -34.324  67.071 1.0000000000
66986  -26.867  -34.567  66.270 1.0000000000
66987  -27.336  -34.528  66.038 1.0000000000
66989  -27.237  -34.897  64.070 1.0000000000
76379  -23.467  -33.656  72.783 1.0000000000
76385  -25.317  -33.678  71.435 1.0000000000
76386  -24.923  -33.995  70.695 1.0000000000
76387  -25.374  -33.925  70.529 1.0000000000
76388  -25.451  -34.135  69.667 1.0000000000
76389  -25.854  -33.858  70.385 1.0000000000
76401  -27.358  -31.495  73.692 1.0000000000
76402  -27.070  -31.025  73.748 1.0000000000
76405  -26.662  -32.018  73.708 1.0000000000
76406  -26.378  -32.518  73.345 1.0000000000
76407  -26.824  -32.481  73.247 1.0000000000
76408  -27.503  -33.188  71.339 1.0000000000
76409  -27.033  -33.230  71.542 1.0000000000
76410  -27.117  -33.505  70.599 1.0000000000
76411  -26.720  -33.771  69.863 1.0000000000
76412  -27.212  -33.733  69.725 1.0000000000
76413  -27.251  -33.939  68.771 1.0000000000
76414  -27.651  -33.725  69.442 1.0000000000
76415  -28.988  -33.545  69.851 1.0000000000
76416  -28.566  -33.765  69.094 1.0000000000
76417  -29.034  -33.785  68.908 1.0000000000
76418  -29.094  -33.972  68.006 1.0000000000
76419  -29.527  -33.849  68.725 1.0000000000
76421  -30.176  -32.621  71.729 1.0000000000
76423  -31.419  -33.611  69.791 1.0000000000
76424  -30.896  -33.585  69.945 1.0000000000
76425  -30.957  -33.821  69.095 1.0000000000
76426  -30.507  -33.975  68.331 1.0000000000
76427  -31.051  -34.034  68.154 1.0000000000
76428  -31.081  -34.190  67.235 1.0000000000
76429  -31.558  -34.110  68.017 1.0000000000
76430  -33.061  -34.157  68.309 1.0000000000
81453  -25.978  -35.067  64.666 1.0000000000
100096  -28.258  -34.278  66.649 1.0000000000
100097  -27.762  -34.485  65.859 1.0000000000
100098  -28.244  -34.449  65.664 1.0000000000
105730  -24.093  -32.317  74.733 1.0000000000
105731  -23.800  -32.819  74.309 1.0000000000
105732  -24.196  -32.845  74.068 1.0000000000
105733  -24.281  -33.217  73.350 1.0000000000
105736  -24.770  -33.476  72.356 1.0000000000
105737  -25.257  -33.414  72.297 1.0000000000
105738  -25.686  -33.335  72.134 1.0000000000
105746  -28.020  -30.970  73.363 1.0000000000
105747  -27.842  -31.423  73.507 1.0000000000
105748  -27.611  -31.953  73.431 1.0000000000
105749  -27.294  -32.451  73.009 1.0000000000
105750  -27.758  -32.398  72.821 1.0000000000
105751  -27.874  -32.872  72.009 1.0000000000
105752  -27.942  -33.218  71.085 1.0000000000
105753  -28.032  -33.511  70.136 1.0000000000
105754  -28.418  -33.245  70.868 1.0000000000
105755  -28.886  -33.283  70.716 1.0000000000
105756  -29.404  -33.309  70.561 1.0000000000
105758  -31.210  -32.827  71.337 1.0000000000
105759  -31.708  -32.911  71.166 1.0000000000
105760  -31.840  -33.344  70.389 1.0000000000
105761  -31.893  -33.763  69.526 1.0000000000
105762  -31.993  -33.990  68.652 1.0000000000
105763  -32.464  -33.836  69.354 1.0000000000
105764  -32.955  -33.904  69.145 1.0000000000
121279  -24.301  -31.827  74.942 1.0000000000
121290  -28.667  -30.554  72.717 1.0000000000
121293  -29.518  -32.030  72.546 1.0000000000
121294  -29.812  -31.477  72.616 1.0000000000
121295  -30.289  -31.612  72.428 1.0000000000
133231  -26.475  -34.402  67.449 1.0000000000
133232  -26.032  -34.665  66.648 1.0000000000
133233  -26.471  -34.619  66.447 1.0000000000
133234  -26.414  -34.829  65.452 1.0000000000
133235  -26.354  -34.997  64.386 1.0000000000
133236  -27.281  -34.678  65.098 1.0000000000
144865  -23.404  -33.313  73.637 1.0000000000
144874  -24.488  -34.067  70.831 1.0000000000
144877  -25.091  -34.393  68.998 1.0000000000
144878  -25.537  -34.331  68.783 1.0000000000
144879  -25.964  -34.290  68.506 1.0000000000
144888  -25.526  -31.687  74.404 1.0000000000
144892  -27.174  -30.647  73.311 1.0000000000
144897  -25.771  -32.124  74.111 1.0000000000
144898  -25.911  -32.555  73.508 1.0000000000
144899  -26.039  -32.958  72.815 1.0000000000
144900  -26.166  -33.282  71.995 1.0000000000
144901  -26.964  -32.881  72.455 1.0000000000
144902  -26.602  -33.258  71.798 1.0000000000
144903  -26.228  -33.568  71.078 1.0000000000
144904  -26.295  -33.819  70.130 1.0000000000
144905  -26.337  -34.031  69.159 1.0000000000
144906  -26.435  -34.207  68.344 1.0000000000
144907  -26.866  -34.168  68.143 1.0000000000
144908  -27.319  -34.126  67.919 1.0000000000
144909  -27.751  -34.137  67.689 1.0000000000
144910  -28.114  -33.746  69.274 1.0000000000
144911  -28.149  -33.949  68.362 1.0000000000
144912  -28.197  -34.135  67.521 1.0000000000
144913  -28.679  -34.125  67.315 1.0000000000
144914  -29.154  -34.142  67.115 1.0000000000
144915  -29.656  -34.170  66.962 1.0000000000
144916  -29.694  -32.551  71.921 1.0000000000
144917  -29.788  -33.036  71.238 1.0000000000
144918  -29.887  -33.374  70.379 1.0000000000
144919  -30.790  -33.191  70.771 1.0000000000
144920  -30.350  -33.449  70.162 1.0000000000
144921  -29.948  -33.693  69.465 1.0000000000
144922  -29.998  -33.911  68.538 1.0000000000
144923  -30.076  -34.063  67.626 1.0000000000
144924  -30.148  -34.236  66.750 1.0000000000
144925  -30.656  -34.264  66.550 1.0000000000
144928  -32.098  -34.156  67.870 1.0000000000
150985  -25.561  -34.950  65.853 1.0000000000
150986  -25.101  -35.231  65.066 1.0000000000
