#!ascii label  , from subject 40tvs8ref_sym_20 vox2ras=TkReg
191
575  -8.239  -93.576  17.386 1.0000000000
1266  -3.911  -89.636  15.989 1.0000000000
2360  -6.996  -89.572  25.794 1.0000000000
2361  -4.939  -89.891  20.674 1.0000000000
2362  -4.022  -96.185  14.670 1.0000000000
5253  -9.785  -92.909  19.870 1.0000000000
5255  -7.734  -91.274  21.537 1.0000000000
5256  -6.138  -89.518  23.132 1.0000000000
5257  -5.828  -92.314  19.546 1.0000000000
5258  -4.164  -93.059  17.981 1.0000000000
5259  -5.933  -95.164  16.224 1.0000000000
9640  -4.264  -90.070  18.639 1.0000000000
9641  -3.234  -93.091  15.630 1.0000000000
12933  -9.191  -92.943  18.513 1.0000000000
12934  -8.672  -92.145  20.748 1.0000000000
12935  -7.935  -92.396  19.545 1.0000000000
12936  -6.886  -91.618  20.483 1.0000000000
12937  -6.893  -93.072  18.580 1.0000000000
12938  -5.755  -93.791  17.925 1.0000000000
12939  -7.062  -94.397  16.716 1.0000000000
21527  -6.307  -88.646  26.725 1.0000000000
21528  -5.502  -89.651  21.845 1.0000000000
21529  -5.690  -88.444  23.757 1.0000000000
21530  -5.348  -88.432  22.399 1.0000000000
21532  -5.011  -88.536  21.110 1.0000000000
21533  -4.788  -88.624  20.097 1.0000000000
21534  -4.553  -90.035  19.670 1.0000000000
21535  -4.127  -94.597  16.392 1.0000000000
21536  -3.624  -93.127  16.955 1.0000000000
21537  -3.441  -94.727  15.248 1.0000000000
21539  -3.313  -96.285  13.493 1.0000000000
24168  -4.521  -88.352  17.729 1.0000000000
27890  -8.266  -91.270  22.793 1.0000000000
27891  -7.496  -90.271  23.601 1.0000000000
27892  -6.651  -89.462  24.490 1.0000000000
27893  -6.904  -90.384  22.355 1.0000000000
27894  -6.048  -90.764  21.197 1.0000000000
27895  -5.153  -91.212  20.231 1.0000000000
27896  -4.523  -91.491  19.352 1.0000000000
27897  -4.877  -92.787  18.786 1.0000000000
27898  -4.818  -94.294  17.260 1.0000000000
27899  -4.882  -95.770  15.553 1.0000000000
39148  -5.990  -88.547  25.235 1.0000000000
39155  -4.670  -88.577  19.058 1.0000000000
39156  -4.076  -89.980  17.390 1.0000000000
39157  -4.006  -91.599  18.378 1.0000000000
39158  -3.660  -91.620  17.213 1.0000000000
39159  -3.453  -91.458  15.781 1.0000000000
43653  -8.763  -93.196  17.920 1.0000000000
43654  -8.569  -92.691  19.035 1.0000000000
43655  -8.097  -92.976  18.488 1.0000000000
43656  -7.436  -92.712  19.024 1.0000000000
43657  -7.558  -93.361  17.996 1.0000000000
43658  -6.962  -93.776  17.659 1.0000000000
43659  -7.664  -93.987  16.975 1.0000000000
46037  -4.084  -88.879  16.127 1.0000000000
46039  -3.764  -89.522  15.283 1.0000000000
52241  -7.384  -90.073  25.358 1.0000000000
52246  -6.398  -88.743  27.436 1.0000000000
52247  -6.624  -89.102  26.293 1.0000000000
52248  -5.182  -89.767  21.243 1.0000000000
52249  -5.387  -89.056  22.139 1.0000000000
52250  -5.153  -89.133  21.509 1.0000000000
52251  -5.175  -88.468  21.744 1.0000000000
52252  -4.956  -89.210  20.897 1.0000000000
52253  -4.784  -89.284  20.370 1.0000000000
52254  -4.730  -89.986  20.164 1.0000000000
52255  -4.086  -95.386  15.514 1.0000000000
52256  -3.792  -94.691  15.841 1.0000000000
52257  -3.696  -95.504  14.988 1.0000000000
52258  -3.364  -95.508  14.367 1.0000000000
52259  -3.655  -96.276  14.126 1.0000000000
61838  -9.899  -93.097  20.629 1.0000000000
61841  -8.176  -91.719  21.140 1.0000000000
61842  -8.433  -91.701  21.762 1.0000000000
61843  -8.056  -91.216  22.150 1.0000000000
61844  -7.904  -90.757  23.185 1.0000000000
61845  -7.634  -90.739  22.558 1.0000000000
61846  -7.223  -90.298  22.972 1.0000000000
61847  -7.299  -90.818  21.962 1.0000000000
61848  -6.377  -91.948  19.985 1.0000000000
61849  -6.469  -91.202  20.871 1.0000000000
61850  -5.954  -91.505  20.366 1.0000000000
61851  -5.595  -90.982  20.696 1.0000000000
61852  -5.431  -91.797  19.927 1.0000000000
61853  -5.030  -92.002  19.533 1.0000000000
61854  -5.349  -92.557  19.177 1.0000000000
61855  -5.822  -94.519  17.087 1.0000000000
61856  -5.263  -94.072  17.616 1.0000000000
61857  -5.342  -94.816  16.813 1.0000000000
61858  -4.863  -95.039  16.432 1.0000000000
61859  -5.371  -95.498  15.921 1.0000000000
87623  -6.416  -89.488  23.802 1.0000000000
87624  -6.301  -89.031  24.885 1.0000000000
87625  -6.080  -89.020  24.189 1.0000000000
87626  -5.578  -87.843  24.018 1.0000000000
87640  -4.538  -89.333  19.380 1.0000000000
87641  -4.712  -88.621  19.609 1.0000000000
87642  -4.471  -89.322  18.843 1.0000000000
87643  -4.397  -89.268  18.246 1.0000000000
87644  -4.165  -90.051  18.041 1.0000000000
87645  -4.301  -92.282  18.677 1.0000000000
87646  -4.239  -91.579  18.867 1.0000000000
87647  -4.033  -92.346  18.219 1.0000000000
87648  -3.431  -93.139  16.353 1.0000000000
87649  -3.583  -92.395  17.111 1.0000000000
87650  -3.422  -92.360  16.459 1.0000000000
87651  -3.529  -91.556  16.517 1.0000000000
87652  -3.296  -92.278  15.713 1.0000000000
87653  -3.176  -92.169  14.953 1.0000000000
87654  -3.076  -92.994  14.877 1.0000000000
97007  -9.536  -92.831  19.161 1.0000000000
97008  -9.227  -92.538  20.329 1.0000000000
97009  -8.951  -92.557  19.652 1.0000000000
97010  -8.346  -92.227  20.163 1.0000000000
97011  -7.799  -91.838  20.544 1.0000000000
97012  -7.360  -91.392  20.989 1.0000000000
97013  -7.368  -92.047  20.008 1.0000000000
97014  -6.857  -92.342  19.533 1.0000000000
97015  -6.312  -92.720  19.086 1.0000000000
97016  -5.769  -93.054  18.738 1.0000000000
97017  -6.300  -93.439  18.248 1.0000000000
97018  -6.381  -94.158  17.371 1.0000000000
97019  -6.477  -94.822  16.500 1.0000000000
112476  -6.045  -88.249  27.869 1.0000000000
112477  -5.968  -88.152  27.098 1.0000000000
112478  -5.847  -89.564  22.472 1.0000000000
112479  -5.871  -89.009  23.464 1.0000000000
112480  -5.634  -89.005  22.816 1.0000000000
112481  -5.525  -88.414  23.086 1.0000000000
112484  -5.354  -87.793  22.629 1.0000000000
112488  -4.889  -88.587  20.598 1.0000000000
112489  -4.652  -89.328  19.863 1.0000000000
112490  -4.406  -90.066  19.156 1.0000000000
112491  -4.138  -93.808  17.197 1.0000000000
112492  -3.904  -93.104  17.485 1.0000000000
112493  -3.845  -93.880  16.691 1.0000000000
112494  -3.566  -93.931  16.116 1.0000000000
112495  -3.284  -93.910  15.471 1.0000000000
112497  -3.157  -94.687  14.566 1.0000000000
112498  -3.061  -95.478  13.650 1.0000000000
117833  -4.375  -88.244  17.006 1.0000000000
117834  -4.220  -88.984  16.840 1.0000000000
126514  -8.890  -92.211  21.418 1.0000000000
126515  -8.617  -91.824  22.445 1.0000000000
126517  -8.061  -90.904  23.819 1.0000000000
126518  -7.676  -90.386  24.249 1.0000000000
126519  -7.264  -89.896  24.676 1.0000000000
126520  -6.857  -89.449  25.139 1.0000000000
126521  -7.073  -89.838  24.026 1.0000000000
126522  -6.808  -89.897  23.385 1.0000000000
126523  -6.492  -89.988  22.716 1.0000000000
126524  -6.948  -90.943  21.382 1.0000000000
126525  -6.519  -90.522  21.730 1.0000000000
126526  -6.132  -90.078  22.090 1.0000000000
126527  -5.722  -90.226  21.529 1.0000000000
126528  -5.326  -90.392  20.983 1.0000000000
126529  -4.994  -90.566  20.462 1.0000000000
126530  -4.738  -90.686  20.014 1.0000000000
126531  -4.827  -91.387  19.811 1.0000000000
126532  -4.635  -92.172  19.123 1.0000000000
126533  -4.488  -92.950  18.368 1.0000000000
126534  -5.263  -93.336  18.413 1.0000000000
126535  -4.812  -93.547  18.023 1.0000000000
126536  -4.403  -93.728  17.630 1.0000000000
126537  -4.455  -94.465  16.842 1.0000000000
126538  -4.455  -95.231  16.027 1.0000000000
126539  -4.455  -95.982  15.125 1.0000000000
135849  -9.366  -93.364  17.366 1.0000000000
135851  -8.331  -94.128  16.340 1.0000000000
158398  -6.492  -89.030  25.578 1.0000000000
158399  -6.181  -88.593  25.972 1.0000000000
158400  -5.852  -88.095  26.370 1.0000000000
158401  -5.818  -88.506  24.486 1.0000000000
158402  -5.755  -87.995  25.558 1.0000000000
158419  -4.977  -87.903  20.327 1.0000000000
158420  -4.923  -87.883  19.812 1.0000000000
158421  -4.881  -87.799  19.196 1.0000000000
158422  -4.609  -88.478  18.404 1.0000000000
158423  -4.323  -89.158  17.572 1.0000000000
158424  -4.011  -89.836  16.694 1.0000000000
158425  -4.500  -90.775  19.508 1.0000000000
158426  -4.268  -90.814  19.010 1.0000000000
158427  -4.090  -90.836  18.492 1.0000000000
158428  -3.774  -92.369  17.696 1.0000000000
158429  -3.803  -91.628  17.830 1.0000000000
158430  -3.931  -90.841  17.913 1.0000000000
158431  -3.831  -90.811  17.283 1.0000000000
158432  -3.771  -90.713  16.563 1.0000000000
158433  -3.679  -90.561  15.876 1.0000000000
158444  -7.132  -94.967  15.788 1.0000000000
