#!ascii label  , from subject 40tvs8ref_sym_20 vox2ras=TkReg
448
11  -36.951  -22.607  -24.278 1.0000000000
606  -26.333  -22.896  -28.631 1.0000000000
2452  -31.219  -18.424  -31.195 1.0000000000
2454  -33.362  -22.004  -27.396 1.0000000000
2535  -37.746  -26.332  -21.665 1.0000000000
2560  -24.440  -26.082  -25.392 1.0000000000
2561  -31.866  -26.012  -23.843 1.0000000000
5487  -28.899  -20.937  -30.218 1.0000000000
5488  -32.483  -20.277  -29.598 1.0000000000
5489  -30.369  -22.894  -28.701 1.0000000000
5758  -31.047  -27.825  -22.129 1.0000000000
5759  -34.194  -27.533  -20.586 1.0000000000
5760  -34.799  -25.421  -22.106 1.0000000000
5761  -37.195  -28.381  -20.216 1.0000000000
9915  -34.602  -17.355  -30.213 1.0000000000
9916  -35.298  -19.203  -28.385 1.0000000000
9918  -35.817  -21.254  -26.069 1.0000000000
10080  -39.089  -26.476  -26.299 1.0000000000
10159  -37.995  -29.796  -22.783 1.0000000000
10160  -38.431  -28.010  -24.475 1.0000000000
10161  -38.149  -24.570  -22.978 1.0000000000
10236  -25.267  -24.582  -27.012 1.0000000000
10238  -28.512  -26.810  -25.548 1.0000000000
10239  -29.450  -24.926  -27.188 1.0000000000
10240  -32.709  -23.993  -25.558 1.0000000000
10241  -35.429  -23.465  -23.913 1.0000000000
13165  -25.323  -21.725  -28.998 1.0000000000
13166  -26.703  -20.929  -29.992 1.0000000000
13167  -27.642  -21.957  -29.480 1.0000000000
13168  -29.672  -21.942  -29.566 1.0000000000
13169  -28.392  -23.029  -28.890 1.0000000000
13438  -33.850  -28.628  -19.730 1.0000000000
13439  -35.473  -28.845  -19.318 1.0000000000
13440  -35.651  -27.888  -19.952 1.0000000000
13441  -36.924  -29.597  -19.363 1.0000000000
22218  -29.247  -18.744  -31.428 1.0000000000
22224  -32.957  -17.927  -30.757 1.0000000000
22225  -33.060  -21.125  -28.557 1.0000000000
22226  -34.009  -19.746  -28.913 1.0000000000
22227  -34.303  -20.667  -27.974 1.0000000000
22228  -35.572  -20.253  -27.571 1.0000000000
22229  -34.697  -21.572  -26.737 1.0000000000
22832  -37.852  -30.985  -21.890 1.0000000000
22833  -37.112  -31.624  -23.304 1.0000000000
22835  -37.796  -29.460  -25.080 1.0000000000
22836  -38.147  -28.692  -25.869 1.0000000000
22837  -38.735  -27.356  -25.484 1.0000000000
22838  -38.912  -27.434  -26.363 1.0000000000
23022  -22.802  -25.179  -24.493 1.0000000000
23024  -23.100  -24.588  -25.323 1.0000000000
23025  -23.421  -23.878  -26.086 1.0000000000
23026  -24.801  -25.323  -26.114 1.0000000000
23030  -31.552  -26.881  -22.974 1.0000000000
23031  -29.838  -27.352  -23.912 1.0000000000
23032  -30.361  -26.382  -24.721 1.0000000000
23033  -29.064  -25.867  -26.369 1.0000000000
23034  -30.684  -25.555  -25.660 1.0000000000
23035  -31.120  -24.567  -26.522 1.0000000000
23036  -32.234  -25.074  -24.725 1.0000000000
23037  -36.313  -25.662  -21.527 1.0000000000
23038  -35.178  -24.399  -22.971 1.0000000000
23039  -36.528  -24.615  -22.242 1.0000000000
23040  -36.785  -23.657  -23.189 1.0000000000
23041  -37.974  -25.334  -22.407 1.0000000000
28308  -28.005  -19.984  -30.878 1.0000000000
28309  -29.889  -19.724  -30.809 1.0000000000
28310  -31.926  -19.388  -30.388 1.0000000000
28311  -30.736  -20.671  -30.047 1.0000000000
28312  -31.256  -21.634  -29.222 1.0000000000
28313  -32.077  -22.467  -28.095 1.0000000000
28791  -22.553  -25.765  -23.721 1.0000000000
28792  -23.893  -26.663  -24.438 1.0000000000
28796  -32.587  -27.664  -21.277 1.0000000000
28797  -32.964  -26.631  -22.124 1.0000000000
28798  -33.318  -25.658  -22.955 1.0000000000
28799  -34.434  -26.506  -21.327 1.0000000000
28800  -35.993  -26.723  -20.730 1.0000000000
28801  -37.503  -27.320  -20.929 1.0000000000
31781  -24.191  -22.385  -27.838 1.0000000000
39984  -33.472  -18.800  -29.870 1.0000000000
39985  -35.022  -18.341  -29.241 1.0000000000
39987  -36.843  -18.878  -27.800 1.0000000000
39988  -36.491  -19.686  -27.435 1.0000000000
39989  -38.279  -19.046  -27.398 1.0000000000
39990  -36.502  -21.146  -25.695 1.0000000000
40476  -39.216  -25.716  -26.115 1.0000000000
40711  -37.821  -30.115  -20.569 1.0000000000
40712  -38.103  -29.023  -21.381 1.0000000000
40713  -38.340  -28.108  -22.113 1.0000000000
40714  -37.433  -30.473  -24.211 1.0000000000
40715  -38.258  -28.750  -23.586 1.0000000000
40716  -38.548  -27.201  -22.877 1.0000000000
40717  -38.759  -26.284  -23.725 1.0000000000
40718  -38.814  -26.275  -24.664 1.0000000000
40719  -38.322  -24.071  -23.437 1.0000000000
40943  -23.840  -23.227  -27.033 1.0000000000
40944  -25.693  -23.742  -27.809 1.0000000000
40947  -26.009  -27.472  -25.053 1.0000000000
40948  -29.347  -28.200  -23.085 1.0000000000
40949  -27.949  -27.640  -24.716 1.0000000000
40950  -26.521  -26.674  -25.803 1.0000000000
40951  -26.922  -25.889  -26.603 1.0000000000
40952  -27.506  -24.989  -27.415 1.0000000000
40953  -27.916  -24.000  -28.138 1.0000000000
40954  -29.930  -23.877  -27.894 1.0000000000
40955  -31.486  -23.606  -27.427 1.0000000000
40956  -33.123  -22.985  -26.472 1.0000000000
40957  -33.783  -24.654  -23.872 1.0000000000
40958  -34.053  -23.697  -24.790 1.0000000000
40959  -34.247  -22.732  -25.780 1.0000000000
40960  -35.373  -22.625  -25.080 1.0000000000
40961  -36.610  -22.780  -24.148 1.0000000000
43885  -25.684  -22.218  -28.735 1.0000000000
43886  -26.321  -21.871  -29.307 1.0000000000
43887  -26.894  -22.417  -29.085 1.0000000000
43888  -28.071  -22.521  -29.249 1.0000000000
43889  -27.428  -23.017  -28.820 1.0000000000
44158  -35.341  -29.400  -18.933 1.0000000000
44160  -36.238  -29.222  -19.222 1.0000000000
52938  -30.352  -18.605  -31.263 1.0000000000
52939  -29.864  -18.145  -31.691 1.0000000000
52942  -31.862  -17.704  -31.162 1.0000000000
52944  -32.202  -18.192  -30.836 1.0000000000
52945  -33.298  -21.624  -28.055 1.0000000000
52946  -33.778  -20.867  -28.173 1.0000000000
52947  -33.913  -21.448  -27.739 1.0000000000
52948  -34.497  -21.230  -27.401 1.0000000000
52949  -34.162  -21.747  -26.989 1.0000000000
53552  -37.105  -31.919  -22.939 1.0000000000
53553  -36.651  -32.189  -23.545 1.0000000000
53555  -38.005  -29.150  -26.055 1.0000000000
53556  -38.269  -28.852  -26.281 1.0000000000
53557  -38.464  -28.247  -26.318 1.0000000000
53558  -38.712  -28.037  -26.450 1.0000000000
53742  -23.476  -25.605  -24.880 1.0000000000
53743  -23.023  -24.945  -24.944 1.0000000000
53744  -23.770  -25.349  -25.383 1.0000000000
53745  -23.885  -24.989  -25.751 1.0000000000
53746  -24.656  -25.705  -25.775 1.0000000000
53750  -31.649  -26.461  -23.408 1.0000000000
53751  -30.947  -26.630  -23.856 1.0000000000
53752  -31.090  -26.248  -24.320 1.0000000000
53753  -30.581  -25.949  -25.161 1.0000000000
53754  -31.363  -25.728  -24.729 1.0000000000
53755  -31.548  -25.230  -25.152 1.0000000000
53756  -32.094  -25.520  -24.297 1.0000000000
53757  -37.120  -25.916  -21.481 1.0000000000
53758  -36.498  -25.033  -21.990 1.0000000000
53759  -37.249  -25.349  -21.869 1.0000000000
53760  -37.349  -24.868  -22.217 1.0000000000
53761  -37.871  -25.782  -22.100 1.0000000000
62538  -27.856  -20.977  -30.140 1.0000000000
62539  -27.149  -20.437  -30.432 1.0000000000
62540  -28.394  -20.475  -30.540 1.0000000000
62541  -29.012  -19.861  -30.867 1.0000000000
62542  -29.459  -20.411  -30.603 1.0000000000
62543  -30.493  -20.238  -30.477 1.0000000000
62544  -29.645  -20.815  -30.209 1.0000000000
62545  -30.038  -22.457  -29.134 1.0000000000
62546  -30.562  -21.780  -29.365 1.0000000000
62547  -31.001  -22.264  -28.889 1.0000000000
62548  -31.783  -21.999  -28.509 1.0000000000
62549  -31.326  -22.705  -28.414 1.0000000000
63345  -23.079  -26.178  -24.049 1.0000000000
63350  -34.046  -28.055  -20.196 1.0000000000
63351  -33.243  -28.074  -20.491 1.0000000000
63352  -33.438  -27.502  -20.959 1.0000000000
63353  -32.810  -27.101  -21.693 1.0000000000
63354  -33.566  -27.045  -21.315 1.0000000000
63355  -33.761  -26.525  -21.753 1.0000000000
63356  -34.339  -27.037  -20.932 1.0000000000
63357  -36.540  -28.049  -19.989 1.0000000000
63358  -35.884  -27.204  -20.419 1.0000000000
63359  -36.698  -27.412  -20.425 1.0000000000
63360  -36.770  -26.976  -20.730 1.0000000000
63361  -37.351  -27.777  -20.625 1.0000000000
89710  -34.321  -16.926  -30.530 1.0000000000
89712  -35.016  -16.629  -30.358 1.0000000000
89714  -35.357  -17.135  -29.983 1.0000000000
89715  -32.175  -19.816  -29.976 1.0000000000
89716  -32.659  -19.098  -30.222 1.0000000000
89717  -32.975  -19.420  -29.659 1.0000000000
89718  -34.739  -19.513  -28.609 1.0000000000
89719  -34.348  -18.975  -29.157 1.0000000000
89720  -35.309  -18.849  -28.851 1.0000000000
89724  -36.087  -19.108  -28.184 1.0000000000
89725  -35.515  -20.787  -26.921 1.0000000000
89726  -36.108  -20.040  -27.366 1.0000000000
89727  -35.915  -20.637  -26.925 1.0000000000
89728  -36.385  -20.399  -27.058 1.0000000000
89729  -36.251  -21.193  -25.842 1.0000000000
90337  -38.222  -18.858  -27.584 1.0000000000
91533  -37.844  -31.155  -20.841 1.0000000000
91534  -37.919  -30.424  -22.348 1.0000000000
91535  -37.991  -30.118  -21.594 1.0000000000
91536  -38.144  -29.532  -21.996 1.0000000000
91537  -38.230  -28.559  -21.724 1.0000000000
91538  -38.232  -28.987  -22.436 1.0000000000
91540  -36.910  -31.239  -24.492 1.0000000000
91541  -37.078  -30.822  -24.907 1.0000000000
91542  -38.060  -28.900  -24.775 1.0000000000
91543  -37.964  -29.242  -24.349 1.0000000000
91544  -38.320  -28.288  -24.150 1.0000000000
91545  -38.456  -27.843  -23.314 1.0000000000
91546  -38.553  -27.608  -23.689 1.0000000000
91547  -38.640  -26.693  -23.320 1.0000000000
91548  -38.779  -27.158  -24.140 1.0000000000
91549  -38.932  -26.661  -25.893 1.0000000000
91550  -38.804  -26.482  -25.073 1.0000000000
91551  -38.966  -26.401  -25.714 1.0000000000
91552  -39.006  -26.275  -25.405 1.0000000000
91553  -39.125  -26.052  -26.234 1.0000000000
92112  -24.418  -24.277  -26.628 1.0000000000
92113  -23.701  -23.581  -26.630 1.0000000000
92114  -24.368  -23.867  -27.026 1.0000000000
92115  -24.704  -23.495  -27.426 1.0000000000
92116  -25.386  -24.119  -27.384 1.0000000000
92124  -26.658  -27.987  -24.521 1.0000000000
92125  -30.835  -28.285  -21.723 1.0000000000
92126  -29.934  -28.466  -22.209 1.0000000000
92127  -30.190  -28.025  -22.603 1.0000000000
92128  -29.193  -27.115  -24.793 1.0000000000
92129  -28.977  -27.509  -24.346 1.0000000000
92130  -28.272  -27.207  -25.111 1.0000000000
92131  -27.256  -27.236  -25.377 1.0000000000
92132  -27.463  -26.797  -25.717 1.0000000000
92133  -26.674  -26.282  -26.176 1.0000000000
92134  -27.785  -26.372  -26.159 1.0000000000
92135  -29.115  -25.428  -26.784 1.0000000000
92136  -28.194  -25.454  -26.924 1.0000000000
92137  -28.539  -24.997  -27.378 1.0000000000
92138  -27.815  -24.532  -27.825 1.0000000000
92139  -28.726  -24.584  -27.830 1.0000000000
92140  -28.946  -23.959  -28.041 1.0000000000
92141  -29.668  -24.447  -27.594 1.0000000000
92142  -31.979  -24.271  -26.081 1.0000000000
92143  -31.407  -24.065  -26.987 1.0000000000
92144  -32.078  -23.794  -26.520 1.0000000000
92145  -32.246  -23.337  -26.996 1.0000000000
92146  -32.759  -23.626  -26.122 1.0000000000
92147  -34.004  -25.537  -22.516 1.0000000000
92148  -33.548  -25.138  -23.378 1.0000000000
92149  -34.191  -25.077  -22.975 1.0000000000
92150  -35.226  -23.822  -23.299 1.0000000000
92151  -34.546  -24.086  -23.870 1.0000000000
92152  -34.655  -23.631  -24.350 1.0000000000
92153  -34.019  -23.297  -25.319 1.0000000000
92154  -34.897  -23.039  -24.766 1.0000000000
92155  -35.033  -22.514  -25.247 1.0000000000
92156  -35.435  -23.031  -24.410 1.0000000000
92157  -37.442  -24.024  -22.940 1.0000000000
92158  -36.661  -23.200  -23.527 1.0000000000
92159  -37.370  -23.472  -23.208 1.0000000000
92160  -37.223  -23.271  -23.563 1.0000000000
92161  -38.272  -24.275  -23.259 1.0000000000
97427  -26.039  -21.325  -29.503 1.0000000000
97428  -27.115  -21.491  -29.824 1.0000000000
97429  -28.068  -21.550  -29.976 1.0000000000
97430  -29.145  -21.447  -29.923 1.0000000000
97431  -28.672  -21.976  -29.580 1.0000000000
97432  -29.017  -22.530  -29.246 1.0000000000
97433  -29.386  -23.015  -28.888 1.0000000000
97916  -34.603  -28.749  -19.451 1.0000000000
97917  -34.769  -28.229  -19.821 1.0000000000
97918  -34.906  -27.669  -20.187 1.0000000000
97919  -35.548  -28.412  -19.611 1.0000000000
97920  -36.371  -28.689  -19.574 1.0000000000
97921  -37.050  -28.989  -19.792 1.0000000000
113720  -27.994  -18.808  -31.409 1.0000000000
113731  -33.654  -17.230  -30.695 1.0000000000
113732  -33.777  -17.575  -30.327 1.0000000000
113733  -32.742  -20.686  -29.093 1.0000000000
113734  -33.318  -19.979  -29.221 1.0000000000
113735  -33.308  -20.531  -28.966 1.0000000000
113736  -34.179  -20.168  -28.467 1.0000000000
113737  -34.868  -20.050  -28.308 1.0000000000
113738  -35.727  -19.798  -27.788 1.0000000000
113739  -35.035  -20.489  -27.688 1.0000000000
113740  -35.146  -20.957  -27.052 1.0000000000
113741  -35.304  -21.390  -26.379 1.0000000000
114824  -37.791  -31.427  -21.538 1.0000000000
114825  -37.513  -31.714  -22.312 1.0000000000
114826  -37.509  -31.239  -22.709 1.0000000000
114827  -37.608  -30.620  -23.107 1.0000000000
114831  -38.100  -29.064  -25.523 1.0000000000
114832  -38.504  -27.934  -25.160 1.0000000000
114833  -38.577  -27.484  -24.962 1.0000000000
114834  -38.415  -27.843  -25.621 1.0000000000
114835  -38.763  -27.414  -26.162 1.0000000000
114836  -39.027  -26.904  -26.330 1.0000000000
115168  -22.506  -24.572  -24.591 1.0000000000
115170  -22.666  -23.932  -25.348 1.0000000000
115172  -23.278  -24.274  -25.783 1.0000000000
115173  -23.987  -24.610  -26.147 1.0000000000
115174  -24.935  -24.950  -26.518 1.0000000000
115180  -31.265  -27.379  -22.535 1.0000000000
115181  -30.493  -27.559  -23.028 1.0000000000
115182  -30.687  -27.122  -23.455 1.0000000000
115183  -30.062  -26.942  -24.348 1.0000000000
115184  -29.395  -26.728  -25.235 1.0000000000
115185  -28.530  -26.398  -25.929 1.0000000000
115186  -29.741  -26.168  -25.614 1.0000000000
115187  -29.943  -25.712  -26.012 1.0000000000
115188  -30.107  -25.203  -26.424 1.0000000000
115189  -30.379  -24.798  -26.900 1.0000000000
115190  -31.041  -24.973  -26.001 1.0000000000
115191  -31.721  -24.775  -25.609 1.0000000000
115192  -32.442  -24.575  -25.189 1.0000000000
115193  -35.507  -25.524  -21.744 1.0000000000
115194  -34.912  -24.990  -22.543 1.0000000000
115195  -35.630  -24.945  -22.192 1.0000000000
115196  -35.854  -24.434  -22.604 1.0000000000
115197  -36.024  -23.909  -23.081 1.0000000000
115198  -36.252  -23.251  -23.478 1.0000000000
115199  -36.749  -23.997  -22.813 1.0000000000
115200  -37.357  -24.448  -22.555 1.0000000000
115201  -38.066  -24.917  -22.710 1.0000000000
127490  -26.093  -20.284  -30.094 1.0000000000
127491  -26.877  -19.889  -30.645 1.0000000000
127493  -28.588  -19.388  -31.185 1.0000000000
127494  -29.721  -19.217  -31.106 1.0000000000
127495  -30.729  -19.088  -30.918 1.0000000000
127496  -31.681  -18.881  -30.701 1.0000000000
127497  -31.052  -19.525  -30.553 1.0000000000
127498  -31.391  -20.026  -30.184 1.0000000000
127499  -31.539  -20.523  -29.961 1.0000000000
127500  -30.248  -21.318  -29.800 1.0000000000
127501  -31.071  -21.217  -29.808 1.0000000000
127502  -31.958  -20.903  -29.293 1.0000000000
127503  -32.097  -21.423  -28.965 1.0000000000
127504  -32.531  -21.805  -28.310 1.0000000000
127505  -32.694  -22.235  -27.752 1.0000000000
128616  -22.169  -25.358  -23.407 1.0000000000
128618  -22.597  -25.490  -24.119 1.0000000000
128619  -23.273  -25.916  -24.504 1.0000000000
128620  -24.131  -26.371  -24.916 1.0000000000
128626  -33.093  -28.575  -20.078 1.0000000000
128628  -31.872  -27.693  -21.711 1.0000000000
128629  -32.043  -27.237  -22.094 1.0000000000
128630  -32.260  -26.693  -22.506 1.0000000000
128631  -32.445  -26.248  -22.935 1.0000000000
128632  -32.639  -25.804  -23.403 1.0000000000
128633  -33.294  -26.032  -22.562 1.0000000000
128634  -33.879  -26.043  -22.118 1.0000000000
128635  -34.557  -26.052  -21.670 1.0000000000
128636  -35.070  -27.097  -20.589 1.0000000000
128637  -35.275  -26.532  -20.987 1.0000000000
128638  -35.397  -26.035  -21.384 1.0000000000
128639  -36.153  -26.176  -21.098 1.0000000000
128640  -36.929  -26.517  -21.046 1.0000000000
128641  -37.630  -26.820  -21.291 1.0000000000
136731  -24.426  -21.514  -28.570 1.0000000000
136732  -24.698  -22.018  -28.342 1.0000000000
136733  -25.140  -22.662  -28.297 1.0000000000
160908  -32.532  -18.612  -30.487 1.0000000000
160909  -33.282  -18.437  -30.354 1.0000000000
160910  -33.982  -18.103  -30.136 1.0000000000
160911  -33.817  -19.319  -29.454 1.0000000000
160912  -34.425  -18.679  -29.674 1.0000000000
160913  -34.871  -17.839  -29.809 1.0000000000
160920  -36.022  -19.441  -27.770 1.0000000000
160921  -36.831  -19.287  -27.633 1.0000000000
160922  -37.441  -18.902  -27.792 1.0000000000
160923  -37.537  -19.417  -27.155 1.0000000000
160924  -36.775  -19.862  -27.195 1.0000000000
160925  -38.283  -19.100  -27.336 1.0000000000
160926  -36.547  -21.138  -25.669 1.0000000000
161655  -39.817  -21.338  -26.914 1.0000000000
162377  -39.347  -26.627  -26.455 1.0000000000
162378  -39.300  -25.965  -26.636 1.0000000000
162384  -39.239  -25.594  -26.075 1.0000000000
163088  -37.483  -29.898  -19.842 1.0000000000
163089  -37.619  -29.229  -20.290 1.0000000000
163090  -37.909  -30.546  -21.256 1.0000000000
163091  -37.931  -29.616  -20.939 1.0000000000
163092  -37.761  -28.506  -20.779 1.0000000000
163093  -37.880  -27.994  -21.177 1.0000000000
163094  -38.025  -27.586  -21.472 1.0000000000
163095  -38.161  -27.184  -21.753 1.0000000000
163096  -36.796  -31.729  -24.042 1.0000000000
163097  -37.267  -30.938  -23.788 1.0000000000
163098  -37.670  -30.166  -23.443 1.0000000000
163099  -37.565  -30.070  -24.596 1.0000000000
163100  -37.834  -29.659  -23.986 1.0000000000
163101  -37.984  -29.534  -23.105 1.0000000000
163102  -38.341  -28.335  -22.907 1.0000000000
163103  -38.376  -27.557  -22.493 1.0000000000
163104  -38.304  -26.720  -22.120 1.0000000000
163105  -38.419  -26.202  -22.577 1.0000000000
163106  -38.474  -26.050  -22.782 1.0000000000
163107  -38.588  -25.584  -23.256 1.0000000000
163108  -38.693  -26.979  -24.565 1.0000000000
163109  -38.835  -26.045  -24.067 1.0000000000
163110  -38.731  -25.312  -23.704 1.0000000000
163111  -38.835  -25.304  -24.041 1.0000000000
163112  -38.881  -25.620  -24.765 1.0000000000
163113  -38.331  -24.034  -23.469 1.0000000000
163783  -23.029  -23.231  -26.130 1.0000000000
163784  -23.239  -22.912  -26.614 1.0000000000
163785  -23.359  -22.536  -27.032 1.0000000000
163786  -24.086  -22.807  -27.463 1.0000000000
163787  -25.000  -23.054  -27.848 1.0000000000
163788  -25.952  -23.269  -28.152 1.0000000000
163796  -24.841  -27.083  -24.782 1.0000000000
163797  -25.047  -26.774  -25.213 1.0000000000
163799  -29.074  -28.619  -22.713 1.0000000000
163800  -28.407  -28.380  -23.554 1.0000000000
163801  -29.614  -27.776  -23.511 1.0000000000
163802  -28.665  -27.981  -23.940 1.0000000000
163803  -27.711  -28.088  -24.335 1.0000000000
163804  -27.054  -27.618  -24.948 1.0000000000
163805  -26.113  -27.057  -25.356 1.0000000000
163806  -25.389  -26.408  -25.655 1.0000000000
163807  -25.740  -26.084  -26.083 1.0000000000
163808  -25.932  -25.662  -26.449 1.0000000000
163809  -26.191  -25.228  -26.857 1.0000000000
163810  -28.083  -25.934  -26.555 1.0000000000
163811  -27.171  -25.388  -26.989 1.0000000000
163812  -26.170  -24.799  -27.222 1.0000000000
163813  -26.663  -24.380  -27.670 1.0000000000
163814  -26.769  -23.932  -28.065 1.0000000000
163815  -27.102  -23.470  -28.452 1.0000000000
163816  -28.254  -23.584  -28.565 1.0000000000
163817  -29.163  -23.536  -28.489 1.0000000000
163818  -30.009  -23.412  -28.321 1.0000000000
163819  -30.666  -24.251  -27.273 1.0000000000
163820  -30.923  -23.732  -27.678 1.0000000000
163821  -30.907  -23.258  -28.058 1.0000000000
163822  -31.690  -23.065  -27.759 1.0000000000
163823  -32.508  -22.805  -27.395 1.0000000000
163824  -33.455  -22.463  -26.881 1.0000000000
163825  -32.842  -25.293  -23.820 1.0000000000
163826  -32.970  -24.880  -24.298 1.0000000000
163827  -33.144  -24.455  -24.801 1.0000000000
163828  -34.404  -24.438  -23.338 1.0000000000
163829  -33.915  -24.169  -24.296 1.0000000000
163830  -33.351  -23.853  -25.193 1.0000000000
163831  -33.576  -23.363  -25.647 1.0000000000
163832  -33.768  -22.831  -26.117 1.0000000000
163833  -33.986  -22.238  -26.504 1.0000000000
163834  -34.544  -22.098  -26.185 1.0000000000
163835  -35.071  -21.976  -25.852 1.0000000000
163836  -35.581  -22.035  -25.609 1.0000000000
163837  -36.124  -23.032  -24.000 1.0000000000
163838  -36.185  -22.452  -24.498 1.0000000000
163839  -36.343  -21.926  -25.281 1.0000000000
163840  -36.188  -22.293  -25.021 1.0000000000
163841  -36.917  -22.624  -24.264 1.0000000000
