#!ascii label  , from subject 40tvs8ref_sym_20 vox2ras=TkReg
315
138  -13.690  -82.870  12.350 1.0000000000
1396  -15.916  -77.755  12.370 1.0000000000
1398  -14.753  -79.260  6.865 1.0000000000
1775  -12.536  -82.906  4.818 1.0000000000
3316  -14.643  -80.360  12.802 1.0000000000
3317  -16.233  -79.472  9.638 1.0000000000
3318  -14.903  -81.519  9.453 1.0000000000
5635  -10.218  -80.207  4.967 1.0000000000
7122  -18.206  -77.667  9.029 1.0000000000
7123  -17.013  -77.846  6.224 1.0000000000
7124  -14.381  -76.555  4.995 1.0000000000
7978  -13.287  -85.218  11.368 1.0000000000
7979  -14.195  -83.552  8.326 1.0000000000
7980  -13.687  -85.512  6.980 1.0000000000
9602  -13.345  -76.904  14.358 1.0000000000
9603  -12.214  -79.900  14.892 1.0000000000
9612  -11.235  -82.903  14.311 1.0000000000
10090  -13.270  -80.912  6.396 1.0000000000
10091  -12.010  -78.016  5.885 1.0000000000
10996  -14.157  -81.674  12.659 1.0000000000
10997  -15.033  -81.213  11.235 1.0000000000
10998  -14.516  -82.274  10.932 1.0000000000
15706  -16.784  -76.617  11.867 1.0000000000
15707  -18.191  -76.837  10.330 1.0000000000
15708  -17.177  -77.718  10.782 1.0000000000
15709  -15.667  -79.624  8.065 1.0000000000
15710  -16.668  -78.753  7.876 1.0000000000
15711  -15.714  -78.503  6.645 1.0000000000
15712  -15.765  -77.257  5.360 1.0000000000
15713  -14.536  -77.865  5.867 1.0000000000
17506  -13.068  -86.359  10.784 1.0000000000
17507  -13.871  -85.527  9.162 1.0000000000
17508  -13.524  -86.585  8.517 1.0000000000
21440  -12.793  -78.357  14.803 1.0000000000
21465  -10.938  -84.258  13.956 1.0000000000
22659  -13.638  -83.286  6.377 1.0000000000
22660  -13.870  -82.316  7.150 1.0000000000
22661  -12.859  -81.940  5.627 1.0000000000
22662  -9.187  -78.815  5.729 1.0000000000
22663  -11.059  -79.026  5.678 1.0000000000
22664  -10.253  -77.598  5.970 1.0000000000
22665  -11.536  -76.582  5.587 1.0000000000
24400  -15.260  -79.064  12.669 1.0000000000
24401  -16.313  -78.810  11.136 1.0000000000
24402  -15.609  -80.023  11.295 1.0000000000
24403  -15.478  -80.575  9.637 1.0000000000
24404  -14.878  -80.526  8.061 1.0000000000
28572  -10.936  -82.608  3.866 1.0000000000
28573  -11.424  -81.583  4.578 1.0000000000
28574  -9.644  -81.369  4.127 1.0000000000
28575  -8.351  -80.123  5.016 1.0000000000
31977  -17.141  -78.494  9.408 1.0000000000
31978  -17.858  -78.039  7.514 1.0000000000
34270  -13.495  -84.071  11.843 1.0000000000
34271  -14.173  -83.445  10.409 1.0000000000
34272  -14.052  -84.462  9.835 1.0000000000
34273  -14.001  -84.475  7.642 1.0000000000
34274  -13.340  -84.239  5.689 1.0000000000
34275  -13.237  -86.438  6.346 1.0000000000
34276  -12.847  -85.195  5.077 1.0000000000
34277  -12.101  -83.885  4.188 1.0000000000
39039  -15.484  -76.046  12.988 1.0000000000
39041  -14.042  -75.539  13.762 1.0000000000
39042  -14.754  -77.295  13.535 1.0000000000
39043  -14.130  -78.714  13.904 1.0000000000
39044  -13.563  -80.183  14.047 1.0000000000
39045  -13.049  -81.550  13.920 1.0000000000
39071  -11.661  -81.433  14.651 1.0000000000
39072  -12.595  -82.963  13.604 1.0000000000
39073  -12.357  -84.285  13.190 1.0000000000
39074  -12.156  -85.490  12.720 1.0000000000
40504  -14.435  -82.527  8.986 1.0000000000
40505  -14.281  -81.376  7.740 1.0000000000
40506  -13.894  -80.014  6.850 1.0000000000
40507  -11.945  -80.492  5.426 1.0000000000
40508  -12.616  -79.434  6.049 1.0000000000
40509  -13.511  -78.605  6.175 1.0000000000
40510  -13.106  -77.189  5.559 1.0000000000
40511  -12.832  -75.766  5.001 1.0000000000
41716  -13.920  -82.289  12.512 1.0000000000
41717  -14.391  -82.025  11.805 1.0000000000
41718  -14.180  -82.612  11.630 1.0000000000
46426  -16.296  -77.126  12.157 1.0000000000
46427  -17.013  -77.193  11.366 1.0000000000
46428  -16.556  -77.723  11.599 1.0000000000
46429  -15.252  -79.498  7.392 1.0000000000
46430  -15.711  -79.086  7.288 1.0000000000
46431  -15.188  -78.871  6.784 1.0000000000
46432  -15.131  -78.225  6.206 1.0000000000
46433  -14.641  -78.580  6.369 1.0000000000
48226  -12.909  -86.949  10.434 1.0000000000
48227  -13.357  -86.511  9.665 1.0000000000
48228  -13.192  -87.071  9.365 1.0000000000
53379  -13.150  -83.114  5.522 1.0000000000
53380  -13.326  -82.630  5.931 1.0000000000
53381  -12.699  -82.420  5.197 1.0000000000
53383  -9.698  -78.192  5.923 1.0000000000
56026  -14.950  -79.684  12.777 1.0000000000
56027  -15.508  -79.595  12.037 1.0000000000
56028  -15.184  -80.196  12.070 1.0000000000
56029  -15.030  -81.437  10.332 1.0000000000
56030  -15.298  -80.914  10.418 1.0000000000
56031  -15.173  -81.060  9.568 1.0000000000
56032  -15.250  -80.683  8.806 1.0000000000
56033  -14.947  -81.081  8.730 1.0000000000
62980  -10.317  -81.951  3.910 1.0000000000
62983  -8.027  -80.772  4.558 1.0000000000
70159  -18.245  -77.287  9.715 1.0000000000
70160  -18.799  -76.891  9.433 1.0000000000
70161  -18.789  -77.284  8.771 1.0000000000
70164  -16.334  -79.186  10.422 1.0000000000
70165  -16.785  -78.650  10.308 1.0000000000
70166  -16.673  -78.964  9.543 1.0000000000
70167  -16.834  -78.320  7.025 1.0000000000
70168  -17.263  -78.410  7.706 1.0000000000
70169  -17.493  -77.986  6.826 1.0000000000
70174  -15.094  -76.901  5.120 1.0000000000
70175  -15.823  -76.634  4.794 1.0000000000
70178  -14.374  -75.854  4.575 1.0000000000
75556  -13.402  -84.652  11.607 1.0000000000
75557  -13.842  -84.327  10.861 1.0000000000
75558  -13.742  -84.854  10.618 1.0000000000
75559  -13.859  -85.578  8.061 1.0000000000
75560  -14.002  -85.018  8.399 1.0000000000
75561  -13.864  -84.995  7.295 1.0000000000
75562  -13.776  -84.397  6.552 1.0000000000
75563  -13.597  -84.893  6.262 1.0000000000
75565  -13.320  -87.005  7.069 1.0000000000
75566  -12.999  -86.898  6.039 1.0000000000
75568  -12.590  -85.667  4.814 1.0000000000
75569  -12.222  -85.042  4.353 1.0000000000
75570  -12.503  -84.561  4.590 1.0000000000
75571  -11.821  -84.420  3.950 1.0000000000
87350  -15.910  -75.540  12.634 1.0000000000
87351  -15.196  -75.249  13.066 1.0000000000
87356  -13.318  -75.356  14.002 1.0000000000
87357  -13.667  -76.189  14.082 1.0000000000
87358  -14.379  -76.374  13.752 1.0000000000
87359  -14.047  -77.090  13.998 1.0000000000
87360  -14.452  -78.011  13.737 1.0000000000
87361  -13.759  -77.819  14.200 1.0000000000
87362  -12.504  -79.149  14.896 1.0000000000
87363  -13.190  -79.310  14.516 1.0000000000
87364  -12.933  -80.074  14.560 1.0000000000
87365  -13.306  -80.883  13.999 1.0000000000
87366  -12.668  -80.776  14.528 1.0000000000
87430  -10.734  -82.147  14.668 1.0000000000
87432  -11.417  -82.178  14.503 1.0000000000
87433  -12.124  -82.208  14.208 1.0000000000
87434  -11.922  -82.935  14.014 1.0000000000
87435  -12.463  -83.638  13.376 1.0000000000
87436  -11.778  -83.615  13.818 1.0000000000
87438  -11.573  -84.909  13.432 1.0000000000
87439  -11.476  -85.523  13.201 1.0000000000
87440  -12.033  -86.091  12.451 1.0000000000
91014  -14.238  -83.545  9.376 1.0000000000
91015  -14.343  -83.012  9.705 1.0000000000
91016  -14.298  -83.035  8.653 1.0000000000
91017  -13.585  -81.641  6.680 1.0000000000
91018  -14.041  -81.843  7.477 1.0000000000
91019  -13.809  -81.142  7.033 1.0000000000
91020  -14.089  -80.697  7.282 1.0000000000
91021  -13.552  -80.432  6.691 1.0000000000
91022  -10.844  -80.903  4.697 1.0000000000
91023  -11.687  -81.041  4.994 1.0000000000
91024  -11.107  -80.329  5.146 1.0000000000
91025  -11.486  -78.477  5.869 1.0000000000
91026  -11.884  -79.199  5.806 1.0000000000
91027  -12.331  -78.725  5.982 1.0000000000
91028  -13.042  -78.984  6.179 1.0000000000
91029  -12.815  -78.294  5.953 1.0000000000
91030  -13.306  -77.899  5.842 1.0000000000
91031  -12.553  -77.576  5.764 1.0000000000
91032  -11.342  -75.875  5.433 1.0000000000
91033  -12.168  -76.160  5.298 1.0000000000
93520  -14.380  -81.019  12.763 1.0000000000
93521  -14.877  -80.823  12.062 1.0000000000
93522  -14.627  -81.430  11.943 1.0000000000
93523  -14.782  -81.743  11.070 1.0000000000
93524  -14.797  -81.952  10.185 1.0000000000
101998  -17.250  -76.191  11.555 1.0000000000
101999  -17.990  -76.327  10.834 1.0000000000
102000  -17.491  -76.735  11.113 1.0000000000
102001  -17.671  -77.247  10.580 1.0000000000
102002  -17.725  -77.717  9.930 1.0000000000
102003  -15.993  -79.626  8.821 1.0000000000
102004  -16.452  -79.116  8.752 1.0000000000
102005  -16.135  -79.170  7.996 1.0000000000
102006  -16.243  -78.698  7.192 1.0000000000
102007  -16.335  -78.154  6.440 1.0000000000
102008  -16.386  -77.613  5.721 1.0000000000
102009  -15.752  -77.911  5.967 1.0000000000
102010  -15.104  -77.541  5.629 1.0000000000
102011  -14.424  -77.192  5.419 1.0000000000
105238  -13.173  -85.786  11.072 1.0000000000
105239  -13.625  -85.394  10.307 1.0000000000
105240  -13.496  -85.953  9.979 1.0000000000
105241  -13.703  -86.064  8.831 1.0000000000
105242  -13.708  -86.065  7.716 1.0000000000
112320  -13.072  -77.650  14.595 1.0000000000
112321  -12.372  -77.466  14.858 1.0000000000
112323  -11.778  -79.003  15.147 1.0000000000
112364  -10.534  -82.859  14.461 1.0000000000
112365  -11.057  -83.578  14.142 1.0000000000
112366  -10.348  -83.543  14.277 1.0000000000
114513  -13.992  -83.440  7.315 1.0000000000
114514  -14.076  -82.939  7.690 1.0000000000
114515  -13.758  -82.800  6.788 1.0000000000
114516  -13.456  -82.142  6.330 1.0000000000
114517  -13.010  -81.424  6.016 1.0000000000
114518  -9.653  -79.495  5.343 1.0000000000
114519  -10.568  -79.593  5.382 1.0000000000
114520  -10.107  -78.885  5.667 1.0000000000
114521  -10.600  -78.312  5.856 1.0000000000
114522  -11.141  -77.779  5.892 1.0000000000
114523  -11.742  -77.286  5.764 1.0000000000
114524  -10.862  -77.050  5.843 1.0000000000
114525  -10.663  -76.341  5.775 1.0000000000
118372  -15.578  -78.411  12.530 1.0000000000
118373  -16.187  -78.336  11.789 1.0000000000
118374  -15.853  -78.992  11.954 1.0000000000
118375  -15.935  -79.416  11.244 1.0000000000
118376  -15.911  -79.750  10.489 1.0000000000
118377  -15.323  -80.650  11.295 1.0000000000
118378  -15.592  -80.346  10.467 1.0000000000
118379  -15.797  -80.008  9.689 1.0000000000
118380  -15.586  -80.162  8.831 1.0000000000
118381  -15.257  -80.095  8.099 1.0000000000
118382  -14.843  -79.912  7.448 1.0000000000
128106  -11.769  -82.750  4.291 1.0000000000
128107  -11.961  -82.247  4.642 1.0000000000
128108  -11.151  -82.096  4.214 1.0000000000
128109  -10.594  -81.443  4.273 1.0000000000
128110  -9.955  -80.810  4.517 1.0000000000
128112  -8.992  -80.760  4.459 1.0000000000
128113  -9.294  -80.135  4.899 1.0000000000
128114  -8.749  -79.473  5.411 1.0000000000
137259  -16.721  -78.234  10.987 1.0000000000
137260  -17.251  -78.179  10.134 1.0000000000
137261  -17.646  -78.075  9.215 1.0000000000
137262  -16.952  -78.684  8.645 1.0000000000
137263  -17.491  -78.310  8.475 1.0000000000
137264  -18.079  -77.968  8.273 1.0000000000
143866  -13.551  -83.483  12.131 1.0000000000
143867  -14.016  -83.238  11.403 1.0000000000
143868  -13.906  -83.800  11.186 1.0000000000
143869  -14.101  -83.967  10.133 1.0000000000
143870  -14.162  -84.019  9.066 1.0000000000
143871  -14.000  -84.981  9.549 1.0000000000
143872  -14.089  -84.498  8.750 1.0000000000
143873  -14.101  -83.997  7.997 1.0000000000
143874  -13.901  -83.889  6.938 1.0000000000
143875  -13.494  -83.759  6.002 1.0000000000
143876  -12.973  -83.586  5.190 1.0000000000
143878  -13.536  -86.543  7.375 1.0000000000
143879  -13.471  -85.982  6.653 1.0000000000
143881  -13.088  -85.846  5.691 1.0000000000
143882  -13.358  -85.373  5.970 1.0000000000
143883  -13.103  -84.720  5.360 1.0000000000
143884  -12.777  -84.059  4.885 1.0000000000
143885  -12.355  -83.379  4.482 1.0000000000
143886  -11.520  -83.238  3.947 1.0000000000
158071  -16.624  -75.868  12.143 1.0000000000
158072  -16.156  -76.336  12.463 1.0000000000
158073  -15.718  -76.884  12.741 1.0000000000
158078  -13.719  -74.785  13.601 1.0000000000
158080  -14.777  -75.779  13.446 1.0000000000
158081  -15.076  -76.607  13.282 1.0000000000
158082  -15.341  -77.515  12.978 1.0000000000
158083  -15.040  -78.239  13.152 1.0000000000
158084  -14.738  -78.889  13.335 1.0000000000
158085  -14.442  -79.600  13.447 1.0000000000
158086  -13.470  -78.558  14.384 1.0000000000
158087  -13.825  -79.462  14.029 1.0000000000
158088  -14.153  -80.300  13.461 1.0000000000
158089  -13.884  -80.969  13.421 1.0000000000
158090  -13.633  -81.626  13.327 1.0000000000
158091  -13.385  -82.246  13.211 1.0000000000
158168  -11.199  -80.599  14.989 1.0000000000
158169  -11.920  -80.671  14.803 1.0000000000
158170  -12.372  -81.489  14.382 1.0000000000
158171  -12.800  -82.232  13.806 1.0000000000
158172  -13.187  -82.921  13.014 1.0000000000
158173  -13.069  -83.574  12.784 1.0000000000
158174  -13.001  -84.210  12.553 1.0000000000
158175  -12.891  -84.835  12.388 1.0000000000
158176  -11.649  -84.276  13.655 1.0000000000
158177  -12.257  -84.891  12.983 1.0000000000
158178  -12.791  -85.438  12.132 1.0000000000
158179  -12.663  -86.008  11.835 1.0000000000
162466  -14.305  -82.862  10.695 1.0000000000
162467  -14.527  -82.446  10.018 1.0000000000
162468  -14.653  -82.010  9.268 1.0000000000
162469  -14.196  -82.455  8.028 1.0000000000
162470  -14.396  -81.971  8.341 1.0000000000
162471  -14.659  -81.506  8.589 1.0000000000
162472  -14.560  -80.925  7.924 1.0000000000
162473  -14.418  -80.297  7.401 1.0000000000
162474  -14.305  -79.643  6.880 1.0000000000
162475  -12.185  -81.753  5.038 1.0000000000
162476  -12.382  -81.215  5.455 1.0000000000
162477  -12.650  -80.684  5.841 1.0000000000
162478  -11.461  -79.759  5.530 1.0000000000
162479  -12.257  -79.946  5.789 1.0000000000
162480  -12.942  -80.173  6.160 1.0000000000
162481  -13.286  -79.698  6.387 1.0000000000
162482  -13.699  -79.295  6.484 1.0000000000
162483  -14.161  -78.941  6.466 1.0000000000
162484  -14.034  -78.235  6.034 1.0000000000
162485  -13.838  -77.536  5.664 1.0000000000
162486  -13.709  -76.849  5.302 1.0000000000
162487  -12.353  -76.843  5.538 1.0000000000
162488  -12.964  -76.462  5.272 1.0000000000
162489  -13.638  -76.143  4.962 1.0000000000
162490  -13.602  -75.453  4.582 1.0000000000
