#!ascii label  , from subject 40tvs8ref_sym_20 vox2ras=TkReg
192
1046  -25.695  -36.207  59.842 1.0000000000
2080  -22.555  -37.607  61.395 1.0000000000
2081  -26.314  -42.238  59.424 1.0000000000
4572  -24.159  -35.605  64.419 1.0000000000
4573  -26.110  -38.380  57.196 1.0000000000
4574  -24.969  -39.161  58.086 1.0000000000
4575  -27.264  -41.661  58.261 1.0000000000
4576  -29.230  -43.471  61.038 1.0000000000
6488  -25.900  -35.237  63.593 1.0000000000
8808  -22.618  -40.860  59.987 1.0000000000
8809  -24.126  -36.830  60.573 1.0000000000
8810  -23.802  -39.995  59.034 1.0000000000
8811  -25.294  -42.945  60.394 1.0000000000
8812  -28.214  -43.986  62.327 1.0000000000
12254  -26.475  -40.179  57.389 1.0000000000
12255  -27.650  -41.375  57.599 1.0000000000
12256  -28.569  -42.504  58.792 1.0000000000
19472  -22.311  -39.084  60.417 1.0000000000
19473  -25.774  -35.628  61.659 1.0000000000
19474  -24.936  -35.871  61.993 1.0000000000
19475  -24.888  -36.481  60.183 1.0000000000
19476  -25.505  -40.918  58.421 1.0000000000
19477  -24.389  -39.581  58.538 1.0000000000
19478  -24.960  -41.307  58.905 1.0000000000
19479  -24.412  -41.673  59.383 1.0000000000
19480  -25.808  -42.572  59.927 1.0000000000
19481  -26.738  -43.583  61.304 1.0000000000
19482  -27.276  -43.218  60.810 1.0000000000
26660  -23.236  -36.433  62.788 1.0000000000
26661  -25.700  -37.115  58.243 1.0000000000
26662  -25.004  -37.505  58.602 1.0000000000
26663  -25.555  -38.802  57.678 1.0000000000
26664  -25.983  -40.581  57.886 1.0000000000
26665  -26.853  -41.948  58.883 1.0000000000
26666  -27.811  -42.943  60.210 1.0000000000
26667  -28.213  -42.704  59.565 1.0000000000
26668  -29.626  -43.387  60.294 1.0000000000
36672  -23.269  -42.448  60.339 1.0000000000
36673  -25.032  -35.411  64.004 1.0000000000
36674  -24.088  -36.114  62.399 1.0000000000
36675  -23.316  -37.212  60.983 1.0000000000
36676  -24.354  -37.875  59.043 1.0000000000
36677  -23.632  -38.275  59.452 1.0000000000
36678  -23.001  -38.735  59.945 1.0000000000
36679  -23.172  -40.507  59.462 1.0000000000
36680  -23.867  -42.059  59.866 1.0000000000
36681  -24.722  -43.318  60.879 1.0000000000
36685  -28.794  -43.685  61.734 1.0000000000
42974  -27.270  -40.692  57.180 1.0000000000
50188  -22.495  -37.133  62.280 1.0000000000
50192  -22.368  -38.312  60.818 1.0000000000
50193  -25.743  -35.857  60.735 1.0000000000
50194  -25.312  -35.987  60.913 1.0000000000
50195  -25.308  -36.355  60.000 1.0000000000
50196  -25.882  -41.644  58.837 1.0000000000
50197  -25.251  -41.077  58.664 1.0000000000
50198  -25.658  -41.798  59.099 1.0000000000
50199  -25.356  -41.971  59.344 1.0000000000
50200  -26.087  -42.420  59.659 1.0000000000
50201  -26.529  -42.926  60.329 1.0000000000
50202  -26.805  -42.773  60.080 1.0000000000
59788  -24.197  -35.407  65.409 1.0000000000
59791  -23.271  -36.100  63.785 1.0000000000
59792  -23.671  -35.989  63.558 1.0000000000
59793  -25.861  -37.706  57.670 1.0000000000
59794  -25.543  -37.928  57.858 1.0000000000
59795  -25.805  -38.585  57.451 1.0000000000
59796  -26.843  -40.970  57.754 1.0000000000
59797  -26.237  -40.366  57.656 1.0000000000
59798  -26.591  -41.146  58.045 1.0000000000
59799  -26.415  -41.311  58.330 1.0000000000
59800  -27.014  -41.788  58.549 1.0000000000
59801  -27.531  -42.352  59.193 1.0000000000
59802  -27.737  -42.243  58.887 1.0000000000
59803  -29.280  -42.898  59.119 1.0000000000
59804  -29.111  -42.966  59.538 1.0000000000
59806  -30.331  -43.710  60.658 1.0000000000
81448  -22.108  -40.197  60.312 1.0000000000
81450  -22.340  -41.090  60.218 1.0000000000
81451  -22.641  -41.887  60.299 1.0000000000
81452  -22.911  -41.696  60.071 1.0000000000
81454  -25.527  -35.128  64.827 1.0000000000
81455  -25.513  -35.316  63.904 1.0000000000
81456  -24.511  -36.310  61.255 1.0000000000
81457  -24.491  -35.980  62.211 1.0000000000
81458  -24.074  -36.440  61.452 1.0000000000
81459  -23.650  -36.586  61.631 1.0000000000
81460  -23.723  -37.010  60.765 1.0000000000
81461  -24.896  -38.294  58.220 1.0000000000
81462  -24.704  -37.671  58.835 1.0000000000
81463  -24.597  -38.480  58.457 1.0000000000
81464  -24.089  -39.798  58.796 1.0000000000
81465  -23.972  -38.886  58.918 1.0000000000
81466  -23.653  -39.129  59.151 1.0000000000
81467  -23.296  -38.485  59.681 1.0000000000
81468  -23.299  -39.267  59.371 1.0000000000
81469  -23.033  -39.611  59.617 1.0000000000
81470  -23.497  -40.232  59.266 1.0000000000
81471  -24.840  -42.334  59.794 1.0000000000
81472  -24.168  -41.880  59.671 1.0000000000
81473  -24.588  -42.542  60.091 1.0000000000
81474  -24.285  -42.730  60.312 1.0000000000
81475  -25.051  -43.172  60.644 1.0000000000
81477  -25.754  -43.476  61.047 1.0000000000
81478  -27.474  -43.794  61.820 1.0000000000
81479  -27.193  -43.977  62.051 1.0000000000
81482  -28.641  -44.312  63.086 1.0000000000
81483  -28.530  -43.208  60.633 1.0000000000
81484  -28.283  -43.331  60.935 1.0000000000
81485  -29.032  -43.567  61.418 1.0000000000
95780  -24.648  -35.322  65.260 1.0000000000
95782  -26.222  -39.291  57.213 1.0000000000
95784  -27.040  -40.800  57.446 1.0000000000
95785  -27.459  -41.520  57.908 1.0000000000
95786  -27.938  -42.109  58.519 1.0000000000
95787  -28.106  -41.998  58.180 1.0000000000
108776  -22.407  -39.969  60.107 1.0000000000
108777  -25.833  -35.434  62.634 1.0000000000
108778  -25.425  -35.537  62.794 1.0000000000
108779  -25.361  -35.743  61.832 1.0000000000
108780  -24.906  -36.153  61.046 1.0000000000
108781  -24.487  -36.679  60.337 1.0000000000
108782  -25.182  -40.063  58.148 1.0000000000
108783  -24.689  -39.441  58.284 1.0000000000
108784  -24.931  -40.281  58.391 1.0000000000
108785  -24.620  -40.499  58.606 1.0000000000
108786  -24.338  -40.710  58.858 1.0000000000
108787  -24.054  -40.868  59.130 1.0000000000
108788  -24.682  -41.495  59.124 1.0000000000
108789  -25.099  -42.175  59.597 1.0000000000
108790  -25.560  -42.775  60.169 1.0000000000
108791  -26.001  -43.286  60.814 1.0000000000
108792  -26.281  -43.116  60.585 1.0000000000
108793  -27.004  -43.376  61.057 1.0000000000
108794  -27.737  -43.606  61.549 1.0000000000
123643  -22.846  -36.563  62.978 1.0000000000
123644  -22.851  -36.981  62.051 1.0000000000
123645  -25.671  -36.601  58.999 1.0000000000
123646  -25.281  -36.793  59.140 1.0000000000
123647  -25.323  -37.274  58.398 1.0000000000
123648  -25.222  -38.103  58.044 1.0000000000
123649  -25.250  -38.966  57.854 1.0000000000
123650  -25.934  -39.529  57.403 1.0000000000
123651  -25.695  -39.696  57.681 1.0000000000
123652  -25.431  -39.851  57.893 1.0000000000
123653  -25.738  -40.733  58.110 1.0000000000
123654  -26.162  -41.491  58.576 1.0000000000
123655  -26.594  -42.086  59.139 1.0000000000
123656  -27.067  -42.604  59.788 1.0000000000
123657  -27.311  -42.485  59.514 1.0000000000
123658  -28.006  -42.836  59.864 1.0000000000
123659  -28.704  -43.118  60.292 1.0000000000
123660  -28.438  -42.608  59.207 1.0000000000
123661  -28.921  -43.029  59.909 1.0000000000
123662  -29.440  -43.409  60.676 1.0000000000
123663  -30.152  -43.722  61.046 1.0000000000
133238  -26.311  -35.178  63.439 1.0000000000
133239  -26.249  -35.326  62.462 1.0000000000
133250  -26.068  -36.071  59.636 1.0000000000
150984  -23.705  -43.138  60.736 1.0000000000
150987  -24.604  -35.521  64.224 1.0000000000
150988  -24.981  -35.621  62.999 1.0000000000
150989  -24.553  -35.726  63.188 1.0000000000
150990  -24.116  -35.855  63.398 1.0000000000
150991  -23.671  -36.278  62.638 1.0000000000
150992  -23.253  -36.797  61.885 1.0000000000
150993  -22.904  -37.436  61.171 1.0000000000
150994  -24.948  -36.959  59.377 1.0000000000
150995  -24.560  -37.126  59.537 1.0000000000
150996  -24.184  -37.295  59.720 1.0000000000
150997  -24.310  -38.727  58.689 1.0000000000
150998  -23.998  -38.035  59.253 1.0000000000
150999  -23.808  -37.478  59.958 1.0000000000
151000  -23.453  -37.683  60.184 1.0000000000
151001  -23.085  -37.936  60.393 1.0000000000
151002  -22.710  -38.162  60.606 1.0000000000
151003  -22.669  -38.969  60.172 1.0000000000
151004  -22.724  -39.822  59.884 1.0000000000
151005  -22.886  -40.672  59.744 1.0000000000
151006  -23.788  -41.097  59.377 1.0000000000
151007  -23.487  -41.328  59.560 1.0000000000
151008  -23.184  -41.504  59.780 1.0000000000
151009  -23.554  -42.254  60.061 1.0000000000
151010  -23.998  -42.920  60.523 1.0000000000
151011  -24.432  -43.498  61.094 1.0000000000
151012  -25.168  -43.843  61.527 1.0000000000
151015  -26.455  -43.737  61.523 1.0000000000
151021  -27.545  -43.058  60.497 1.0000000000
151022  -28.055  -43.452  61.306 1.0000000000
151023  -28.495  -43.819  62.067 1.0000000000
151024  -29.524  -43.899  62.209 1.0000000000
151026  -28.941  -44.139  62.886 1.0000000000
