#!ascii label  , from subject 40tvs8ref_sym_20 vox2ras=TkReg
303
427  -8.143  23.564  -22.661 1.0000000000
1957  -11.237  27.673  -19.035 1.0000000000
2199  -11.917  35.341  -20.484 1.0000000000
2200  -7.146  31.696  -25.278 1.0000000000
4297  -9.391  25.845  -20.870 1.0000000000
4859  -12.899  39.085  -21.470 1.0000000000
4860  -9.231  37.694  -22.235 1.0000000000
4861  -9.103  33.776  -22.598 1.0000000000
4862  -6.923  35.801  -25.235 1.0000000000
8467  -13.834  28.716  -18.802 1.0000000000
9157  -13.034  38.396  -26.245 1.0000000000
9158  -14.125  35.498  -23.335 1.0000000000
9159  -14.272  32.355  -20.484 1.0000000000
9160  -11.459  31.579  -20.061 1.0000000000
9161  -9.147  29.834  -22.180 1.0000000000
9162  -7.503  27.623  -24.438 1.0000000000
11977  -8.711  24.744  -21.815 1.0000000000
11978  -9.485  23.563  -20.091 1.0000000000
11979  -8.901  22.434  -20.918 1.0000000000
12539  -9.681  39.773  -21.654 1.0000000000
12540  -8.031  38.774  -23.341 1.0000000000
12541  -7.975  36.812  -23.730 1.0000000000
12542  -6.915  37.866  -24.911 1.0000000000
18652  -12.500  28.322  -18.585 1.0000000000
18653  -13.369  26.700  -17.849 1.0000000000
18654  -12.123  26.176  -17.878 1.0000000000
20335  -12.775  40.328  -25.320 1.0000000000
20336  -12.523  37.232  -20.759 1.0000000000
20337  -13.735  37.399  -22.311 1.0000000000
20338  -13.664  35.733  -21.089 1.0000000000
20339  -14.425  34.011  -21.722 1.0000000000
20340  -13.253  33.944  -20.264 1.0000000000
20341  -12.972  32.150  -19.712 1.0000000000
20342  -11.681  33.488  -20.287 1.0000000000
20343  -8.034  32.745  -23.925 1.0000000000
20344  -9.096  31.783  -22.512 1.0000000000
20345  -8.140  30.802  -23.762 1.0000000000
20346  -8.267  28.797  -23.332 1.0000000000
20347  -7.308  29.639  -24.984 1.0000000000
26167  -10.216  26.807  -19.879 1.0000000000
26168  -11.031  25.448  -18.425 1.0000000000
26169  -10.157  24.548  -19.243 1.0000000000
27177  -12.936  40.697  -22.653 1.0000000000
27178  -11.678  40.478  -21.077 1.0000000000
27179  -11.105  38.548  -20.984 1.0000000000
27180  -10.534  36.562  -21.233 1.0000000000
27181  -10.349  34.635  -21.291 1.0000000000
27182  -9.147  35.715  -22.481 1.0000000000
27183  -7.977  34.775  -23.914 1.0000000000
27184  -7.010  33.752  -25.362 1.0000000000
30112  -7.628  22.184  -23.437 1.0000000000
30113  -8.366  21.192  -21.615 1.0000000000
35677  -14.823  28.758  -19.817 1.0000000000
35679  -14.514  26.849  -18.501 1.0000000000
37713  -13.404  36.460  -26.819 1.0000000000
37714  -13.346  38.879  -23.809 1.0000000000
37715  -13.496  36.893  -24.952 1.0000000000
37716  -13.566  34.909  -25.793 1.0000000000
37717  -14.235  33.509  -24.233 1.0000000000
37718  -14.793  32.082  -22.589 1.0000000000
37719  -14.918  30.505  -20.941 1.0000000000
37720  -14.096  30.579  -19.626 1.0000000000
37721  -12.751  30.241  -19.200 1.0000000000
37722  -11.331  29.649  -19.658 1.0000000000
37723  -10.247  32.735  -21.269 1.0000000000
37724  -10.185  30.793  -21.024 1.0000000000
37725  -10.188  28.814  -20.548 1.0000000000
37726  -9.250  27.864  -21.626 1.0000000000
37727  -8.462  26.787  -22.670 1.0000000000
37728  -7.783  25.585  -23.674 1.0000000000
37729  -5.975  36.959  -26.599 1.0000000000
37730  -6.068  34.849  -26.833 1.0000000000
37731  -6.223  32.660  -26.896 1.0000000000
37734  -6.413  30.518  -26.706 1.0000000000
37735  -6.599  28.382  -26.257 1.0000000000
37736  -6.838  26.322  -25.547 1.0000000000
37737  -7.207  24.277  -24.596 1.0000000000
42697  -8.396  24.171  -22.273 1.0000000000
42698  -8.792  23.598  -21.404 1.0000000000
42699  -8.523  23.009  -21.798 1.0000000000
43259  -8.200  39.849  -22.973 1.0000000000
43260  -7.471  39.339  -23.901 1.0000000000
43261  -7.445  38.350  -24.129 1.0000000000
49372  -11.848  28.019  -18.736 1.0000000000
49373  -12.282  27.271  -18.209 1.0000000000
49374  -11.677  26.934  -18.414 1.0000000000
51055  -12.651  41.279  -24.749 1.0000000000
51056  -12.228  36.287  -20.536 1.0000000000
51057  -13.141  36.503  -20.797 1.0000000000
51058  -12.880  35.582  -20.534 1.0000000000
51059  -13.530  34.835  -20.554 1.0000000000
51060  -12.597  34.686  -20.252 1.0000000000
51061  -12.489  33.763  -20.126 1.0000000000
51062  -11.783  34.427  -20.393 1.0000000000
51063  -7.539  32.250  -24.628 1.0000000000
51064  -8.084  31.772  -23.883 1.0000000000
51065  -7.632  31.260  -24.542 1.0000000000
51066  -7.697  30.255  -24.392 1.0000000000
51067  -7.226  30.683  -25.183 1.0000000000
58972  -9.783  26.329  -20.361 1.0000000000
58973  -10.179  25.688  -19.579 1.0000000000
58974  -9.772  25.205  -20.051 1.0000000000
58975  -9.542  22.382  -19.599 1.0000000000
60656  -9.427  38.736  -21.958 1.0000000000
60657  -10.367  39.180  -21.290 1.0000000000
60658  -10.097  38.162  -21.490 1.0000000000
60659  -10.795  37.572  -21.080 1.0000000000
60660  -9.866  37.143  -21.721 1.0000000000
60661  -9.772  36.179  -21.831 1.0000000000
60662  -9.182  36.701  -22.382 1.0000000000
60663  -7.422  36.313  -24.485 1.0000000000
60664  -7.964  35.810  -23.845 1.0000000000
60665  -7.424  35.283  -24.582 1.0000000000
60666  -7.461  34.263  -24.640 1.0000000000
60667  -6.962  34.780  -25.319 1.0000000000
66172  -7.398  21.450  -23.799 1.0000000000
78997  -14.391  28.744  -19.197 1.0000000000
78998  -14.681  27.806  -19.142 1.0000000000
78999  -14.195  27.777  -18.653 1.0000000000
79005  -10.967  24.314  -18.073 1.0000000000
79006  -11.426  24.704  -17.743 1.0000000000
79020  -8.437  19.973  -20.982 1.0000000000
79021  -8.689  20.629  -20.693 1.0000000000
84041  -13.086  39.182  -26.583 1.0000000000
84043  -13.357  38.251  -26.808 1.0000000000
84044  -13.640  37.275  -26.904 1.0000000000
84045  -13.204  37.442  -26.577 1.0000000000
84046  -13.044  39.971  -21.948 1.0000000000
84047  -13.246  39.845  -23.223 1.0000000000
84048  -13.336  39.093  -22.482 1.0000000000
84049  -14.031  36.488  -22.848 1.0000000000
84050  -13.760  37.204  -23.632 1.0000000000
84051  -13.826  36.216  -24.207 1.0000000000
84052  -13.505  35.885  -25.449 1.0000000000
84053  -13.846  35.215  -24.655 1.0000000000
84054  -13.858  34.215  -25.069 1.0000000000
84055  -14.199  34.512  -23.808 1.0000000000
84056  -14.447  33.206  -21.056 1.0000000000
84057  -14.687  33.074  -22.191 1.0000000000
84058  -14.709  32.274  -21.426 1.0000000000
84059  -14.951  31.360  -21.732 1.0000000000
84060  -14.677  31.460  -20.640 1.0000000000
84061  -14.597  30.583  -20.181 1.0000000000
84062  -14.214  31.519  -20.021 1.0000000000
84063  -12.198  31.855  -19.739 1.0000000000
84064  -12.852  31.174  -19.486 1.0000000000
84065  -12.101  30.912  -19.582 1.0000000000
84066  -12.016  29.961  -19.353 1.0000000000
84067  -11.372  30.637  -19.892 1.0000000000
84068  -9.692  34.217  -21.944 1.0000000000
84069  -10.307  33.683  -21.302 1.0000000000
84070  -9.659  33.272  -21.934 1.0000000000
84071  -9.117  30.799  -22.369 1.0000000000
84072  -9.632  31.299  -21.765 1.0000000000
84073  -9.646  30.325  -21.595 1.0000000000
84074  -10.184  29.821  -20.826 1.0000000000
84075  -9.670  29.364  -21.384 1.0000000000
84076  -9.692  28.359  -21.096 1.0000000000
84077  -9.200  28.866  -21.943 1.0000000000
84078  -7.864  28.222  -23.893 1.0000000000
84079  -8.355  27.801  -23.012 1.0000000000
84080  -7.978  27.230  -23.567 1.0000000000
84081  -8.112  26.209  -23.188 1.0000000000
84082  -7.640  26.607  -24.078 1.0000000000
84088  -5.727  34.294  -27.711 1.0000000000
84089  -6.146  33.754  -26.881 1.0000000000
84090  -5.791  33.183  -27.747 1.0000000000
84099  -6.510  29.445  -26.510 1.0000000000
84100  -6.219  28.801  -27.223 1.0000000000
84103  -6.586  25.614  -26.055 1.0000000000
84104  -7.014  25.299  -25.090 1.0000000000
95287  -9.038  25.319  -21.357 1.0000000000
95288  -9.422  24.721  -20.523 1.0000000000
95289  -9.103  24.170  -20.949 1.0000000000
95290  -9.187  23.010  -20.505 1.0000000000
96297  -9.959  40.783  -21.414 1.0000000000
96299  -8.787  39.298  -22.444 1.0000000000
96300  -8.616  38.203  -22.790 1.0000000000
96301  -8.566  37.224  -22.962 1.0000000000
96302  -7.999  37.780  -23.557 1.0000000000
96303  -7.424  37.332  -24.343 1.0000000000
96304  -6.900  36.819  -25.093 1.0000000000
107302  -13.174  28.559  -18.605 1.0000000000
107303  -13.605  27.689  -18.337 1.0000000000
107304  -12.948  27.509  -18.187 1.0000000000
107305  -12.729  26.475  -17.784 1.0000000000
110330  -12.829  40.142  -26.288 1.0000000000
110331  -12.874  39.365  -25.859 1.0000000000
110332  -12.792  38.172  -20.990 1.0000000000
110333  -13.423  38.306  -21.755 1.0000000000
110334  -13.301  37.404  -21.283 1.0000000000
110335  -13.812  36.638  -21.621 1.0000000000
110336  -14.104  35.709  -22.078 1.0000000000
110337  -14.382  34.767  -22.485 1.0000000000
110338  -14.145  34.934  -21.340 1.0000000000
110339  -13.997  34.055  -20.801 1.0000000000
110340  -13.822  33.198  -20.271 1.0000000000
110341  -13.683  32.311  -19.967 1.0000000000
110342  -13.105  33.063  -19.966 1.0000000000
110343  -12.325  32.818  -19.960 1.0000000000
110344  -11.567  32.513  -20.200 1.0000000000
110345  -8.560  33.275  -23.249 1.0000000000
110346  -9.091  32.798  -22.580 1.0000000000
110347  -8.573  32.273  -23.221 1.0000000000
110348  -8.600  31.275  -23.129 1.0000000000
110349  -8.650  30.307  -22.970 1.0000000000
110350  -8.707  29.335  -22.763 1.0000000000
110351  -8.207  29.800  -23.570 1.0000000000
110352  -7.761  29.238  -24.179 1.0000000000
110353  -7.390  28.604  -24.737 1.0000000000
122497  -10.684  27.285  -19.428 1.0000000000
122498  -11.115  26.566  -18.747 1.0000000000
122499  -10.627  26.150  -19.136 1.0000000000
122500  -10.580  25.026  -18.801 1.0000000000
122502  -9.801  24.077  -19.684 1.0000000000
124853  -12.497  40.668  -21.604 1.0000000000
124854  -12.363  39.815  -21.151 1.0000000000
124855  -10.670  40.182  -21.137 1.0000000000
124856  -11.382  39.543  -20.942 1.0000000000
124857  -12.111  38.862  -20.952 1.0000000000
124858  -11.846  37.913  -20.758 1.0000000000
124859  -11.538  36.943  -20.766 1.0000000000
124860  -11.226  35.967  -20.781 1.0000000000
124861  -11.102  35.034  -20.773 1.0000000000
124862  -10.438  35.598  -21.292 1.0000000000
124863  -9.735  35.180  -21.912 1.0000000000
124864  -9.119  34.734  -22.570 1.0000000000
124865  -8.553  36.244  -23.098 1.0000000000
124866  -8.541  35.256  -23.196 1.0000000000
124867  -8.541  34.268  -23.250 1.0000000000
124868  -8.003  33.742  -23.931 1.0000000000
124869  -7.500  33.234  -24.648 1.0000000000
124870  -7.063  32.716  -25.350 1.0000000000
132202  -7.881  22.889  -23.053 1.0000000000
132203  -8.269  22.374  -22.157 1.0000000000
132204  -8.013  21.712  -22.517 1.0000000000
148027  -15.077  28.696  -20.595 1.0000000000
148032  -13.987  26.833  -18.089 1.0000000000
148033  -14.315  25.916  -17.891 1.0000000000
148038  -11.553  25.832  -18.104 1.0000000000
148056  -8.636  21.830  -21.281 1.0000000000
148057  -8.958  21.224  -20.371 1.0000000000
154100  -13.950  36.301  -26.960 1.0000000000
154102  -12.949  40.557  -23.993 1.0000000000
154103  -13.021  39.582  -24.636 1.0000000000
154104  -13.107  38.603  -25.155 1.0000000000
154105  -13.643  38.183  -23.031 1.0000000000
154106  -13.442  37.896  -24.410 1.0000000000
154107  -13.160  37.593  -25.685 1.0000000000
154108  -13.267  36.617  -26.093 1.0000000000
154109  -13.397  35.600  -26.434 1.0000000000
154112  -13.887  33.220  -25.417 1.0000000000
154113  -14.232  32.497  -24.609 1.0000000000
154114  -14.491  33.804  -22.945 1.0000000000
154115  -14.572  32.817  -23.398 1.0000000000
154116  -14.583  31.784  -23.769 1.0000000000
154117  -14.876  31.042  -22.949 1.0000000000
154120  -14.911  29.654  -20.348 1.0000000000
154121  -14.500  29.686  -19.694 1.0000000000
154122  -13.952  29.627  -19.230 1.0000000000
154123  -13.571  31.396  -19.633 1.0000000000
154124  -13.447  30.449  -19.274 1.0000000000
154125  -13.316  29.498  -18.970 1.0000000000
154126  -12.635  29.290  -18.910 1.0000000000
154127  -11.924  28.988  -19.038 1.0000000000
154128  -11.274  28.679  -19.363 1.0000000000
154129  -11.019  34.073  -20.764 1.0000000000
154130  -10.928  33.127  -20.713 1.0000000000
154131  -10.849  32.170  -20.624 1.0000000000
154132  -9.643  32.286  -21.880 1.0000000000
154133  -10.190  31.771  -21.164 1.0000000000
154134  -10.786  31.203  -20.498 1.0000000000
154135  -10.742  30.233  -20.299 1.0000000000
154136  -10.721  29.264  -20.069 1.0000000000
154137  -10.709  28.256  -19.766 1.0000000000
154138  -10.200  27.802  -20.243 1.0000000000
154139  -9.735  27.340  -20.754 1.0000000000
154140  -9.304  26.857  -21.273 1.0000000000
154141  -8.769  28.340  -22.483 1.0000000000
154142  -8.838  27.334  -22.149 1.0000000000
154143  -8.920  26.326  -21.782 1.0000000000
154144  -8.583  25.759  -22.287 1.0000000000
154145  -8.259  25.193  -22.750 1.0000000000
154146  -7.960  24.594  -23.191 1.0000000000
154148  -6.419  37.400  -25.737 1.0000000000
154149  -6.434  36.369  -25.887 1.0000000000
154151  -6.020  35.916  -26.738 1.0000000000
154152  -6.471  35.327  -26.013 1.0000000000
154153  -6.532  34.278  -26.085 1.0000000000
154154  -6.600  33.220  -26.099 1.0000000000
154155  -6.680  32.168  -26.056 1.0000000000
154163  -6.304  31.608  -26.832 1.0000000000
154164  -6.769  31.123  -25.972 1.0000000000
154165  -6.868  30.070  -25.817 1.0000000000
154166  -6.943  29.003  -25.599 1.0000000000
154167  -7.038  27.983  -25.322 1.0000000000
154168  -6.321  27.737  -26.917 1.0000000000
154169  -6.715  27.336  -25.934 1.0000000000
154170  -7.158  27.000  -24.985 1.0000000000
154171  -7.311  25.957  -24.588 1.0000000000
154172  -7.479  24.951  -24.133 1.0000000000
154173  -7.680  23.938  -23.632 1.0000000000
154174  -7.408  23.232  -24.078 1.0000000000
