#!ascii label  , from subject 40tvs8ref_sym_20 vox2ras=TkReg
187
533  -59.775  -18.080  2.754 1.0000000000
1170  -64.150  -19.386  3.965 1.0000000000
2238  -65.799  -14.915  0.164 1.0000000000
2239  -62.697  -12.868  1.151 1.0000000000
4952  -61.867  -18.618  3.530 1.0000000000
4953  -65.368  -16.852  2.569 1.0000000000
4954  -63.408  -16.132  2.505 1.0000000000
4955  -64.671  -13.613  1.001 1.0000000000
4956  -61.293  -15.665  1.827 1.0000000000
9272  -66.872  -18.277  1.927 1.0000000000
9276  -64.457  -11.484  -1.237 1.0000000000
9283  -57.454  -17.577  2.103 1.0000000000
9284  -58.971  -15.085  1.465 1.0000000000
12632  -60.799  -18.323  3.215 1.0000000000
12633  -62.662  -17.348  3.077 1.0000000000
12634  -61.569  -17.104  2.740 1.0000000000
12635  -62.348  -15.913  2.198 1.0000000000
12636  -60.535  -16.897  2.292 1.0000000000
20619  -65.875  -18.581  3.345 1.0000000000
20620  -65.745  -15.800  1.461 1.0000000000
20621  -66.291  -16.578  1.021 1.0000000000
20627  -63.786  -13.175  1.167 1.0000000000
20628  -64.894  -12.389  0.019 1.0000000000
20629  -64.160  -11.793  0.467 1.0000000000
20648  -58.192  -16.365  1.734 1.0000000000
27346  -63.013  -18.961  3.760 1.0000000000
27347  -64.788  -18.078  3.342 1.0000000000
27348  -63.681  -17.662  3.283 1.0000000000
27349  -64.396  -16.445  2.637 1.0000000000
27350  -65.034  -15.253  1.744 1.0000000000
27351  -65.343  -14.185  0.636 1.0000000000
27352  -64.098  -14.910  1.869 1.0000000000
27353  -63.118  -14.610  1.675 1.0000000000
27354  -62.051  -14.328  1.428 1.0000000000
31032  -62.313  -20.310  4.145 1.0000000000
31033  -61.135  -19.964  3.878 1.0000000000
31034  -60.028  -19.613  3.535 1.0000000000
31035  -58.985  -19.326  3.161 1.0000000000
38057  -66.236  -17.481  2.323 1.0000000000
38066  -65.303  -13.232  -0.565 1.0000000000
38080  -57.823  -19.082  2.777 1.0000000000
38088  -56.651  -18.844  2.533 1.0000000000
38089  -58.642  -17.840  2.349 1.0000000000
38090  -59.438  -16.583  1.870 1.0000000000
38091  -60.138  -15.358  1.509 1.0000000000
38092  -60.871  -13.984  1.265 1.0000000000
43352  -60.278  -18.198  2.989 1.0000000000
43353  -61.174  -17.716  2.976 1.0000000000
43354  -60.649  -17.593  2.761 1.0000000000
43355  -61.050  -17.014  2.519 1.0000000000
43356  -60.125  -17.485  2.542 1.0000000000
51337  -64.708  -19.579  4.035 1.0000000000
51339  -65.039  -18.949  3.705 1.0000000000
51340  -65.800  -15.340  0.804 1.0000000000
51347  -63.231  -13.041  1.196 1.0000000000
51348  -64.001  -12.479  0.865 1.0000000000
51349  -63.512  -12.264  0.975 1.0000000000
51351  -63.022  -12.053  1.034 1.0000000000
60937  -62.441  -18.790  3.672 1.0000000000
60938  -63.395  -18.306  3.564 1.0000000000
60939  -62.806  -18.132  3.454 1.0000000000
60940  -63.075  -16.723  2.801 1.0000000000
60941  -63.543  -16.886  2.929 1.0000000000
60942  -63.909  -16.279  2.594 1.0000000000
60943  -64.719  -15.854  2.260 1.0000000000
60944  -64.256  -15.665  2.243 1.0000000000
60945  -64.598  -15.051  1.845 1.0000000000
60946  -63.749  -15.535  2.176 1.0000000000
60947  -61.827  -15.791  2.004 1.0000000000
60948  -62.731  -15.293  1.923 1.0000000000
60949  -62.240  -15.143  1.779 1.0000000000
60950  -62.604  -14.452  1.560 1.0000000000
60951  -61.676  -15.019  1.634 1.0000000000
68143  -61.979  -21.002  4.372 1.0000000000
68145  -61.718  -20.142  4.017 1.0000000000
68146  -60.794  -20.591  4.042 1.0000000000
68148  -59.690  -20.256  3.702 1.0000000000
68149  -59.136  -20.121  3.514 1.0000000000
68150  -59.494  -19.461  3.353 1.0000000000
84897  -67.093  -18.742  1.715 1.0000000000
84900  -65.076  -17.460  2.988 1.0000000000
84901  -65.610  -17.699  2.962 1.0000000000
84902  -65.820  -17.144  2.471 1.0000000000
84904  -66.497  -17.011  0.766 1.0000000000
84922  -65.044  -13.886  0.855 1.0000000000
84923  -65.370  -13.697  0.042 1.0000000000
84924  -65.132  -13.323  0.301 1.0000000000
84925  -64.839  -11.878  -0.587 1.0000000000
84926  -64.946  -12.331  -0.919 1.0000000000
84927  -64.526  -11.960  -1.511 1.0000000000
84931  -64.035  -11.095  -1.798 1.0000000000
84958  -57.425  -19.714  2.965 1.0000000000
84979  -56.019  -18.721  2.504 1.0000000000
84980  -57.038  -18.195  2.368 1.0000000000
84981  -57.667  -18.313  2.418 1.0000000000
84982  -58.081  -17.681  2.199 1.0000000000
84983  -59.066  -17.201  2.108 1.0000000000
84984  -58.451  -17.077  1.970 1.0000000000
84985  -58.559  -15.761  1.566 1.0000000000
84986  -59.177  -15.871  1.582 1.0000000000
84987  -59.544  -15.215  1.437 1.0000000000
84988  -60.497  -14.689  1.373 1.0000000000
84989  -59.925  -14.526  1.321 1.0000000000
96466  -61.318  -18.461  3.391 1.0000000000
96467  -62.243  -17.973  3.326 1.0000000000
96468  -61.730  -17.825  3.182 1.0000000000
96469  -62.128  -17.216  2.918 1.0000000000
96470  -62.522  -16.607  2.667 1.0000000000
96471  -62.871  -16.036  2.380 1.0000000000
96472  -61.974  -16.517  2.476 1.0000000000
96473  -61.444  -16.418  2.260 1.0000000000
96474  -60.916  -16.281  2.044 1.0000000000
110842  -66.322  -18.903  3.313 1.0000000000
110843  -66.503  -18.348  2.733 1.0000000000
110844  -65.600  -16.327  2.036 1.0000000000
110845  -65.971  -16.642  1.866 1.0000000000
110846  -66.041  -16.166  1.236 1.0000000000
110847  -66.212  -16.135  0.347 1.0000000000
110857  -64.252  -13.374  1.102 1.0000000000
110858  -64.842  -12.964  0.537 1.0000000000
110859  -64.471  -12.698  0.718 1.0000000000
110860  -64.569  -12.073  0.264 1.0000000000
110861  -64.562  -11.491  -0.295 1.0000000000
110893  -56.833  -17.453  2.117 1.0000000000
110894  -57.823  -16.964  1.914 1.0000000000
110895  -57.203  -16.855  1.946 1.0000000000
125248  -63.590  -19.157  3.851 1.0000000000
125249  -64.486  -18.713  3.660 1.0000000000
125250  -63.936  -18.483  3.620 1.0000000000
125251  -64.241  -17.864  3.322 1.0000000000
125252  -64.542  -17.239  2.979 1.0000000000
125253  -63.155  -17.507  3.207 1.0000000000
125254  -64.032  -17.053  2.967 1.0000000000
125255  -64.881  -16.630  2.614 1.0000000000
125256  -65.191  -16.057  2.192 1.0000000000
125257  -65.398  -15.511  1.615 1.0000000000
125258  -65.555  -15.000  1.027 1.0000000000
125259  -65.591  -14.531  0.394 1.0000000000
125260  -65.229  -14.697  1.212 1.0000000000
125261  -64.850  -14.467  1.360 1.0000000000
125262  -64.431  -14.269  1.471 1.0000000000
125263  -63.236  -15.415  2.071 1.0000000000
125264  -63.604  -14.776  1.769 1.0000000000
125265  -63.965  -14.077  1.499 1.0000000000
125266  -63.480  -13.890  1.425 1.0000000000
125267  -62.939  -13.757  1.346 1.0000000000
125268  -62.376  -13.609  1.278 1.0000000000
134691  -63.826  -20.024  4.160 1.0000000000
134700  -63.240  -19.829  4.047 1.0000000000
134701  -62.666  -19.628  3.949 1.0000000000
134702  -62.063  -19.455  3.849 1.0000000000
134703  -61.492  -19.289  3.706 1.0000000000
134705  -60.596  -19.764  3.718 1.0000000000
134706  -60.933  -19.123  3.545 1.0000000000
134707  -60.373  -18.950  3.386 1.0000000000
134708  -59.882  -18.825  3.179 1.0000000000
134709  -59.379  -18.694  2.966 1.0000000000
155129  -65.334  -18.316  3.348 1.0000000000
155130  -66.090  -17.997  2.871 1.0000000000
155131  -66.609  -17.850  2.123 1.0000000000
155132  -66.320  -17.003  1.697 1.0000000000
155133  -66.579  -17.419  1.465 1.0000000000
155156  -65.571  -14.092  -0.244 1.0000000000
155157  -65.344  -13.696  -0.876 1.0000000000
155158  -64.970  -13.326  -1.455 1.0000000000
155159  -65.152  -12.765  -0.250 1.0000000000
155198  -58.026  -19.835  3.152 1.0000000000
155199  -58.432  -19.194  2.955 1.0000000000
155200  -58.816  -18.582  2.755 1.0000000000
155223  -55.609  -19.352  2.668 1.0000000000
155224  -56.234  -19.474  2.684 1.0000000000
155225  -57.245  -18.969  2.632 1.0000000000
155226  -58.238  -18.467  2.571 1.0000000000
155227  -59.204  -17.979  2.541 1.0000000000
155228  -59.582  -17.399  2.301 1.0000000000
155229  -59.988  -16.741  2.067 1.0000000000
155230  -60.358  -16.138  1.850 1.0000000000
155231  -58.800  -16.476  1.750 1.0000000000
155232  -59.776  -16.000  1.688 1.0000000000
155233  -60.711  -15.528  1.661 1.0000000000
155234  -61.088  -14.860  1.488 1.0000000000
155235  -61.450  -14.158  1.314 1.0000000000
155236  -61.801  -13.441  1.221 1.0000000000
155239  -58.396  -14.973  1.574 1.0000000000
155243  -60.294  -13.821  1.260 1.0000000000
155244  -61.277  -13.237  1.208 1.0000000000
155245  -62.172  -12.664  1.129 1.0000000000
