#!ascii label  , from subject 40tvs8ref_sym_20 vox2ras=TkReg
326
350  -19.859  -82.844  -10.924 1.0000000000
1407  -23.348  -76.883  -5.860 1.0000000000
1408  -17.455  -80.850  -9.965 1.0000000000
1409  -21.094  -74.500  -4.870 1.0000000000
1782  -26.849  -78.490  -8.308 1.0000000000
3327  -26.230  -73.423  -4.318 1.0000000000
3328  -22.282  -76.055  -4.975 1.0000000000
3930  -28.346  -75.241  -8.770 1.0000000000
5657  -18.949  -85.881  -12.312 1.0000000000
5659  -17.267  -84.712  -12.966 1.0000000000
7139  -21.221  -79.877  -8.473 1.0000000000
7140  -18.545  -81.711  -10.805 1.0000000000
7141  -20.081  -79.113  -7.911 1.0000000000
7142  -19.326  -78.283  -6.867 1.0000000000
7993  -21.429  -83.929  -9.954 1.0000000000
7995  -25.113  -81.799  -8.040 1.0000000000
7996  -22.803  -80.820  -8.591 1.0000000000
7997  -24.938  -77.639  -7.060 1.0000000000
7998  -27.308  -74.477  -6.215 1.0000000000
10120  -15.844  -83.507  -12.202 1.0000000000
11007  -27.574  -71.527  -4.209 1.0000000000
11008  -25.473  -72.781  -3.764 1.0000000000
13337  -19.370  -84.446  -11.790 1.0000000000
13338  -18.113  -85.433  -12.841 1.0000000000
13339  -18.563  -83.825  -12.123 1.0000000000
15737  -22.189  -78.415  -7.140 1.0000000000
15738  -20.559  -79.443  -8.269 1.0000000000
15739  -21.563  -78.083  -6.743 1.0000000000
15740  -21.738  -75.348  -4.748 1.0000000000
15741  -20.675  -77.187  -5.827 1.0000000000
15742  -20.136  -76.558  -5.573 1.0000000000
17540  -27.850  -78.971  -8.843 1.0000000000
17541  -27.124  -80.613  -8.271 1.0000000000
17542  -25.951  -80.247  -8.027 1.0000000000
17543  -23.897  -81.394  -8.267 1.0000000000
17544  -24.814  -79.729  -7.950 1.0000000000
17545  -23.776  -79.223  -7.813 1.0000000000
17546  -25.868  -78.051  -7.743 1.0000000000
17547  -28.872  -73.553  -9.040 1.0000000000
17548  -27.874  -74.907  -7.456 1.0000000000
17549  -28.732  -73.193  -7.656 1.0000000000
17550  -28.514  -72.778  -6.251 1.0000000000
22735  -17.995  -81.218  -10.502 1.0000000000
22736  -17.257  -82.554  -11.668 1.0000000000
22737  -16.712  -82.098  -11.185 1.0000000000
24419  -24.716  -75.269  -4.820 1.0000000000
24420  -22.800  -76.529  -5.353 1.0000000000
24421  -24.084  -74.790  -4.269 1.0000000000
24422  -23.454  -74.091  -4.005 1.0000000000
24423  -22.767  -73.261  -4.157 1.0000000000
25503  -28.428  -77.242  -9.497 1.0000000000
25504  -27.659  -76.783  -8.597 1.0000000000
25505  -28.792  -75.524  -10.091 1.0000000000
25506  -29.063  -73.863  -10.408 1.0000000000
28618  -17.037  -80.624  -9.123 1.0000000000
28619  -16.114  -81.835  -10.383 1.0000000000
32015  -20.463  -81.313  -9.739 1.0000000000
32016  -19.103  -82.262  -10.988 1.0000000000
32017  -19.795  -80.816  -9.656 1.0000000000
32018  -19.221  -80.381  -9.462 1.0000000000
32019  -18.754  -79.980  -9.042 1.0000000000
32020  -21.092  -77.719  -6.295 1.0000000000
32021  -19.682  -78.758  -7.429 1.0000000000
32022  -18.364  -79.650  -8.478 1.0000000000
32023  -18.044  -79.340  -7.662 1.0000000000
34308  -20.106  -84.895  -11.147 1.0000000000
34309  -20.612  -83.501  -10.550 1.0000000000
34316  -23.132  -82.923  -8.722 1.0000000000
34317  -22.082  -82.496  -9.315 1.0000000000
34318  -21.170  -81.892  -9.653 1.0000000000
34319  -21.925  -80.294  -8.595 1.0000000000
34320  -22.926  -78.785  -7.468 1.0000000000
34321  -24.094  -77.252  -6.393 1.0000000000
34322  -26.920  -76.459  -7.510 1.0000000000
34323  -26.153  -76.080  -6.466 1.0000000000
34324  -25.384  -75.697  -5.594 1.0000000000
34325  -26.774  -74.006  -5.135 1.0000000000
34326  -28.149  -72.184  -5.095 1.0000000000
40594  -17.807  -83.141  -12.005 1.0000000000
40595  -16.482  -84.084  -12.736 1.0000000000
40597  -15.174  -83.135  -11.409 1.0000000000
41727  -28.177  -70.556  -4.332 1.0000000000
41728  -27.203  -71.134  -3.914 1.0000000000
44057  -19.599  -83.653  -11.395 1.0000000000
44058  -18.938  -84.130  -11.976 1.0000000000
44059  -19.209  -83.349  -11.530 1.0000000000
46457  -22.751  -77.690  -6.494 1.0000000000
46458  -21.844  -78.280  -6.943 1.0000000000
46459  -22.439  -77.487  -6.271 1.0000000000
46460  -21.437  -74.948  -4.771 1.0000000000
46461  -20.915  -75.986  -5.156 1.0000000000
46462  -20.647  -75.544  -5.160 1.0000000000
46463  -19.878  -76.145  -5.590 1.0000000000
46466  -20.798  -74.094  -5.061 1.0000000000
48260  -27.340  -78.740  -8.552 1.0000000000
48261  -26.967  -79.597  -8.330 1.0000000000
48262  -26.405  -79.393  -8.143 1.0000000000
48263  -25.427  -79.976  -7.930 1.0000000000
48264  -25.868  -79.135  -7.987 1.0000000000
48265  -25.313  -78.883  -7.864 1.0000000000
48266  -26.340  -78.285  -8.055 1.0000000000
48268  -28.823  -73.345  -8.384 1.0000000000
48270  -29.145  -72.331  -7.780 1.0000000000
53455  -17.708  -80.977  -10.200 1.0000000000
53456  -17.382  -81.584  -10.893 1.0000000000
53457  -17.073  -81.444  -10.617 1.0000000000
56057  -25.433  -74.414  -4.508 1.0000000000
56058  -24.425  -75.038  -4.512 1.0000000000
56059  -25.119  -74.105  -4.201 1.0000000000
56061  -24.455  -73.419  -3.815 1.0000000000
56062  -24.069  -73.016  -3.768 1.0000000000
56063  -23.107  -73.710  -4.029 1.0000000000
56065  -23.354  -72.221  -4.030 1.0000000000
57863  -28.776  -77.495  -9.893 1.0000000000
57864  -28.939  -76.622  -10.267 1.0000000000
57865  -28.637  -76.372  -9.816 1.0000000000
57868  -29.143  -73.988  -11.088 1.0000000000
57869  -29.168  -73.163  -11.200 1.0000000000
63049  -18.303  -86.378  -12.752 1.0000000000
63050  -17.695  -85.068  -12.993 1.0000000000
63051  -17.427  -85.901  -13.238 1.0000000000
63054  -16.515  -85.272  -13.331 1.0000000000
70247  -20.814  -80.584  -9.129 1.0000000000
70248  -20.100  -81.033  -9.746 1.0000000000
70249  -20.470  -80.342  -9.080 1.0000000000
70250  -20.293  -79.259  -8.127 1.0000000000
70251  -19.845  -79.887  -8.853 1.0000000000
70252  -19.611  -79.733  -8.697 1.0000000000
70253  -18.987  -80.203  -9.303 1.0000000000
70254  -19.403  -79.593  -8.540 1.0000000000
70255  -22.456  -76.391  -5.197 1.0000000000
70256  -21.884  -77.174  -5.794 1.0000000000
70257  -21.678  -76.924  -5.608 1.0000000000
70258  -20.015  -77.751  -6.408 1.0000000000
70259  -20.165  -78.027  -6.625 1.0000000000
70260  -19.488  -78.553  -7.171 1.0000000000
70261  -19.024  -79.224  -7.971 1.0000000000
70262  -18.869  -79.011  -7.603 1.0000000000
70263  -18.183  -79.523  -8.137 1.0000000000
70264  -18.650  -78.801  -7.301 1.0000000000
75642  -21.112  -84.527  -10.173 1.0000000000
75644  -20.759  -84.398  -10.556 1.0000000000
75645  -20.366  -84.241  -10.863 1.0000000000
75646  -21.029  -83.771  -10.286 1.0000000000
75658  -26.140  -81.238  -8.005 1.0000000000
75659  -26.757  -81.321  -8.053 1.0000000000
75662  -24.712  -82.475  -8.145 1.0000000000
75663  -23.701  -83.031  -8.472 1.0000000000
75664  -24.084  -82.367  -8.292 1.0000000000
75665  -23.349  -81.116  -8.439 1.0000000000
75666  -22.943  -81.938  -8.699 1.0000000000
75667  -22.433  -81.668  -8.945 1.0000000000
75668  -21.625  -82.194  -9.534 1.0000000000
75669  -21.937  -81.359  -9.096 1.0000000000
75670  -21.516  -81.076  -9.163 1.0000000000
75671  -22.308  -80.564  -8.643 1.0000000000
75672  -24.358  -78.421  -7.392 1.0000000000
75673  -23.331  -79.011  -7.660 1.0000000000
75674  -23.937  -78.212  -7.176 1.0000000000
75675  -23.469  -78.046  -6.931 1.0000000000
75676  -24.506  -77.470  -6.706 1.0000000000
75677  -28.033  -76.012  -8.691 1.0000000000
75678  -27.283  -76.652  -8.035 1.0000000000
75679  -27.736  -75.890  -8.014 1.0000000000
75680  -27.598  -74.697  -6.821 1.0000000000
75681  -27.039  -75.516  -6.855 1.0000000000
75682  -26.699  -75.320  -6.315 1.0000000000
75683  -25.771  -75.897  -5.989 1.0000000000
75684  -26.396  -75.091  -5.790 1.0000000000
75685  -26.046  -74.876  -5.332 1.0000000000
75686  -27.032  -74.268  -5.663 1.0000000000
75687  -29.070  -71.857  -6.392 1.0000000000
75688  -28.334  -72.555  -5.637 1.0000000000
91240  -18.810  -81.974  -10.903 1.0000000000
91241  -18.460  -82.704  -11.532 1.0000000000
91242  -18.202  -82.385  -11.390 1.0000000000
91243  -16.565  -83.014  -11.995 1.0000000000
91244  -16.874  -83.281  -12.202 1.0000000000
91245  -16.157  -83.776  -12.496 1.0000000000
91248  -15.395  -82.384  -10.368 1.0000000000
91249  -15.649  -82.484  -10.900 1.0000000000
93539  -26.865  -72.518  -4.190 1.0000000000
93540  -25.845  -73.132  -3.975 1.0000000000
93541  -26.567  -72.113  -3.895 1.0000000000
97733  -19.174  -85.219  -12.128 1.0000000000
97734  -18.531  -85.680  -12.591 1.0000000000
97735  -18.741  -84.958  -12.359 1.0000000000
97736  -18.356  -84.605  -12.560 1.0000000000
97737  -17.938  -84.271  -12.598 1.0000000000
102053  -21.651  -79.132  -7.772 1.0000000000
102054  -20.870  -79.627  -8.395 1.0000000000
102055  -21.342  -78.967  -7.687 1.0000000000
102056  -21.025  -78.745  -7.460 1.0000000000
102057  -20.800  -78.601  -7.303 1.0000000000
102058  -21.979  -75.760  -4.836 1.0000000000
102059  -21.424  -76.672  -5.418 1.0000000000
102060  -21.195  -76.325  -5.258 1.0000000000
102061  -20.458  -76.892  -5.664 1.0000000000
102062  -19.731  -77.459  -6.146 1.0000000000
102064  -19.439  -77.108  -6.016 1.0000000000
105292  -21.866  -84.017  -9.599 1.0000000000
105300  -27.485  -79.821  -8.541 1.0000000000
105301  -26.543  -80.474  -8.137 1.0000000000
105302  -25.502  -81.053  -7.950 1.0000000000
105303  -24.470  -81.633  -8.128 1.0000000000
105304  -24.896  -80.847  -8.011 1.0000000000
105305  -24.307  -80.576  -8.106 1.0000000000
105306  -23.796  -80.275  -8.168 1.0000000000
105307  -23.249  -80.007  -8.210 1.0000000000
105308  -24.260  -79.469  -7.937 1.0000000000
105309  -24.785  -78.676  -7.684 1.0000000000
105310  -25.398  -77.831  -7.391 1.0000000000
105311  -28.639  -74.383  -8.902 1.0000000000
105312  -28.115  -75.062  -8.117 1.0000000000
105313  -28.477  -74.218  -8.229 1.0000000000
105314  -28.278  -74.080  -7.549 1.0000000000
105315  -28.136  -73.841  -6.898 1.0000000000
105316  -27.960  -73.653  -6.197 1.0000000000
105317  -28.633  -73.009  -6.951 1.0000000000
114649  -18.280  -81.433  -10.619 1.0000000000
114650  -17.929  -82.122  -11.275 1.0000000000
114651  -17.577  -81.896  -11.149 1.0000000000
114652  -17.000  -82.284  -11.444 1.0000000000
114653  -16.302  -82.789  -11.697 1.0000000000
118415  -24.024  -76.086  -5.295 1.0000000000
118416  -23.055  -76.692  -5.606 1.0000000000
118417  -23.699  -75.904  -5.004 1.0000000000
118418  -23.432  -75.702  -4.762 1.0000000000
118419  -23.137  -75.431  -4.587 1.0000000000
118420  -24.800  -73.781  -3.974 1.0000000000
118421  -23.789  -74.462  -4.122 1.0000000000
118422  -22.861  -75.141  -4.446 1.0000000000
118423  -22.554  -74.758  -4.366 1.0000000000
118424  -22.249  -74.321  -4.380 1.0000000000
118425  -21.906  -73.887  -4.526 1.0000000000
118426  -21.607  -73.479  -4.692 1.0000000000
120944  -28.169  -78.108  -9.160 1.0000000000
120945  -27.741  -77.836  -8.815 1.0000000000
120946  -27.278  -77.609  -8.475 1.0000000000
120947  -28.117  -76.971  -9.077 1.0000000000
120948  -28.358  -76.166  -9.293 1.0000000000
120949  -28.604  -75.377  -9.446 1.0000000000
120950  -29.106  -74.886  -10.921 1.0000000000
120951  -28.933  -74.697  -10.299 1.0000000000
120952  -28.855  -74.509  -9.606 1.0000000000
120953  -29.034  -73.643  -9.741 1.0000000000
120954  -29.173  -72.841  -9.852 1.0000000000
128206  -17.871  -86.198  -13.030 1.0000000000
128212  -17.265  -80.714  -9.598 1.0000000000
128213  -16.810  -81.319  -10.277 1.0000000000
128214  -16.564  -81.215  -9.842 1.0000000000
137363  -20.129  -82.077  -10.411 1.0000000000
137364  -19.485  -82.555  -11.002 1.0000000000
137365  -19.785  -81.777  -10.426 1.0000000000
137366  -19.433  -81.522  -10.325 1.0000000000
137367  -19.164  -81.258  -10.277 1.0000000000
137368  -20.141  -80.096  -9.004 1.0000000000
137369  -19.473  -80.544  -9.585 1.0000000000
137370  -18.879  -81.029  -10.138 1.0000000000
137371  -18.617  -80.808  -9.983 1.0000000000
137372  -18.354  -80.599  -9.803 1.0000000000
137373  -18.117  -80.406  -9.529 1.0000000000
137374  -22.153  -77.327  -6.040 1.0000000000
137375  -21.329  -77.933  -6.519 1.0000000000
137376  -20.567  -78.475  -7.128 1.0000000000
137377  -20.875  -77.514  -6.114 1.0000000000
137378  -20.381  -78.255  -6.861 1.0000000000
137379  -19.856  -78.954  -7.716 1.0000000000
137380  -19.206  -79.418  -8.269 1.0000000000
137381  -18.585  -79.805  -8.770 1.0000000000
137382  -17.917  -80.244  -9.243 1.0000000000
137383  -17.693  -80.136  -8.859 1.0000000000
137384  -17.539  -80.011  -8.412 1.0000000000
137387  -17.824  -79.104  -7.285 1.0000000000
143971  -19.309  -85.991  -11.960 1.0000000000
143973  -19.876  -85.502  -11.358 1.0000000000
143974  -19.507  -85.397  -11.781 1.0000000000
143975  -19.739  -84.736  -11.496 1.0000000000
143976  -19.968  -83.990  -11.179 1.0000000000
143977  -20.228  -83.209  -10.779 1.0000000000
143997  -22.736  -83.551  -8.978 1.0000000000
143998  -22.227  -83.413  -9.345 1.0000000000
143999  -23.536  -82.181  -8.483 1.0000000000
144000  -22.561  -82.717  -9.053 1.0000000000
144001  -21.754  -83.255  -9.663 1.0000000000
144002  -21.318  -83.035  -9.924 1.0000000000
144003  -20.888  -82.711  -10.144 1.0000000000
144004  -20.500  -82.431  -10.304 1.0000000000
144005  -20.776  -81.588  -9.781 1.0000000000
144006  -21.124  -80.832  -9.189 1.0000000000
144007  -21.551  -80.081  -8.539 1.0000000000
144008  -22.812  -79.773  -8.135 1.0000000000
144009  -22.333  -79.582  -8.047 1.0000000000
144010  -22.025  -79.338  -7.888 1.0000000000
144011  -22.525  -78.611  -7.306 1.0000000000
144012  -23.122  -77.826  -6.699 1.0000000000
144013  -23.718  -77.083  -6.135 1.0000000000
144014  -26.829  -77.420  -8.066 1.0000000000
144015  -26.391  -77.271  -7.608 1.0000000000
144016  -25.958  -77.055  -7.115 1.0000000000
144017  -27.402  -75.693  -7.427 1.0000000000
144018  -26.494  -76.289  -6.953 1.0000000000
144019  -25.543  -76.851  -6.725 1.0000000000
144020  -25.135  -76.684  -6.224 1.0000000000
144021  -24.719  -76.483  -5.909 1.0000000000
144022  -24.356  -76.296  -5.608 1.0000000000
144023  -25.046  -75.480  -5.174 1.0000000000
144024  -25.746  -74.616  -4.876 1.0000000000
144025  -26.454  -73.749  -4.672 1.0000000000
144026  -27.734  -73.431  -5.603 1.0000000000
144027  -27.488  -73.111  -5.049 1.0000000000
144028  -27.174  -72.867  -4.564 1.0000000000
144029  -27.851  -71.919  -4.592 1.0000000000
144030  -28.507  -70.900  -4.732 1.0000000000
162736  -18.834  -83.050  -11.597 1.0000000000
162737  -18.172  -83.489  -12.105 1.0000000000
162738  -17.509  -83.929  -12.542 1.0000000000
162739  -17.544  -82.818  -11.874 1.0000000000
162740  -17.192  -83.594  -12.421 1.0000000000
162741  -16.839  -84.423  -12.926 1.0000000000
162742  -16.121  -84.913  -13.216 1.0000000000
162745  -16.404  -81.948  -10.814 1.0000000000
162746  -15.990  -82.599  -11.334 1.0000000000
162747  -15.497  -83.334  -11.892 1.0000000000
162749  -14.651  -83.804  -11.962 1.0000000000
162750  -14.974  -84.042  -12.382 1.0000000000
