#!ascii label  , from subject 40tvs8ref_sym_20 vox2ras=TkReg
416
271  -33.493  -29.863  12.834 1.0000000000
536  -34.462  -20.947  13.292 1.0000000000
1178  -33.207  -21.147  17.685 1.0000000000
1641  -35.775  -28.867  8.744 1.0000000000
2246  -30.624  -26.682  17.296 1.0000000000
2247  -31.072  -26.026  12.103 1.0000000000
2248  -32.519  -25.431  7.337 1.0000000000
2250  -35.122  -19.356  9.357 1.0000000000
3696  -34.537  -29.290  10.785 1.0000000000
4975  -33.733  -21.176  15.426 1.0000000000
4976  -32.175  -23.773  15.048 1.0000000000
4977  -32.539  -23.492  12.640 1.0000000000
4978  -31.681  -25.747  9.617 1.0000000000
4979  -32.794  -22.974  10.427 1.0000000000
6731  -35.384  -18.302  15.966 1.0000000000
9298  -30.692  -28.946  14.630 1.0000000000
9299  -31.816  -23.924  17.480 1.0000000000
9300  -30.694  -26.319  14.727 1.0000000000
9301  -31.370  -28.539  12.086 1.0000000000
9302  -32.382  -28.231  9.714 1.0000000000
9303  -33.578  -27.891  7.535 1.0000000000
9307  -36.494  -18.006  14.025 1.0000000000
9309  -37.662  -17.480  12.117 1.0000000000
9310  -34.934  -20.290  11.270 1.0000000000
9311  -33.158  -22.317  8.131 1.0000000000
11372  -34.692  -29.961  13.515 1.0000000000
11374  -35.136  -29.468  12.600 1.0000000000
11375  -35.619  -29.082  11.656 1.0000000000
11376  -34.027  -29.572  11.822 1.0000000000
12655  -34.139  -21.115  14.341 1.0000000000
12656  -33.287  -22.454  14.079 1.0000000000
12657  -33.532  -22.278  12.970 1.0000000000
12658  -32.661  -23.244  11.492 1.0000000000
12659  -33.676  -22.023  11.882 1.0000000000
15058  -34.985  -18.360  16.934 1.0000000000
16847  -36.679  -28.488  9.690 1.0000000000
20680  -30.815  -26.860  18.446 1.0000000000
20682  -30.345  -28.040  17.237 1.0000000000
20683  -30.492  -29.130  15.916 1.0000000000
20684  -30.296  -27.817  15.984 1.0000000000
20685  -33.169  -21.218  18.808 1.0000000000
20686  -32.479  -22.583  18.752 1.0000000000
20687  -32.509  -22.539  17.576 1.0000000000
20688  -31.494  -24.900  13.561 1.0000000000
20689  -31.345  -25.022  14.875 1.0000000000
20690  -30.837  -26.138  13.448 1.0000000000
20691  -30.657  -27.499  13.309 1.0000000000
20692  -30.982  -27.347  11.973 1.0000000000
20693  -31.837  -28.386  10.887 1.0000000000
20694  -31.324  -27.221  10.732 1.0000000000
20695  -32.076  -25.630  8.463 1.0000000000
20696  -32.325  -26.936  8.407 1.0000000000
20697  -32.887  -26.768  7.302 1.0000000000
20699  -33.447  -26.565  6.239 1.0000000000
20712  -38.085  -17.157  11.095 1.0000000000
20713  -36.525  -18.545  10.679 1.0000000000
20714  -36.303  -18.897  11.704 1.0000000000
20715  -34.986  -19.833  10.262 1.0000000000
20716  -33.892  -21.170  9.873 1.0000000000
20717  -34.013  -20.741  8.914 1.0000000000
25085  -36.170  -28.733  10.683 1.0000000000
25086  -35.166  -29.078  9.745 1.0000000000
27386  -31.292  -25.446  18.517 1.0000000000
27387  -33.408  -21.162  16.547 1.0000000000
27388  -32.698  -22.511  16.382 1.0000000000
27389  -32.987  -22.504  15.229 1.0000000000
27390  -32.363  -23.684  13.808 1.0000000000
27391  -31.642  -24.749  12.291 1.0000000000
27392  -31.336  -25.862  10.789 1.0000000000
27393  -31.819  -24.549  11.088 1.0000000000
27394  -32.022  -24.369  9.909 1.0000000000
27395  -32.265  -24.238  8.775 1.0000000000
27406  -34.169  -20.401  7.738 1.0000000000
29271  -33.122  -30.237  13.893 1.0000000000
31061  -33.848  -19.868  18.879 1.0000000000
31064  -33.944  -19.811  17.803 1.0000000000
31065  -34.206  -19.775  16.721 1.0000000000
31066  -34.561  -19.753  15.683 1.0000000000
31067  -34.996  -19.662  14.671 1.0000000000
38133  -31.438  -29.944  14.732 1.0000000000
38134  -31.801  -29.681  13.484 1.0000000000
38136  -31.858  -24.013  18.635 1.0000000000
38137  -31.174  -25.293  17.358 1.0000000000
38138  -31.959  -23.860  16.271 1.0000000000
38139  -31.211  -25.153  16.112 1.0000000000
38140  -30.602  -26.499  16.051 1.0000000000
38141  -30.439  -27.654  14.643 1.0000000000
38142  -30.972  -28.738  13.323 1.0000000000
38143  -32.222  -29.440  12.350 1.0000000000
38144  -32.705  -29.199  11.249 1.0000000000
38145  -33.338  -29.017  10.139 1.0000000000
38146  -33.898  -28.854  9.041 1.0000000000
38147  -31.801  -27.071  9.546 1.0000000000
38148  -32.943  -28.069  8.612 1.0000000000
38149  -34.593  -28.704  7.938 1.0000000000
38160  -35.911  -18.201  15.009 1.0000000000
38161  -35.481  -19.471  13.662 1.0000000000
38168  -37.127  -17.773  13.096 1.0000000000
38169  -35.906  -19.269  12.692 1.0000000000
38170  -34.694  -20.694  12.243 1.0000000000
38171  -33.818  -21.622  10.860 1.0000000000
38172  -32.931  -22.656  9.288 1.0000000000
38173  -32.656  -23.999  7.582 1.0000000000
38174  -33.441  -22.032  7.014 1.0000000000
38175  -33.074  -23.774  6.462 1.0000000000
38176  -33.088  -25.316  6.212 1.0000000000
42092  -34.068  -29.936  13.173 1.0000000000
42093  -34.901  -29.708  13.049 1.0000000000
42094  -34.306  -29.749  12.683 1.0000000000
42095  -34.568  -29.535  12.200 1.0000000000
42096  -33.750  -29.708  12.310 1.0000000000
43375  -34.304  -21.042  13.818 1.0000000000
43376  -33.875  -21.726  13.661 1.0000000000
43377  -34.000  -21.629  13.131 1.0000000000
43378  -33.624  -22.158  12.436 1.0000000000
43379  -34.110  -21.538  12.608 1.0000000000
47567  -36.228  -28.733  9.210 1.0000000000
47571  -36.113  -28.774  8.232 1.0000000000
51400  -30.699  -26.785  17.883 1.0000000000
51401  -30.513  -27.479  17.863 1.0000000000
51402  -30.442  -27.346  17.272 1.0000000000
51403  -30.319  -27.916  16.614 1.0000000000
51404  -30.417  -27.248  16.662 1.0000000000
51405  -33.164  -21.178  18.236 1.0000000000
51406  -32.809  -21.850  18.222 1.0000000000
51407  -32.854  -21.836  17.632 1.0000000000
51408  -31.220  -25.440  12.847 1.0000000000
51409  -31.127  -25.502  13.494 1.0000000000
51410  -30.966  -26.086  12.765 1.0000000000
51411  -30.821  -26.746  12.679 1.0000000000
51412  -30.956  -26.699  12.006 1.0000000000
51413  -31.158  -27.293  11.334 1.0000000000
51414  -31.119  -26.637  11.368 1.0000000000
51415  -32.300  -25.534  7.920 1.0000000000
51416  -32.398  -26.216  7.859 1.0000000000
51417  -32.627  -26.113  7.327 1.0000000000
51418  -33.156  -26.650  6.775 1.0000000000
51419  -32.918  -26.020  6.766 1.0000000000
51433  -35.765  -18.957  10.023 1.0000000000
51434  -35.690  -19.204  10.484 1.0000000000
51435  -35.062  -19.603  9.817 1.0000000000
51436  -34.481  -20.259  9.636 1.0000000000
51437  -34.533  -20.038  9.142 1.0000000000
57167  -35.079  -29.224  11.202 1.0000000000
57168  -35.884  -28.895  11.173 1.0000000000
57169  -35.377  -29.069  10.699 1.0000000000
57170  -35.649  -28.977  10.220 1.0000000000
57171  -34.876  -29.188  10.244 1.0000000000
61004  -31.675  -24.804  19.102 1.0000000000
61005  -33.562  -21.171  15.983 1.0000000000
61006  -33.193  -21.851  15.884 1.0000000000
61007  -33.361  -21.851  15.314 1.0000000000
61008  -32.952  -22.989  13.385 1.0000000000
61009  -32.842  -23.074  13.941 1.0000000000
61010  -32.456  -23.602  13.222 1.0000000000
61011  -31.959  -24.229  13.016 1.0000000000
61012  -32.059  -24.124  12.455 1.0000000000
61013  -31.728  -24.647  11.716 1.0000000000
61014  -32.148  -23.993  11.887 1.0000000000
61015  -32.724  -23.116  10.931 1.0000000000
61016  -32.292  -23.772  10.708 1.0000000000
61017  -32.356  -23.662  10.129 1.0000000000
61018  -32.131  -24.290  9.354 1.0000000000
61019  -32.440  -23.546  9.604 1.0000000000
64370  -33.765  -30.376  14.138 1.0000000000
68213  -34.072  -19.784  17.264 1.0000000000
68214  -34.477  -19.105  17.340 1.0000000000
68215  -35.166  -18.331  16.449 1.0000000000
68216  -34.806  -19.049  16.319 1.0000000000
68217  -34.986  -19.038  15.822 1.0000000000
68218  -34.764  -19.730  15.169 1.0000000000
68219  -35.214  -18.994  15.347 1.0000000000
85090  -30.569  -29.042  15.263 1.0000000000
85091  -30.838  -29.627  15.315 1.0000000000
85092  -31.015  -29.485  14.668 1.0000000000
85093  -31.616  -29.815  14.107 1.0000000000
85094  -31.172  -29.366  14.037 1.0000000000
85098  -32.119  -23.240  18.104 1.0000000000
85099  -32.154  -23.295  18.685 1.0000000000
85100  -31.801  -23.943  18.050 1.0000000000
85101  -31.503  -24.637  18.020 1.0000000000
85102  -31.487  -24.606  17.417 1.0000000000
85103  -32.463  -23.159  15.757 1.0000000000
85104  -32.340  -23.181  16.332 1.0000000000
85105  -32.071  -23.817  15.663 1.0000000000
85106  -30.976  -25.672  14.774 1.0000000000
85107  -31.268  -25.097  15.500 1.0000000000
85108  -30.907  -25.771  15.409 1.0000000000
85109  -30.879  -25.824  16.078 1.0000000000
85110  -30.620  -26.406  15.416 1.0000000000
85111  -30.433  -27.078  15.329 1.0000000000
85112  -30.510  -26.986  14.685 1.0000000000
85113  -30.904  -28.055  12.671 1.0000000000
85114  -30.748  -28.134  13.333 1.0000000000
85115  -31.165  -28.642  12.698 1.0000000000
85116  -31.520  -29.133  12.796 1.0000000000
85117  -31.747  -29.044  12.188 1.0000000000
85118  -32.493  -29.316  11.785 1.0000000000
85119  -31.971  -28.943  11.609 1.0000000000
85120  -32.112  -28.304  10.298 1.0000000000
85121  -32.514  -28.772  10.472 1.0000000000
85122  -32.815  -28.683  9.908 1.0000000000
85123  -33.624  -28.963  9.589 1.0000000000
85124  -33.088  -28.600  9.342 1.0000000000
85125  -31.487  -25.801  10.203 1.0000000000
85126  -31.471  -26.484  10.144 1.0000000000
85127  -31.682  -26.414  9.563 1.0000000000
85128  -32.890  -27.458  7.936 1.0000000000
85129  -32.594  -27.529  8.480 1.0000000000
85130  -33.254  -27.972  8.070 1.0000000000
85131  -33.727  -28.415  8.243 1.0000000000
85132  -34.030  -28.331  7.703 1.0000000000
85133  -34.927  -28.601  7.449 1.0000000000
85160  -36.192  -18.086  14.519 1.0000000000
85161  -35.747  -18.827  14.364 1.0000000000
85162  -36.050  -18.720  13.884 1.0000000000
85174  -37.943  -17.313  11.611 1.0000000000
85175  -38.148  -16.566  11.694 1.0000000000
85176  -37.923  -16.724  12.221 1.0000000000
85178  -37.741  -16.887  12.772 1.0000000000
85180  -37.453  -17.640  12.625 1.0000000000
85181  -35.554  -19.575  11.482 1.0000000000
85182  -36.126  -19.075  12.201 1.0000000000
85183  -35.438  -19.802  11.980 1.0000000000
85184  -35.255  -19.998  12.434 1.0000000000
85185  -34.818  -20.521  11.760 1.0000000000
85186  -34.265  -21.185  11.567 1.0000000000
85187  -34.351  -20.973  11.075 1.0000000000
85188  -33.454  -21.703  9.010 1.0000000000
85189  -33.381  -21.895  9.590 1.0000000000
85190  -33.031  -22.477  8.712 1.0000000000
85191  -32.690  -23.319  8.390 1.0000000000
85192  -32.865  -23.161  7.826 1.0000000000
85193  -33.923  -21.031  6.769 1.0000000000
85194  -33.740  -21.199  7.336 1.0000000000
85195  -33.621  -21.907  6.434 1.0000000000
85197  -33.298  -23.677  5.902 1.0000000000
85198  -33.264  -24.507  5.744 1.0000000000
85199  -33.025  -24.595  6.308 1.0000000000
94201  -35.715  -29.405  12.996 1.0000000000
94202  -35.942  -29.142  12.554 1.0000000000
94203  -36.186  -28.925  12.090 1.0000000000
94204  -35.374  -29.266  12.130 1.0000000000
94205  -34.821  -29.376  11.711 1.0000000000
94206  -34.272  -29.400  11.314 1.0000000000
96507  -33.929  -21.147  14.881 1.0000000000
96508  -33.531  -21.835  14.757 1.0000000000
96509  -33.727  -21.790  14.202 1.0000000000
96510  -33.425  -22.372  13.528 1.0000000000
96511  -33.046  -22.893  12.798 1.0000000000
96512  -32.620  -23.372  12.055 1.0000000000
96513  -33.115  -22.774  12.230 1.0000000000
96514  -33.181  -22.622  11.684 1.0000000000
96515  -33.227  -22.475  11.184 1.0000000000
100832  -34.843  -18.395  17.446 1.0000000000
100833  -35.064  -17.688  17.505 1.0000000000
100834  -35.228  -17.671  17.006 1.0000000000
110954  -30.645  -27.581  18.429 1.0000000000
110955  -30.396  -28.159  17.826 1.0000000000
110957  -30.452  -29.269  16.542 1.0000000000
110958  -30.320  -28.598  16.570 1.0000000000
110959  -30.334  -28.473  15.925 1.0000000000
110960  -30.404  -28.407  15.269 1.0000000000
110963  -32.805  -21.907  18.774 1.0000000000
110964  -32.461  -22.531  18.170 1.0000000000
110965  -32.157  -23.236  17.520 1.0000000000
110966  -31.836  -24.347  14.324 1.0000000000
110967  -31.760  -24.392  14.971 1.0000000000
110968  -31.430  -24.960  14.229 1.0000000000
110969  -31.063  -25.585  14.144 1.0000000000
110970  -30.765  -26.232  14.069 1.0000000000
110971  -30.572  -26.902  14.002 1.0000000000
110972  -30.688  -26.825  13.333 1.0000000000
110973  -30.800  -27.413  12.633 1.0000000000
110974  -31.112  -27.961  12.016 1.0000000000
110975  -31.560  -28.463  11.474 1.0000000000
110976  -31.311  -27.901  11.365 1.0000000000
110977  -31.523  -27.841  10.773 1.0000000000
110978  -31.788  -27.752  10.191 1.0000000000
110979  -31.861  -25.703  9.014 1.0000000000
110980  -31.869  -26.342  8.963 1.0000000000
110981  -32.145  -26.290  8.404 1.0000000000
110982  -32.602  -26.869  7.837 1.0000000000
110983  -33.203  -27.365  7.388 1.0000000000
110984  -33.884  -27.800  6.976 1.0000000000
110987  -34.131  -27.087  5.796 1.0000000000
111001  -36.736  -17.252  14.136 1.0000000000
111010  -37.395  -17.866  10.898 1.0000000000
111011  -37.254  -18.046  11.415 1.0000000000
111012  -37.061  -18.210  11.921 1.0000000000
111013  -36.428  -18.714  11.202 1.0000000000
111014  -35.651  -19.378  10.973 1.0000000000
111015  -34.993  -20.045  10.761 1.0000000000
111016  -34.422  -20.712  10.573 1.0000000000
111017  -34.433  -20.497  10.105 1.0000000000
111018  -33.951  -20.959  9.377 1.0000000000
111019  -33.538  -21.525  8.465 1.0000000000
119971  -36.374  -28.702  11.640 1.0000000000
119972  -36.643  -28.486  11.157 1.0000000000
119974  -36.423  -28.602  10.197 1.0000000000
119975  -35.932  -28.862  9.723 1.0000000000
119976  -35.478  -28.994  9.215 1.0000000000
125341  -31.028  -26.152  18.461 1.0000000000
125342  -30.937  -26.079  17.903 1.0000000000
125343  -33.289  -21.148  17.109 1.0000000000
125344  -32.928  -21.829  17.039 1.0000000000
125345  -33.047  -21.840  16.454 1.0000000000
125346  -32.838  -22.520  15.807 1.0000000000
125347  -32.589  -23.144  15.136 1.0000000000
125348  -33.135  -22.484  14.646 1.0000000000
125349  -32.722  -23.108  14.547 1.0000000000
125350  -32.268  -23.742  14.407 1.0000000000
125351  -31.905  -24.292  13.678 1.0000000000
125352  -31.553  -24.820  12.915 1.0000000000
125353  -31.309  -25.376  12.174 1.0000000000
125354  -31.197  -25.957  11.439 1.0000000000
125355  -31.395  -25.296  11.524 1.0000000000
125356  -31.524  -25.197  10.912 1.0000000000
125357  -31.651  -25.137  10.309 1.0000000000
125358  -32.211  -23.876  11.300 1.0000000000
125359  -31.932  -24.452  10.496 1.0000000000
125360  -31.798  -25.071  9.720 1.0000000000
125361  -31.939  -25.014  9.161 1.0000000000
125362  -32.099  -24.945  8.587 1.0000000000
125363  -32.316  -24.851  8.022 1.0000000000
125386  -34.599  -19.827  8.632 1.0000000000
125387  -34.676  -19.610  8.091 1.0000000000
129919  -34.545  -30.198  13.947 1.0000000000
129920  -33.906  -30.145  13.672 1.0000000000
129921  -33.240  -30.072  13.351 1.0000000000
134776  -33.512  -20.547  18.842 1.0000000000
134777  -33.525  -20.518  18.282 1.0000000000
134785  -33.878  -19.851  18.340 1.0000000000
134786  -33.571  -20.482  17.726 1.0000000000
134787  -33.669  -20.466  17.185 1.0000000000
134788  -33.799  -20.465  16.629 1.0000000000
134789  -33.955  -20.481  16.086 1.0000000000
134790  -34.624  -19.067  16.831 1.0000000000
134791  -34.374  -19.770  16.200 1.0000000000
134792  -34.138  -20.460  15.551 1.0000000000
134793  -34.332  -20.438  15.023 1.0000000000
134794  -34.558  -20.396  14.487 1.0000000000
134795  -34.746  -20.326  13.964 1.0000000000
155360  -32.155  -30.163  14.252 1.0000000000
155361  -32.408  -30.011  13.668 1.0000000000
155362  -32.595  -29.852  13.098 1.0000000000
155368  -31.941  -24.102  19.170 1.0000000000
155369  -31.575  -24.726  18.581 1.0000000000
155370  -31.213  -25.355  17.949 1.0000000000
155371  -30.882  -25.993  17.320 1.0000000000
155372  -32.595  -22.515  16.981 1.0000000000
155373  -32.234  -23.213  16.927 1.0000000000
155374  -31.873  -23.887  16.878 1.0000000000
155375  -31.669  -24.445  15.591 1.0000000000
155376  -31.574  -24.494  16.208 1.0000000000
155377  -31.515  -24.554  16.817 1.0000000000
155378  -31.176  -25.219  16.737 1.0000000000
155379  -30.857  -25.912  16.709 1.0000000000
155380  -30.599  -26.588  16.685 1.0000000000
155381  -30.404  -27.161  16.010 1.0000000000
155382  -30.357  -27.743  15.291 1.0000000000
155383  -30.485  -28.319  14.610 1.0000000000
155384  -30.531  -27.571  14.000 1.0000000000
155385  -30.622  -28.222  13.969 1.0000000000
155386  -30.836  -28.829  13.987 1.0000000000
155387  -31.310  -29.258  13.394 1.0000000000
155388  -32.004  -29.538  12.925 1.0000000000
155389  -32.830  -29.709  12.547 1.0000000000
155390  -33.094  -29.576  12.014 1.0000000000
155391  -33.326  -29.464  11.491 1.0000000000
155392  -33.604  -29.329  10.973 1.0000000000
155393  -32.222  -28.841  11.051 1.0000000000
155394  -33.012  -29.108  10.692 1.0000000000
155395  -33.915  -29.222  10.430 1.0000000000
155396  -34.234  -29.177  9.862 1.0000000000
155397  -34.531  -29.050  9.337 1.0000000000
155398  -34.822  -28.957  8.836 1.0000000000
155399  -31.268  -26.550  10.746 1.0000000000
155400  -31.568  -27.132  10.141 1.0000000000
155401  -32.027  -27.687  9.590 1.0000000000
155402  -32.032  -27.013  8.965 1.0000000000
155403  -32.315  -27.625  9.015 1.0000000000
155404  -32.665  -28.154  9.141 1.0000000000
155405  -33.391  -28.509  8.772 1.0000000000
155406  -34.244  -28.749  8.496 1.0000000000
155407  -35.173  -28.880  8.312 1.0000000000
155440  -35.630  -18.252  15.478 1.0000000000
155441  -35.474  -18.921  14.896 1.0000000000
155442  -35.231  -19.571  14.167 1.0000000000
155443  -34.952  -20.219  13.457 1.0000000000
155464  -36.786  -17.928  13.538 1.0000000000
155465  -36.827  -18.380  12.402 1.0000000000
155466  -36.565  -18.549  12.881 1.0000000000
155467  -36.295  -18.644  13.373 1.0000000000
155468  -35.723  -19.374  13.163 1.0000000000
155469  -35.147  -20.111  12.948 1.0000000000
155470  -34.608  -20.826  12.761 1.0000000000
155471  -34.173  -21.383  12.065 1.0000000000
155472  -33.747  -21.833  11.351 1.0000000000
155473  -33.297  -22.286  10.650 1.0000000000
155474  -33.863  -21.396  10.371 1.0000000000
155475  -33.339  -22.085  10.130 1.0000000000
155476  -32.859  -22.800  9.890 1.0000000000
155477  -32.554  -23.446  9.009 1.0000000000
155478  -32.452  -24.124  8.175 1.0000000000
155479  -32.538  -24.760  7.430 1.0000000000
155480  -34.078  -20.575  8.293 1.0000000000
155481  -33.627  -21.369  7.920 1.0000000000
155482  -33.280  -22.179  7.576 1.0000000000
155483  -33.413  -22.793  6.166 1.0000000000
155484  -33.222  -22.899  6.702 1.0000000000
155485  -33.014  -23.005  7.275 1.0000000000
155486  -32.842  -23.911  7.004 1.0000000000
155487  -32.767  -24.705  6.857 1.0000000000
155488  -32.801  -25.391  6.773 1.0000000000
155489  -33.228  -25.948  6.177 1.0000000000
