#!ascii label  , from subject 40tvs8ref_sym_20 vox2ras=TkReg
123
1954  -4.547  -26.583  27.284 1.0000000000
1955  -6.055  -31.595  27.342 1.0000000000
4293  -7.121  -29.481  28.254 1.0000000000
8460  -4.232  -28.782  27.010 1.0000000000
8461  -5.968  -26.894  27.892 1.0000000000
8462  -5.057  -29.167  27.233 1.0000000000
8463  -4.540  -31.329  26.741 1.0000000000
18632  -4.374  -25.315  27.409 1.0000000000
18634  -4.252  -26.496  27.219 1.0000000000
18635  -4.156  -27.643  27.087 1.0000000000
18636  -4.361  -27.706  27.114 1.0000000000
18640  -6.556  -30.515  27.761 1.0000000000
18641  -5.982  -29.307  27.609 1.0000000000
18642  -5.481  -30.324  27.288 1.0000000000
18643  -4.742  -30.115  27.013 1.0000000000
18644  -5.111  -31.423  26.956 1.0000000000
18645  -4.824  -32.485  26.637 1.0000000000
18646  -5.563  -32.616  26.922 1.0000000000
26156  -4.547  -24.153  27.660 1.0000000000
26157  -4.775  -25.356  27.536 1.0000000000
26162  -7.178  -31.789  27.963 1.0000000000
26163  -6.660  -32.816  27.455 1.0000000000
35660  -5.443  -25.538  27.852 1.0000000000
35661  -5.043  -26.693  27.477 1.0000000000
35662  -6.542  -28.155  28.040 1.0000000000
35663  -5.475  -28.012  27.510 1.0000000000
35664  -4.740  -27.828  27.231 1.0000000000
35665  -4.512  -28.973  27.037 1.0000000000
35666  -4.318  -29.969  26.905 1.0000000000
49352  -4.447  -25.979  27.331 1.0000000000
49353  -4.296  -25.916  27.304 1.0000000000
49354  -4.365  -26.536  27.240 1.0000000000
49355  -4.299  -27.083  27.164 1.0000000000
49356  -4.434  -27.146  27.187 1.0000000000
49360  -6.300  -31.044  27.557 1.0000000000
49361  -5.983  -30.410  27.501 1.0000000000
49362  -5.752  -30.943  27.315 1.0000000000
49363  -5.272  -30.841  27.134 1.0000000000
49364  -5.519  -31.502  27.120 1.0000000000
49365  -5.320  -32.049  26.927 1.0000000000
49366  -5.791  -32.128  27.122 1.0000000000
58954  -4.786  -24.172  27.756 1.0000000000
58955  -4.663  -24.784  27.598 1.0000000000
58963  -7.446  -31.252  28.248 1.0000000000
58964  -7.726  -31.910  28.372 1.0000000000
58965  -7.507  -32.444  28.082 1.0000000000
78947  -4.200  -28.217  27.045 1.0000000000
78948  -4.129  -28.219  27.034 1.0000000000
78949  -4.162  -28.744  27.008 1.0000000000
78951  -4.167  -29.285  26.971 1.0000000000
78955  -6.255  -26.314  28.129 1.0000000000
78957  -5.694  -26.231  27.858 1.0000000000
78958  -5.242  -26.128  27.661 1.0000000000
78959  -5.469  -26.810  27.654 1.0000000000
78961  -7.096  -28.283  28.388 1.0000000000
78962  -6.854  -28.806  28.154 1.0000000000
78963  -5.493  -29.236  27.407 1.0000000000
78964  -5.727  -28.660  27.560 1.0000000000
78965  -5.272  -28.590  27.374 1.0000000000
78966  -5.068  -27.910  27.352 1.0000000000
78967  -4.885  -28.488  27.222 1.0000000000
78968  -4.615  -28.435  27.118 1.0000000000
78969  -4.733  -29.030  27.114 1.0000000000
78970  -4.623  -30.665  26.888 1.0000000000
78971  -4.500  -30.049  26.936 1.0000000000
78972  -4.423  -30.661  26.817 1.0000000000
78973  -4.262  -30.583  26.793 1.0000000000
78974  -4.367  -31.329  26.681 1.0000000000
78976  -4.451  -31.914  26.611 1.0000000000
78978  -4.720  -32.987  26.510 1.0000000000
78982  -6.997  -33.391  27.556 1.0000000000
107270  -4.160  -26.470  27.207 1.0000000000
107271  -4.099  -27.050  27.138 1.0000000000
107272  -4.206  -27.055  27.150 1.0000000000
107273  -4.241  -27.618  27.101 1.0000000000
107274  -4.271  -28.255  27.046 1.0000000000
107279  -6.555  -26.966  28.199 1.0000000000
107280  -6.840  -30.017  28.009 1.0000000000
107281  -6.566  -29.370  27.918 1.0000000000
107282  -6.260  -29.909  27.681 1.0000000000
107283  -5.729  -29.826  27.450 1.0000000000
107284  -5.258  -29.747  27.259 1.0000000000
107285  -4.880  -29.609  27.121 1.0000000000
107286  -5.051  -30.206  27.127 1.0000000000
107287  -4.916  -30.757  26.989 1.0000000000
107288  -4.781  -31.357  26.823 1.0000000000
107289  -4.669  -31.930  26.682 1.0000000000
107290  -4.944  -31.978  26.773 1.0000000000
107291  -5.137  -32.535  26.751 1.0000000000
107292  -5.340  -33.076  26.738 1.0000000000
122473  -4.464  -24.728  27.535 1.0000000000
122474  -4.556  -25.368  27.461 1.0000000000
122475  -4.655  -25.998  27.404 1.0000000000
122483  -7.404  -30.109  28.380 1.0000000000
122484  -7.139  -30.619  28.120 1.0000000000
122485  -6.866  -31.140  27.853 1.0000000000
122486  -6.624  -31.693  27.629 1.0000000000
122487  -6.370  -32.236  27.383 1.0000000000
122488  -6.934  -32.323  27.714 1.0000000000
122489  -7.241  -32.927  27.816 1.0000000000
147977  -5.676  -24.975  28.060 1.0000000000
147978  -5.251  -24.864  27.871 1.0000000000
147979  -5.072  -25.441  27.684 1.0000000000
147980  -4.882  -26.031  27.504 1.0000000000
147981  -4.766  -26.627  27.370 1.0000000000
147983  -6.822  -27.632  28.279 1.0000000000
147984  -6.245  -27.530  27.951 1.0000000000
147985  -6.278  -28.718  27.831 1.0000000000
147986  -5.989  -28.086  27.752 1.0000000000
147987  -5.713  -27.457  27.687 1.0000000000
147988  -5.246  -27.353  27.477 1.0000000000
147989  -4.888  -27.252  27.348 1.0000000000
147990  -4.634  -27.195  27.252 1.0000000000
147991  -4.529  -27.784  27.148 1.0000000000
147992  -4.434  -28.347  27.070 1.0000000000
147993  -4.350  -28.884  27.002 1.0000000000
147994  -4.609  -29.517  27.031 1.0000000000
147995  -4.418  -29.469  26.970 1.0000000000
147996  -4.268  -29.358  26.972 1.0000000000
147997  -4.195  -29.893  26.898 1.0000000000
148003  -4.570  -32.446  26.553 1.0000000000
148009  -6.079  -32.718  27.155 1.0000000000
148010  -5.819  -33.178  26.945 1.0000000000
