#!ascii label  , from subject 40tvs8ref_sym_20 vox2ras=TkReg
239
1312  -2.518  -11.211  29.486 1.0000000000
1949  -3.221  -7.433  30.017 1.0000000000
1950  -3.573  -15.007  29.231 1.0000000000
3232  -2.697  -14.462  29.029 1.0000000000
3233  -2.157  -13.458  28.943 1.0000000000
4279  -3.698  -8.948  30.104 1.0000000000
4280  -3.340  -11.074  29.741 1.0000000000
4281  -3.784  -12.763  29.729 1.0000000000
6970  -2.343  -8.249  29.639 1.0000000000
6971  -1.645  -7.661  29.141 1.0000000000
6972  -1.917  -10.629  29.189 1.0000000000
8445  -2.619  -5.784  29.881 1.0000000000
8446  -2.808  -9.305  29.775 1.0000000000
8447  -3.044  -12.967  29.393 1.0000000000
8455  -4.017  -15.835  29.209 1.0000000000
11958  -3.872  -7.420  30.270 1.0000000000
11959  -3.923  -9.500  30.172 1.0000000000
11960  -3.746  -10.933  29.944 1.0000000000
11961  -3.951  -11.466  29.977 1.0000000000
15457  -2.434  -9.837  29.582 1.0000000000
15458  -2.191  -9.414  29.473 1.0000000000
15459  -2.263  -10.721  29.407 1.0000000000
15461  -1.811  -13.350  28.713 1.0000000000
18595  -3.396  -6.334  30.072 1.0000000000
18599  -2.896  -6.495  29.952 1.0000000000
18600  -2.700  -7.483  29.883 1.0000000000
18601  -3.002  -8.350  29.912 1.0000000000
18602  -3.399  -12.985  29.514 1.0000000000
18603  -3.179  -12.136  29.528 1.0000000000
18604  -3.293  -14.055  29.315 1.0000000000
18605  -3.205  -15.040  29.056 1.0000000000
18606  -3.435  -15.885  29.005 1.0000000000
18623  -4.107  -14.755  29.475 1.0000000000
24250  -2.542  -12.628  29.293 1.0000000000
24251  -2.300  -12.139  29.249 1.0000000000
24252  -2.426  -13.774  29.051 1.0000000000
26134  -3.631  -6.880  30.148 1.0000000000
26135  -3.423  -8.033  30.031 1.0000000000
26136  -3.253  -9.217  29.914 1.0000000000
26137  -3.448  -9.903  29.933 1.0000000000
26138  -3.583  -11.994  29.728 1.0000000000
26139  -3.619  -13.766  29.467 1.0000000000
31624  -2.238  -6.681  29.671 1.0000000000
31625  -1.885  -6.372  29.418 1.0000000000
31626  -2.068  -7.927  29.457 1.0000000000
31627  -1.824  -9.237  29.210 1.0000000000
31629  -2.020  -12.009  29.081 1.0000000000
35614  -2.475  -7.094  29.791 1.0000000000
35615  -2.540  -8.592  29.725 1.0000000000
35616  -2.652  -10.210  29.646 1.0000000000
35617  -3.116  -10.294  29.752 1.0000000000
35618  -2.918  -11.084  29.615 1.0000000000
35619  -2.732  -11.719  29.508 1.0000000000
35620  -2.846  -13.672  29.232 1.0000000000
35621  -3.081  -15.704  28.880 1.0000000000
35641  -3.996  -13.208  29.750 1.0000000000
35642  -3.885  -14.355  29.464 1.0000000000
35643  -3.803  -15.434  29.214 1.0000000000
35646  -3.680  -16.700  28.928 1.0000000000
42679  -4.044  -9.704  30.220 1.0000000000
42680  -3.942  -10.496  30.085 1.0000000000
42681  -4.073  -10.679  30.118 1.0000000000
46177  -2.487  -10.567  29.542 1.0000000000
46178  -2.371  -10.222  29.521 1.0000000000
46179  -2.400  -10.877  29.469 1.0000000000
49315  -3.315  -6.831  30.060 1.0000000000
49316  -3.262  -5.997  30.071 1.0000000000
49317  -3.174  -6.479  30.043 1.0000000000
49318  -3.017  -5.996  29.987 1.0000000000
49319  -3.069  -7.014  29.991 1.0000000000
49320  -2.949  -7.453  29.947 1.0000000000
49321  -3.101  -7.915  29.968 1.0000000000
49322  -3.489  -14.005  29.380 1.0000000000
49323  -3.343  -13.507  29.417 1.0000000000
49324  -3.420  -14.493  29.286 1.0000000000
49325  -3.362  -14.981  29.168 1.0000000000
49326  -3.501  -15.462  29.128 1.0000000000
55777  -2.602  -13.510  29.166 1.0000000000
55778  -2.478  -13.215  29.168 1.0000000000
55779  -2.550  -14.029  29.064 1.0000000000
58915  -3.780  -8.129  30.181 1.0000000000
58916  -3.752  -7.121  30.201 1.0000000000
58917  -3.655  -7.767  30.148 1.0000000000
58918  -3.533  -7.458  30.097 1.0000000000
58919  -3.555  -8.478  30.070 1.0000000000
58920  -3.426  -9.045  29.995 1.0000000000
58921  -3.584  -9.565  30.017 1.0000000000
58922  -3.763  -11.778  29.846 1.0000000000
58923  -3.660  -11.397  29.843 1.0000000000
58924  -3.684  -12.404  29.724 1.0000000000
58925  -3.593  -13.055  29.592 1.0000000000
58926  -3.709  -13.293  29.596 1.0000000000
69412  -2.286  -7.497  29.659 1.0000000000
69413  -2.160  -7.291  29.570 1.0000000000
69414  -2.240  -8.106  29.567 1.0000000000
69415  -2.079  -10.010  29.347 1.0000000000
69416  -2.027  -9.319  29.359 1.0000000000
69417  -1.868  -9.921  29.207 1.0000000000
69418  -1.661  -9.831  29.033 1.0000000000
69419  -1.709  -10.528  29.023 1.0000000000
69420  -2.234  -12.792  29.102 1.0000000000
69421  -2.173  -12.003  29.188 1.0000000000
69422  -2.086  -12.751  29.013 1.0000000000
69423  -1.615  -13.308  28.561 1.0000000000
69424  -1.726  -12.665  28.752 1.0000000000
78837  -2.592  -4.972  29.856 1.0000000000
78839  -2.528  -5.620  29.837 1.0000000000
78840  -2.457  -6.288  29.803 1.0000000000
78841  -2.555  -6.405  29.855 1.0000000000
78842  -2.753  -8.377  29.838 1.0000000000
78843  -2.611  -8.028  29.821 1.0000000000
78844  -2.663  -8.845  29.771 1.0000000000
78845  -2.602  -9.358  29.694 1.0000000000
78846  -2.719  -9.691  29.716 1.0000000000
78847  -3.307  -10.169  29.835 1.0000000000
78848  -3.198  -9.763  29.843 1.0000000000
78849  -3.247  -10.787  29.738 1.0000000000
78850  -3.123  -12.639  29.444 1.0000000000
78851  -3.074  -11.623  29.561 1.0000000000
78852  -2.978  -12.030  29.510 1.0000000000
78853  -2.825  -11.475  29.564 1.0000000000
78854  -2.888  -12.323  29.461 1.0000000000
78855  -2.774  -12.608  29.396 1.0000000000
78856  -2.967  -13.324  29.313 1.0000000000
78858  -3.159  -15.483  28.929 1.0000000000
78908  -4.080  -12.467  29.882 1.0000000000
78910  -4.066  -15.320  29.339 1.0000000000
78911  -3.999  -14.621  29.464 1.0000000000
78912  -3.954  -15.096  29.338 1.0000000000
78913  -3.836  -14.871  29.335 1.0000000000
78914  -3.919  -15.641  29.217 1.0000000000
78921  -3.804  -16.873  28.924 1.0000000000
78922  -3.741  -17.496  28.759 1.0000000000
88740  -1.765  -7.006  29.288 1.0000000000
88742  -1.542  -6.875  29.114 1.0000000000
95252  -3.960  -6.786  30.359 1.0000000000
95253  -3.986  -7.771  30.333 1.0000000000
95254  -3.896  -8.485  30.234 1.0000000000
95255  -3.810  -9.215  30.140 1.0000000000
95256  -3.727  -10.018  30.031 1.0000000000
95257  -3.834  -10.281  30.057 1.0000000000
95258  -3.836  -11.250  29.954 1.0000000000
95259  -3.847  -12.139  29.847 1.0000000000
101551  -2.401  -8.991  29.620 1.0000000000
101552  -2.279  -8.822  29.564 1.0000000000
101553  -2.326  -9.536  29.551 1.0000000000
101554  -2.238  -10.079  29.455 1.0000000000
101555  -2.107  -10.681  29.308 1.0000000000
101556  -2.098  -14.138  28.769 1.0000000000
101557  -1.999  -13.416  28.837 1.0000000000
101558  -1.912  -14.120  28.641 1.0000000000
107201  -3.358  -5.503  30.068 1.0000000000
107206  -2.853  -5.500  29.938 1.0000000000
107207  -2.708  -5.997  29.917 1.0000000000
107208  -2.655  -6.618  29.895 1.0000000000
107209  -2.769  -6.931  29.927 1.0000000000
107210  -2.847  -7.868  29.887 1.0000000000
107211  -2.911  -8.896  29.829 1.0000000000
107212  -3.360  -11.980  29.635 1.0000000000
107213  -3.250  -11.659  29.614 1.0000000000
107214  -3.282  -12.545  29.524 1.0000000000
107215  -3.224  -13.062  29.434 1.0000000000
107216  -3.182  -13.634  29.322 1.0000000000
107217  -3.124  -14.002  29.242 1.0000000000
107218  -3.241  -14.559  29.191 1.0000000000
107219  -3.294  -15.395  29.051 1.0000000000
107249  -4.143  -14.118  29.626 1.0000000000
107250  -4.213  -14.890  29.480 1.0000000000
113148  -1.518  -8.293  28.989 1.0000000000
113149  -1.427  -7.502  28.949 1.0000000000
118024  -2.529  -11.877  29.403 1.0000000000
118025  -2.391  -11.571  29.388 1.0000000000
118026  -2.419  -12.375  29.277 1.0000000000
118027  -2.354  -12.968  29.146 1.0000000000
118028  -2.305  -13.551  29.017 1.0000000000
118030  -2.386  -14.283  28.933 1.0000000000
122420  -3.605  -6.003  30.144 1.0000000000
122421  -3.515  -6.582  30.105 1.0000000000
122422  -3.423  -7.081  30.066 1.0000000000
122423  -3.330  -7.763  30.020 1.0000000000
122424  -3.233  -8.375  29.968 1.0000000000
122425  -3.335  -8.690  29.974 1.0000000000
122426  -3.354  -9.589  29.920 1.0000000000
122427  -3.403  -10.489  29.844 1.0000000000
122428  -3.610  -10.499  29.939 1.0000000000
122429  -3.513  -10.884  29.844 1.0000000000
122430  -3.451  -11.451  29.746 1.0000000000
122431  -3.479  -12.487  29.619 1.0000000000
122432  -3.528  -13.453  29.486 1.0000000000
122433  -3.603  -14.376  29.349 1.0000000000
136306  -2.180  -5.759  29.645 1.0000000000
136308  -2.078  -6.482  29.554 1.0000000000
136309  -1.977  -7.125  29.442 1.0000000000
136310  -1.863  -7.762  29.315 1.0000000000
136311  -2.141  -8.710  29.468 1.0000000000
136312  -1.950  -8.599  29.339 1.0000000000
136313  -1.747  -8.463  29.181 1.0000000000
136314  -1.616  -9.117  29.027 1.0000000000
136317  -2.274  -11.390  29.338 1.0000000000
136318  -2.128  -11.341  29.253 1.0000000000
136319  -1.961  -11.290  29.141 1.0000000000
136320  -1.912  -12.695  28.899 1.0000000000
147839  -2.369  -6.911  29.738 1.0000000000
147840  -2.394  -7.708  29.713 1.0000000000
147841  -2.579  -7.221  29.856 1.0000000000
147842  -2.499  -7.856  29.763 1.0000000000
147843  -2.442  -8.409  29.684 1.0000000000
147844  -2.492  -9.174  29.654 1.0000000000
147845  -2.543  -9.971  29.618 1.0000000000
147846  -2.589  -10.729  29.572 1.0000000000
147847  -3.144  -8.806  29.920 1.0000000000
147848  -3.063  -9.340  29.846 1.0000000000
147849  -2.965  -9.852  29.757 1.0000000000
147850  -3.149  -11.220  29.639 1.0000000000
147851  -3.017  -10.656  29.670 1.0000000000
147852  -2.862  -10.159  29.707 1.0000000000
147853  -2.770  -10.578  29.653 1.0000000000
147854  -2.695  -10.952  29.588 1.0000000000
147855  -2.619  -11.353  29.514 1.0000000000
147856  -2.633  -12.135  29.416 1.0000000000
147857  -2.684  -13.071  29.281 1.0000000000
147858  -2.771  -14.071  29.123 1.0000000000
147859  -3.062  -14.427  29.125 1.0000000000
147860  -2.963  -14.744  29.037 1.0000000000
147861  -2.889  -15.080  28.958 1.0000000000
147862  -3.025  -16.043  28.812 1.0000000000
147919  -4.081  -11.580  30.003 1.0000000000
147920  -3.959  -12.321  29.865 1.0000000000
147921  -3.883  -13.015  29.734 1.0000000000
147922  -4.045  -14.016  29.611 1.0000000000
147923  -3.940  -13.860  29.609 1.0000000000
147924  -3.824  -13.588  29.596 1.0000000000
147925  -3.756  -14.085  29.461 1.0000000000
147926  -3.704  -14.600  29.334 1.0000000000
147927  -3.690  -15.315  29.206 1.0000000000
147930  -4.070  -16.604  29.066 1.0000000000
147935  -3.749  -16.081  29.086 1.0000000000
147936  -3.631  -15.893  29.084 1.0000000000
147937  -3.574  -16.415  28.945 1.0000000000
