#!ascii label  , from subject 40tvs8ref_sym_20 vox2ras=TkReg
249
449  -14.138  -42.422  3.082 1.0000000000
986  -12.215  -41.184  5.113 1.0000000000
2006  -13.690  -44.394  0.899 1.0000000000
2905  -9.661  -39.931  5.578 1.0000000000
2906  -10.660  -41.207  5.515 1.0000000000
4392  -12.444  -40.854  4.312 1.0000000000
4394  -13.796  -42.145  2.940 1.0000000000
4396  -14.389  -42.776  1.381 1.0000000000
4398  -13.208  -44.919  1.973 1.0000000000
6381  -11.550  -40.390  5.110 1.0000000000
6382  -13.020  -41.391  4.561 1.0000000000
8594  -13.389  -43.282  4.550 1.0000000000
8595  -14.023  -43.470  3.377 1.0000000000
8596  -14.637  -43.869  1.816 1.0000000000
8598  -13.847  -43.534  -0.238 1.0000000000
8599  -14.345  -43.196  0.678 1.0000000000
10585  -8.680  -40.508  5.693 1.0000000000
10586  -9.489  -41.295  5.722 1.0000000000
12072  -13.353  -41.470  3.880 1.0000000000
12073  -13.250  -41.600  3.592 1.0000000000
12074  -13.898  -42.171  3.017 1.0000000000
12075  -14.242  -42.517  2.277 1.0000000000
12076  -14.308  -42.711  2.127 1.0000000000
14472  -11.045  -40.478  5.317 1.0000000000
14473  -10.861  -40.124  5.366 1.0000000000
14474  -11.785  -40.590  5.140 1.0000000000
14475  -12.214  -40.796  4.936 1.0000000000
14476  -12.697  -41.319  4.855 1.0000000000
18942  -14.553  -42.769  0.809 1.0000000000
18950  -13.410  -44.649  1.431 1.0000000000
18951  -13.879  -44.375  2.535 1.0000000000
18952  -14.133  -44.285  1.886 1.0000000000
18953  -14.332  -43.660  2.670 1.0000000000
18954  -14.208  -44.083  1.227 1.0000000000
18961  -14.113  -43.358  0.069 1.0000000000
18962  -14.012  -43.028  -0.378 1.0000000000
18963  -14.310  -42.975  0.102 1.0000000000
23660  -8.096  -39.881  5.758 1.0000000000
23661  -9.989  -40.421  5.521 1.0000000000
23662  -11.567  -41.140  5.316 1.0000000000
26343  -14.474  -42.712  1.663 1.0000000000
26344  -14.433  -42.780  0.783 1.0000000000
26348  -13.378  -45.616  1.109 1.0000000000
26349  -13.530  -45.295  0.593 1.0000000000
30248  -11.853  -40.507  4.834 1.0000000000
30249  -12.650  -40.983  4.552 1.0000000000
30250  -13.676  -41.859  3.877 1.0000000000
36039  -12.323  -42.088  5.241 1.0000000000
36040  -12.924  -42.120  4.950 1.0000000000
36041  -13.565  -44.398  3.175 1.0000000000
36042  -13.793  -43.391  4.014 1.0000000000
36043  -13.410  -42.215  4.629 1.0000000000
36044  -13.877  -42.523  4.173 1.0000000000
36045  -14.190  -42.811  3.545 1.0000000000
36046  -14.377  -42.969  2.788 1.0000000000
36049  -13.492  -44.667  0.092 1.0000000000
36052  -13.819  -44.033  0.287 1.0000000000
36053  -14.215  -43.752  0.613 1.0000000000
36054  -14.483  -43.504  1.174 1.0000000000
36055  -14.459  -43.063  1.865 1.0000000000
36056  -14.389  -42.977  1.067 1.0000000000
36057  -14.412  -42.873  0.515 1.0000000000
41305  -8.409  -40.943  5.788 1.0000000000
41306  -8.911  -41.345  5.827 1.0000000000
42792  -13.765  -41.904  3.601 1.0000000000
42793  -13.655  -41.814  3.466 1.0000000000
42794  -13.965  -42.211  3.098 1.0000000000
42795  -14.097  -42.404  2.630 1.0000000000
42796  -14.255  -42.610  2.605 1.0000000000
45192  -11.597  -40.776  5.201 1.0000000000
45193  -11.432  -40.534  5.214 1.0000000000
45194  -11.894  -40.793  5.099 1.0000000000
45195  -12.203  -40.931  5.003 1.0000000000
45196  -12.471  -41.257  4.972 1.0000000000
49663  -14.583  -42.665  0.513 1.0000000000
49670  -13.579  -44.545  1.180 1.0000000000
49671  -13.789  -44.431  1.615 1.0000000000
49672  -13.891  -44.346  1.322 1.0000000000
49673  -14.186  -44.186  1.560 1.0000000000
49674  -13.949  -44.210  1.042 1.0000000000
49682  -13.926  -42.978  -0.767 1.0000000000
49683  -14.021  -42.934  -0.578 1.0000000000
54791  -7.496  -39.927  5.855 1.0000000000
54792  -9.686  -40.833  5.603 1.0000000000
54793  -9.336  -40.458  5.603 1.0000000000
54794  -10.280  -40.781  5.507 1.0000000000
54795  -10.842  -40.743  5.425 1.0000000000
54796  -11.159  -41.162  5.412 1.0000000000
59254  -12.419  -40.884  4.217 1.0000000000
59255  -13.520  -41.940  3.251 1.0000000000
59257  -13.491  -41.951  3.202 1.0000000000
59259  -13.797  -42.108  2.879 1.0000000000
59262  -14.349  -42.670  1.857 1.0000000000
59263  -14.390  -42.630  1.981 1.0000000000
59264  -14.433  -42.733  1.549 1.0000000000
59265  -14.501  -42.785  1.248 1.0000000000
59266  -14.425  -42.789  1.077 1.0000000000
59271  -13.753  -46.363  1.046 1.0000000000
59273  -13.479  -45.482  0.852 1.0000000000
59274  -13.862  -45.969  0.532 1.0000000000
66455  -11.259  -40.273  5.234 1.0000000000
66457  -11.153  -40.166  5.180 1.0000000000
66459  -11.420  -40.282  5.056 1.0000000000
66461  -11.715  -40.466  4.998 1.0000000000
66462  -12.613  -41.057  4.789 1.0000000000
66463  -12.363  -40.856  4.773 1.0000000000
66464  -12.793  -41.128  4.557 1.0000000000
66465  -13.130  -41.309  4.246 1.0000000000
66466  -13.323  -41.589  4.241 1.0000000000
79880  -13.151  -43.299  4.753 1.0000000000
79881  -12.712  -42.736  5.137 1.0000000000
79882  -12.971  -42.681  4.988 1.0000000000
79883  -12.651  -42.101  5.107 1.0000000000
79884  -13.251  -42.716  4.804 1.0000000000
79886  -13.290  -44.805  2.848 1.0000000000
79887  -13.450  -44.730  2.559 1.0000000000
79888  -14.009  -43.969  2.920 1.0000000000
79889  -13.853  -43.921  3.244 1.0000000000
79890  -13.902  -43.426  3.698 1.0000000000
79891  -13.743  -42.818  4.427 1.0000000000
79892  -13.863  -42.867  4.125 1.0000000000
79893  -13.710  -42.402  4.398 1.0000000000
79894  -13.984  -42.974  3.803 1.0000000000
79895  -14.505  -43.771  2.254 1.0000000000
79896  -14.297  -43.224  3.169 1.0000000000
79897  -14.451  -43.343  2.807 1.0000000000
79898  -14.310  -42.930  3.156 1.0000000000
79899  -14.557  -43.414  2.409 1.0000000000
79906  -13.740  -45.241  0.012 1.0000000000
79913  -13.606  -43.644  -0.315 1.0000000000
79915  -13.846  -43.756  0.009 1.0000000000
79916  -14.060  -43.870  0.419 1.0000000000
79917  -14.066  -43.726  0.117 1.0000000000
79918  -14.252  -43.244  0.404 1.0000000000
79919  -14.295  -43.424  0.604 1.0000000000
79920  -14.404  -43.340  0.906 1.0000000000
79921  -14.487  -43.283  1.548 1.0000000000
79922  -14.437  -43.206  1.199 1.0000000000
79923  -14.441  -43.056  1.438 1.0000000000
79924  -14.421  -43.166  0.871 1.0000000000
79926  -14.373  -42.960  0.328 1.0000000000
79928  -14.411  -42.831  0.235 1.0000000000
92779  -7.710  -40.216  5.802 1.0000000000
92781  -9.065  -40.895  5.702 1.0000000000
92782  -10.081  -41.255  5.621 1.0000000000
95456  -12.950  -41.146  4.108 1.0000000000
95457  -12.926  -41.188  3.970 1.0000000000
95458  -13.320  -41.483  3.699 1.0000000000
95459  -13.613  -41.872  3.297 1.0000000000
95460  -13.847  -42.184  2.957 1.0000000000
95461  -14.079  -42.359  2.632 1.0000000000
95462  -14.080  -42.379  2.618 1.0000000000
95463  -14.217  -42.547  2.199 1.0000000000
95464  -14.343  -42.745  1.712 1.0000000000
99776  -10.465  -40.177  5.467 1.0000000000
99777  -10.351  -39.990  5.470 1.0000000000
99778  -10.931  -40.283  5.338 1.0000000000
99779  -11.349  -40.383  5.246 1.0000000000
99780  -11.678  -40.500  5.150 1.0000000000
99781  -11.858  -40.585  5.054 1.0000000000
99782  -12.058  -40.734  5.051 1.0000000000
99783  -12.436  -41.012  4.912 1.0000000000
99784  -12.878  -41.354  4.759 1.0000000000
107822  -14.552  -42.696  1.144 1.0000000000
107835  -13.354  -43.860  4.177 1.0000000000
107836  -13.292  -44.773  1.692 1.0000000000
107837  -13.579  -44.666  2.240 1.0000000000
107838  -13.688  -44.551  1.926 1.0000000000
107839  -14.017  -44.344  2.210 1.0000000000
107840  -14.160  -43.996  2.597 1.0000000000
107841  -14.151  -43.557  3.026 1.0000000000
107842  -14.313  -44.059  2.237 1.0000000000
107843  -14.433  -44.096  1.855 1.0000000000
107844  -14.439  -43.992  1.464 1.0000000000
107854  -13.826  -43.342  -0.480 1.0000000000
107855  -14.010  -43.499  -0.145 1.0000000000
107857  -14.048  -43.172  -0.155 1.0000000000
107858  -14.199  -43.102  0.121 1.0000000000
107859  -14.329  -43.067  0.382 1.0000000000
107860  -14.172  -42.989  -0.145 1.0000000000
107861  -14.173  -42.902  -0.384 1.0000000000
116643  -7.957  -39.667  5.847 1.0000000000
116644  -8.894  -39.901  5.677 1.0000000000
116645  -8.330  -40.163  5.706 1.0000000000
116646  -9.062  -40.146  5.627 1.0000000000
116647  -9.786  -40.145  5.551 1.0000000000
116648  -10.632  -40.407  5.443 1.0000000000
116649  -11.255  -40.755  5.316 1.0000000000
116650  -11.920  -41.148  5.224 1.0000000000
122904  -14.447  -42.611  2.035 1.0000000000
122905  -14.496  -42.677  1.598 1.0000000000
122906  -14.523  -42.762  1.270 1.0000000000
122907  -14.553  -42.833  0.881 1.0000000000
122916  -13.077  -45.172  1.471 1.0000000000
122917  -13.272  -45.068  1.250 1.0000000000
122918  -13.402  -44.944  0.988 1.0000000000
122919  -13.498  -44.758  0.744 1.0000000000
132568  -12.114  -40.651  4.596 1.0000000000
132569  -11.946  -40.619  4.913 1.0000000000
132570  -12.187  -40.725  4.708 1.0000000000
132571  -12.544  -40.910  4.431 1.0000000000
132572  -13.023  -41.194  4.234 1.0000000000
132573  -13.479  -41.581  3.926 1.0000000000
132574  -13.970  -42.187  3.532 1.0000000000
149090  -10.015  -41.767  5.735 1.0000000000
149092  -11.121  -41.686  5.514 1.0000000000
149094  -11.987  -42.143  5.360 1.0000000000
149095  -11.552  -41.640  5.397 1.0000000000
149096  -11.943  -41.611  5.279 1.0000000000
149097  -12.273  -41.581  5.161 1.0000000000
149098  -12.535  -41.569  5.043 1.0000000000
149101  -13.492  -43.839  3.904 1.0000000000
149102  -13.716  -44.364  2.871 1.0000000000
149103  -13.676  -43.873  3.565 1.0000000000
149104  -13.642  -43.324  4.319 1.0000000000
149105  -13.511  -42.773  4.612 1.0000000000
149106  -13.165  -42.142  4.793 1.0000000000
149107  -12.802  -41.646  4.910 1.0000000000
149108  -13.059  -41.748  4.761 1.0000000000
149109  -13.283  -41.811  4.637 1.0000000000
149110  -13.558  -42.010  4.445 1.0000000000
149111  -14.122  -43.101  3.496 1.0000000000
149112  -14.037  -42.659  3.911 1.0000000000
149113  -13.751  -42.161  4.144 1.0000000000
149114  -13.950  -42.317  3.763 1.0000000000
149115  -14.167  -42.562  3.353 1.0000000000
149116  -14.330  -42.745  2.923 1.0000000000
149123  -13.821  -45.595  0.284 1.0000000000
149124  -13.525  -45.021  0.362 1.0000000000
149125  -13.569  -44.520  0.487 1.0000000000
149133  -13.611  -44.237  0.226 1.0000000000
149134  -13.763  -44.222  0.604 1.0000000000
149135  -14.009  -44.052  0.732 1.0000000000
149136  -14.225  -43.918  0.910 1.0000000000
149137  -14.407  -43.820  1.147 1.0000000000
149138  -14.197  -43.581  0.339 1.0000000000
149139  -14.365  -43.631  0.860 1.0000000000
149140  -14.575  -43.684  1.479 1.0000000000
149141  -14.578  -43.411  1.925 1.0000000000
149142  -14.424  -42.979  2.393 1.0000000000
149143  -14.431  -42.884  2.470 1.0000000000
149144  -14.458  -42.938  2.060 1.0000000000
149145  -14.389  -42.882  1.583 1.0000000000
149146  -14.367  -42.842  1.207 1.0000000000
149147  -14.399  -43.091  0.591 1.0000000000
149148  -14.389  -42.892  0.830 1.0000000000
149149  -14.371  -42.820  0.896 1.0000000000
149150  -14.403  -42.822  0.650 1.0000000000
149151  -14.423  -42.811  0.380 1.0000000000
