#!ascii label  , from subject 40tvs8ref_sym_20 vox2ras=TkReg
259
491  -8.069  -52.914  67.307 1.0000000000
2118  -6.865  -52.082  62.641 1.0000000000
2119  -8.013  -55.523  62.808 1.0000000000
2121  -10.442  -55.091  65.892 1.0000000000
2122  -10.500  -57.403  61.379 1.0000000000
4664  -7.400  -52.521  65.087 1.0000000000
4665  -7.241  -54.027  63.058 1.0000000000
4666  -7.882  -54.399  65.220 1.0000000000
4673  -10.485  -56.190  63.502 1.0000000000
8921  -7.135  -53.704  60.669 1.0000000000
8922  -7.573  -55.361  60.818 1.0000000000
8923  -8.406  -56.531  60.555 1.0000000000
8929  -8.975  -54.538  67.106 1.0000000000
8930  -9.056  -55.569  64.603 1.0000000000
8931  -9.231  -56.540  62.251 1.0000000000
12342  -8.089  -51.855  67.001 1.0000000000
12343  -7.766  -51.693  65.862 1.0000000000
12344  -7.688  -52.724  66.225 1.0000000000
12345  -7.515  -53.533  65.243 1.0000000000
12346  -7.952  -53.700  66.315 1.0000000000
19745  -7.122  -51.325  63.445 1.0000000000
19749  -6.669  -51.899  61.443 1.0000000000
19750  -6.844  -52.713  60.477 1.0000000000
19751  -6.887  -52.859  61.698 1.0000000000
19752  -7.551  -54.881  62.993 1.0000000000
19753  -7.393  -54.760  61.939 1.0000000000
19754  -7.710  -55.441  61.883 1.0000000000
19755  -7.928  -55.980  60.723 1.0000000000
19756  -8.192  -56.008  61.705 1.0000000000
19768  -11.270  -54.791  66.434 1.0000000000
19770  -10.458  -54.635  67.154 1.0000000000
19771  -9.678  -54.429  67.717 1.0000000000
19772  -9.649  -54.894  66.560 1.0000000000
19773  -9.026  -55.074  65.848 1.0000000000
19774  -9.714  -55.419  65.301 1.0000000000
19775  -10.474  -56.737  62.379 1.0000000000
19776  -9.795  -56.439  62.909 1.0000000000
19777  -9.854  -56.941  61.793 1.0000000000
19778  -9.379  -57.060  61.107 1.0000000000
26825  -7.448  -51.524  64.652 1.0000000000
26826  -7.086  -52.305  63.856 1.0000000000
26827  -7.020  -53.037  62.895 1.0000000000
26828  -7.197  -53.269  64.108 1.0000000000
26829  -7.489  -54.224  64.132 1.0000000000
26830  -7.922  -54.998  64.032 1.0000000000
26840  -11.244  -55.304  65.208 1.0000000000
26841  -10.418  -55.666  64.669 1.0000000000
26842  -11.203  -55.876  63.968 1.0000000000
26843  -11.200  -56.469  62.858 1.0000000000
30628  -8.438  -52.014  68.109 1.0000000000
37010  -7.093  -53.873  61.907 1.0000000000
37011  -7.312  -54.593  60.827 1.0000000000
37013  -7.816  -55.960  59.698 1.0000000000
37014  -8.202  -56.572  59.597 1.0000000000
37024  -8.542  -53.115  68.311 1.0000000000
37032  -9.006  -53.928  68.158 1.0000000000
37033  -8.417  -53.904  67.374 1.0000000000
37034  -8.401  -54.543  66.259 1.0000000000
37035  -8.445  -55.127  65.005 1.0000000000
37036  -8.472  -55.611  63.729 1.0000000000
37037  -9.763  -55.929  64.054 1.0000000000
37038  -9.113  -56.068  63.413 1.0000000000
37039  -8.583  -56.077  62.603 1.0000000000
37040  -8.738  -56.601  61.473 1.0000000000
37041  -8.977  -57.099  60.303 1.0000000000
43062  -8.034  -52.402  67.183 1.0000000000
43063  -7.855  -52.303  66.633 1.0000000000
43064  -7.853  -52.835  66.759 1.0000000000
43065  -7.765  -53.228  66.298 1.0000000000
43066  -7.956  -53.308  66.861 1.0000000000
50465  -6.949  -51.696  63.073 1.0000000000
50466  -6.970  -51.227  62.837 1.0000000000
50469  -6.745  -51.995  62.029 1.0000000000
50470  -6.771  -52.380  61.565 1.0000000000
50471  -6.830  -52.477  62.160 1.0000000000
50472  -7.784  -55.205  62.959 1.0000000000
50473  -7.619  -55.163  62.452 1.0000000000
50474  -7.857  -55.467  62.374 1.0000000000
50475  -7.936  -55.735  61.793 1.0000000000
50476  -8.090  -55.752  62.260 1.0000000000
50488  -10.841  -54.941  66.163 1.0000000000
50489  -10.846  -54.705  66.800 1.0000000000
50490  -10.442  -54.843  66.521 1.0000000000
50491  -10.048  -54.770  66.850 1.0000000000
50492  -10.055  -54.998  66.228 1.0000000000
50493  -9.681  -55.148  65.936 1.0000000000
50494  -10.086  -55.259  65.599 1.0000000000
50495  -10.476  -57.061  61.873 1.0000000000
50496  -10.160  -56.831  62.109 1.0000000000
50497  -10.179  -57.171  61.581 1.0000000000
50498  -9.906  -57.239  61.249 1.0000000000
50499  -10.230  -57.481  61.026 1.0000000000
50501  -10.550  -57.745  60.884 1.0000000000
60065  -7.573  -52.100  65.491 1.0000000000
60066  -7.614  -51.612  65.259 1.0000000000
60067  -7.403  -52.001  64.891 1.0000000000
60068  -7.234  -51.913  64.275 1.0000000000
60069  -7.242  -52.410  64.478 1.0000000000
60070  -7.126  -52.784  64.015 1.0000000000
60071  -7.262  -52.897  64.625 1.0000000000
60072  -7.663  -53.993  65.252 1.0000000000
60073  -7.484  -53.876  64.685 1.0000000000
60074  -7.640  -54.311  64.673 1.0000000000
60075  -7.669  -54.637  64.111 1.0000000000
60076  -7.888  -54.709  64.643 1.0000000000
60093  -11.218  -55.589  64.596 1.0000000000
60094  -11.584  -55.691  64.229 1.0000000000
60096  -11.579  -56.298  63.061 1.0000000000
60097  -11.531  -56.631  62.550 1.0000000000
60098  -11.178  -56.800  62.346 1.0000000000
82287  -7.002  -53.196  60.558 1.0000000000
82289  -7.159  -53.638  60.053 1.0000000000
82292  -7.117  -53.545  63.007 1.0000000000
82293  -7.050  -53.451  62.408 1.0000000000
82294  -7.165  -53.936  62.522 1.0000000000
82295  -7.472  -55.052  61.384 1.0000000000
82296  -7.337  -54.659  61.407 1.0000000000
82297  -7.436  -54.995  60.836 1.0000000000
82300  -7.663  -55.663  59.700 1.0000000000
82301  -7.693  -55.672  60.255 1.0000000000
82302  -8.128  -56.268  60.662 1.0000000000
82303  -8.065  -56.263  60.149 1.0000000000
82304  -8.276  -56.554  60.103 1.0000000000
82329  -8.845  -53.161  68.688 1.0000000000
82348  -9.322  -54.486  67.435 1.0000000000
82349  -9.340  -54.208  67.985 1.0000000000
82350  -8.993  -54.239  67.679 1.0000000000
82351  -8.685  -53.934  67.814 1.0000000000
82352  -8.696  -54.246  67.293 1.0000000000
82353  -8.416  -54.221  66.835 1.0000000000
82354  -8.686  -54.555  66.714 1.0000000000
82355  -9.040  -55.320  65.200 1.0000000000
82356  -8.731  -55.118  65.437 1.0000000000
82357  -8.735  -55.366  64.800 1.0000000000
82358  -8.447  -55.381  64.359 1.0000000000
82359  -8.758  -55.606  64.189 1.0000000000
82360  -10.463  -55.925  64.092 1.0000000000
82361  -10.096  -55.810  64.378 1.0000000000
82362  -10.123  -56.065  63.788 1.0000000000
82363  -9.489  -56.512  62.574 1.0000000000
82364  -9.466  -56.250  63.120 1.0000000000
82365  -9.161  -56.301  62.828 1.0000000000
82366  -8.831  -56.092  63.017 1.0000000000
82367  -8.907  -56.321  62.462 1.0000000000
82368  -8.682  -56.303  62.055 1.0000000000
82369  -8.984  -56.566  61.902 1.0000000000
82370  -9.437  -57.380  60.518 1.0000000000
82371  -9.176  -57.095  60.721 1.0000000000
82372  -9.261  -57.414  60.134 1.0000000000
82373  -9.037  -57.443  59.757 1.0000000000
95944  -7.957  -51.758  66.446 1.0000000000
95945  -7.749  -52.193  66.077 1.0000000000
95946  -7.568  -52.620  65.659 1.0000000000
95947  -7.436  -53.031  65.200 1.0000000000
95948  -7.590  -53.127  65.759 1.0000000000
95949  -7.706  -53.619  65.791 1.0000000000
95950  -7.918  -54.071  65.774 1.0000000000
109275  -6.597  -51.803  60.804 1.0000000000
109277  -6.720  -52.299  60.963 1.0000000000
109278  -6.862  -52.779  61.077 1.0000000000
109279  -6.998  -53.270  61.194 1.0000000000
109280  -7.379  -54.481  63.038 1.0000000000
109281  -7.304  -54.396  62.509 1.0000000000
109282  -7.429  -54.817  62.481 1.0000000000
109283  -7.491  -55.124  61.934 1.0000000000
109284  -7.602  -55.399  61.344 1.0000000000
109285  -7.737  -55.689  60.783 1.0000000000
109286  -7.800  -55.711  61.311 1.0000000000
109287  -8.026  -56.012  61.225 1.0000000000
109288  -8.308  -56.258  61.141 1.0000000000
109310  -11.268  -54.583  67.017 1.0000000000
109311  -10.858  -54.510  67.385 1.0000000000
109312  -10.458  -54.453  67.715 1.0000000000
109314  -10.059  -54.565  67.442 1.0000000000
109315  -9.656  -54.663  67.150 1.0000000000
109316  -9.322  -54.739  66.829 1.0000000000
109317  -8.997  -54.811  66.490 1.0000000000
109318  -9.343  -54.996  66.214 1.0000000000
109319  -9.361  -55.254  65.582 1.0000000000
109320  -9.385  -55.516  64.952 1.0000000000
109321  -10.481  -56.449  62.914 1.0000000000
109322  -10.133  -56.314  63.213 1.0000000000
109323  -10.143  -56.557  62.659 1.0000000000
109324  -9.820  -56.698  62.357 1.0000000000
109325  -9.543  -56.739  62.019 1.0000000000
109326  -9.303  -56.787  61.683 1.0000000000
109327  -9.601  -57.010  61.464 1.0000000000
109328  -9.658  -57.312  60.926 1.0000000000
124027  -7.862  -51.222  65.591 1.0000000000
124028  -7.740  -51.144  64.982 1.0000000000
124029  -7.560  -51.072  64.376 1.0000000000
124030  -7.281  -51.451  64.037 1.0000000000
124031  -7.074  -51.813  63.658 1.0000000000
124032  -6.994  -52.188  63.229 1.0000000000
124033  -6.950  -52.561  62.770 1.0000000000
124034  -7.032  -52.660  63.371 1.0000000000
124035  -7.092  -53.154  63.493 1.0000000000
124036  -7.200  -53.665  63.575 1.0000000000
124037  -7.364  -53.409  64.675 1.0000000000
124038  -7.339  -53.786  64.136 1.0000000000
124039  -7.351  -54.150  63.598 1.0000000000
124040  -7.518  -54.567  63.575 1.0000000000
124041  -7.722  -54.945  63.535 1.0000000000
124042  -7.958  -55.268  63.415 1.0000000000
124063  -11.274  -55.031  65.788 1.0000000000
124064  -10.839  -55.213  65.561 1.0000000000
124065  -10.436  -55.371  65.276 1.0000000000
124066  -10.836  -55.486  64.980 1.0000000000
124067  -10.838  -55.756  64.404 1.0000000000
124068  -10.846  -56.054  63.771 1.0000000000
124069  -11.581  -55.990  63.632 1.0000000000
124070  -11.221  -56.147  63.378 1.0000000000
124071  -10.844  -56.328  63.171 1.0000000000
124072  -10.831  -56.616  62.623 1.0000000000
124073  -10.819  -56.945  62.105 1.0000000000
133599  -8.249  -51.951  67.570 1.0000000000
133600  -8.231  -52.490  67.721 1.0000000000
151994  -6.938  -52.952  62.303 1.0000000000
151995  -6.989  -53.371  61.806 1.0000000000
151996  -7.098  -53.804  61.285 1.0000000000
151997  -7.235  -54.321  61.974 1.0000000000
151998  -7.209  -54.251  61.376 1.0000000000
151999  -7.217  -54.200  60.746 1.0000000000
152000  -7.304  -54.512  60.213 1.0000000000
152005  -7.950  -56.281  59.165 1.0000000000
152006  -7.872  -55.975  60.210 1.0000000000
152007  -8.009  -56.267  59.637 1.0000000000
152008  -8.099  -56.609  59.095 1.0000000000
152036  -8.650  -52.122  68.556 1.0000000000
152037  -8.468  -52.595  68.218 1.0000000000
152038  -8.304  -53.005  67.842 1.0000000000
152063  -8.739  -53.584  68.273 1.0000000000
152064  -8.418  -53.562  67.891 1.0000000000
152065  -8.199  -53.415  67.394 1.0000000000
152066  -8.163  -53.794  66.886 1.0000000000
152067  -8.166  -54.139  66.333 1.0000000000
152068  -8.137  -54.462  65.739 1.0000000000
152069  -8.697  -54.853  66.090 1.0000000000
152070  -8.431  -54.839  65.634 1.0000000000
152071  -8.162  -54.775  65.139 1.0000000000
152072  -8.196  -55.073  64.533 1.0000000000
152073  -8.184  -55.328  63.889 1.0000000000
152074  -8.224  -55.563  63.293 1.0000000000
152075  -10.084  -55.538  64.985 1.0000000000
152076  -9.742  -55.681  64.670 1.0000000000
152077  -9.405  -55.752  64.345 1.0000000000
152078  -9.777  -56.175  63.463 1.0000000000
152079  -9.439  -55.998  63.717 1.0000000000
152080  -9.079  -55.824  64.020 1.0000000000
152081  -8.797  -55.856  63.589 1.0000000000
152082  -8.521  -55.844  63.159 1.0000000000
152083  -8.294  -55.793  62.740 1.0000000000
152084  -8.366  -56.042  62.182 1.0000000000
152085  -8.484  -56.280  61.605 1.0000000000
152086  -8.581  -56.545  61.024 1.0000000000
152087  -9.051  -56.837  61.328 1.0000000000
152088  -8.852  -56.837  60.892 1.0000000000
152089  -8.685  -56.806  60.444 1.0000000000
152090  -8.760  -57.126  59.929 1.0000000000
