#!ascii label  , from subject 40tvs8ref_sym_20 vox2ras=TkReg
1218
35  34.307  -25.957  13.317 7.0000000000
89  27.479  -33.182  -14.020 7.0000000000
321  34.639  -35.529  6.177 7.0000000000
596  30.800  -37.109  -7.781 6.0000000000
800  35.516  -29.681  7.230 6.0000000000
801  34.422  -31.010  10.042 7.0000000000
986  25.342  -31.572  -16.948 7.0000000000
1322  34.130  -36.718  -0.823 6.0000000000
1323  34.347  -34.668  -4.266 7.0000000000
1324  31.227  -39.290  -4.457 6.0000000000
1527  24.138  -38.066  -14.090 7.0000000000
1528  22.817  -36.299  -17.008 7.0000000000
1730  35.405  -33.725  3.081 7.0000000000
1731  33.587  -38.841  2.559 6.0000000000
2006  21.950  -34.564  -19.530 7.0000000000
2390  32.939  -32.296  13.019 7.0000000000
2391  33.685  -37.380  9.409 6.0000000000
2392  32.994  -41.173  6.031 6.0000000000
2424  29.449  -35.043  -10.968 7.0000000000
2717  34.951  -22.922  13.449 7.0000000000
2719  35.038  -25.484  12.011 7.0000000000
2720  35.001  -27.952  10.410 7.0000000000
2721  34.317  -28.514  11.741 7.0000000000
2905  27.597  -30.409  -15.427 7.0000000000
2906  26.396  -32.343  -15.520 7.0000000000
3242  32.702  -39.109  -0.938 6.0000000000
3243  32.891  -38.014  -2.665 6.0000000000
3842  35.064  -32.580  6.672 7.0000000000
3843  35.503  -31.809  5.209 7.0000000000
3844  35.026  -34.609  4.616 7.0000000000
3845  34.647  -36.301  2.696 7.0000000000
3846  34.303  -37.326  4.331 7.0000000000
4398  22.332  -35.430  -18.313 7.0000000000
5333  33.399  -34.920  11.260 7.0000000000
5410  32.832  -35.865  -6.102 6.0000000000
5411  34.141  -33.628  -5.965 7.0000000000
5412  32.427  -34.834  -7.764 7.0000000000
5413  31.773  -33.818  -9.375 7.0000000000
5414  30.227  -36.057  -9.383 7.0000000000
5415  27.607  -37.416  -10.943 6.0000000000
6050  34.984  -30.339  8.622 7.0000000000
6051  34.615  -33.373  8.163 7.0000000000
6381  26.328  -29.706  -16.791 7.0000000000
6382  24.323  -30.846  -18.273 7.0000000000
6988  35.253  -34.383  -0.598 6.0000000000
6990  34.310  -35.700  -2.547 6.0000000000
6991  32.969  -36.926  -4.390 6.0000000000
6992  31.145  -38.170  -6.142 6.0000000000
7401  25.857  -35.512  -14.087 7.0000000000
7402  24.943  -34.628  -15.602 7.0000000000
7403  23.430  -37.169  -15.607 7.0000000000
7879  34.977  -35.331  1.074 7.0000000000
7880  33.876  -37.749  0.876 6.0000000000
7881  32.460  -40.237  0.792 6.0000000000
8465  34.749  -20.276  14.770 7.0000000000
8466  34.266  -23.386  14.800 7.0000000000
8594  24.137  -33.781  -17.026 7.0000000000
8595  23.405  -32.992  -18.374 7.0000000000
8596  22.715  -32.229  -19.626 7.0000000000
9701  33.464  -26.422  14.721 6.0000000000
9728  33.512  -29.071  13.124 7.0000000000
9729  33.742  -31.669  11.478 7.0000000000
9730  34.074  -34.155  9.683 7.0000000000
9731  34.216  -36.462  7.766 7.0000000000
9733  33.538  -39.427  7.695 6.0000000000
9734  33.949  -38.379  5.995 7.0000000000
9735  33.294  -40.007  4.279 6.0000000000
9736  32.207  -41.445  2.556 6.0000000000
9819  29.945  -31.969  -12.463 7.0000000000
9823  35.444  -32.381  -3.960 7.0000000000
9827  30.936  -32.851  -10.951 7.0000000000
9828  28.507  -34.087  -12.516 7.0000000000
9829  26.778  -36.441  -12.523 7.0000000000
10397  34.681  -24.444  13.397 7.0000000000
10398  35.014  -24.215  12.747 7.0000000000
10399  34.698  -25.717  12.655 7.0000000000
10400  34.691  -26.977  11.883 7.0000000000
10401  34.306  -27.238  12.541 7.0000000000
10584  28.210  -32.124  -13.983 7.0000000000
10585  27.631  -31.722  -14.736 7.0000000000
10586  26.942  -32.751  -14.770 7.0000000000
10922  31.862  -40.350  -0.968 6.0000000000
10923  31.965  -39.778  -1.839 6.0000000000
11522  34.877  -34.054  6.399 7.0000000000
11523  35.080  -33.629  5.643 7.0000000000
11524  34.834  -35.063  5.395 7.0000000000
11525  34.700  -35.979  4.431 7.0000000000
11526  34.516  -36.471  5.236 7.0000000000
12072  24.094  -29.601  -18.794 6.0000000000
13090  31.888  -36.482  -6.962 6.0000000000
13091  32.662  -35.352  -6.942 7.0000000000
13092  31.668  -35.960  -7.782 7.0000000000
13093  31.390  -35.436  -8.589 7.0000000000
13094  30.539  -36.580  -8.585 6.0000000000
13095  29.291  -37.230  -9.369 6.0000000000
13096  29.586  -37.754  -8.575 6.0000000000
13922  34.683  -29.464  10.223 7.0000000000
13923  34.981  -29.160  9.536 7.0000000000
13924  34.715  -30.673  9.330 7.0000000000
13925  34.777  -31.843  8.393 7.0000000000
13926  34.517  -32.210  9.128 7.0000000000
14472  26.449  -30.963  -16.195 7.0000000000
14473  26.963  -30.051  -16.127 7.0000000000
14474  25.872  -30.598  -16.879 7.0000000000
14475  25.294  -30.248  -17.533 7.0000000000
14476  24.836  -31.203  -17.622 7.0000000000
15487  34.729  -35.552  -0.731 6.0000000000
15488  34.832  -35.060  -1.589 6.0000000000
15489  34.233  -36.209  -1.682 6.0000000000
15490  32.117  -38.650  -3.568 6.0000000000
15491  32.949  -37.470  -3.527 6.0000000000
15492  32.147  -38.089  -4.427 6.0000000000
15493  32.130  -37.536  -5.281 6.0000000000
15494  31.216  -38.721  -5.304 6.0000000000
16269  25.008  -36.750  -14.103 7.0000000000
16270  24.590  -36.304  -14.875 7.0000000000
16271  23.776  -37.610  -14.860 7.0000000000
17290  35.482  -32.802  4.143 7.0000000000
17294  35.591  -33.285  2.309 7.0000000000
17295  35.411  -34.106  1.255 7.0000000000
17296  35.241  -34.566  2.056 7.0000000000
17297  34.154  -37.568  2.608 7.0000000000
17298  34.313  -37.044  1.783 7.0000000000
17299  33.732  -38.284  1.716 6.0000000000
17300  33.209  -38.979  0.822 6.0000000000
17301  33.074  -39.544  1.677 6.0000000000
18648  34.639  -18.932  15.404 7.0000000000
18649  34.459  -20.530  15.475 7.0000000000
18650  34.552  -21.851  14.802 7.0000000000
18651  34.213  -22.088  15.513 6.0000000000
18947  23.819  -35.432  -16.341 7.0000000000
18948  24.525  -34.196  -16.325 7.0000000000
18949  23.482  -35.002  -17.034 7.0000000000
18950  22.131  -34.996  -18.933 7.0000000000
18951  22.884  -34.170  -18.360 7.0000000000
18952  22.612  -33.763  -18.993 7.0000000000
18953  23.057  -32.606  -19.015 7.0000000000
18954  22.353  -33.360  -19.601 7.0000000000
18961  21.873  -32.580  -20.751 6.0000000000
21756  33.078  -29.339  13.874 7.0000000000
21757  33.191  -30.677  13.057 7.0000000000
21758  33.605  -30.384  12.313 7.0000000000
21759  33.356  -31.990  12.226 7.0000000000
21760  33.589  -36.189  10.331 7.0000000000
21761  33.753  -34.541  10.459 7.0000000000
21762  33.908  -35.771  9.517 7.0000000000
21763  34.194  -35.347  8.721 7.0000000000
21764  33.966  -36.924  8.580 7.0000000000
21770  33.318  -40.331  6.865 6.0000000000
21771  33.752  -38.906  6.840 6.0000000000
21772  33.503  -39.779  5.999 6.0000000000
21773  33.674  -39.223  5.139 6.0000000000
21774  33.147  -40.592  5.152 6.0000000000
21990  34.948  -34.054  -3.296 7.0000000000
21991  35.472  -32.895  -3.120 7.0000000000
21992  34.932  -33.536  -4.142 7.0000000000
21993  33.932  -33.123  -6.802 7.0000000000
21994  34.685  -32.507  -5.834 7.0000000000
22000  30.663  -34.415  -10.183 7.0000000000
22001  31.378  -33.328  -10.170 7.0000000000
22002  30.235  -33.921  -10.967 7.0000000000
22003  29.766  -33.447  -11.739 7.0000000000
22004  28.995  -34.556  -11.747 7.0000000000
22005  27.673  -35.241  -12.520 7.0000000000
22006  28.141  -35.718  -11.742 7.0000000000
23323  35.118  -21.363  13.470 7.0000000000
23325  35.216  -22.688  12.810 7.0000000000
23326  35.288  -23.987  12.113 7.0000000000
23327  35.321  -25.253  11.373 7.0000000000
23328  35.319  -26.480  10.585 7.0000000000
23329  35.028  -26.727  11.235 7.0000000000
23330  34.680  -28.227  11.074 7.0000000000
23331  34.354  -29.776  10.910 7.0000000000
23659  28.736  -29.860  -14.635 7.0000000000
23660  28.228  -30.774  -14.699 7.0000000000
23661  27.037  -31.340  -15.480 7.0000000000
23662  25.859  -31.952  -16.249 7.0000000000
24268  33.456  -37.902  -0.891 6.0000000000
24269  33.559  -37.373  -1.750 6.0000000000
24270  32.805  -38.560  -1.803 6.0000000000
24271  32.052  -39.212  -2.706 6.0000000000
24272  31.193  -39.870  -3.601 6.0000000000
25348  35.258  -31.124  6.953 7.0000000000
25349  35.505  -30.765  6.242 7.0000000000
25350  35.281  -32.195  5.939 7.0000000000
25351  35.281  -33.215  4.890 7.0000000000
25352  35.216  -34.164  3.845 7.0000000000
25353  35.064  -35.028  2.845 7.0000000000
25354  34.883  -35.497  3.633 7.0000000000
25355  34.474  -36.808  3.508 7.0000000000
25356  33.995  -38.111  3.441 7.0000000000
26345  21.923  -37.237  -17.597 7.0000000000
26346  22.559  -35.865  -17.671 7.0000000000
26347  21.751  -36.788  -18.228 7.0000000000
26348  21.614  -36.330  -18.839 7.0000000000
26349  21.505  -35.869  -19.425 6.0000000000
28031  33.166  -33.618  12.157 7.0000000000
28170  33.644  -35.264  -5.201 7.0000000000
28171  34.280  -34.145  -5.119 7.0000000000
28172  33.526  -34.746  -6.053 7.0000000000
28173  33.338  -34.234  -6.891 7.0000000000
28174  33.085  -33.724  -7.714 7.0000000000
28175  32.775  -33.226  -8.528 7.0000000000
28176  32.127  -34.319  -8.572 7.0000000000
28177  31.052  -34.920  -9.388 7.0000000000
28178  29.861  -35.544  -10.178 7.0000000000
28179  28.573  -36.208  -10.956 7.0000000000
28180  28.956  -36.713  -10.162 6.0000000000
29475  35.542  -28.557  8.175 6.0000000000
29476  35.293  -27.681  9.742 7.0000000000
29477  35.262  -28.860  8.852 7.0000000000
29478  35.247  -30.010  7.923 7.0000000000
29479  35.019  -31.480  7.668 7.0000000000
29480  34.846  -32.972  7.412 7.0000000000
29481  34.668  -34.489  7.164 7.0000000000
30245  28.070  -29.513  -15.348 7.0000000000
30246  27.387  -29.178  -16.034 7.0000000000
30248  25.689  -29.378  -17.428 7.0000000000
30249  24.699  -29.914  -18.169 7.0000000000
30250  23.801  -30.509  -18.907 7.0000000000
31668  35.361  -33.899  -1.444 6.0000000000
31669  34.909  -34.562  -2.447 6.0000000000
31670  34.352  -35.188  -3.409 6.0000000000
31671  33.641  -36.846  -2.613 6.0000000000
31672  33.690  -36.319  -3.479 6.0000000000
31673  33.696  -35.791  -4.341 6.0000000000
31674  32.936  -36.387  -5.249 6.0000000000
31675  32.045  -37.001  -6.127 6.0000000000
31676  31.005  -37.637  -6.967 6.0000000000
31677  29.830  -38.286  -7.776 6.0000000000
31678  30.018  -38.828  -6.971 6.0000000000
32703  26.684  -34.322  -14.058 7.0000000000
32704  26.181  -33.877  -14.815 7.0000000000
32705  25.391  -35.069  -14.855 7.0000000000
32706  24.190  -35.868  -15.623 7.0000000000
32707  23.109  -36.733  -16.323 7.0000000000
32708  22.643  -38.559  -15.550 6.0000000000
32709  22.373  -38.117  -16.265 7.0000000000
32710  22.132  -37.677  -16.946 7.0000000000
32711  21.242  -38.725  -17.495 6.0000000000
34003  35.567  -33.646  0.440 6.0000000000
34004  35.124  -34.857  0.245 7.0000000000
34005  34.605  -36.042  0.117 7.0000000000
34006  34.816  -35.811  1.889 7.0000000000
34007  34.465  -36.537  0.955 7.0000000000
34008  34.010  -37.230  0.029 6.0000000000
34009  33.339  -38.435  -0.032 6.0000000000
34010  32.586  -39.665  -0.074 6.0000000000
34011  31.748  -40.933  -0.092 6.0000000000
35671  34.788  -17.302  15.315 6.0000000000
35672  34.891  -18.664  14.712 6.0000000000
35673  35.005  -20.019  14.100 7.0000000000
35674  34.859  -21.607  14.120 7.0000000000
35675  34.631  -23.156  14.112 7.0000000000
35676  34.298  -24.674  14.070 7.0000000000
36038  25.688  -33.445  -15.561 7.0000000000
36039  25.213  -33.032  -16.291 7.0000000000
36040  24.758  -32.637  -16.998 7.0000000000
36041  23.174  -34.582  -17.706 7.0000000000
36042  23.764  -33.383  -17.709 7.0000000000
36043  24.320  -32.255  -17.682 7.0000000000
36044  23.890  -31.879  -18.346 7.0000000000
36045  23.458  -31.515  -18.985 7.0000000000
36046  23.028  -31.168  -19.599 7.0000000000
36052  21.783  -34.135  -20.108 7.0000000000
36053  22.107  -32.965  -20.184 7.0000000000
36054  22.386  -31.866  -20.214 7.0000000000
39340  33.892  -24.897  14.766 7.0000000000
39341  33.891  -26.192  14.000 7.0000000000
39421  33.469  -27.744  13.925 7.0000000000
39422  33.894  -27.495  13.219 7.0000000000
39423  33.924  -28.797  12.421 7.0000000000
39424  33.992  -30.085  11.603 7.0000000000
39425  34.098  -31.345  10.755 7.0000000000
39426  33.553  -33.276  11.365 7.0000000000
39427  33.908  -32.925  10.606 7.0000000000
39428  34.229  -32.572  9.865 7.0000000000
39429  34.360  -33.769  8.921 7.0000000000
39430  34.444  -34.922  7.938 7.0000000000
39431  34.436  -35.998  6.966 7.0000000000
39437  33.664  -38.454  8.533 6.0000000000
39438  33.909  -37.965  7.690 7.0000000000
39439  34.129  -37.467  6.861 7.0000000000
39440  34.329  -36.968  6.045 7.0000000000
39441  34.130  -37.851  5.160 7.0000000000
39442  33.836  -38.665  4.285 7.0000000000
39443  33.441  -39.419  3.413 6.0000000000
39444  32.677  -41.352  4.299 6.0000000000
39445  32.805  -40.740  3.417 6.0000000000
39446  32.938  -40.134  2.542 6.0000000000
39447  32.332  -40.832  1.669 6.0000000000
39692  29.416  -31.547  -13.205 7.0000000000
39693  28.753  -32.552  -13.238 7.0000000000
39706  34.847  -33.015  -4.988 7.0000000000
39715  32.421  -32.745  -9.334 7.0000000000
39718  30.451  -32.400  -11.715 7.0000000000
39719  29.267  -32.995  -12.495 7.0000000000
39720  27.999  -33.630  -13.271 7.0000000000
39721  27.184  -34.776  -13.292 7.0000000000
39722  26.323  -35.969  -13.307 7.0000000000
39723  25.426  -37.216  -13.318 7.0000000000
39724  27.213  -36.923  -11.736 7.0000000000
39725  25.833  -37.696  -12.526 6.0000000000
41117  34.504  -25.199  13.360 7.0000000000
41118  34.694  -25.082  13.030 7.0000000000
41119  34.507  -25.837  12.983 7.0000000000
41120  34.506  -26.473  12.600 7.0000000000
41121  34.307  -26.598  12.932 7.0000000000
41304  27.855  -32.641  -14.000 7.0000000000
41305  27.580  -32.429  -14.375 7.0000000000
41306  27.212  -32.963  -14.395 7.0000000000
42242  34.767  -34.794  6.279 7.0000000000
42243  34.867  -34.569  5.893 7.0000000000
42244  34.737  -35.295  5.785 7.0000000000
42245  34.684  -35.772  5.304 7.0000000000
42246  34.589  -36.012  5.701 7.0000000000
42792  23.670  -29.888  -19.162 6.0000000000
43810  31.361  -36.794  -7.376 6.0000000000
43811  31.785  -36.222  -7.374 6.0000000000
43812  31.247  -36.531  -7.783 6.0000000000
43813  31.120  -36.267  -8.187 6.0000000000
43814  30.676  -36.844  -8.184 6.0000000000
43815  30.074  -37.163  -8.580 6.0000000000
43816  30.208  -37.428  -8.180 6.0000000000
44642  34.544  -30.234  10.131 7.0000000000
44643  34.695  -30.073  9.781 7.0000000000
44644  34.572  -30.841  9.686 7.0000000000
44645  34.608  -31.439  9.229 7.0000000000
44646  34.467  -31.615  9.591 7.0000000000
45192  25.887  -31.258  -16.573 7.0000000000
45193  26.160  -30.779  -16.541 7.0000000000
45194  25.615  -31.073  -16.915 7.0000000000
45195  25.345  -30.891  -17.251 7.0000000000
45196  25.089  -31.386  -17.288 7.0000000000
46207  34.439  -36.134  -0.781 6.0000000000
46208  34.493  -35.884  -1.209 6.0000000000
46209  34.184  -36.464  -1.251 6.0000000000
46210  31.687  -38.968  -4.015 6.0000000000
46211  32.137  -38.369  -3.998 6.0000000000
46212  31.698  -38.685  -4.442 6.0000000000
46213  31.699  -38.402  -4.869 6.0000000000
46214  31.228  -39.004  -4.881 6.0000000000
46215  30.725  -39.329  -5.315 6.0000000000
46216  30.736  -39.618  -4.895 6.0000000000
46989  24.575  -37.397  -14.101 7.0000000000
46990  24.379  -37.169  -14.489 7.0000000000
46991  23.956  -37.835  -14.477 7.0000000000
48010  35.453  -33.273  3.609 7.0000000000
48011  35.584  -32.594  3.769 7.0000000000
48012  35.550  -33.059  3.230 7.0000000000
48013  35.648  -32.845  2.849 6.0000000000
48014  35.498  -33.505  2.696 7.0000000000
48015  35.425  -33.931  2.171 7.0000000000
48016  35.335  -34.156  2.562 7.0000000000
48017  33.880  -38.203  2.580 7.0000000000
48018  33.956  -37.930  2.162 7.0000000000
48019  33.659  -38.560  2.137 6.0000000000
48020  33.414  -38.911  1.693 6.0000000000
48021  33.343  -39.195  2.119 6.0000000000
49368  34.412  -19.865  15.807 6.0000000000
49370  34.346  -21.314  15.499 7.0000000000
49667  23.303  -35.858  -16.684 7.0000000000
49668  23.646  -35.216  -16.690 7.0000000000
49669  23.150  -35.642  -17.025 7.0000000000
49670  22.038  -34.780  -19.234 7.0000000000
49671  22.375  -34.369  -18.967 7.0000000000
49672  22.264  -34.160  -19.272 7.0000000000
49673  22.481  -33.561  -19.301 7.0000000000
49674  22.156  -33.952  -19.571 7.0000000000
52475  32.839  -31.627  13.441 6.0000000000
52476  32.974  -30.818  13.450 7.0000000000
52477  33.056  -31.485  13.035 7.0000000000
52478  33.268  -31.337  12.645 7.0000000000
52479  33.151  -32.146  12.616 7.0000000000
52480  33.651  -36.798  9.866 6.0000000000
52481  33.752  -35.982  9.921 7.0000000000
52482  33.805  -36.581  9.453 7.0000000000
52483  33.951  -36.360  9.044 7.0000000000
52484  33.829  -37.154  8.993 7.0000000000
52490  33.170  -40.759  6.449 6.0000000000
52491  33.412  -40.055  6.431 6.0000000000
52492  33.256  -40.476  6.012 6.0000000000
52493  33.339  -40.193  5.576 6.0000000000
52494  33.072  -40.883  5.591 6.0000000000
52710  34.660  -34.365  -3.786 7.0000000000
52711  34.948  -33.796  -3.719 7.0000000000
52712  34.648  -34.104  -4.211 7.0000000000
52713  33.805  -32.875  -7.218 7.0000000000
52720  30.069  -34.723  -10.577 7.0000000000
52721  30.454  -34.166  -10.577 7.0000000000
52722  29.853  -34.476  -10.969 7.0000000000
52723  29.627  -34.232  -11.359 7.0000000000
52724  29.227  -34.797  -11.359 7.0000000000
52725  28.578  -35.132  -11.746 7.0000000000
52726  28.805  -35.374  -11.356 7.0000000000
54232  35.045  -22.148  13.463 7.0000000000
54233  35.170  -22.028  13.145 7.0000000000
54234  35.090  -22.806  13.127 7.0000000000
54235  35.031  -24.853  12.384 7.0000000000
54236  35.157  -24.102  12.429 7.0000000000
54237  35.177  -24.740  12.066 7.0000000000
54238  35.309  -24.625  11.749 7.0000000000
54239  35.186  -25.369  11.692 7.0000000000
54240  35.186  -25.990  11.307 7.0000000000
54241  35.036  -26.108  11.629 7.0000000000
54242  34.502  -27.739  11.813 7.0000000000
54243  34.685  -27.603  11.484 7.0000000000
54244  34.504  -28.369  11.407 7.0000000000
54245  34.510  -28.997  10.991 7.0000000000
54246  34.332  -29.147  11.330 7.0000000000
54792  27.012  -32.025  -15.128 7.0000000000
54793  27.334  -31.530  -15.110 7.0000000000
54794  26.726  -31.830  -15.500 7.0000000000
54795  26.442  -31.637  -15.866 7.0000000000
54796  26.125  -32.146  -15.888 7.0000000000
55807  33.089  -38.502  -0.917 6.0000000000
55808  33.143  -38.232  -1.348 6.0000000000
55809  32.755  -38.834  -1.371 6.0000000000
55810  31.559  -40.114  -2.287 6.0000000000
55811  32.011  -39.495  -2.273 6.0000000000
55812  31.600  -39.826  -2.722 6.0000000000
55813  31.636  -39.540  -3.155 6.0000000000
55814  31.163  -40.162  -3.169 6.0000000000
57607  35.155  -31.850  6.813 7.0000000000
57608  35.270  -31.665  6.452 7.0000000000
57609  35.172  -32.387  6.305 7.0000000000
57610  35.063  -34.129  5.126 7.0000000000
57611  35.180  -33.422  5.266 7.0000000000
57612  35.161  -33.914  4.744 7.0000000000
57613  35.259  -33.700  4.364 7.0000000000
57614  35.121  -34.386  4.229 7.0000000000
57615  35.059  -34.835  3.727 7.0000000000
57616  34.966  -35.065  4.118 7.0000000000
57617  34.510  -36.655  4.372 7.0000000000
57618  34.599  -36.404  3.966 7.0000000000
57619  34.389  -37.066  3.918 7.0000000000
57620  34.244  -37.459  3.469 7.0000000000
57621  34.161  -37.726  3.884 7.0000000000
59267  21.511  -37.740  -17.864 6.0000000000
59268  21.832  -37.014  -17.915 7.0000000000
59269  21.444  -37.512  -18.174 6.0000000000
59271  21.337  -37.046  -18.778 6.0000000000
59273  21.556  -36.100  -19.135 7.0000000000
62310  33.253  -35.563  -5.656 7.0000000000
62311  33.594  -35.004  -5.628 7.0000000000
62312  33.189  -35.305  -6.082 7.0000000000
62313  32.552  -35.093  -7.355 7.0000000000
62314  33.011  -34.792  -6.921 7.0000000000
62315  32.897  -34.534  -7.334 7.0000000000
62316  33.219  -33.978  -7.304 7.0000000000
62317  32.767  -34.277  -7.743 7.0000000000
62318  32.620  -34.022  -8.149 7.0000000000
62319  32.285  -34.575  -8.169 7.0000000000
62320  30.824  -35.743  -8.988 7.0000000000
62321  31.228  -35.177  -8.989 7.0000000000
62322  30.654  -35.484  -9.387 7.0000000000
62323  30.470  -35.228  -9.786 7.0000000000
62324  30.051  -35.799  -9.781 7.0000000000
62325  29.422  -36.124  -10.171 7.0000000000
62326  29.603  -36.380  -9.773 7.0000000000
62327  28.789  -37.828  -9.364 6.0000000000
62328  28.632  -37.569  -9.759 6.0000000000
64806  35.557  -27.983  8.631 6.0000000000
64807  35.165  -27.212  10.500 7.0000000000
64808  35.308  -27.082  10.170 7.0000000000
64809  35.150  -27.816  10.076 7.0000000000
64810  34.979  -29.754  9.084 7.0000000000
64811  35.122  -29.010  9.193 7.0000000000
64812  35.115  -29.596  8.737 7.0000000000
64813  35.251  -29.439  8.393 7.0000000000
64814  35.115  -30.174  8.272 7.0000000000
64815  35.123  -30.743  7.796 7.0000000000
64816  34.998  -30.915  8.150 7.0000000000
64817  34.693  -32.604  8.279 7.0000000000
64818  34.813  -32.412  7.908 7.0000000000
64819  34.733  -33.172  7.786 7.0000000000
64820  34.762  -33.728  7.285 7.0000000000
64821  34.650  -33.938  7.665 7.0000000000
66452  28.172  -30.136  -15.034 7.0000000000
66453  28.406  -29.685  -14.994 7.0000000000
66454  27.846  -29.958  -15.392 7.0000000000
66455  26.645  -29.877  -16.463 7.0000000000
66456  27.187  -29.612  -16.084 7.0000000000
66457  26.857  -29.444  -16.416 7.0000000000
66458  27.045  -29.016  -16.363 7.0000000000
66459  26.527  -29.279  -16.741 7.0000000000
66460  26.196  -29.118  -17.058 7.0000000000
66461  26.010  -29.540  -17.112 7.0000000000
66462  24.797  -30.538  -17.904 7.0000000000
66463  24.999  -30.078  -17.853 7.0000000000
66464  24.518  -30.368  -18.224 7.0000000000
66465  24.235  -30.202  -18.540 7.0000000000
66466  24.062  -30.675  -18.592 7.0000000000
69502  35.488  -33.787  -0.504 6.0000000000
69504  35.310  -34.143  -1.021 6.0000000000
69505  34.583  -35.383  -2.072 6.0000000000
69506  34.875  -34.812  -2.019 6.0000000000
69507  34.618  -35.132  -2.503 6.0000000000
69508  34.644  -34.878  -2.932 6.0000000000
69509  34.336  -35.444  -2.979 6.0000000000
69510  33.238  -37.695  -2.209 6.0000000000
69511  33.603  -37.109  -2.181 6.0000000000
69512  33.277  -37.427  -2.640 6.0000000000
69513  32.965  -37.198  -3.958 6.0000000000
69514  33.331  -36.891  -3.504 6.0000000000
69515  33.343  -36.623  -3.936 6.0000000000
69516  33.699  -36.056  -3.910 6.0000000000
69517  33.344  -36.356  -4.368 6.0000000000
69518  33.330  -36.088  -4.798 6.0000000000
69519  32.961  -36.655  -4.820 6.0000000000
69520  31.656  -37.849  -5.716 6.0000000000
69521  32.097  -37.266  -5.706 6.0000000000
69522  31.609  -37.581  -6.136 6.0000000000
69523  31.543  -37.317  -6.552 6.0000000000
69524  31.084  -37.902  -6.556 6.0000000000
69525  30.524  -38.227  -6.968 6.0000000000
69526  30.598  -38.496  -6.560 6.0000000000
71844  26.274  -34.912  -14.073 7.0000000000
71845  26.030  -34.689  -14.457 7.0000000000
71846  25.623  -35.290  -14.473 7.0000000000
71847  23.996  -36.727  -15.250 7.0000000000
71848  24.387  -36.086  -15.253 7.0000000000
71849  23.812  -36.509  -15.620 7.0000000000
71850  23.635  -36.292  -15.983 7.0000000000
71851  23.266  -36.951  -15.969 7.0000000000
71853  22.787  -38.783  -15.181 6.0000000000
71856  21.990  -38.851  -16.220 6.0000000000
71857  21.877  -38.629  -16.565 6.0000000000
71858  22.249  -37.897  -16.609 7.0000000000
71859  21.772  -38.408  -16.901 6.0000000000
71860  21.676  -38.187  -17.229 6.0000000000
71861  21.316  -38.949  -17.175 6.0000000000
74910  35.505  -31.293  5.731 7.0000000000
74912  35.625  -31.104  5.370 6.0000000000
74927  35.204  -34.723  1.155 7.0000000000
74928  35.282  -34.490  0.745 7.0000000000
74929  35.053  -35.093  0.661 7.0000000000
74930  34.874  -35.451  0.175 7.0000000000
74931  34.804  -35.692  0.593 7.0000000000
74932  34.865  -35.667  2.761 7.0000000000
74933  34.953  -35.428  2.363 7.0000000000
74934  34.732  -36.054  2.293 7.0000000000
74935  34.107  -37.400  1.330 7.0000000000
74936  34.390  -36.789  1.371 7.0000000000
74937  34.180  -37.142  0.912 7.0000000000
74938  34.250  -36.887  0.492 7.0000000000
74939  33.944  -37.488  0.453 6.0000000000
74940  33.684  -37.830  -0.004 6.0000000000
74941  33.620  -38.094  0.422 6.0000000000
74942  32.846  -39.604  0.804 6.0000000000
74943  32.910  -39.322  0.374 6.0000000000
74944  32.524  -39.948  0.358 6.0000000000
74945  32.177  -40.293  -0.087 6.0000000000
74946  32.116  -40.584  0.350 6.0000000000
78985  34.693  -19.605  15.088 7.0000000000
78986  34.768  -18.798  15.053 7.0000000000
78987  34.823  -19.474  14.743 7.0000000000
78988  34.947  -19.343  14.408 7.0000000000
78989  34.881  -20.148  14.430 7.0000000000
78990  34.939  -20.818  14.113 7.0000000000
78991  34.805  -20.943  14.447 7.0000000000
78992  34.421  -22.623  14.806 7.0000000000
78993  34.595  -22.505  14.460 7.0000000000
78994  34.452  -23.272  14.453 7.0000000000
78995  34.477  -23.917  14.095 7.0000000000
78996  34.285  -24.031  14.437 7.0000000000
79877  25.550  -34.247  -15.212 7.0000000000
79878  25.932  -33.659  -15.189 7.0000000000
79879  25.317  -34.028  -15.583 7.0000000000
79880  24.328  -33.986  -16.678 7.0000000000
79881  24.874  -33.604  -16.309 7.0000000000
79882  24.661  -33.400  -16.665 7.0000000000
79883  24.984  -32.832  -16.648 7.0000000000
79884  24.452  -33.200  -17.015 7.0000000000
79885  22.442  -35.647  -17.995 7.0000000000
79886  22.868  -35.212  -17.694 7.0000000000
79887  22.737  -35.000  -18.020 7.0000000000
79888  23.149  -33.573  -18.371 7.0000000000
79889  23.309  -33.772  -18.043 7.0000000000
79890  23.583  -33.187  -18.044 7.0000000000
79891  24.046  -32.810  -17.700 7.0000000000
79892  23.848  -32.619  -18.036 7.0000000000
79893  24.104  -32.066  -18.017 7.0000000000
79894  23.653  -32.428  -18.366 7.0000000000
79895  22.885  -32.416  -19.324 7.0000000000
79896  23.264  -32.051  -19.007 7.0000000000
79897  23.070  -31.868  -19.316 7.0000000000
79898  23.242  -31.339  -19.295 7.0000000000
79899  22.879  -31.689  -19.619 7.0000000000
79915  21.704  -33.924  -20.391 7.0000000000
79916  21.950  -33.540  -20.151 7.0000000000
79917  21.852  -33.338  -20.435 7.0000000000
79918  21.978  -32.040  -20.774 6.0000000000
79919  22.114  -32.222  -20.491 7.0000000000
79920  22.227  -31.690  -20.500 7.0000000000
79921  22.506  -31.343  -20.209 6.0000000000
88106  33.686  -25.006  15.130 6.0000000000
88107  33.682  -25.655  14.743 6.0000000000
88108  33.892  -25.544  14.385 7.0000000000
88109  33.679  -26.307  14.354 7.0000000000
88308  33.298  -29.206  13.491 7.0000000000
88309  33.267  -28.537  13.895 7.0000000000
88310  33.485  -28.408  13.525 7.0000000000
88311  33.684  -27.620  13.567 7.0000000000
88312  33.697  -28.278  13.169 7.0000000000
88313  33.905  -28.147  12.822 7.0000000000
88314  33.720  -28.935  12.769 7.0000000000
88315  33.669  -31.030  11.899 7.0000000000
88316  33.801  -30.235  11.955 7.0000000000
88317  33.858  -30.875  11.539 7.0000000000
88318  34.041  -30.719  11.184 7.0000000000
88319  33.924  -31.508  11.115 7.0000000000
88320  33.284  -34.271  11.714 7.0000000000
88321  33.363  -33.450  11.757 7.0000000000
88322  33.473  -34.094  11.312 7.0000000000
88323  33.918  -34.348  10.069 7.0000000000
88324  33.829  -33.728  10.532 7.0000000000
88325  33.993  -33.544  10.151 7.0000000000
88326  34.073  -32.749  10.234 7.0000000000
88327  34.149  -33.360  9.774 7.0000000000
88328  34.297  -33.175  9.399 7.0000000000
88329  34.221  -33.962  9.301 7.0000000000
88330  34.219  -35.917  8.239 7.0000000000
88331  34.323  -35.135  8.329 7.0000000000
88332  34.339  -35.695  7.842 7.0000000000
88333  34.453  -35.472  7.447 7.0000000000
88334  34.329  -36.230  7.365 7.0000000000
88348  33.425  -39.684  8.127 6.0000000000
88349  33.492  -39.198  8.541 6.0000000000
88350  33.613  -38.951  8.112 6.0000000000
88351  33.789  -38.211  8.110 6.0000000000
88352  33.730  -38.700  7.685 6.0000000000
88353  33.853  -38.643  6.416 7.0000000000
88354  33.949  -38.190  6.842 7.0000000000
88355  34.050  -37.932  6.425 7.0000000000
88356  34.231  -37.218  6.451 7.0000000000
88357  34.148  -37.675  6.012 7.0000000000
88358  34.241  -37.419  5.600 7.0000000000
88359  34.041  -38.114  5.577 7.0000000000
88360  33.497  -39.622  4.709 6.0000000000
88361  33.756  -38.944  4.711 7.0000000000
88362  33.575  -39.335  4.278 6.0000000000
88363  33.652  -39.049  3.849 7.0000000000
88364  33.367  -39.713  3.845 6.0000000000
88369  32.457  -41.404  3.429 6.0000000000
88370  32.519  -41.094  2.986 6.0000000000
88371  32.871  -40.436  2.978 6.0000000000
88372  32.583  -40.787  2.545 6.0000000000
88373  32.648  -40.484  2.105 6.0000000000
88374  32.269  -41.136  2.112 6.0000000000
88983  29.986  -31.269  -12.816 7.0000000000
88984  29.685  -31.757  -12.834 7.0000000000
88985  29.097  -32.042  -13.221 7.0000000000
88986  29.360  -32.257  -12.851 7.0000000000
89013  35.467  -32.638  -3.539 7.0000000000
89015  35.698  -32.049  -3.425 6.0000000000
89018  34.220  -33.885  -5.543 7.0000000000
89019  34.573  -33.582  -5.060 7.0000000000
89020  34.507  -33.323  -5.483 7.0000000000
89040  32.288  -33.522  -8.957 7.0000000000
89041  32.603  -32.984  -8.932 7.0000000000
89042  32.106  -33.278  -9.358 7.0000000000
89043  31.163  -33.087  -10.562 7.0000000000
89044  31.707  -32.798  -10.154 7.0000000000
89045  31.488  -32.563  -10.546 7.0000000000
89047  31.257  -32.334  -10.935 7.0000000000
89049  30.698  -32.622  -11.335 7.0000000000
89050  29.147  -33.761  -12.128 7.0000000000
89051  29.519  -33.219  -12.119 7.0000000000
89052  28.897  -33.532  -12.507 7.0000000000
89053  28.643  -33.306  -12.883 7.0000000000
89054  28.255  -33.858  -12.895 7.0000000000
89055  27.598  -34.196  -13.283 7.0000000000
89056  27.850  -34.425  -12.902 7.0000000000
89057  27.233  -35.836  -12.521 7.0000000000
89058  26.998  -35.600  -12.910 7.0000000000
89059  26.552  -36.204  -12.915 7.0000000000
89060  25.878  -36.584  -13.314 7.0000000000
89061  26.097  -36.821  -12.920 7.0000000000
89062  28.101  -36.807  -10.949 7.0000000000
89063  27.899  -36.559  -11.344 7.0000000000
89064  27.416  -37.167  -11.340 6.0000000000
92443  34.831  -23.686  13.427 7.0000000000
92444  34.987  -23.571  13.102 7.0000000000
92445  34.855  -24.329  13.070 7.0000000000
92446  34.870  -24.966  12.705 7.0000000000
92447  34.875  -25.599  12.332 7.0000000000
92448  34.873  -26.227  11.950 7.0000000000
92449  34.697  -26.349  12.274 7.0000000000
92450  34.504  -27.107  12.210 7.0000000000
92451  34.309  -27.877  12.145 7.0000000000
92778  28.539  -31.627  -13.967 7.0000000000
92779  28.244  -31.431  -14.343 7.0000000000
92780  27.924  -31.920  -14.359 7.0000000000
92781  27.298  -32.224  -14.752 7.0000000000
92782  26.669  -32.544  -15.146 7.0000000000
93388  32.293  -39.724  -0.956 6.0000000000
93389  32.346  -39.443  -1.390 6.0000000000
93390  31.915  -40.063  -1.404 6.0000000000
93391  31.514  -40.403  -1.851 6.0000000000
94468  34.974  -33.314  6.533 7.0000000000
94469  35.078  -33.112  6.160 7.0000000000
94470  34.979  -33.840  6.021 7.0000000000
94471  34.965  -34.348  5.509 7.0000000000
94472  34.930  -34.834  5.005 7.0000000000
94473  34.872  -35.297  4.511 7.0000000000
94474  34.778  -35.533  4.907 7.0000000000
94475  34.608  -36.224  4.833 7.0000000000
94476  34.421  -36.909  4.781 7.0000000000
95456  24.550  -29.330  -18.423 6.0000000000
97290  32.378  -36.172  -6.537 6.0000000000
97291  32.755  -35.608  -6.524 7.0000000000
97292  32.288  -35.914  -6.955 6.0000000000
97293  32.182  -35.655  -7.368 7.0000000000
97294  32.061  -35.395  -7.776 7.0000000000
97295  31.925  -35.134  -8.181 7.0000000000
97296  31.536  -35.697  -8.187 7.0000000000
97297  30.979  -36.004  -8.589 7.0000000000
97298  30.390  -36.317  -8.985 6.0000000000
97299  29.772  -36.639  -9.376 6.0000000000
97300  29.929  -36.900  -8.979 6.0000000000
97301  29.444  -37.491  -8.973 6.0000000000
97302  28.937  -38.089  -8.969 6.0000000000
98788  34.838  -28.702  10.316 7.0000000000
98789  34.989  -28.559  9.978 7.0000000000
98790  34.835  -29.311  9.879 7.0000000000
98791  34.839  -29.913  9.432 7.0000000000
98792  34.852  -30.505  8.975 7.0000000000
98793  34.872  -31.088  8.508 7.0000000000
98794  34.743  -31.263  8.867 7.0000000000
98795  34.650  -32.026  8.760 7.0000000000
98796  34.568  -32.796  8.652 7.0000000000
99776  27.021  -30.682  -15.814 7.0000000000
99777  27.280  -30.228  -15.781 7.0000000000
99778  26.716  -30.499  -16.163 7.0000000000
99779  26.413  -30.320  -16.505 7.0000000000
99780  26.110  -30.144  -16.837 7.0000000000
99781  25.806  -29.972  -17.163 7.0000000000
99782  25.584  -30.421  -17.209 7.0000000000
99783  25.073  -30.713  -17.580 7.0000000000
99784  24.581  -31.023  -17.950 7.0000000000
101605  35.000  -34.970  -0.672 6.0000000000
101606  35.055  -34.728  -1.098 6.0000000000
101607  34.783  -35.307  -1.159 6.0000000000
101608  34.541  -35.634  -1.640 6.0000000000
101609  34.275  -35.955  -2.114 6.0000000000
101610  32.518  -38.332  -3.118 6.0000000000
101611  32.924  -37.742  -3.096 6.0000000000
101612  32.545  -38.056  -3.549 6.0000000000
101613  32.563  -37.779  -3.979 6.0000000000
101614  32.571  -37.503  -4.409 6.0000000000
101615  32.566  -37.229  -4.839 6.0000000000
101616  32.146  -37.811  -4.855 6.0000000000
101617  31.686  -38.123  -5.293 6.0000000000
101618  31.189  -38.442  -5.724 6.0000000000
101619  30.657  -38.768  -6.148 6.0000000000
101620  30.699  -39.046  -5.733 6.0000000000
103011  25.435  -36.124  -14.097 7.0000000000
103012  25.212  -35.900  -14.485 7.0000000000
103013  24.798  -36.525  -14.491 7.0000000000
103014  24.186  -36.946  -14.872 7.0000000000
103015  23.600  -37.388  -15.237 7.0000000000
104850  35.497  -32.313  4.678 7.0000000000
104851  35.617  -31.614  4.844 6.0000000000
104852  35.605  -32.112  4.309 7.0000000000
104859  35.600  -33.479  1.379 6.0000000000
104860  35.514  -33.705  1.777 7.0000000000
104861  35.328  -34.336  1.657 7.0000000000
104862  35.123  -34.956  1.560 7.0000000000
104863  34.409  -36.934  2.646 7.0000000000
104864  34.492  -36.678  2.238 7.0000000000
104865  34.233  -37.303  2.195 7.0000000000
104866  34.032  -37.662  1.746 7.0000000000
104867  33.805  -38.014  1.296 6.0000000000
104868  33.552  -38.361  0.846 6.0000000000
104869  33.483  -38.633  1.270 6.0000000000
104870  33.142  -39.258  1.249 6.0000000000
104871  32.780  -39.891  1.235 6.0000000000
107296  34.555  -19.735  15.443 7.0000000000
107297  34.607  -20.403  15.118 7.0000000000
107298  34.660  -21.068  14.790 7.0000000000
107299  34.506  -21.192  15.141 7.0000000000
107300  34.385  -21.971  15.154 7.0000000000
107301  34.241  -22.738  15.158 7.0000000000
107831  24.365  -35.023  -15.979 7.0000000000
107832  24.730  -34.410  -15.966 7.0000000000
107833  24.172  -34.806  -16.336 7.0000000000
107834  23.988  -34.592  -16.687 7.0000000000
107835  23.812  -34.382  -17.033 7.0000000000
107836  22.229  -35.213  -18.626 7.0000000000
107837  22.612  -34.788  -18.341 7.0000000000
107838  22.491  -34.578  -18.657 7.0000000000
107839  22.746  -33.966  -18.679 7.0000000000
107840  22.992  -33.374  -18.694 7.0000000000
107841  23.230  -32.799  -18.698 7.0000000000
107842  22.839  -33.177  -19.010 7.0000000000
107843  22.688  -32.981  -19.319 7.0000000000
107844  22.540  -32.787  -19.620 7.0000000000
107855  21.755  -33.139  -20.717 6.0000000000
107856  21.658  -32.945  -20.999 6.0000000000
107857  21.757  -32.394  -21.033 6.0000000000
112889  32.906  -30.145  13.862 6.0000000000
112890  33.127  -30.010  13.466 7.0000000000
112891  33.343  -29.871  13.086 7.0000000000
112892  33.552  -29.730  12.720 7.0000000000
112893  33.401  -30.531  12.679 7.0000000000
112894  33.472  -31.184  12.267 7.0000000000
112895  33.553  -31.830  11.848 7.0000000000
112896  33.503  -35.561  10.797 7.0000000000
112897  33.579  -34.733  10.856 7.0000000000
112898  33.675  -35.364  10.391 7.0000000000
112899  33.839  -35.163  9.991 7.0000000000
112900  33.996  -34.960  9.595 7.0000000000
112901  34.143  -34.757  9.205 7.0000000000
112902  34.055  -35.559  9.117 7.0000000000
112903  34.089  -36.139  8.640 7.0000000000
112904  34.095  -36.693  8.171 7.0000000000
112914  33.440  -39.887  7.280 6.0000000000
112915  33.647  -39.168  7.266 6.0000000000
112916  33.542  -39.619  6.848 6.0000000000
112917  33.640  -39.350  6.419 6.0000000000
112918  33.734  -39.080  5.992 6.0000000000
112919  33.824  -38.809  5.567 7.0000000000
112920  33.590  -39.502  5.568 6.0000000000
112921  33.419  -39.908  5.142 6.0000000000
112922  33.221  -40.300  4.715 6.0000000000
113310  35.207  -33.734  -2.796 6.0000000000
113312  35.219  -33.479  -3.217 7.0000000000
113313  35.217  -33.221  -3.637 7.0000000000
113314  35.198  -32.961  -4.058 7.0000000000
113315  34.045  -33.374  -6.384 7.0000000000
113316  34.422  -33.068  -5.905 7.0000000000
113317  34.320  -32.817  -6.325 7.0000000000
113328  31.232  -34.114  -9.783 7.0000000000
113329  31.581  -33.572  -9.773 7.0000000000
113330  31.030  -33.866  -10.179 7.0000000000
113331  30.819  -33.621  -10.572 7.0000000000
113332  30.596  -33.380  -10.961 7.0000000000
113333  30.362  -33.145  -11.347 7.0000000000
113334  30.005  -33.681  -11.355 7.0000000000
113335  29.391  -33.994  -11.745 7.0000000000
113336  28.754  -34.320  -12.133 7.0000000000
113337  28.099  -34.658  -12.519 7.0000000000
113338  28.342  -34.893  -12.134 7.0000000000
113339  27.911  -35.478  -12.132 7.0000000000
113340  27.462  -36.074  -12.130 7.0000000000
115861  35.178  -20.567  13.472 7.0000000000
115863  35.233  -21.240  13.157 7.0000000000
115864  35.285  -21.908  12.833 7.0000000000
115865  35.332  -22.570  12.499 7.0000000000
115866  35.128  -23.457  12.782 7.0000000000
115867  35.256  -23.342  12.467 7.0000000000
115868  35.374  -23.224  12.155 7.0000000000
115869  35.407  -23.870  11.800 7.0000000000
115870  35.432  -24.507  11.433 7.0000000000
115871  35.448  -25.133  11.054 7.0000000000
115872  35.455  -25.747  10.663 7.0000000000
115873  35.324  -25.870  10.985 7.0000000000
115874  35.178  -26.604  10.910 7.0000000000
115875  35.015  -27.341  10.829 7.0000000000
115876  34.866  -26.850  11.559 7.0000000000
115877  34.856  -27.470  11.156 7.0000000000
115878  34.845  -28.088  10.742 7.0000000000
115879  34.679  -28.848  10.654 7.0000000000
115880  34.523  -29.619  10.566 7.0000000000
115881  34.384  -30.397  10.481 7.0000000000
116643  28.493  -30.315  -14.671 7.0000000000
116644  27.914  -30.591  -15.066 7.0000000000
116645  27.941  -31.241  -14.719 7.0000000000
116646  27.635  -31.054  -15.091 7.0000000000
116647  27.328  -30.868  -15.456 7.0000000000
116648  26.741  -31.150  -15.841 7.0000000000
116649  26.163  -31.446  -16.223 7.0000000000
116650  25.598  -31.761  -16.602 7.0000000000
118066  33.803  -37.307  -0.859 6.0000000000
118067  33.857  -37.048  -1.288 6.0000000000
118068  33.510  -37.637  -1.320 6.0000000000
118069  33.192  -37.963  -1.779 6.0000000000
118070  32.851  -38.287  -2.235 6.0000000000
118071  32.395  -39.164  -1.823 6.0000000000
118072  32.442  -38.886  -2.256 6.0000000000
118073  32.483  -38.609  -2.688 6.0000000000
118074  32.088  -38.931  -3.138 6.0000000000
118075  31.666  -39.253  -3.586 6.0000000000
118076  31.214  -39.579  -4.031 6.0000000000
119161  23.526  -38.525  -14.456 6.0000000000
120586  35.377  -30.401  7.092 7.0000000000
120587  35.509  -30.228  6.741 7.0000000000
120588  35.380  -30.945  6.597 7.0000000000
120589  35.386  -31.479  6.091 7.0000000000
120590  35.391  -32.002  5.574 7.0000000000
120591  35.182  -32.911  5.788 7.0000000000
120592  35.287  -32.712  5.417 7.0000000000
120593  35.392  -32.513  5.047 7.0000000000
120594  35.381  -33.009  4.516 7.0000000000
120595  35.356  -33.487  3.986 7.0000000000
120596  35.311  -33.944  3.463 7.0000000000
120597  35.244  -34.381  2.951 7.0000000000
120598  35.152  -34.607  3.338 7.0000000000
120599  34.974  -35.261  3.238 7.0000000000
120600  34.777  -35.909  3.160 7.0000000000
120601  34.791  -35.737  4.031 7.0000000000
120602  34.688  -36.154  3.561 7.0000000000
120603  34.561  -36.553  3.100 7.0000000000
120604  34.326  -37.195  3.056 7.0000000000
120605  34.074  -37.837  3.023 7.0000000000
120606  33.804  -38.481  3.000 7.0000000000
122909  22.357  -36.758  -17.312 7.0000000000
122910  22.683  -36.082  -17.342 7.0000000000
122911  22.245  -36.539  -17.638 7.0000000000
122912  22.141  -36.318  -17.959 7.0000000000
122913  22.046  -36.095  -18.276 7.0000000000
122914  21.386  -37.280  -18.478 6.0000000000
122915  21.679  -36.560  -18.537 7.0000000000
122916  21.959  -35.872  -18.586 7.0000000000
122917  21.878  -35.649  -18.891 7.0000000000
122918  21.803  -35.425  -19.189 7.0000000000
122919  21.733  -35.201  -19.482 7.0000000000
126845  33.050  -32.960  12.592 7.0000000000
126846  32.963  -33.778  12.570 6.0000000000
126847  33.089  -34.442  12.125 6.0000000000
126848  33.212  -35.100  11.671 6.0000000000
126851  33.324  -35.751  11.211 6.0000000000
126852  33.420  -36.390  10.746 6.0000000000
126853  33.492  -37.008  10.283 6.0000000000
126854  33.535  -37.600  9.829 6.0000000000
127170  34.008  -34.967  -4.737 7.0000000000
127171  34.322  -34.407  -4.693 7.0000000000
127172  33.971  -34.706  -5.165 7.0000000000
127173  33.916  -34.446  -5.592 7.0000000000
127174  33.843  -34.187  -6.015 7.0000000000
127175  33.109  -35.048  -6.504 7.0000000000
127176  33.440  -34.490  -6.474 7.0000000000
127177  33.752  -33.931  -6.434 7.0000000000
127178  33.644  -33.677  -6.851 7.0000000000
127179  33.521  -33.425  -7.265 7.0000000000
127180  33.384  -33.175  -7.677 7.0000000000
127181  33.234  -32.929  -8.087 7.0000000000
127182  32.936  -33.473  -8.122 7.0000000000
127183  32.460  -33.770  -8.554 7.0000000000
127184  31.956  -34.067  -8.974 7.0000000000
127185  31.772  -34.874  -8.584 7.0000000000
127186  31.604  -34.618  -8.984 7.0000000000
127187  31.423  -34.365  -9.384 7.0000000000
127188  30.863  -34.666  -9.786 7.0000000000
127189  30.275  -34.974  -10.182 7.0000000000
127190  29.660  -35.292  -10.574 7.0000000000
127191  29.022  -35.620  -10.963 7.0000000000
127192  29.228  -35.871  -10.568 7.0000000000
127193  28.771  -36.459  -10.560 7.0000000000
127194  28.289  -37.058  -10.551 6.0000000000
127195  29.129  -36.970  -9.765 6.0000000000
127196  28.466  -37.312  -10.154 6.0000000000
127197  27.785  -37.667  -10.545 6.0000000000
130473  35.527  -29.123  7.708 6.0000000000
130474  35.454  -26.352  10.259 7.0000000000
130475  35.446  -26.950  9.841 7.0000000000
130476  35.433  -27.543  9.409 7.0000000000
130477  35.134  -28.416  9.640 7.0000000000
130478  35.277  -28.273  9.303 7.0000000000
130479  35.417  -28.129  8.966 7.0000000000
130480  35.401  -28.709  8.513 7.0000000000
130481  35.388  -29.281  8.050 7.0000000000
130482  35.380  -29.846  7.577 7.0000000000
130483  35.249  -30.572  7.444 7.0000000000
130484  35.138  -31.302  7.310 7.0000000000
130485  35.042  -32.035  7.176 7.0000000000
130486  34.899  -31.660  8.029 7.0000000000
130487  34.929  -32.223  7.540 7.0000000000
130488  34.956  -32.774  7.041 7.0000000000
130489  34.869  -33.520  6.907 7.0000000000
130490  34.774  -34.270  6.780 7.0000000000
130491  34.665  -35.020  6.666 7.0000000000
132560  27.517  -29.784  -15.742 7.0000000000
132561  27.730  -29.344  -15.695 7.0000000000
132569  25.499  -29.804  -17.482 7.0000000000
132570  25.187  -29.641  -17.798 7.0000000000
132571  24.870  -29.483  -18.111 6.0000000000
132572  24.396  -29.755  -18.483 6.0000000000
132573  23.952  -30.043  -18.853 6.0000000000
132574  23.540  -30.347  -19.216 6.0000000000
136424  35.405  -33.653  -1.865 6.0000000000
136425  35.105  -34.483  -1.526 6.0000000000
136426  35.149  -34.237  -1.951 6.0000000000
136427  35.183  -33.987  -2.375 6.0000000000
136428  34.934  -34.309  -2.872 6.0000000000
136429  34.658  -34.623  -3.359 7.0000000000
136430  34.356  -34.929  -3.838 7.0000000000
136431  33.906  -36.788  -1.718 6.0000000000
136432  33.949  -36.529  -2.150 6.0000000000
136433  33.985  -36.271  -2.583 6.0000000000
136434  33.308  -37.159  -3.072 6.0000000000
136435  33.670  -36.583  -3.046 6.0000000000
136436  34.012  -36.012  -3.016 6.0000000000
136437  34.030  -35.752  -3.448 6.0000000000
136438  34.036  -35.492  -3.878 6.0000000000
136439  34.030  -35.229  -4.308 7.0000000000
136440  33.678  -35.527  -4.771 6.0000000000
136441  33.300  -35.824  -5.228 6.0000000000
136442  32.893  -36.124  -5.676 6.0000000000
136443  32.546  -36.957  -5.267 6.0000000000
136444  32.508  -36.691  -5.693 6.0000000000
136445  32.452  -36.429  -6.116 6.0000000000
136446  31.975  -36.741  -6.546 6.0000000000
136447  31.460  -37.056  -6.965 6.0000000000
136448  30.910  -37.373  -7.375 6.0000000000
136449  30.328  -37.693  -7.778 6.0000000000
136450  30.433  -37.960  -7.374 6.0000000000
136451  29.931  -38.556  -7.375 6.0000000000
139329  27.087  -33.743  -14.040 7.0000000000
139330  26.828  -33.521  -14.416 7.0000000000
139331  26.432  -34.098  -14.438 7.0000000000
139332  25.788  -34.467  -14.837 7.0000000000
139333  25.163  -34.848  -15.232 7.0000000000
139334  24.992  -35.680  -14.869 7.0000000000
139335  24.776  -35.461  -15.246 7.0000000000
139336  24.566  -35.242  -15.616 7.0000000000
139337  24.000  -35.650  -15.986 7.0000000000
139338  23.465  -36.074  -16.337 7.0000000000
139339  22.959  -36.516  -16.669 7.0000000000
139340  23.360  -38.297  -14.838 7.0000000000
139341  23.197  -38.072  -15.214 7.0000000000
139342  23.041  -37.851  -15.584 7.0000000000
139344  22.504  -38.337  -15.911 7.0000000000
139345  22.890  -37.631  -15.945 7.0000000000
139346  22.746  -37.412  -16.299 7.0000000000
139347  22.609  -37.194  -16.644 7.0000000000
139348  22.479  -36.976  -16.981 7.0000000000
139349  22.023  -37.458  -17.275 7.0000000000
139350  21.589  -37.964  -17.550 6.0000000000
139351  21.177  -38.499  -17.807 6.0000000000
143097  35.424  -34.023  -0.085 6.0000000000
143098  35.491  -33.877  0.850 6.0000000000
143099  35.355  -34.257  0.332 6.0000000000
143100  35.191  -34.621  -0.175 6.0000000000
143101  34.939  -35.211  -0.247 7.0000000000
143102  34.669  -35.797  -0.305 7.0000000000
143103  34.380  -36.384  -0.354 7.0000000000
143104  35.154  -34.796  2.451 7.0000000000
143105  35.039  -35.191  1.963 7.0000000000
143106  34.898  -35.570  1.483 7.0000000000
143107  34.574  -36.427  1.830 7.0000000000
143108  34.654  -36.179  1.421 7.0000000000
143109  34.731  -35.934  1.009 7.0000000000
143110  34.537  -36.289  0.538 7.0000000000
143111  34.317  -36.635  0.069 7.0000000000
143112  34.072  -36.974  -0.396 6.0000000000
143113  33.745  -37.568  -0.432 6.0000000000
143114  33.399  -38.167  -0.461 6.0000000000
143115  33.033  -38.773  -0.486 6.0000000000
143116  33.275  -38.705  0.395 6.0000000000
143117  32.973  -39.046  -0.055 6.0000000000
143118  32.645  -39.385  -0.506 6.0000000000
143119  32.236  -40.007  -0.521 6.0000000000
143120  31.806  -40.639  -0.531 6.0000000000
148012  34.715  -18.121  15.361 6.0000000000
148013  34.837  -17.984  15.014 6.0000000000
148014  34.955  -17.847  14.680 6.0000000000
148015  35.009  -18.530  14.383 6.0000000000
148016  35.064  -19.212  14.084 6.0000000000
148017  35.121  -19.891  13.781 7.0000000000
148018  35.063  -20.693  13.788 7.0000000000
148019  34.994  -21.485  13.791 7.0000000000
148020  34.908  -22.267  13.788 7.0000000000
148021  34.711  -21.729  14.458 7.0000000000
148022  34.758  -22.386  14.121 7.0000000000
148023  34.798  -23.038  13.777 7.0000000000
148024  34.660  -23.802  13.758 7.0000000000
148025  34.494  -24.559  13.731 7.0000000000
148026  34.305  -25.316  13.696 7.0000000000
149090  26.567  -33.303  -14.792 7.0000000000
149091  26.307  -33.090  -15.167 7.0000000000
149092  26.048  -32.882  -15.540 7.0000000000
149093  25.092  -33.814  -15.948 7.0000000000
149094  25.448  -33.236  -15.929 7.0000000000
149095  25.793  -32.679  -15.908 7.0000000000
149096  25.543  -32.481  -16.271 7.0000000000
149097  25.297  -32.286  -16.627 7.0000000000
149098  25.055  -32.094  -16.976 7.0000000000
149099  23.005  -35.426  -17.362 7.0000000000
149100  23.325  -34.791  -17.372 7.0000000000
149101  23.641  -34.175  -17.374 7.0000000000
149102  23.027  -34.375  -18.035 7.0000000000
149103  23.473  -33.972  -17.711 7.0000000000
149104  23.949  -33.580  -17.370 7.0000000000
149105  24.247  -33.004  -17.359 7.0000000000
149106  24.537  -32.445  -17.343 7.0000000000
149107  24.818  -31.905  -17.319 7.0000000000
149108  24.584  -31.718  -17.656 7.0000000000
149109  24.350  -31.533  -17.988 7.0000000000
149110  24.114  -31.351  -18.315 7.0000000000
149111  23.458  -32.238  -18.690 7.0000000000
149112  23.674  -31.695  -18.669 7.0000000000
149113  23.876  -31.173  -18.636 7.0000000000
149114  23.637  -31.000  -18.951 7.0000000000
149115  23.398  -30.832  -19.261 7.0000000000
149116  23.162  -30.668  -19.566 6.0000000000
149125  21.668  -34.977  -19.770 7.0000000000
149133  21.606  -34.754  -20.054 7.0000000000
149134  21.865  -34.349  -19.821 7.0000000000
149135  22.052  -33.745  -19.864 7.0000000000
149136  22.228  -33.161  -19.895 7.0000000000
149137  22.394  -32.595  -19.915 7.0000000000
149138  21.989  -32.771  -20.469 7.0000000000
149139  22.253  -32.407  -20.205 7.0000000000
149140  22.549  -32.046  -19.922 7.0000000000
149141  22.691  -31.514  -19.917 7.0000000000
149142  22.818  -31.002  -19.897 6.0000000000
158975  34.076  -23.498  15.154 7.0000000000
158977  33.889  -24.252  15.144 6.0000000000
158978  34.088  -24.142  14.786 7.0000000000
158979  34.096  -24.787  14.414 7.0000000000
158980  34.100  -25.431  14.037 7.0000000000
158981  34.101  -26.076  13.655 7.0000000000
159219  33.045  -28.665  14.281 6.0000000000
159220  33.249  -27.868  14.298 6.0000000000
159221  33.463  -27.082  14.323 7.0000000000
159222  33.679  -26.963  13.961 7.0000000000
159223  33.891  -26.843  13.611 7.0000000000
159224  34.100  -26.722  13.269 7.0000000000
159225  34.102  -27.367  12.877 7.0000000000
159226  34.109  -28.013  12.481 7.0000000000
159227  34.123  -28.657  12.079 7.0000000000
159228  33.755  -29.588  12.365 7.0000000000
159229  33.953  -29.444  12.016 7.0000000000
159230  34.146  -29.297  11.671 7.0000000000
159231  34.177  -29.932  11.255 7.0000000000
159232  34.216  -30.559  10.831 7.0000000000
159233  34.264  -31.179  10.398 7.0000000000
159234  33.254  -32.801  12.191 7.0000000000
159235  33.452  -32.636  11.801 7.0000000000
159236  33.641  -32.468  11.420 7.0000000000
159237  33.655  -33.912  10.918 7.0000000000
159238  33.735  -33.101  10.982 7.0000000000
159239  33.823  -32.301  11.048 7.0000000000
159240  33.996  -32.132  10.680 7.0000000000
159241  34.161  -31.962  10.316 7.0000000000
159242  34.318  -31.790  9.954 7.0000000000
159243  34.377  -32.393  9.496 7.0000000000
159244  34.436  -32.987  9.026 7.0000000000
159245  34.491  -33.572  8.542 7.0000000000
159246  34.282  -34.556  8.817 7.0000000000
159247  34.411  -34.352  8.432 7.0000000000
159248  34.534  -34.147  8.048 7.0000000000
159249  34.559  -34.706  7.550 7.0000000000
159250  34.561  -35.247  7.055 7.0000000000
159251  34.539  -35.764  6.570 7.0000000000
159260  33.549  -38.162  9.388 6.0000000000
159268  33.533  -38.693  8.960 6.0000000000
159269  33.689  -37.932  8.965 6.0000000000
159270  33.823  -37.697  8.545 6.0000000000
159271  33.951  -37.459  8.129 7.0000000000
159272  34.071  -37.219  7.716 7.0000000000
159273  33.842  -38.446  7.262 6.0000000000
159274  34.022  -37.716  7.274 7.0000000000
159275  34.185  -36.978  7.307 7.0000000000
159276  34.292  -36.737  6.901 7.0000000000
159277  34.394  -36.496  6.499 7.0000000000
159278  34.493  -36.254  6.099 7.0000000000
159279  34.424  -36.720  5.640 7.0000000000
159280  34.332  -37.163  5.190 7.0000000000
159281  34.217  -37.588  4.745 7.0000000000
159282  33.911  -38.537  5.144 7.0000000000
159283  33.996  -38.266  4.722 7.0000000000
159284  34.079  -37.995  4.302 7.0000000000
159285  33.916  -38.387  3.862 7.0000000000
159286  33.728  -38.763  3.423 7.0000000000
159287  33.514  -39.128  2.985 6.0000000000
159288  32.859  -41.276  5.168 6.0000000000
159289  32.927  -40.978  4.726 6.0000000000
159290  32.995  -40.679  4.286 6.0000000000
159292  32.740  -41.046  3.857 6.0000000000
159293  33.063  -40.379  3.848 6.0000000000
159294  33.133  -40.079  3.411 6.0000000000
159295  33.203  -39.780  2.978 6.0000000000
159296  33.273  -39.485  2.547 6.0000000000
159297  33.006  -39.836  2.108 6.0000000000
159298  32.714  -40.184  1.669 6.0000000000
159299  32.396  -40.532  1.229 6.0000000000
159301  31.992  -41.181  1.232 6.0000000000
159302  32.054  -40.880  0.789 6.0000000000
160031  29.709  -31.066  -13.187 7.0000000000
160032  29.135  -31.344  -13.577 7.0000000000
160033  28.824  -31.831  -13.593 7.0000000000
160034  28.486  -32.335  -13.610 7.0000000000
160035  28.124  -32.859  -13.627 7.0000000000
160072  34.620  -33.843  -4.636 7.0000000000
160073  34.899  -33.275  -4.565 7.0000000000
160074  35.160  -32.702  -4.481 7.0000000000
160075  34.776  -32.758  -5.412 7.0000000000
160076  35.103  -32.445  -4.905 7.0000000000
160099  33.073  -32.688  -8.494 7.0000000000
160102  31.913  -33.037  -9.758 7.0000000000
160110  30.200  -32.183  -12.091 7.0000000000
160111  30.119  -32.916  -11.729 7.0000000000
160112  29.870  -32.693  -12.106 7.0000000000
160113  29.617  -32.474  -12.480 7.0000000000
160114  29.012  -32.772  -12.867 7.0000000000
160115  28.386  -33.081  -13.256 7.0000000000
160116  27.741  -33.404  -13.646 7.0000000000
160117  27.343  -33.968  -13.662 7.0000000000
160118  26.935  -34.548  -13.676 7.0000000000
160119  26.517  -35.138  -13.687 7.0000000000
160120  27.431  -35.007  -12.907 7.0000000000
160121  26.759  -35.367  -13.299 7.0000000000
160122  26.091  -35.738  -13.697 7.0000000000
160123  25.657  -36.351  -13.707 7.0000000000
160124  25.217  -36.981  -13.712 7.0000000000
160125  24.771  -37.630  -13.710 7.0000000000
160126  28.362  -35.961  -11.350 7.0000000000
160127  27.685  -36.315  -11.738 7.0000000000
160128  26.999  -36.681  -12.130 7.0000000000
160129  26.723  -37.544  -11.734 6.0000000000
160130  26.521  -37.301  -12.130 7.0000000000
160131  26.312  -37.060  -12.526 7.0000000000
160132  25.632  -37.455  -12.922 7.0000000000
160133  24.966  -37.868  -13.315 7.0000000000
160144  29.715  -38.019  -8.176 6.0000000000
