#!ascii label  , from subject 40tvs8ref_sym_20 vox2ras=TkReg
599
22  28.510  96.743  -18.218 7.0000000000
383  28.648  94.493  -2.975 7.0000000000
729  28.848  90.431  -15.513 7.0000000000
740  28.841  96.175  -25.465 6.0000000000
1110  28.922  91.832  4.991 7.0000000000
1111  28.904  87.546  -0.451 7.0000000000
1853  28.448  96.117  -10.753 7.0000000000
1854  27.840  100.394  -5.600 6.0000000000
1855  28.446  98.136  2.431 6.0000000000
2163  28.838  89.500  -8.128 7.0000000000
2647  28.891  93.762  -20.535 7.0000000000
2649  28.764  93.724  -16.905 7.0000000000
2658  28.077  99.442  -19.533 7.0000000000
2660  28.623  96.634  -21.873 7.0000000000
2661  29.131  93.499  -24.109 7.0000000000
3030  29.119  90.185  9.039 6.0000000000
3031  29.043  88.290  6.165 6.0000000000
4073  27.659  101.150  -9.518 6.0000000000
4770  28.514  95.432  -6.898 7.0000000000
4771  28.735  92.953  -9.449 7.0000000000
4772  28.786  92.194  -5.605 7.0000000000
6606  28.788  93.279  0.985 7.0000000000
6607  28.851  91.166  -1.701 7.0000000000
6608  28.924  89.850  2.223 7.0000000000
8182  28.044  99.343  -15.824 7.0000000000
8183  28.452  96.554  -14.516 7.0000000000
8184  28.060  98.989  -12.050 7.0000000000
8185  28.142  98.398  -8.209 7.0000000000
8186  28.292  97.557  -4.276 7.0000000000
8188  28.103  99.384  -1.605 6.0000000000
8189  28.518  96.463  -0.285 7.0000000000
8190  28.765  95.120  3.746 7.0000000000
8191  29.002  93.573  7.841 7.0000000000
9051  28.713  93.455  -13.219 7.0000000000
9052  28.829  90.085  -11.861 7.0000000000
9054  28.844  88.659  -4.313 7.0000000000
10327  28.716  95.304  -19.393 7.0000000000
10328  28.817  93.775  -18.726 7.0000000000
10329  28.665  95.280  -17.567 7.0000000000
10338  28.308  98.123  -18.873 7.0000000000
10339  28.350  98.077  -20.710 7.0000000000
10340  28.554  96.731  -20.051 7.0000000000
10341  28.787  95.251  -21.209 7.0000000000
12450  28.573  94.994  -4.944 7.0000000000
12451  28.669  93.849  -6.250 7.0000000000
12452  28.717  93.389  -4.301 7.0000000000
13705  28.887  90.515  -17.307 6.0000000000
13709  28.898  88.752  -14.778 6.0000000000
13736  28.525  97.716  -24.335 6.0000000000
13742  29.160  94.567  -26.564 7.0000000000
13743  29.159  91.994  -23.397 6.0000000000
13744  29.329  91.783  -25.153 6.0000000000
14850  28.850  92.579  2.980 7.0000000000
14851  28.865  91.593  1.607 7.0000000000
14852  28.916  90.869  3.593 7.0000000000
14854  29.034  87.270  4.779 6.0000000000
17977  27.795  100.538  -14.604 7.0000000000
17978  28.043  99.195  -13.945 7.0000000000
17979  27.821  100.348  -12.706 7.0000000000
17980  27.740  100.802  -7.573 6.0000000000
17981  27.918  99.796  -8.865 7.0000000000
17982  27.992  99.432  -6.912 7.0000000000
17983  28.209  98.008  -6.252 7.0000000000
17984  28.082  99.003  -4.935 7.0000000000
17990  28.269  98.789  0.406 7.0000000000
17991  28.329  97.956  -0.940 7.0000000000
17992  28.478  97.341  1.073 7.0000000000
17993  28.641  95.821  1.723 7.0000000000
17994  28.636  96.667  3.098 7.0000000000
17996  28.933  95.151  7.198 6.0000000000
18111  27.792  100.668  -16.482 7.0000000000
20070  28.442  96.366  -12.644 7.0000000000
20071  28.602  95.046  -13.872 7.0000000000
20072  28.596  94.839  -12.000 7.0000000000
20073  28.814  91.257  -8.791 7.0000000000
20074  28.798  91.557  -10.680 7.0000000000
20075  28.835  89.824  -10.003 7.0000000000
20076  28.871  88.352  -11.151 6.0000000000
20077  28.860  88.063  -9.308 6.0000000000
20078  28.893  89.394  -1.071 7.0000000000
20079  28.864  89.965  -3.019 7.0000000000
20080  28.865  88.137  -2.384 7.0000000000
23197  29.029  92.122  -21.623 7.0000000000
23199  28.933  92.176  -19.832 7.0000000000
23200  28.864  92.164  -18.032 7.0000000000
23201  28.816  92.097  -16.221 7.0000000000
23218  28.125  99.364  -21.365 6.0000000000
23219  28.423  97.940  -22.532 7.0000000000
23220  28.723  96.447  -23.677 7.0000000000
23221  29.018  94.884  -24.794 7.0000000000
23222  28.890  95.113  -23.011 7.0000000000
23223  28.994  93.673  -22.332 7.0000000000
23886  29.013  91.035  7.009 7.0000000000
23887  28.987  90.092  5.586 7.0000000000
23888  29.073  89.261  7.586 6.0000000000
23889  29.115  87.430  8.146 6.0000000000
25763  27.591  101.440  -11.445 6.0000000000
27018  28.472  95.806  -8.836 7.0000000000
27019  28.606  94.573  -10.104 7.0000000000
27020  28.632  94.244  -8.184 7.0000000000
27021  28.759  92.606  -7.534 7.0000000000
27022  28.829  90.892  -6.886 7.0000000000
27024  28.859  86.261  -1.747 7.0000000000
29225  29.293  93.233  -25.872 7.0000000000
29226  29.529  91.480  -26.901 6.0000000000
30774  28.723  93.922  -0.997 7.0000000000
30775  28.771  92.862  -2.337 7.0000000000
30776  28.820  92.262  -0.367 7.0000000000
30777  28.885  90.542  0.260 7.0000000000
30778  28.929  88.751  0.878 7.0000000000
30779  28.976  89.098  4.191 7.0000000000
30780  28.976  88.041  2.826 7.0000000000
30781  28.959  86.889  1.481 7.0000000000
34852  28.283  98.085  -17.026 7.0000000000
34853  28.476  96.680  -16.374 7.0000000000
34854  28.264  97.978  -15.165 7.0000000000
34855  28.258  97.812  -13.290 7.0000000000
34856  28.267  97.586  -11.399 7.0000000000
34857  27.862  100.101  -10.793 7.0000000000
34858  28.092  98.724  -10.140 7.0000000000
34859  28.293  97.297  -9.488 7.0000000000
34860  28.338  96.945  -7.552 7.0000000000
34861  28.399  96.532  -5.595 7.0000000000
34862  28.482  96.056  -3.621 7.0000000000
34868  27.960  99.921  -3.607 6.0000000000
34869  28.194  98.511  -2.943 7.0000000000
34870  28.399  97.043  -2.285 7.0000000000
34871  28.580  95.515  -1.635 7.0000000000
34872  28.674  94.905  0.357 7.0000000000
34873  28.762  94.231  2.358 7.0000000000
34874  28.852  93.507  4.377 7.0000000000
34875  28.792  95.934  5.139 7.0000000000
34876  28.885  94.368  5.787 7.0000000000
34877  28.948  92.737  6.411 7.0000000000
34878  29.058  91.919  8.454 6.0000000000
35016  28.057  99.431  -17.685 7.0000000000
37395  28.626  95.193  -15.726 7.0000000000
37396  28.728  93.618  -15.070 7.0000000000
37397  28.790  91.975  -14.396 7.0000000000
37398  28.717  93.234  -11.346 7.0000000000
37399  28.787  91.795  -12.550 7.0000000000
37400  28.830  90.288  -13.698 7.0000000000
37401  28.881  88.581  -12.976 6.0000000000
37404  28.817  91.716  -3.659 7.0000000000
37405  28.844  90.464  -4.961 7.0000000000
37406  28.838  89.113  -6.231 7.0000000000
37407  28.830  86.810  -3.654 7.0000000000
37408  28.827  87.294  -5.557 7.0000000000
37409  28.842  87.711  -7.446 6.0000000000
41047  28.616  96.036  -18.808 7.0000000000
41048  28.689  95.301  -18.481 7.0000000000
41049  28.594  96.024  -17.892 7.0000000000
41058  28.414  97.442  -18.545 7.0000000000
41059  28.432  97.438  -19.464 7.0000000000
41060  28.530  96.747  -19.136 7.0000000000
41061  28.642  96.030  -19.722 7.0000000000
43170  28.609  94.752  -3.962 7.0000000000
43171  28.650  94.200  -4.622 7.0000000000
43172  28.682  93.951  -3.641 7.0000000000
44425  28.865  90.480  -16.412 7.0000000000
44426  28.904  89.687  -16.935 6.0000000000
44427  28.884  89.647  -16.044 6.0000000000
44429  28.868  89.592  -15.148 6.0000000000
44456  28.683  96.953  -24.903 6.0000000000
44458  28.744  96.800  -25.798 6.0000000000
44460  28.907  96.009  -26.356 6.0000000000
44461  29.072  95.202  -26.905 6.0000000000
44462  29.001  95.380  -26.019 7.0000000000
44463  29.152  91.206  -23.024 6.0000000000
44464  29.228  91.121  -23.904 6.0000000000
45570  28.884  92.212  3.984 7.0000000000
45571  28.885  91.732  3.288 7.0000000000
45572  28.917  91.358  4.288 7.0000000000
48697  27.667  101.113  -13.985 6.0000000000
48698  27.805  100.451  -13.657 7.0000000000
48699  27.685  101.015  -13.034 7.0000000000
48700  27.788  100.606  -6.590 6.0000000000
48701  27.871  100.123  -7.243 7.0000000000
48702  27.916  99.922  -6.258 7.0000000000
48703  28.035  99.225  -5.926 7.0000000000
48704  27.966  99.706  -5.267 7.0000000000
48710  28.356  98.470  1.416 6.0000000000
48711  28.380  98.074  0.741 7.0000000000
48712  28.463  97.751  1.752 7.0000000000
48713  28.556  97.012  2.083 7.0000000000
48714  28.549  97.412  2.767 7.0000000000
48831  27.656  101.196  -14.931 6.0000000000
50790  28.443  96.249  -11.702 7.0000000000
50791  28.523  95.613  -12.323 7.0000000000
50792  28.524  95.491  -11.379 7.0000000000
50793  28.831  90.384  -8.461 7.0000000000
50794  28.826  90.548  -9.404 7.0000000000
50795  28.837  89.669  -9.068 7.0000000000
50796  28.846  88.945  -9.659 7.0000000000
50797  28.843  88.784  -8.727 7.0000000000
50798  28.901  88.479  -0.760 7.0000000000
50799  28.883  88.778  -1.731 7.0000000000
50800  28.883  87.850  -1.418 7.0000000000
54022  28.965  92.953  -21.087 7.0000000000
54023  28.977  92.157  -20.729 7.0000000000
54024  28.918  92.978  -20.188 7.0000000000
54025  28.789  93.757  -17.817 7.0000000000
54026  28.846  92.977  -18.383 7.0000000000
54027  28.818  92.954  -17.476 7.0000000000
54028  28.837  92.137  -17.128 7.0000000000
54029  28.794  92.917  -16.566 7.0000000000
54053  27.954  100.083  -19.859 6.0000000000
54055  28.097  99.414  -20.451 7.0000000000
54056  28.486  97.365  -21.294 7.0000000000
54057  28.382  98.020  -21.624 7.0000000000
54058  28.526  97.294  -22.203 7.0000000000
54059  28.573  97.201  -23.107 7.0000000000
54060  28.670  96.552  -22.777 7.0000000000
54061  28.812  95.791  -23.345 7.0000000000
54062  28.758  95.884  -22.446 7.0000000000
54063  28.848  94.520  -20.874 7.0000000000
54064  28.895  94.475  -21.776 7.0000000000
54065  28.938  93.727  -21.435 7.0000000000
54066  29.019  92.909  -21.982 7.0000000000
55170  29.064  90.617  8.022 6.0000000000
55171  29.045  90.157  7.300 6.0000000000
55172  29.094  89.730  8.309 6.0000000000
60390  28.491  95.627  -7.869 7.0000000000
60391  28.555  95.034  -8.510 7.0000000000
60392  28.573  94.850  -7.543 7.0000000000
60393  28.734  93.030  -5.927 7.0000000000
60394  28.716  93.241  -6.895 7.0000000000
60395  28.772  92.408  -6.571 7.0000000000
60396  28.802  91.759  -7.210 7.0000000000
60397  28.812  91.557  -6.249 7.0000000000
64263  29.400  93.531  -27.979 6.0000000000
64268  29.085  94.206  -24.454 7.0000000000
64269  29.159  94.071  -25.339 7.0000000000
64270  29.210  93.378  -24.992 7.0000000000
64272  29.427  91.643  -26.028 6.0000000000
67590  28.757  93.608  -0.006 7.0000000000
67591  28.777  93.099  -0.681 7.0000000000
67592  28.804  92.779  0.307 7.0000000000
67593  28.896  90.729  1.917 7.0000000000
67594  28.875  91.077  0.931 7.0000000000
67595  28.903  90.204  1.241 7.0000000000
67596  28.909  89.656  0.570 7.0000000000
67597  28.928  89.313  1.548 7.0000000000
67598  29.016  89.198  5.877 6.0000000000
67599  28.979  89.601  4.884 7.0000000000
67600  29.008  88.701  5.177 6.0000000000
67601  29.033  86.731  4.095 6.0000000000
67602  29.004  87.662  3.802 6.0000000000
67603  29.002  87.112  3.122 6.0000000000
67604  28.972  87.478  2.152 7.0000000000
67605  28.992  86.536  2.448 6.0000000000
76972  28.165  98.723  -16.426 7.0000000000
76973  28.273  98.039  -16.097 7.0000000000
76974  28.158  98.666  -15.494 7.0000000000
76975  28.050  99.100  -12.999 7.0000000000
76976  28.154  98.510  -13.616 7.0000000000
76977  28.159  98.410  -12.672 7.0000000000
76978  28.260  97.707  -12.347 7.0000000000
76979  28.167  98.295  -11.724 7.0000000000
76980  27.624  101.302  -10.483 6.0000000000
76981  27.733  100.775  -11.119 7.0000000000
76982  27.761  100.633  -10.157 7.0000000000
76983  28.034  99.104  -8.537 7.0000000000
76984  28.005  99.268  -9.505 7.0000000000
76985  28.114  98.569  -9.178 7.0000000000
76986  28.195  98.018  -9.814 7.0000000000
76987  28.217  97.856  -8.850 7.0000000000
76988  28.313  97.129  -8.523 7.0000000000
76989  28.243  97.679  -7.880 7.0000000000
76990  28.248  97.790  -5.266 7.0000000000
76991  28.306  97.277  -5.923 7.0000000000
76992  28.345  97.053  -4.938 7.0000000000
76993  28.438  96.302  -4.610 7.0000000000
76994  28.389  96.814  -3.948 7.0000000000
77010  28.028  99.660  -2.607 6.0000000000
77011  28.081  99.224  -3.274 7.0000000000
77012  28.148  98.958  -2.274 7.0000000000
77013  28.428  97.217  -0.611 7.0000000000
77014  28.362  97.508  -1.613 7.0000000000
77015  28.458  96.761  -1.286 7.0000000000
77016  28.493  96.287  -1.958 7.0000000000
77017  28.547  95.998  -0.961 7.0000000000
77018  28.628  95.219  -0.639 7.0000000000
77019  28.601  95.693  0.038 7.0000000000
77020  28.703  95.478  2.732 7.0000000000
77021  28.706  95.034  2.042 7.0000000000
77022  28.759  94.684  3.050 7.0000000000
77023  28.807  93.875  3.365 7.0000000000
77024  28.812  94.321  4.064 7.0000000000
77026  28.721  96.689  4.808 6.0000000000
77027  28.803  96.306  5.835 6.0000000000
77028  28.972  94.371  7.523 7.0000000000
77029  28.909  94.771  6.492 7.0000000000
77030  28.942  93.976  6.812 7.0000000000
77031  28.917  93.561  6.102 7.0000000000
77032  28.971  93.164  7.125 7.0000000000
77033  29.000  92.334  7.431 7.0000000000
77034  29.029  92.756  8.151 7.0000000000
77373  27.922  100.011  -16.154 7.0000000000
77374  27.926  100.058  -17.086 7.0000000000
77375  28.050  99.396  -16.757 7.0000000000
77376  28.174  98.764  -17.355 7.0000000000
83250  28.462  96.624  -15.447 7.0000000000
83251  28.557  95.948  -16.050 7.0000000000
83252  28.542  95.887  -15.124 7.0000000000
83253  28.662  94.260  -13.547 7.0000000000
83254  28.670  94.345  -14.475 7.0000000000
83255  28.718  93.544  -14.147 7.0000000000
83256  28.763  92.804  -14.736 7.0000000000
83257  28.756  92.726  -13.814 7.0000000000
83258  28.675  93.772  -9.777 7.0000000000
83259  28.666  93.917  -10.729 7.0000000000
83260  28.725  93.101  -10.400 7.0000000000
83261  28.815  90.828  -11.278 7.0000000000
83262  28.791  91.683  -11.618 7.0000000000
83263  28.811  90.945  -12.208 7.0000000000
83264  28.809  91.048  -13.132 7.0000000000
83265  28.828  90.194  -12.783 7.0000000000
83266  28.852  89.435  -13.340 6.0000000000
83267  28.849  89.335  -12.428 6.0000000000
83268  28.904  87.485  -10.786 6.0000000000
83273  28.816  92.023  -2.019 7.0000000000
83274  28.794  92.301  -3.000 7.0000000000
83275  28.834  91.451  -2.681 7.0000000000
83276  28.857  89.323  -3.670 7.0000000000
83277  28.853  90.224  -3.991 7.0000000000
83278  28.849  89.569  -4.638 7.0000000000
83279  28.844  89.798  -5.602 7.0000000000
83280  28.839  88.895  -5.274 7.0000000000
83282  28.841  86.543  -2.701 7.0000000000
83285  28.832  86.379  -5.211 6.0000000000
83286  28.840  86.605  -6.154 6.0000000000
83287  28.833  87.511  -6.504 7.0000000000
83288  28.853  86.814  -7.092 6.0000000000
83289  28.867  87.005  -8.025 6.0000000000
92317  28.808  94.546  -19.969 7.0000000000
92318  28.851  93.777  -19.632 7.0000000000
92319  28.775  94.552  -19.062 7.0000000000
92320  28.746  94.541  -18.152 7.0000000000
92321  28.721  94.513  -17.238 7.0000000000
92336  28.196  98.789  -19.203 7.0000000000
92337  28.213  98.769  -20.123 7.0000000000
92338  28.326  98.111  -19.793 7.0000000000
92339  28.455  97.413  -20.381 7.0000000000
92340  28.584  96.694  -20.964 7.0000000000
92341  28.711  95.955  -21.542 7.0000000000
92342  28.673  96.003  -20.633 7.0000000000
92343  28.748  95.288  -20.302 7.0000000000
93007  29.145  89.289  9.321 6.0000000000
96138  28.541  95.221  -5.923 7.0000000000
96139  28.595  94.649  -6.573 7.0000000000
96140  28.620  94.432  -5.599 7.0000000000
96141  28.692  93.627  -5.277 7.0000000000
96142  28.753  92.804  -4.955 7.0000000000
98397  28.915  90.535  -18.200 6.0000000000
98452  28.367  98.465  -23.761 6.0000000000
98463  29.237  94.377  -27.447 6.0000000000
98464  29.316  93.733  -27.100 6.0000000000
98465  29.155  92.760  -23.758 7.0000000000
98466  29.236  92.653  -24.639 7.0000000000
98467  29.239  91.899  -24.277 6.0000000000
98468  29.315  91.016  -24.779 6.0000000000
100458  28.818  92.935  1.980 7.0000000000
100459  28.830  92.443  1.297 7.0000000000
100460  28.856  92.094  2.290 7.0000000000
100461  28.889  91.238  2.599 7.0000000000
100462  28.919  90.367  2.904 7.0000000000
100463  29.068  87.372  6.452 6.0000000000
100464  29.036  87.788  5.468 6.0000000000
100465  29.064  86.863  5.757 6.0000000000
106087  27.921  99.948  -15.217 7.0000000000
106088  28.041  99.276  -14.887 7.0000000000
106089  27.924  99.871  -14.275 7.0000000000
106090  27.933  99.779  -13.328 7.0000000000
106091  27.946  99.673  -12.377 7.0000000000
106092  27.697  100.983  -8.549 6.0000000000
106093  27.793  100.478  -9.192 7.0000000000
106094  27.830  100.309  -8.221 7.0000000000
106095  27.953  99.622  -7.892 7.0000000000
106096  28.067  98.923  -7.563 7.0000000000
106097  28.174  98.211  -7.233 7.0000000000
106098  28.104  98.727  -6.582 7.0000000000
106099  28.145  98.515  -5.596 7.0000000000
106100  28.191  98.287  -4.605 7.0000000000
106110  28.184  99.093  -0.601 6.0000000000
106111  28.221  98.678  -1.271 7.0000000000
106112  28.298  98.383  -0.266 7.0000000000
106113  28.402  97.656  0.065 7.0000000000
106114  28.496  96.911  0.393 7.0000000000
106115  28.579  96.150  0.718 7.0000000000
106116  28.565  96.590  1.400 7.0000000000
106117  28.636  96.254  2.410 7.0000000000
106118  28.707  95.903  3.424 7.0000000000
106124  29.064  93.157  8.873 7.0000000000
106329  27.791  100.611  -15.545 7.0000000000
109854  28.445  96.468  -13.582 7.0000000000
109855  28.532  95.811  -14.194 7.0000000000
109856  28.525  95.720  -13.261 7.0000000000
109857  28.597  94.950  -12.938 7.0000000000
109858  28.659  94.160  -12.614 7.0000000000
109859  28.781  92.114  -9.120 7.0000000000
109860  28.772  92.267  -10.070 7.0000000000
109861  28.805  91.415  -9.738 7.0000000000
109862  28.820  90.696  -10.343 7.0000000000
109863  28.832  89.962  -10.934 7.0000000000
109864  28.847  89.220  -11.509 6.0000000000
109865  28.847  89.090  -10.586 7.0000000000
109866  28.866  88.215  -10.232 6.0000000000
109867  28.894  87.341  -9.871 6.0000000000
109868  28.876  90.290  -1.385 7.0000000000
109869  28.861  90.580  -2.362 7.0000000000
109870  28.878  89.689  -2.046 7.0000000000
109871  28.869  89.060  -2.701 7.0000000000
109872  28.852  88.407  -3.349 7.0000000000
115567  29.086  91.271  -22.140 6.0000000000
115569  29.030  91.318  -21.251 6.0000000000
115570  28.982  91.348  -20.360 7.0000000000
115571  28.941  91.361  -19.466 7.0000000000
115572  28.879  92.986  -19.287 7.0000000000
115573  28.896  92.178  -18.933 7.0000000000
115574  28.906  91.359  -18.570 7.0000000000
115575  28.876  91.342  -17.673 7.0000000000
115576  28.852  91.311  -16.773 7.0000000000
115577  28.833  91.267  -15.870 7.0000000000
115614  28.162  99.291  -22.275 6.0000000000
115615  28.239  98.726  -21.039 7.0000000000
115616  28.274  98.661  -21.951 7.0000000000
115617  28.317  98.573  -22.858 6.0000000000
115618  28.471  97.838  -23.435 7.0000000000
115619  28.625  97.087  -24.007 7.0000000000
115620  28.780  96.321  -24.572 7.0000000000
115621  28.935  95.538  -25.130 7.0000000000
115622  28.872  95.675  -24.240 7.0000000000
115623  28.952  95.010  -23.905 7.0000000000
115624  29.015  94.318  -23.566 7.0000000000
115625  28.835  95.193  -22.112 7.0000000000
115626  28.952  94.408  -22.674 7.0000000000
115627  29.059  93.597  -23.223 7.0000000000
115628  29.082  92.845  -22.873 7.0000000000
115629  29.089  92.067  -22.512 6.0000000000
117174  28.965  91.440  5.999 7.0000000000
117175  28.955  90.970  5.290 7.0000000000
117176  28.998  90.570  6.294 7.0000000000
117177  29.029  89.683  6.585 6.0000000000
117178  29.056  88.781  6.871 6.0000000000
117179  29.119  88.826  8.590 6.0000000000
117180  29.097  88.352  7.868 6.0000000000
117181  29.079  87.867  7.155 6.0000000000
121574  28.538  97.787  3.449 6.0000000000
124482  28.458  95.969  -9.797 7.0000000000
124483  28.530  95.354  -10.429 7.0000000000
124484  28.540  95.202  -9.472 7.0000000000
124485  28.617  94.416  -9.146 7.0000000000
124486  28.687  93.612  -8.820 7.0000000000
124487  28.649  94.054  -7.219 7.0000000000
124488  28.701  93.435  -7.859 7.0000000000
124489  28.746  92.788  -8.493 7.0000000000
124490  28.792  91.944  -8.167 7.0000000000
124491  28.821  91.082  -7.841 7.0000000000
124492  28.835  90.204  -7.513 7.0000000000
124493  28.907  86.602  -0.144 7.0000000000
124494  28.881  86.910  -1.105 7.0000000000
124495  28.884  85.963  -0.793 6.0000000000
129791  29.087  94.737  -25.680 7.0000000000
129792  29.236  93.913  -26.221 7.0000000000
129793  29.378  93.066  -26.751 7.0000000000
129794  29.324  92.523  -25.517 6.0000000000
129795  29.416  92.370  -26.394 6.0000000000
133998  28.687  94.216  -1.986 7.0000000000
133999  28.715  93.686  -2.656 7.0000000000
134000  28.747  93.402  -1.669 7.0000000000
134001  28.797  92.571  -1.352 7.0000000000
134002  28.836  91.725  -1.036 7.0000000000
134003  28.843  91.935  0.619 7.0000000000
134004  28.856  91.410  -0.053 7.0000000000
134005  28.868  90.863  -0.721 7.0000000000
134006  28.892  89.982  -0.408 7.0000000000
134007  28.910  89.081  -0.097 7.0000000000
134008  28.921  88.162  0.211 7.0000000000
134009  28.949  90.487  4.588 7.0000000000
134010  28.947  89.991  3.894 7.0000000000
134011  28.948  89.481  3.207 7.0000000000
134012  29.005  88.190  4.486 6.0000000000
134013  28.976  88.579  3.506 7.0000000000
134014  28.950  88.953  2.527 7.0000000000
134015  28.951  88.404  1.852 7.0000000000
134016  28.945  87.828  1.181 7.0000000000
134017  28.929  87.226  0.515 7.0000000000
134018  28.938  86.277  0.817 6.0000000000
145582  28.399  97.426  -17.623 7.0000000000
145583  28.492  96.720  -17.298 7.0000000000
145584  28.385  97.391  -16.699 7.0000000000
145585  28.372  97.341  -15.771 7.0000000000
145586  28.362  97.275  -14.839 7.0000000000
145587  28.154  98.595  -14.557 7.0000000000
145588  28.259  97.903  -14.230 7.0000000000
145589  28.356  97.195  -13.905 7.0000000000
145590  28.354  97.099  -12.966 7.0000000000
145591  28.355  96.988  -12.024 7.0000000000
145592  28.360  96.861  -11.076 7.0000000000
145593  27.707  100.902  -12.078 7.0000000000
145594  27.840  100.232  -11.751 7.0000000000
145595  27.962  99.553  -11.423 7.0000000000
145596  27.888  99.956  -9.831 7.0000000000
145597  27.981  99.418  -10.466 7.0000000000
145598  28.074  98.864  -11.097 7.0000000000
145599  28.179  98.164  -10.772 7.0000000000
145600  28.277  97.449  -10.447 7.0000000000
145601  28.370  96.718  -10.122 7.0000000000
145602  28.385  96.560  -9.162 7.0000000000
145603  28.404  96.386  -8.196 7.0000000000
145604  28.428  96.197  -7.225 7.0000000000
145605  28.273  97.485  -6.904 7.0000000000
145606  28.366  96.746  -6.576 7.0000000000
145607  28.455  95.992  -6.249 7.0000000000
145608  28.488  95.771  -5.269 7.0000000000
145609  28.527  95.535  -4.285 7.0000000000
145610  28.569  95.283  -3.297 7.0000000000
145628  27.897  100.165  -4.605 6.0000000000
145629  28.021  99.473  -4.272 7.0000000000
145630  28.135  98.765  -3.941 7.0000000000
145631  28.242  98.044  -3.611 7.0000000000
145632  28.259  98.241  -1.942 7.0000000000
145633  28.299  97.784  -2.613 7.0000000000
145634  28.343  97.308  -3.282 7.0000000000
145635  28.439  96.559  -2.955 7.0000000000
145636  28.530  95.795  -2.629 7.0000000000
145637  28.614  95.014  -2.306 7.0000000000
145638  28.657  94.727  -1.314 7.0000000000
145639  28.698  94.422  -0.321 7.0000000000
145640  28.736  94.100  0.672 7.0000000000
145641  28.654  95.371  1.038 7.0000000000
145642  28.718  94.575  1.355 7.0000000000
145643  28.773  93.762  1.669 7.0000000000
145644  28.809  93.412  2.670 7.0000000000
145645  28.847  93.051  3.676 7.0000000000
145646  28.888  92.677  4.686 7.0000000000
145647  28.635  97.058  3.785 6.0000000000
145648  28.715  96.307  4.116 7.0000000000
145649  28.778  95.537  4.442 7.0000000000
145650  28.865  95.548  6.166 6.0000000000
145651  28.845  95.160  5.465 7.0000000000
145652  28.826  94.750  4.764 7.0000000000
145653  28.865  93.947  5.081 7.0000000000
145654  28.899  93.128  5.393 7.0000000000
145655  28.931  92.292  5.699 7.0000000000
145656  28.979  91.895  6.713 7.0000000000
145657  29.032  91.485  7.730 6.0000000000
145658  29.089  91.062  8.750 6.0000000000
145659  29.092  92.334  9.181 6.0000000000
145660  29.121  91.489  9.481 6.0000000000
145661  29.149  90.623  9.774 6.0000000000
146065  27.940  100.096  -18.939 7.0000000000
146066  27.795  100.709  -17.413 6.0000000000
146067  27.932  100.087  -18.014 7.0000000000
146068  28.065  99.447  -18.611 7.0000000000
146069  28.184  98.787  -18.280 7.0000000000
146070  28.295  98.113  -17.951 7.0000000000
153147  28.574  95.994  -16.973 7.0000000000
153148  28.644  95.244  -16.648 7.0000000000
153149  28.700  94.471  -16.321 7.0000000000
153150  28.612  95.127  -14.800 7.0000000000
153151  28.682  94.415  -15.400 7.0000000000
153152  28.743  93.678  -15.989 7.0000000000
153153  28.776  92.867  -15.653 7.0000000000
153154  28.800  92.043  -15.311 7.0000000000
153155  28.819  91.209  -14.963 7.0000000000
153156  28.599  94.714  -11.055 7.0000000000
153157  28.661  94.046  -11.675 7.0000000000
153158  28.713  93.352  -12.286 7.0000000000
153159  28.763  92.404  -11.015 7.0000000000
153160  28.757  92.525  -11.954 7.0000000000
153161  28.755  92.633  -12.887 7.0000000000
153162  28.786  91.893  -13.476 7.0000000000
153163  28.812  91.136  -14.050 7.0000000000
153164  28.837  90.367  -14.608 7.0000000000
153165  28.858  89.521  -14.247 6.0000000000
153166  28.888  88.674  -13.880 6.0000000000
153168  28.875  88.474  -12.066 6.0000000000
153174  28.744  93.134  -3.320 7.0000000000
153175  28.773  92.561  -3.980 7.0000000000
153176  28.801  91.964  -4.634 7.0000000000
153177  28.847  90.851  -3.338 7.0000000000
153178  28.835  91.104  -4.312 7.0000000000
153179  28.823  91.339  -5.283 7.0000000000
153180  28.836  90.686  -5.926 7.0000000000
153181  28.839  90.009  -6.560 7.0000000000
153182  28.838  89.314  -7.183 7.0000000000
153183  28.860  87.203  -2.066 7.0000000000
153184  28.844  87.478  -3.026 7.0000000000
153185  28.834  87.738  -3.985 7.0000000000
153186  28.831  86.136  -4.266 6.0000000000
153187  28.825  87.060  -4.607 7.0000000000
153188  28.830  87.981  -4.943 7.0000000000
153189  28.831  88.206  -5.898 7.0000000000
153190  28.834  88.415  -6.847 7.0000000000
153191  28.839  88.607  -7.790 7.0000000000
153192  28.851  87.895  -8.380 6.0000000000
153193  28.881  87.181  -8.951 6.0000000000
