#!ascii label  , from subject 40tvs8ref_sym_20 vox2ras=TkReg
607
152  -15.446  27.004  -71.153 6.0000000000
336  -5.965  22.893  -72.766 6.0000000000
613  -18.568  12.944  -70.467 6.0000000000
614  -10.149  10.890  -68.868 7.0000000000
1365  -21.630  20.774  -69.055 6.0000000000
1367  -17.006  20.115  -72.007 7.0000000000
1369  -7.935  16.982  -71.615 7.0000000000
1370  -3.883  14.369  -69.722 6.0000000000
2476  -12.418  18.986  -72.491 7.0000000000
2477  -14.393  12.349  -70.155 7.0000000000
3285  -18.491  24.050  -70.329 6.0000000000
3286  -19.346  20.485  -70.807 6.0000000000
3287  -16.126  23.655  -71.917 7.0000000000
3289  -2.738  17.113  -70.715 6.0000000000
3290  -0.870  15.473  -69.522 6.0000000000
5538  -20.802  13.150  -70.014 6.0000000000
5540  -21.353  9.528  -68.867 6.0000000000
5543  -8.313  24.280  -73.097 6.0000000000
5544  -11.459  22.301  -73.092 7.0000000000
5545  -9.101  21.228  -72.862 7.0000000000
5546  -9.097  13.968  -70.447 7.0000000000
5547  -11.253  14.927  -71.042 7.0000000000
5548  -12.272  11.762  -69.574 7.0000000000
5549  -15.161  8.997  -68.540 7.0000000000
5550  -13.079  8.503  -67.812 7.0000000000
7064  -23.721  20.976  -66.955 6.0000000000
7065  -24.709  17.465  -67.555 6.0000000000
7067  -22.501  17.179  -69.355 6.0000000000
7068  -20.149  16.834  -70.716 6.0000000000
7069  -17.824  16.501  -71.476 7.0000000000
7071  -6.852  19.975  -72.370 7.0000000000
7072  -4.744  18.606  -71.670 6.0000000000
7073  -5.850  15.741  -70.827 7.0000000000
7074  -7.000  12.844  -69.540 6.0000000000
9982  -13.809  23.105  -72.830 7.0000000000
9983  -14.693  19.631  -72.525 7.0000000000
9984  -15.611  16.150  -71.695 7.0000000000
9985  -10.135  18.085  -72.144 7.0000000000
9986  -13.446  15.663  -71.484 7.0000000000
9987  -16.461  12.701  -70.508 6.0000000000
9988  -17.170  9.238  -69.041 6.0000000000
9989  -17.670  5.699  -67.313 6.0000000000
10966  -17.302  23.870  -71.205 6.0000000000
10967  -15.739  25.367  -71.621 6.0000000000
13218  -19.665  13.046  -70.293 6.0000000000
13219  -21.095  11.336  -69.478 6.0000000000
13220  -19.981  11.259  -69.702 6.0000000000
13223  -7.116  23.600  -72.977 6.0000000000
13224  -8.666  22.771  -73.057 6.0000000000
13225  -7.500  22.123  -72.868 6.0000000000
13226  -9.645  12.444  -69.702 7.0000000000
13227  -10.712  12.923  -70.052 7.0000000000
13228  -11.210  11.357  -69.243 7.0000000000
13229  -12.707  10.152  -68.723 7.0000000000
13230  -11.654  9.760  -68.360 7.0000000000
13231  -12.032  8.124  -67.421 6.0000000000
13232  -10.597  9.302  -67.963 6.0000000000
15611  -21.188  22.546  -68.705 6.0000000000
15612  -22.260  22.642  -67.610 6.0000000000
15613  -22.709  20.888  -68.037 6.0000000000
15614  -24.218  19.231  -67.319 6.0000000000
15615  -23.184  19.124  -68.329 6.0000000000
15616  -23.635  17.334  -68.495 6.0000000000
15617  -22.083  18.994  -69.269 6.0000000000
15618  -18.176  20.312  -71.488 6.0000000000
15619  -19.770  18.676  -70.836 6.0000000000
15620  -18.593  18.497  -71.407 6.0000000000
15621  -18.974  16.667  -71.172 6.0000000000
15622  -17.426  18.307  -71.812 7.0000000000
15626  -3.300  15.746  -70.277 6.0000000000
15627  -4.277  16.477  -70.822 6.0000000000
15628  -4.854  15.073  -70.312 6.0000000000
15629  -6.434  14.301  -70.241 7.0000000000
15630  -5.434  13.659  -69.685 6.0000000000
22390  -12.251  24.379  -72.992 6.0000000000
22391  -11.916  20.648  -72.856 7.0000000000
22392  -13.080  21.046  -72.876 7.0000000000
22393  -13.554  19.336  -72.562 7.0000000000
22394  -15.153  17.883  -72.159 7.0000000000
22395  -14.046  17.631  -72.142 7.0000000000
22396  -7.375  18.484  -72.039 7.0000000000
22397  -8.469  19.092  -72.317 7.0000000000
22398  -9.021  17.552  -71.904 7.0000000000
22399  -12.863  13.713  -70.618 7.0000000000
22400  -12.349  15.328  -71.280 7.0000000000
22401  -13.936  14.007  -70.856 7.0000000000
22402  -14.996  14.239  -71.040 7.0000000000
22403  -15.430  12.545  -70.373 7.0000000000
22404  -16.836  10.974  -69.808 6.0000000000
22405  -15.825  10.848  -69.639 6.0000000000
22406  -15.452  7.271  -67.639 7.0000000000
22407  -16.459  7.395  -67.961 6.0000000000
22408  -16.675  5.619  -67.047 6.0000000000
24344  -19.664  24.195  -69.319 6.0000000000
24345  -20.062  22.422  -69.725 6.0000000000
24346  -20.503  20.639  -69.988 6.0000000000
24347  -18.903  22.273  -70.642 6.0000000000
24348  -17.732  22.101  -71.422 6.0000000000
24349  -16.565  21.902  -72.044 7.0000000000
24351  -2.218  18.464  -71.042 6.0000000000
24352  -1.247  17.630  -70.514 6.0000000000
24353  -1.783  16.313  -70.151 6.0000000000
24354  -2.354  14.977  -69.668 6.0000000000
24356  -1.442  14.166  -68.997 6.0000000000
28400  -21.970  13.267  -69.619 6.0000000000
28402  -22.242  11.418  -69.158 6.0000000000
28403  -22.477  9.587  -68.603 6.0000000000
28406  -21.571  7.714  -68.198 6.0000000000
28410  -11.065  23.918  -73.146 6.0000000000
28411  -9.863  23.376  -73.161 6.0000000000
28412  -10.274  21.793  -73.023 7.0000000000
28413  -10.753  20.187  -72.738 7.0000000000
28414  -8.518  15.477  -71.087 7.0000000000
28415  -9.596  16.010  -71.391 7.0000000000
28416  -10.170  14.470  -70.772 7.0000000000
28417  -11.785  13.350  -70.349 7.0000000000
28418  -13.337  12.093  -69.880 7.0000000000
28419  -14.804  10.684  -69.383 7.0000000000
28420  -13.761  10.459  -69.069 7.0000000000
28421  -14.126  8.794  -68.190 7.0000000000
28422  -14.423  7.083  -67.263 7.0000000000
31850  -20.939  18.844  -70.114 6.0000000000
31851  -21.332  17.008  -70.105 6.0000000000
31852  -21.671  15.136  -69.943 6.0000000000
31853  -20.487  14.984  -70.438 6.0000000000
31854  -19.328  14.846  -70.793 6.0000000000
31855  -18.204  14.713  -71.022 6.0000000000
31857  -6.378  21.447  -72.617 6.0000000000
31859  -5.784  19.304  -72.051 6.0000000000
31860  -6.312  17.845  -71.705 7.0000000000
31862  -5.280  17.176  -71.300 7.0000000000
31863  -6.877  16.377  -71.260 7.0000000000
31864  -7.462  14.907  -70.708 7.0000000000
31865  -8.038  13.426  -70.041 7.0000000000
31866  -8.581  11.918  -69.270 7.0000000000
31867  -9.084  10.376  -68.415 6.0000000000
31868  -7.533  11.354  -68.740 6.0000000000
40180  -14.570  25.085  -72.239 6.0000000000
40181  -14.966  23.405  -72.459 7.0000000000
40182  -15.404  21.665  -72.494 7.0000000000
40183  -12.640  22.740  -73.036 7.0000000000
40184  -14.243  21.382  -72.765 7.0000000000
40185  -15.844  19.889  -72.349 7.0000000000
40186  -16.278  18.104  -72.055 7.0000000000
40187  -16.704  16.332  -71.647 7.0000000000
40188  -17.115  14.578  -71.137 7.0000000000
40189  -7.957  20.619  -72.640 7.0000000000
40190  -9.598  19.664  -72.552 7.0000000000
40191  -11.275  18.569  -72.343 7.0000000000
40192  -10.694  16.504  -71.642 7.0000000000
40193  -11.813  16.946  -71.856 7.0000000000
40194  -12.935  17.323  -72.030 7.0000000000
40195  -14.532  15.934  -71.633 7.0000000000
40196  -16.050  14.425  -71.141 7.0000000000
40201  -16.172  9.136  -68.833 6.0000000000
40202  -17.453  7.481  -68.205 6.0000000000
40216  -9.533  8.796  -67.496 6.0000000000
41687  -15.580  26.197  -71.408 6.0000000000
43938  -19.112  12.996  -70.393 6.0000000000
43939  -19.827  12.152  -70.006 6.0000000000
43940  -19.279  12.108  -70.095 6.0000000000
43943  -6.534  23.249  -72.882 6.0000000000
43944  -7.298  22.866  -72.940 6.0000000000
43945  -6.724  22.523  -72.831 6.0000000000
43946  -9.903  11.671  -69.295 7.0000000000
43947  -10.435  11.914  -69.484 7.0000000000
43948  -10.680  11.130  -69.063 7.0000000000
43949  -11.440  10.563  -68.810 7.0000000000
43950  -10.911  10.338  -68.624 7.0000000000
43951  -11.127  9.538  -68.168 6.0000000000
43952  -10.381  10.100  -68.423 6.0000000000
46331  -21.404  21.661  -68.897 6.0000000000
46332  -21.949  21.717  -68.377 6.0000000000
46333  -22.177  20.834  -68.555 6.0000000000
46334  -22.946  20.008  -68.199 6.0000000000
46335  -22.409  19.949  -68.698 6.0000000000
46336  -22.640  19.062  -68.809 6.0000000000
46337  -21.858  19.886  -69.178 6.0000000000
46338  -17.591  20.217  -71.769 7.0000000000
46339  -18.389  19.408  -71.467 6.0000000000
46340  -17.803  19.313  -71.720 7.0000000000
46341  -18.007  18.404  -71.631 6.0000000000
46342  -17.219  19.213  -71.928 7.0000000000
46346  -3.591  15.059  -70.014 6.0000000000
46347  -4.074  15.422  -70.306 6.0000000000
46348  -4.366  14.726  -70.026 6.0000000000
46349  -5.146  14.368  -70.013 6.0000000000
46350  -4.656  14.027  -69.716 6.0000000000
53111  -12.163  19.817  -72.687 7.0000000000
53112  -12.738  20.012  -72.724 7.0000000000
53113  -12.986  19.169  -72.538 7.0000000000
53114  -13.799  18.482  -72.364 7.0000000000
53115  -13.239  18.326  -72.328 7.0000000000
53116  -7.651  17.734  -71.839 7.0000000000
53117  -8.192  18.033  -71.987 7.0000000000
53118  -8.475  17.272  -71.767 7.0000000000
53119  -13.640  13.050  -70.391 7.0000000000
53120  -13.401  13.869  -70.742 7.0000000000
53121  -14.170  13.179  -70.514 7.0000000000
53122  -14.695  13.292  -70.623 7.0000000000
53123  -14.913  12.454  -70.273 7.0000000000
53124  -15.633  11.698  -70.015 6.0000000000
53125  -15.121  11.614  -69.906 7.0000000000
53126  -15.570  6.392  -67.175 7.0000000000
53127  -16.075  6.458  -67.349 6.0000000000
55933  -19.081  24.127  -69.838 6.0000000000
55934  -19.856  23.311  -69.540 6.0000000000
55935  -19.276  23.241  -70.037 6.0000000000
55936  -19.485  22.351  -70.199 6.0000000000
55937  -18.690  23.164  -70.504 6.0000000000
55938  -16.712  23.767  -71.583 6.0000000000
55939  -17.512  22.988  -71.333 6.0000000000
55940  -16.926  22.889  -71.688 7.0000000000
55941  -17.148  22.005  -71.753 7.0000000000
55942  -16.343  22.783  -72.001 7.0000000000
55947  -1.046  16.551  -70.052 6.0000000000
55948  -1.321  15.898  -69.845 6.0000000000
55949  -2.066  15.647  -69.924 6.0000000000
55950  -1.605  15.240  -69.607 6.0000000000
55951  -1.894  14.577  -69.340 6.0000000000
55952  -1.154  14.823  -69.274 6.0000000000
62693  -21.383  13.206  -69.832 6.0000000000
62694  -22.110  12.340  -69.403 6.0000000000
62695  -21.528  12.288  -69.594 6.0000000000
62696  -21.229  10.432  -69.180 6.0000000000
62697  -21.794  10.465  -69.047 6.0000000000
62698  -21.912  9.557  -68.745 6.0000000000
62700  -22.021  8.649  -68.429 6.0000000000
62702  -21.467  8.622  -68.539 6.0000000000
62709  -9.688  24.150  -73.160 6.0000000000
62710  -9.081  23.848  -73.144 6.0000000000
62711  -8.874  22.003  -72.976 6.0000000000
62712  -9.464  22.302  -73.056 6.0000000000
62713  -9.685  21.517  -72.952 7.0000000000
62714  -10.507  20.992  -72.896 7.0000000000
62715  -9.923  20.727  -72.816 7.0000000000
62716  -8.810  14.723  -70.781 7.0000000000
62717  -9.346  14.986  -70.947 7.0000000000
62718  -9.632  14.224  -70.618 7.0000000000
62719  -11.500  12.359  -69.819 7.0000000000
62720  -11.248  13.144  -70.205 7.0000000000
62721  -12.034  12.558  -69.972 7.0000000000
62722  -12.570  12.740  -70.118 7.0000000000
62723  -12.805  11.937  -69.730 7.0000000000
62724  -13.556  11.278  -69.484 7.0000000000
62725  -13.027  11.130  -69.323 7.0000000000
62726  -12.901  9.333  -68.274 7.0000000000
62727  -13.427  9.494  -68.458 7.0000000000
62728  -13.603  8.660  -68.003 7.0000000000
62729  -14.284  7.945  -67.731 7.0000000000
62730  -13.762  7.814  -67.537 7.0000000000
62731  -13.904  6.956  -67.064 6.0000000000
62732  -13.240  7.661  -67.340 6.0000000000
69874  -22.991  21.809  -67.288 6.0000000000
69875  -22.771  22.676  -67.040 6.0000000000
69881  -24.468  18.351  -67.452 6.0000000000
69887  -24.935  16.566  -67.631 6.0000000000
69888  -23.074  17.259  -68.937 6.0000000000
69893  -19.927  20.565  -70.414 6.0000000000
69894  -20.725  19.745  -70.067 6.0000000000
69895  -20.146  19.667  -70.470 6.0000000000
69896  -19.966  17.758  -70.795 6.0000000000
69897  -20.556  17.846  -70.480 6.0000000000
69898  -20.741  16.921  -70.429 6.0000000000
69899  -21.508  16.074  -70.044 6.0000000000
69900  -20.914  15.989  -70.339 6.0000000000
69901  -21.077  15.057  -70.209 6.0000000000
69902  -20.322  15.908  -70.597 6.0000000000
69903  -18.395  16.584  -71.342 6.0000000000
69904  -19.153  15.754  -70.999 6.0000000000
69905  -18.580  15.679  -71.147 6.0000000000
69906  -18.762  14.779  -70.922 6.0000000000
69907  -18.016  15.605  -71.263 6.0000000000
69912  -5.011  19.674  -72.013 6.0000000000
69913  -5.261  18.958  -71.869 6.0000000000
69914  -6.043  18.576  -71.890 7.0000000000
69915  -5.522  18.238  -71.703 6.0000000000
69916  -2.472  17.791  -70.892 6.0000000000
69918  -3.230  17.499  -70.976 6.0000000000
69919  -5.059  16.121  -70.839 6.0000000000
69920  -4.775  16.830  -71.070 6.0000000000
69921  -5.562  16.459  -71.077 7.0000000000
69922  -6.072  16.789  -71.296 7.0000000000
69923  -6.359  16.063  -71.054 7.0000000000
69924  -7.168  15.643  -70.998 7.0000000000
69925  -6.651  15.337  -70.784 7.0000000000
69926  -6.721  13.576  -69.904 6.0000000000
69927  -7.234  13.877  -70.158 7.0000000000
69928  -7.516  13.140  -69.802 7.0000000000
69929  -8.314  12.676  -69.667 7.0000000000
69930  -7.790  12.395  -69.421 6.0000000000
69931  -8.055  11.641  -69.017 6.0000000000
69932  -7.271  12.104  -69.151 6.0000000000
90206  -13.605  23.944  -72.786 6.0000000000
90207  -14.183  24.105  -72.599 7.0000000000
90208  -14.388  23.262  -72.666 7.0000000000
90209  -15.183  22.541  -72.499 7.0000000000
90210  -14.604  22.403  -72.683 7.0000000000
90211  -11.253  23.117  -73.145 6.0000000000
90212  -11.847  23.353  -73.111 6.0000000000
90213  -12.050  22.530  -73.082 7.0000000000
90214  -13.889  20.355  -72.716 7.0000000000
90215  -13.661  21.221  -72.839 7.0000000000
90216  -14.467  20.507  -72.664 7.0000000000
90217  -15.045  20.649  -72.574 7.0000000000
90218  -15.267  19.764  -72.456 7.0000000000
90219  -16.062  18.995  -72.218 7.0000000000
90220  -15.490  18.879  -72.304 7.0000000000
90221  -15.384  17.015  -71.939 7.0000000000
90222  -15.935  17.118  -71.917 7.0000000000
90223  -16.154  16.244  -71.686 7.0000000000
90224  -16.911  15.453  -71.404 7.0000000000
90225  -16.370  15.373  -71.431 7.0000000000
90226  -6.608  20.714  -72.504 7.0000000000
90227  -7.159  21.048  -72.642 7.0000000000
90228  -7.400  20.301  -72.511 7.0000000000
90229  -9.298  18.605  -72.246 7.0000000000
90230  -9.029  19.383  -72.440 7.0000000000
90231  -9.863  18.876  -72.359 7.0000000000
90232  -10.435  19.135  -72.462 7.0000000000
90233  -10.703  18.334  -72.249 7.0000000000
90234  -10.428  15.483  -71.230 7.0000000000
90235  -10.142  16.263  -71.522 7.0000000000
90236  -10.975  15.715  -71.354 7.0000000000
90237  -12.898  15.504  -71.387 7.0000000000
90238  -12.082  16.136  -71.579 7.0000000000
90239  -12.638  16.323  -71.679 7.0000000000
90240  -12.375  17.143  -71.949 7.0000000000
90241  -13.192  16.493  -71.767 7.0000000000
90242  -13.743  16.645  -71.842 7.0000000000
90243  -13.990  15.806  -71.567 7.0000000000
90244  -15.738  13.482  -70.786 7.0000000000
90245  -15.523  14.337  -71.102 7.0000000000
90246  -16.260  13.563  -70.833 7.0000000000
90247  -16.784  13.637  -70.854 7.0000000000
90248  -16.981  12.769  -70.537 6.0000000000
90251  -17.009  10.108  -69.433 6.0000000000
90256  -14.990  9.844  -68.970 7.0000000000
90257  -15.500  9.925  -69.117 6.0000000000
90258  -15.669  9.072  -68.696 6.0000000000
90259  -17.074  6.555  -67.646 6.0000000000
90260  -16.957  7.441  -68.094 6.0000000000
90261  -17.570  6.594  -67.764 6.0000000000
90262  -18.066  6.627  -67.859 6.0000000000
90263  -18.167  5.732  -67.414 6.0000000000
90293  -8.554  10.105  -68.153 6.0000000000
90294  -9.316  9.591  -67.962 6.0000000000
90295  -8.784  9.322  -67.698 6.0000000000
93466  -17.896  23.965  -70.786 6.0000000000
93469  -15.923  24.518  -71.791 7.0000000000
97520  -20.229  13.097  -70.167 6.0000000000
97521  -20.952  12.241  -69.757 6.0000000000
97522  -20.385  12.196  -69.894 6.0000000000
97523  -20.533  11.298  -69.601 6.0000000000
97524  -20.672  10.399  -69.292 6.0000000000
97525  -20.802  9.498  -68.968 6.0000000000
97529  -7.710  23.945  -73.050 6.0000000000
97530  -8.479  23.531  -73.099 6.0000000000
97531  -7.883  23.203  -73.030 6.0000000000
97532  -8.078  22.451  -72.971 6.0000000000
97533  -8.293  21.693  -72.879 7.0000000000
97534  -9.376  13.209  -70.087 7.0000000000
97535  -9.910  13.459  -70.264 7.0000000000
97536  -10.178  12.690  -69.885 7.0000000000
97537  -10.967  12.144  -69.658 7.0000000000
97538  -11.741  11.569  -69.412 7.0000000000
97539  -12.497  10.961  -69.158 7.0000000000
97540  -11.968  10.771  -68.987 7.0000000000
97541  -12.180  9.965  -68.544 7.0000000000
97542  -12.376  9.150  -68.087 7.0000000000
97543  -12.555  8.324  -67.618 6.0000000000
97544  -11.851  8.948  -67.897 6.0000000000
97545  -11.326  8.728  -67.699 6.0000000000
97546  -10.798  8.494  -67.489 6.0000000000
101827  -20.983  23.428  -68.478 6.0000000000
101828  -21.527  23.474  -67.920 6.0000000000
101829  -21.731  22.598  -68.165 6.0000000000
101830  -22.479  21.767  -67.840 6.0000000000
101831  -23.224  20.936  -67.503 6.0000000000
101832  -23.967  20.105  -67.154 6.0000000000
101833  -23.466  20.060  -67.684 6.0000000000
101834  -23.710  19.180  -67.831 6.0000000000
101835  -23.951  18.296  -67.947 6.0000000000
101836  -24.181  17.403  -68.034 6.0000000000
101837  -23.415  18.234  -68.427 6.0000000000
101838  -22.864  18.167  -68.888 6.0000000000
101839  -22.299  18.093  -69.327 6.0000000000
101840  -18.762  20.401  -71.167 6.0000000000
101841  -19.563  19.585  -70.839 6.0000000000
101842  -18.976  19.498  -71.172 6.0000000000
101843  -19.181  18.588  -71.142 6.0000000000
101844  -19.375  17.670  -71.072 6.0000000000
101845  -19.559  16.750  -70.964 6.0000000000
101846  -18.788  17.582  -71.309 6.0000000000
101847  -18.204  17.493  -71.504 6.0000000000
101848  -17.627  17.403  -71.660 7.0000000000
101854  -3.015  16.431  -70.510 6.0000000000
101855  -3.503  16.809  -70.780 6.0000000000
101856  -3.785  16.116  -70.558 6.0000000000
101857  -4.563  15.776  -70.581 6.0000000000
101858  -5.349  15.411  -70.579 6.0000000000
101859  -6.143  15.023  -70.549 7.0000000000
101860  -5.641  14.700  -70.291 6.0000000000
101861  -5.931  13.985  -69.973 6.0000000000
101862  -6.215  13.265  -69.627 6.0000000000
101863  -6.491  12.538  -69.254 6.0000000000
114029  -12.835  24.579  -72.860 6.0000000000
114030  -13.023  23.766  -72.933 6.0000000000
114031  -11.680  21.477  -72.993 7.0000000000
114032  -12.268  21.696  -73.002 7.0000000000
114033  -12.498  20.855  -72.880 7.0000000000
114034  -13.313  20.191  -72.735 7.0000000000
114035  -14.122  19.489  -72.559 7.0000000000
114036  -14.923  18.755  -72.355 7.0000000000
114037  -14.359  18.624  -72.374 7.0000000000
114038  -14.598  17.762  -72.165 7.0000000000
114039  -14.836  16.904  -71.932 7.0000000000
114040  -7.108  19.231  -72.215 7.0000000000
114041  -7.653  19.548  -72.358 7.0000000000
114042  -7.917  18.792  -72.184 7.0000000000
114043  -8.741  18.323  -72.122 7.0000000000
114044  -9.574  17.824  -72.029 7.0000000000
114045  -12.066  14.338  -70.836 7.0000000000
114046  -11.800  15.136  -71.164 7.0000000000
114047  -12.610  14.521  -70.959 7.0000000000
114048  -13.153  14.686  -71.074 7.0000000000
114049  -13.694  14.835  -71.179 7.0000000000
114050  -14.232  14.968  -71.272 7.0000000000
114051  -14.467  14.130  -70.957 7.0000000000
114052  -15.217  13.392  -70.715 7.0000000000
114053  -15.945  12.627  -70.453 6.0000000000
114054  -16.653  11.839  -70.166 6.0000000000
114055  -16.142  11.772  -70.102 6.0000000000
114056  -16.330  10.915  -69.736 6.0000000000
114057  -16.507  10.055  -69.351 6.0000000000
114058  -15.315  8.140  -68.095 7.0000000000
114059  -15.822  8.211  -68.259 6.0000000000
114060  -15.958  7.339  -67.808 6.0000000000
114061  -16.576  6.511  -67.507 6.0000000000
114062  -17.174  5.662  -67.190 6.0000000000
118243  -20.426  23.373  -69.019 6.0000000000
118244  -20.630  22.487  -69.226 6.0000000000
118245  -20.847  21.599  -69.397 6.0000000000
118246  -21.071  20.709  -69.534 6.0000000000
118247  -20.280  21.531  -69.874 6.0000000000
118248  -19.704  21.459  -70.324 6.0000000000
118249  -19.124  21.381  -70.742 6.0000000000
118250  -18.101  23.079  -70.938 6.0000000000
118251  -18.318  22.190  -71.050 6.0000000000
118252  -18.540  21.298  -71.126 6.0000000000
118253  -17.956  21.209  -71.473 6.0000000000
118254  -17.371  21.115  -71.781 7.0000000000
118255  -16.788  21.012  -72.046 7.0000000000
118258  -1.484  18.710  -70.914 6.0000000000
118259  -1.727  18.052  -70.785 6.0000000000
118260  -1.985  17.387  -70.627 6.0000000000
118262  -1.509  16.974  -70.347 6.0000000000
118263  -2.255  16.718  -70.441 6.0000000000
118264  -2.536  16.044  -70.225 6.0000000000
118265  -2.823  15.367  -69.980 6.0000000000
118266  -3.115  14.686  -69.706 6.0000000000
118267  -3.407  14.001  -69.403 6.0000000000
118268  -2.646  14.303  -69.383 6.0000000000
118269  -2.186  13.908  -69.045 6.0000000000
127711  -21.665  11.375  -69.331 6.0000000000
127712  -22.365  10.501  -68.890 6.0000000000
127721  -20.921  8.594  -68.631 6.0000000000
127722  -21.030  7.687  -68.280 6.0000000000
127729  -10.294  24.435  -73.144 6.0000000000
127730  -10.465  23.656  -73.171 6.0000000000
127731  -10.656  22.861  -73.145 6.0000000000
127732  -9.262  23.081  -73.122 6.0000000000
127733  -10.059  22.589  -73.114 6.0000000000
127734  -10.866  22.055  -73.072 7.0000000000
127735  -11.093  21.242  -72.957 7.0000000000
127736  -11.335  20.426  -72.807 7.0000000000
127737  -11.587  19.607  -72.629 7.0000000000
127738  -8.225  16.229  -71.365 7.0000000000
127739  -8.763  16.510  -71.520 7.0000000000
127740  -9.055  15.748  -71.247 7.0000000000
127741  -9.885  15.240  -71.095 7.0000000000
127742  -10.710  14.704  -70.912 7.0000000000
127743  -10.446  13.698  -70.424 7.0000000000
127744  -10.984  13.925  -70.570 7.0000000000
127745  -11.524  14.139  -70.707 7.0000000000
127746  -12.323  13.540  -70.487 7.0000000000
127747  -13.106  12.904  -70.258 7.0000000000
127748  -13.867  12.230  -70.023 7.0000000000
127749  -14.605  11.518  -69.778 7.0000000000
127750  -14.083  11.407  -69.636 7.0000000000
127751  -14.285  10.580  -69.232 7.0000000000
127752  -14.473  9.747  -68.809 7.0000000000
127753  -13.234  10.316  -68.899 7.0000000000
127754  -13.952  9.632  -68.637 7.0000000000
127755  -14.646  8.905  -68.370 7.0000000000
127756  -14.802  8.052  -67.918 7.0000000000
127757  -14.940  7.187  -67.456 7.0000000000
127758  -15.059  6.310  -66.988 6.0000000000
136891  -22.056  23.510  -67.348 6.0000000000
136892  -22.567  23.536  -66.762 6.0000000000
136910  -24.396  16.496  -68.092 6.0000000000
136916  -21.296  19.818  -69.636 6.0000000000
136917  -21.515  18.921  -69.705 6.0000000000
136918  -21.724  18.015  -69.742 6.0000000000
136919  -20.357  18.762  -70.492 6.0000000000
136920  -21.143  17.932  -70.127 6.0000000000
136921  -21.920  17.095  -69.745 6.0000000000
136922  -22.100  16.162  -69.713 6.0000000000
136925  -21.824  14.199  -69.800 6.0000000000
136926  -21.233  14.129  -70.038 6.0000000000
136927  -20.647  14.064  -70.243 6.0000000000
136928  -19.734  15.830  -70.816 6.0000000000
136929  -19.903  14.913  -70.632 6.0000000000
136930  -20.068  14.003  -70.414 6.0000000000
136931  -19.499  13.943  -70.556 6.0000000000
136932  -18.939  13.885  -70.669 6.0000000000
136933  -18.389  13.827  -70.756 6.0000000000
136935  -6.163  22.174  -72.705 6.0000000000
136938  -6.068  20.374  -72.354 6.0000000000
136939  -4.773  20.385  -72.134 6.0000000000
136940  -5.536  20.027  -72.191 6.0000000000
136941  -6.314  19.643  -72.218 7.0000000000
136942  -6.572  18.907  -72.060 7.0000000000
136943  -6.840  18.168  -71.880 7.0000000000
136944  -7.117  17.427  -71.676 7.0000000000
136948  -3.998  17.178  -71.035 6.0000000000
136950  -5.007  17.892  -71.498 6.0000000000
136951  -5.792  17.514  -71.512 7.0000000000
136952  -6.591  17.112  -71.496 7.0000000000
136953  -7.402  16.684  -71.447 7.0000000000
136954  -7.693  15.940  -71.191 7.0000000000
136955  -7.987  15.196  -70.908 7.0000000000
136956  -8.279  14.451  -70.596 7.0000000000
136957  -6.944  14.609  -70.486 7.0000000000
136958  -7.753  14.169  -70.389 7.0000000000
136959  -8.565  13.702  -70.256 7.0000000000
136960  -8.843  12.948  -69.889 7.0000000000
136961  -9.112  12.187  -69.498 7.0000000000
136962  -9.370  11.417  -69.085 7.0000000000
136963  -9.616  10.638  -68.653 6.0000000000
136964  -8.838  11.152  -68.852 6.0000000000
136965  -8.310  10.878  -68.593 6.0000000000
136966  -7.786  10.595  -68.312 6.0000000000
136967  -6.758  11.803  -68.858 6.0000000000
136968  -7.017  11.058  -68.442 6.0000000000
143562  -6.366  23.966  -72.898 6.0000000000
161494  -14.987  26.053  -71.758 6.0000000000
161495  -15.152  25.231  -71.952 6.0000000000
161496  -15.339  24.390  -72.103 7.0000000000
161498  -14.760  24.253  -72.371 7.0000000000
161499  -15.545  23.535  -72.209 7.0000000000
161500  -15.762  22.668  -72.272 7.0000000000
161501  -15.984  21.789  -72.291 7.0000000000
161502  -16.206  20.901  -72.267 7.0000000000
161503  -11.661  24.159  -73.087 6.0000000000
161504  -12.438  23.570  -73.041 6.0000000000
161505  -13.226  22.932  -72.953 7.0000000000
161506  -12.854  21.897  -72.979 7.0000000000
161507  -13.440  22.082  -72.920 7.0000000000
161508  -14.023  22.250  -72.823 7.0000000000
161509  -14.824  21.530  -72.651 7.0000000000
161510  -15.625  20.780  -72.442 7.0000000000
161511  -16.424  20.006  -72.200 7.0000000000
161512  -16.638  19.107  -72.094 7.0000000000
161513  -16.849  18.208  -71.952 7.0000000000
161514  -17.057  17.311  -71.779 7.0000000000
161515  -15.713  17.996  -72.123 7.0000000000
161516  -16.492  17.216  -71.864 7.0000000000
161517  -17.260  16.418  -71.577 7.0000000000
161518  -17.460  15.530  -71.348 7.0000000000
161519  -17.656  14.647  -71.094 6.0000000000
161520  -17.847  13.768  -70.816 6.0000000000
161521  -6.933  21.788  -72.750 6.0000000000
161522  -7.721  21.374  -72.767 7.0000000000
161523  -8.524  20.928  -72.758 7.0000000000
161524  -8.207  19.858  -72.490 7.0000000000
161525  -8.771  20.158  -72.611 7.0000000000
161526  -9.343  20.448  -72.720 7.0000000000
161527  -10.174  19.933  -72.652 7.0000000000
161528  -11.011  19.379  -72.553 7.0000000000
161529  -11.847  18.786  -72.425 7.0000000000
161530  -9.307  16.781  -71.661 7.0000000000
161531  -9.857  17.043  -71.788 7.0000000000
161532  -10.413  17.294  -71.905 7.0000000000
161533  -11.527  15.933  -71.471 7.0000000000
161534  -11.251  16.732  -71.753 7.0000000000
161535  -10.976  17.533  -72.013 7.0000000000
161536  -11.543  17.757  -72.110 7.0000000000
161537  -12.111  17.965  -72.198 7.0000000000
161538  -12.676  18.154  -72.271 7.0000000000
161539  -13.492  17.485  -72.096 7.0000000000
161540  -14.291  16.782  -71.898 7.0000000000
161541  -15.071  16.047  -71.677 7.0000000000
161542  -14.767  15.086  -71.346 7.0000000000
161543  -15.300  15.192  -71.400 7.0000000000
161544  -15.833  15.287  -71.429 7.0000000000
161545  -16.580  14.505  -71.153 7.0000000000
161546  -17.313  13.705  -70.848 6.0000000000
161557  -15.317  10.772  -69.520 6.0000000000
161558  -16.005  9.995  -69.245 6.0000000000
161559  -16.672  9.190  -68.949 6.0000000000
161560  -16.324  8.270  -68.404 6.0000000000
161561  -16.822  8.319  -68.529 6.0000000000
161562  -17.319  8.363  -68.631 6.0000000000
161563  -17.949  7.516  -68.291 6.0000000000
161602  -9.848  9.851  -68.204 6.0000000000
161603  -10.066  9.054  -67.740 6.0000000000
