#!ascii label  , from subject 40tvs8ref_sym_20 vox2ras=TkReg
325
520  32.436  68.090  -46.406 7.0000000000
1142  31.902  78.458  -47.154 7.0000000000
1621  31.923  83.113  -42.577 6.0000000000
2201  31.004  61.394  -47.608 6.0000000000
2203  32.735  73.538  -43.689 6.0000000000
2872  31.851  48.213  -43.843 6.0000000000
4863  31.635  70.432  -48.179 6.0000000000
4865  31.832  64.884  -47.098 6.0000000000
4866  31.992  59.267  -46.087 6.0000000000
4867  32.685  62.563  -45.505 6.0000000000
4868  32.077  80.552  -40.901 6.0000000000
4869  32.325  78.393  -43.429 6.0000000000
6664  32.112  73.424  -47.075 7.0000000000
7621  31.674  85.568  -44.033 6.0000000000
7622  31.425  87.593  -41.235 6.0000000000
7623  31.579  85.069  -39.719 6.0000000000
9166  31.000  55.828  -46.420 6.0000000000
9167  31.981  53.764  -45.018 6.0000000000
9169  32.059  80.923  -45.067 6.0000000000
9170  32.374  76.042  -45.492 6.0000000000
9171  32.733  70.964  -45.313 6.0000000000
12543  32.035  69.290  -47.264 7.0000000000
12544  31.738  67.689  -47.650 6.0000000000
12545  32.171  66.527  -46.785 7.0000000000
12546  32.287  63.729  -46.302 6.0000000000
12547  32.573  65.334  -45.962 7.0000000000
14943  31.614  79.560  -47.898 6.0000000000
14945  31.706  77.102  -48.040 6.0000000000
14946  31.781  74.579  -47.958 6.0000000000
14947  31.994  75.975  -47.204 7.0000000000
16744  31.289  87.244  -38.962 6.0000000000
20355  30.537  59.586  -47.796 6.0000000000
20356  30.485  56.816  -47.139 6.0000000000
20357  31.015  58.600  -47.003 6.0000000000
20358  32.434  58.181  -45.340 6.0000000000
20359  32.012  56.511  -45.572 6.0000000000
20360  32.434  55.457  -44.807 6.0000000000
20363  31.825  84.368  -43.332 6.0000000000
20364  31.890  83.282  -44.623 6.0000000000
20365  32.022  82.048  -43.869 6.0000000000
20366  32.530  75.980  -43.638 6.0000000000
20367  32.383  77.242  -44.515 6.0000000000
20368  32.579  74.783  -44.619 6.0000000000
20369  32.554  73.531  -45.481 6.0000000000
20370  32.771  72.283  -44.565 6.0000000000
23944  31.789  80.880  -46.912 6.0000000000
27189  31.436  63.167  -47.372 6.0000000000
27190  31.493  60.348  -46.816 6.0000000000
27191  31.921  62.062  -46.582 6.0000000000
27192  32.381  60.934  -45.831 6.0000000000
27193  32.770  59.818  -45.032 6.0000000000
27194  32.004  81.834  -41.780 6.0000000000
27195  32.125  80.774  -43.072 6.0000000000
27196  32.221  79.502  -42.232 6.0000000000
27197  32.433  77.134  -42.534 6.0000000000
30909  31.891  71.978  -47.678 6.0000000000
30910  32.273  70.795  -46.796 7.0000000000
33303  31.583  86.613  -42.672 6.0000000000
33304  31.696  85.389  -41.961 6.0000000000
33305  31.216  88.509  -39.720 6.0000000000
33306  31.513  86.353  -40.513 6.0000000000
33307  31.773  84.123  -41.201 6.0000000000
33308  31.840  82.833  -40.370 6.0000000000
37739  30.409  54.038  -46.497 6.0000000000
37740  30.945  53.046  -45.827 6.0000000000
37741  31.528  57.568  -46.283 6.0000000000
37742  31.513  54.803  -45.735 6.0000000000
37743  31.455  52.031  -45.154 6.0000000000
37744  31.922  51.004  -44.436 6.0000000000
37748  31.880  82.120  -45.819 7.0000000000
37749  32.022  79.729  -46.162 7.0000000000
37750  32.199  79.666  -44.264 6.0000000000
37751  32.212  78.506  -45.354 6.0000000000
37752  32.145  77.280  -46.334 7.0000000000
37753  32.281  74.775  -46.348 7.0000000000
37754  32.448  72.207  -46.209 7.0000000000
37755  32.622  69.569  -45.924 6.0000000000
37762  32.947  69.735  -44.353 6.0000000000
37763  32.895  68.339  -45.001 6.0000000000
37764  32.773  66.872  -45.535 6.0000000000
43263  32.241  68.694  -46.832 7.0000000000
43264  32.106  67.916  -47.028 7.0000000000
43265  32.314  67.319  -46.606 7.0000000000
43266  32.380  65.933  -46.374 7.0000000000
43267  32.508  66.716  -46.187 7.0000000000
45663  31.768  79.018  -47.541 6.0000000000
45664  31.666  78.339  -47.997 6.0000000000
45665  31.812  77.791  -47.612 7.0000000000
45666  31.852  76.548  -47.629 7.0000000000
45667  31.948  77.224  -47.203 7.0000000000
51071  31.002  62.807  -47.926 6.0000000000
51073  30.785  61.899  -48.038 6.0000000000
51075  30.776  60.493  -47.708 6.0000000000
51076  30.768  59.099  -47.389 6.0000000000
51077  31.011  59.992  -47.300 6.0000000000
51078  32.629  57.645  -44.940 6.0000000000
51079  32.440  56.818  -45.078 6.0000000000
51080  32.631  56.290  -44.673 6.0000000000
51083  31.878  83.745  -42.960 6.0000000000
51084  31.928  83.217  -43.617 6.0000000000
51085  31.980  82.587  -43.233 6.0000000000
51086  32.633  74.763  -43.683 6.0000000000
51087  32.563  75.387  -44.143 6.0000000000
51088  32.664  74.157  -44.163 6.0000000000
51089  32.677  73.539  -44.613 6.0000000000
51090  32.762  72.918  -44.143 6.0000000000
54697  31.616  48.728  -44.209 6.0000000000
55266  31.640  81.426  -47.248 6.0000000000
55267  31.712  82.068  -46.720 6.0000000000
60671  31.786  66.292  -47.372 7.0000000000
60673  31.605  65.448  -47.525 6.0000000000
60674  31.412  64.584  -47.669 6.0000000000
60675  31.639  64.034  -47.239 6.0000000000
60676  31.677  62.619  -46.966 6.0000000000
60677  31.877  63.472  -46.835 6.0000000000
60678  32.495  63.145  -45.910 6.0000000000
60679  32.337  62.328  -46.067 6.0000000000
60680  32.544  61.754  -45.678 6.0000000000
60681  32.584  60.373  -45.441 6.0000000000
60682  32.732  61.185  -45.272 6.0000000000
60683  32.043  81.194  -41.355 6.0000000000
60684  32.113  80.673  -42.023 6.0000000000
60685  32.154  80.036  -41.584 6.0000000000
60687  32.371  77.693  -41.929 6.0000000000
60689  32.538  75.939  -42.626 6.0000000000
67878  31.944  74.011  -47.514 7.0000000000
67879  31.830  73.289  -47.839 6.0000000000
67880  32.007  72.713  -47.391 7.0000000000
67881  32.082  71.395  -47.231 7.0000000000
67882  32.189  72.120  -46.952 7.0000000000
73263  31.364  88.195  -41.576 6.0000000000
73264  31.441  87.707  -42.300 6.0000000000
73265  31.511  87.110  -41.963 6.0000000000
73266  31.646  86.007  -42.323 6.0000000000
73267  31.566  86.500  -41.611 6.0000000000
73271  31.437  86.165  -39.353 6.0000000000
73272  31.405  86.809  -39.752 6.0000000000
73273  31.547  85.715  -40.126 6.0000000000
73274  31.647  85.246  -40.870 6.0000000000
73275  31.681  84.605  -40.475 6.0000000000
73276  31.808  83.480  -40.797 6.0000000000
73277  31.713  83.957  -40.058 6.0000000000
84107  29.959  56.373  -47.569 6.0000000000
84108  30.739  56.328  -46.771 6.0000000000
84109  30.450  55.430  -46.817 6.0000000000
84110  30.713  54.940  -46.466 6.0000000000
84111  30.678  53.546  -46.159 6.0000000000
84112  30.977  54.439  -46.126 6.0000000000
84113  31.747  59.811  -46.448 6.0000000000
84114  31.516  58.954  -46.549 6.0000000000
84115  31.768  58.422  -46.193 6.0000000000
84116  32.001  55.138  -45.300 6.0000000000
84117  31.771  55.663  -45.662 6.0000000000
84118  31.754  54.284  -45.383 6.0000000000
84119  31.488  53.419  -45.448 6.0000000000
84120  31.727  52.903  -45.096 6.0000000000
84121  31.694  51.519  -44.803 6.0000000000
84122  31.954  52.386  -44.729 6.0000000000
84130  31.690  85.017  -44.682 6.0000000000
84131  31.978  82.111  -44.865 6.0000000000
84132  31.895  82.711  -45.234 6.0000000000
84133  31.977  81.531  -45.452 7.0000000000
84134  31.956  80.932  -46.012 7.0000000000
84135  32.050  80.335  -45.628 7.0000000000
84136  32.224  79.588  -43.268 6.0000000000
84137  32.169  80.226  -43.680 6.0000000000
84138  32.264  79.029  -43.851 6.0000000000
84139  32.389  76.649  -45.018 6.0000000000
84140  32.299  77.876  -44.938 6.0000000000
84141  32.291  77.279  -45.441 6.0000000000
84142  32.189  77.902  -45.858 7.0000000000
84143  32.261  76.666  -45.915 7.0000000000
84144  32.210  76.035  -46.360 7.0000000000
84145  32.339  75.418  -45.936 6.0000000000
84146  32.645  72.255  -45.417 6.0000000000
84147  32.510  72.879  -45.863 6.0000000000
84148  32.600  71.586  -45.768 6.0000000000
84149  32.537  70.896  -46.084 6.0000000000
84150  32.687  70.277  -45.636 6.0000000000
84167  32.948  70.407  -43.984 6.0000000000
84170  33.007  67.734  -44.515 6.0000000000
84171  32.969  67.009  -44.809 6.0000000000
84172  32.843  67.614  -45.282 6.0000000000
84173  32.914  66.268  -45.077 6.0000000000
84174  32.840  65.510  -45.320 6.0000000000
96305  31.830  69.870  -47.713 6.0000000000
96306  31.687  69.070  -47.922 6.0000000000
96307  31.893  68.501  -47.465 6.0000000000
96308  31.954  67.114  -47.207 7.0000000000
96309  32.010  65.716  -46.948 7.0000000000
96310  32.063  64.310  -46.694 6.0000000000
96311  32.231  65.130  -46.542 7.0000000000
96312  32.440  64.540  -46.141 7.0000000000
96313  32.631  63.949  -45.734 7.0000000000
100631  31.742  75.850  -48.027 6.0000000000
100632  31.893  75.289  -47.595 7.0000000000
100633  32.047  74.709  -47.160 7.0000000000
103864  31.272  88.667  -40.834 6.0000000000
103866  31.132  88.304  -38.547 6.0000000000
110367  30.285  58.673  -47.870 6.0000000000
110368  30.244  57.290  -47.525 6.0000000000
110369  30.513  58.199  -47.464 6.0000000000
110370  30.757  57.712  -47.077 6.0000000000
110371  31.012  57.214  -46.711 6.0000000000
110372  32.222  58.723  -45.721 6.0000000000
110373  32.009  57.886  -45.834 6.0000000000
110374  32.233  57.350  -45.465 6.0000000000
110375  32.231  55.982  -45.198 6.0000000000
110376  32.217  54.614  -44.921 6.0000000000
110377  32.196  53.244  -44.637 6.0000000000
110378  32.419  54.094  -44.526 6.0000000000
110381  31.759  84.976  -43.691 6.0000000000
110382  31.789  84.435  -44.345 6.0000000000
110383  31.866  83.834  -43.989 6.0000000000
110384  31.962  82.673  -44.253 6.0000000000
110385  32.048  81.494  -44.481 6.0000000000
110386  32.427  77.190  -43.553 6.0000000000
110387  32.361  77.822  -43.986 6.0000000000
110388  32.461  76.609  -44.083 6.0000000000
110389  32.481  76.017  -44.586 6.0000000000
110390  32.482  75.412  -45.061 6.0000000000
110391  32.463  74.793  -45.506 6.0000000000
110392  32.577  74.165  -45.066 6.0000000000
110393  32.671  72.905  -45.031 6.0000000000
110394  32.762  71.633  -44.955 6.0000000000
117309  31.712  80.230  -47.420 6.0000000000
117310  31.851  79.677  -47.057 7.0000000000
124880  31.211  63.703  -47.803 6.0000000000
124881  31.224  62.286  -47.495 6.0000000000
124882  31.242  60.877  -47.200 6.0000000000
124883  31.465  61.754  -47.088 6.0000000000
124884  31.714  61.210  -46.704 6.0000000000
124885  31.962  60.659  -46.335 6.0000000000
124886  32.113  62.902  -46.448 6.0000000000
124887  32.159  61.499  -46.208 6.0000000000
124888  32.197  60.105  -45.967 6.0000000000
124889  32.414  59.552  -45.590 6.0000000000
124890  32.613  59.004  -45.196 6.0000000000
124892  31.964  82.474  -42.185 6.0000000000
124893  32.026  81.950  -42.841 6.0000000000
124894  32.070  81.311  -42.439 6.0000000000
124895  32.174  80.136  -42.660 6.0000000000
124896  32.277  78.953  -42.845 6.0000000000
124897  32.264  78.869  -41.777 6.0000000000
124898  32.327  78.322  -42.402 6.0000000000
124899  32.382  77.761  -42.993 6.0000000000
124900  32.486  76.562  -43.102 6.0000000000
124901  32.590  75.357  -43.172 6.0000000000
124902  32.694  74.144  -43.202 6.0000000000
134363  31.662  73.846  -48.291 6.0000000000
134364  31.710  72.543  -48.136 6.0000000000
134365  31.767  71.218  -47.940 6.0000000000
134366  31.962  70.645  -47.483 6.0000000000
134367  32.162  70.054  -47.043 7.0000000000
134368  32.357  69.451  -46.612 7.0000000000
141066  31.502  87.204  -43.005 6.0000000000
141067  31.638  86.099  -43.362 6.0000000000
141068  31.711  85.500  -43.016 6.0000000000
141069  31.768  84.886  -42.656 6.0000000000
141070  31.814  84.260  -42.283 6.0000000000
141072  31.168  89.122  -40.072 6.0000000000
141073  31.325  88.060  -40.489 6.0000000000
141074  31.255  87.883  -39.352 6.0000000000
141075  31.369  87.440  -40.129 6.0000000000
141076  31.473  86.979  -40.881 6.0000000000
141077  31.610  85.879  -41.248 6.0000000000
141078  31.737  84.760  -41.588 6.0000000000
141079  31.854  83.625  -41.900 6.0000000000
141080  31.891  82.985  -41.505 6.0000000000
141081  31.928  82.342  -41.091 6.0000000000
141082  31.961  81.697  -40.652 6.0000000000
154177  30.197  55.908  -47.185 6.0000000000
154178  30.146  54.520  -46.847 6.0000000000
154179  30.090  53.124  -46.510 6.0000000000
154180  30.363  52.639  -46.175 6.0000000000
154181  30.636  52.147  -45.848 6.0000000000
154182  30.905  51.648  -45.523 6.0000000000
154183  31.260  59.478  -46.915 6.0000000000
154184  31.271  58.089  -46.637 6.0000000000
154185  31.272  56.704  -46.359 6.0000000000
154186  31.776  57.041  -45.932 6.0000000000
154187  31.526  56.186  -46.013 6.0000000000
154188  31.260  55.319  -46.078 6.0000000000
154189  31.237  53.932  -45.789 6.0000000000
154190  31.205  52.541  -45.494 6.0000000000
154191  31.165  51.146  -45.195 6.0000000000
154192  31.416  50.639  -44.857 6.0000000000
154193  31.657  50.128  -44.507 6.0000000000
154194  31.888  49.614  -44.140 6.0000000000
154195  32.169  51.870  -44.346 6.0000000000
154204  31.800  83.873  -44.976 6.0000000000
154205  31.791  83.292  -45.583 6.0000000000
154206  31.762  82.689  -46.165 6.0000000000
154207  31.845  81.510  -46.379 7.0000000000
154208  31.914  80.314  -46.547 7.0000000000
154209  31.973  79.103  -46.671 7.0000000000
154210  32.075  81.413  -43.474 6.0000000000
154211  32.111  80.864  -44.085 6.0000000000
154212  32.131  80.300  -44.670 6.0000000000
154213  32.289  78.458  -44.408 6.0000000000
154214  32.214  79.093  -44.823 6.0000000000
154215  32.135  79.721  -45.230 6.0000000000
154216  32.120  79.125  -45.763 7.0000000000
154217  32.084  78.511  -46.269 7.0000000000
154218  32.026  77.878  -46.749 7.0000000000
154219  32.079  76.638  -46.783 7.0000000000
154220  32.137  75.383  -46.775 7.0000000000
154221  32.205  74.111  -46.728 7.0000000000
154222  32.422  74.156  -45.919 6.0000000000
154223  32.362  73.499  -46.298 7.0000000000
154224  32.283  72.821  -46.642 7.0000000000
154225  32.369  71.512  -46.520 7.0000000000
154226  32.456  70.185  -46.364 7.0000000000
154227  32.539  68.840  -46.180 7.0000000000
154245  32.835  72.304  -43.655 6.0000000000
154246  32.857  71.668  -44.083 6.0000000000
154247  32.861  71.016  -44.478 6.0000000000
154248  32.848  70.346  -44.841 6.0000000000
154250  32.929  69.046  -44.692 6.0000000000
154251  32.816  69.659  -45.172 6.0000000000
154252  32.768  68.952  -45.471 6.0000000000
154253  32.701  68.226  -45.739 6.0000000000
154254  32.615  67.481  -45.977 7.0000000000
154255  32.683  66.112  -45.761 7.0000000000
154256  32.746  64.737  -45.538 7.0000000000
