#!ascii label  , from subject 40tvs8ref_sym_20 vox2ras=TkReg
626
112  33.989  68.943  -28.591 7.0000000000
197  35.887  39.191  -34.007 6.0000000000
1102  35.938  60.624  -27.778 7.0000000000
1104  35.979  64.031  -23.033 6.0000000000
1145  34.217  64.906  -33.513 7.0000000000
1146  35.677  55.707  -31.939 7.0000000000
1598  33.738  71.434  -23.168 7.0000000000
2157  35.819  65.792  -17.666 6.0000000000
2206  35.293  49.427  -35.546 6.0000000000
2207  36.707  45.970  -30.502 6.0000000000
3022  35.050  64.892  -28.284 7.0000000000
3023  35.993  62.526  -25.476 6.0000000000
3024  35.028  66.562  -25.825 7.0000000000
3065  34.085  67.105  -31.113 7.0000000000
3066  35.022  62.823  -30.619 7.0000000000
4755  33.487  72.072  -20.252 6.0000000000
4756  34.747  68.693  -20.475 7.0000000000
4757  34.532  69.145  -17.576 6.0000000000
4878  36.457  53.693  -29.237 7.0000000000
4879  36.245  50.857  -31.126 7.0000000000
4880  36.987  48.949  -28.665 6.0000000000
5827  36.650  37.813  -31.843 6.0000000000
5828  36.070  34.294  -33.622 6.0000000000
6592  36.644  56.156  -27.214 6.0000000000
6670  34.988  57.634  -34.813 7.0000000000
6671  34.992  60.395  -32.806 7.0000000000
6672  35.813  58.343  -29.931 7.0000000000
7567  32.846  72.762  -28.551 7.0000000000
7568  33.899  70.401  -25.950 7.0000000000
9033  34.922  67.837  -23.222 7.0000000000
9034  35.908  65.121  -20.433 6.0000000000
9036  35.744  66.088  -14.777 6.0000000000
9180  35.643  44.238  -34.658 6.0000000000
9181  35.529  52.718  -33.801 7.0000000000
9182  35.993  47.663  -32.929 7.0000000000
9183  36.365  42.693  -32.274 6.0000000000
9184  37.091  41.158  -30.076 6.0000000000
10702  34.538  66.947  -28.474 7.0000000000
10703  35.047  65.777  -27.071 7.0000000000
10704  34.516  67.778  -27.219 7.0000000000
10743  33.484  70.067  -29.947 7.0000000000
10744  33.569  69.162  -31.249 7.0000000000
10745  34.033  68.069  -29.864 7.0000000000
10746  34.556  66.018  -29.699 7.0000000000
11152  35.504  39.913  -35.131 6.0000000000
11154  35.582  37.392  -34.858 6.0000000000
12436  33.995  70.629  -18.935 6.0000000000
12558  36.846  52.638  -27.963 6.0000000000
12559  36.736  51.328  -28.933 6.0000000000
13552  37.038  37.148  -30.813 6.0000000000
13553  36.785  35.435  -31.703 6.0000000000
14827  36.311  58.418  -27.493 7.0000000000
14828  36.731  57.248  -26.153 6.0000000000
14829  36.375  59.467  -26.399 6.0000000000
14830  35.995  63.328  -24.272 6.0000000000
14831  36.448  61.281  -24.089 6.0000000000
14832  36.459  62.038  -22.881 6.0000000000
14834  36.458  62.692  -21.636 6.0000000000
14951  33.793  67.084  -33.753 6.0000000000
14955  34.292  63.667  -34.641 6.0000000000
14956  34.649  61.378  -34.266 7.0000000000
14957  34.614  62.672  -33.192 7.0000000000
14958  35.485  61.738  -29.186 7.0000000000
14959  35.438  60.604  -30.289 7.0000000000
14960  35.882  59.530  -28.873 7.0000000000
14961  36.234  57.275  -28.550 7.0000000000
16628  32.780  73.417  -27.141 6.0000000000
20025  33.830  70.970  -24.575 7.0000000000
20026  34.422  69.137  -24.597 7.0000000000
20027  34.343  69.661  -23.231 7.0000000000
20028  35.265  67.264  -19.084 6.0000000000
20029  35.341  66.936  -20.480 6.0000000000
20030  35.862  65.508  -19.069 6.0000000000
20031  36.435  63.687  -19.017 6.0000000000
20032  36.425  64.032  -17.645 6.0000000000
20391  35.273  45.073  -35.890 6.0000000000
20392  35.481  46.817  -35.077 6.0000000000
20393  35.314  56.687  -33.365 7.0000000000
20394  35.267  55.210  -34.308 7.0000000000
20395  35.608  54.259  -32.888 7.0000000000
20396  36.486  48.409  -30.790 7.0000000000
20397  36.125  49.295  -32.036 7.0000000000
20398  36.347  46.820  -31.691 7.0000000000
20399  36.190  45.167  -32.574 7.0000000000
20400  36.548  44.364  -31.395 6.0000000000
20401  36.727  41.928  -31.152 6.0000000000
20402  36.908  43.550  -30.264 6.0000000000
23872  35.517  62.781  -28.046 7.0000000000
23873  35.975  61.624  -26.645 7.0000000000
23874  35.532  63.725  -26.873 7.0000000000
23875  35.530  64.568  -25.668 7.0000000000
23876  35.509  65.314  -24.429 7.0000000000
23948  33.674  68.168  -32.520 7.0000000000
23949  34.146  66.052  -32.333 7.0000000000
23950  34.588  63.878  -32.066 7.0000000000
23951  34.571  64.994  -30.899 7.0000000000
23952  35.041  63.905  -29.467 7.0000000000
26991  33.622  71.798  -21.728 7.0000000000
26992  34.244  70.081  -21.835 7.0000000000
26993  34.126  70.401  -20.403 7.0000000000
26994  34.643  68.967  -19.045 6.0000000000
26995  35.189  67.491  -17.650 6.0000000000
27212  36.065  54.711  -30.560 7.0000000000
27213  35.975  53.297  -31.513 7.0000000000
27214  36.356  52.324  -30.196 7.0000000000
27215  36.616  49.919  -29.872 7.0000000000
27216  36.850  47.504  -29.592 6.0000000000
27217  37.067  45.098  -29.362 6.0000000000
28957  36.268  38.495  -32.909 6.0000000000
28958  35.981  36.718  -33.787 6.0000000000
28959  36.380  36.067  -32.733 6.0000000000
28960  36.497  33.680  -32.602 6.0000000000
30742  36.952  53.853  -26.958 6.0000000000
30747  36.421  60.423  -25.263 6.0000000000
30923  34.683  59.999  -35.286 6.0000000000
30924  34.993  59.054  -33.833 7.0000000000
30925  35.350  58.076  -32.379 7.0000000000
30926  35.002  61.652  -31.734 7.0000000000
30927  35.389  59.383  -31.354 7.0000000000
30928  35.744  57.068  -30.952 7.0000000000
30929  36.151  56.037  -29.572 7.0000000000
30930  36.552  54.971  -28.242 6.0000000000
33157  33.420  70.883  -28.618 7.0000000000
33158  33.949  69.724  -27.289 7.0000000000
33159  33.365  71.603  -27.263 7.0000000000
33160  33.305  72.221  -25.877 7.0000000000
33161  33.228  72.737  -24.462 7.0000000000
33164  33.123  73.152  -23.014 7.0000000000
33165  32.994  73.474  -21.532 6.0000000000
33327  32.927  72.012  -29.936 7.0000000000
37341  34.480  68.510  -25.927 7.0000000000
37342  34.985  67.250  -24.542 7.0000000000
37343  35.467  65.960  -23.152 7.0000000000
37344  34.842  68.319  -21.867 7.0000000000
37345  35.410  66.502  -21.837 7.0000000000
37346  35.949  64.629  -21.754 6.0000000000
37347  36.448  63.241  -20.349 6.0000000000
37351  35.111  67.628  -16.183 6.0000000000
37352  35.780  65.982  -16.233 6.0000000000
37353  36.425  64.505  -13.381 6.0000000000
37354  36.422  64.439  -14.821 6.0000000000
37355  36.422  64.279  -16.242 6.0000000000
37781  35.403  42.473  -35.480 6.0000000000
37782  35.777  41.701  -34.297 6.0000000000
37783  34.954  56.136  -35.745 6.0000000000
37784  35.195  53.650  -35.207 6.0000000000
37785  35.427  51.100  -34.689 7.0000000000
37786  35.880  51.786  -32.435 7.0000000000
37787  35.772  50.188  -33.336 7.0000000000
37788  35.644  48.528  -34.222 7.0000000000
37789  35.838  45.973  -33.805 7.0000000000
37790  36.004  43.457  -33.443 6.0000000000
37791  36.147  40.965  -33.144 6.0000000000
37792  36.517  40.238  -32.031 6.0000000000
37793  36.886  39.517  -30.960 6.0000000000
37794  37.263  38.804  -29.933 6.0000000000
37795  37.272  42.720  -29.182 6.0000000000
37796  37.465  40.381  -29.048 6.0000000000
41422  34.267  67.952  -28.542 7.0000000000
41423  34.528  67.374  -27.850 7.0000000000
41424  34.252  68.367  -27.908 7.0000000000
41463  33.732  69.508  -29.269 7.0000000000
41464  33.761  69.074  -29.916 7.0000000000
41465  34.010  68.517  -29.230 7.0000000000
41466  34.283  67.513  -29.170 7.0000000000
41872  35.696  39.548  -34.566 6.0000000000
41873  35.545  38.647  -34.985 6.0000000000
41874  35.741  38.294  -34.434 6.0000000000
43279  36.985  51.467  -27.834 6.0000000000
44273  37.116  35.983  -30.754 6.0000000000
45547  36.130  59.528  -27.636 7.0000000000
45548  36.345  58.954  -26.952 6.0000000000
45549  36.157  60.052  -27.085 7.0000000000
45550  35.989  63.692  -23.657 6.0000000000
45551  36.226  62.690  -23.575 6.0000000000
45552  36.223  63.043  -22.959 6.0000000000
45553  36.460  62.378  -22.264 6.0000000000
45554  36.217  63.370  -22.334 6.0000000000
45671  34.009  66.002  -33.643 7.0000000000
45673  34.059  65.410  -34.229 6.0000000000
45675  34.255  64.298  -34.084 7.0000000000
45676  34.445  63.173  -33.919 7.0000000000
45677  34.419  63.795  -33.362 7.0000000000
45678  35.714  61.185  -28.478 7.0000000000
45679  35.689  60.639  -29.032 7.0000000000
45680  35.912  60.088  -28.330 7.0000000000
45681  36.098  58.980  -28.178 7.0000000000
50745  33.787  71.215  -23.875 7.0000000000
50746  34.089  70.321  -23.907 7.0000000000
50747  34.043  70.554  -23.210 7.0000000000
50748  35.537  66.533  -18.378 6.0000000000
50749  35.567  66.393  -19.082 6.0000000000
50750  35.840  65.663  -18.372 6.0000000000
50751  36.138  64.776  -18.357 6.0000000000
50752  36.125  64.921  -17.659 6.0000000000
51110  35.211  48.573  -35.956 6.0000000000
51111  35.300  47.258  -35.717 6.0000000000
51112  35.390  48.121  -35.306 6.0000000000
51113  35.491  56.200  -32.647 7.0000000000
51114  35.464  55.480  -33.126 7.0000000000
51115  35.643  54.995  -32.418 7.0000000000
51116  36.599  47.188  -30.640 7.0000000000
51117  36.418  47.623  -31.242 7.0000000000
51118  36.527  46.397  -31.090 7.0000000000
51119  36.450  45.589  -31.536 7.0000000000
51120  36.630  45.175  -30.950 6.0000000000
51121  36.728  43.959  -30.823 6.0000000000
51122  36.810  44.757  -30.377 6.0000000000
55147  35.289  63.843  -28.170 7.0000000000
55148  35.527  63.266  -27.464 7.0000000000
55149  35.294  64.313  -27.577 7.0000000000
55150  35.040  66.181  -26.452 7.0000000000
55151  35.292  65.176  -26.369 7.0000000000
55152  35.284  65.571  -25.752 7.0000000000
55153  35.522  64.953  -25.053 7.0000000000
55154  35.271  65.941  -25.126 7.0000000000
55271  33.830  68.140  -31.192 7.0000000000
55272  33.619  68.676  -31.889 7.0000000000
55273  33.870  67.640  -31.819 7.0000000000
55274  33.914  67.117  -32.437 7.0000000000
55275  34.114  66.590  -31.728 7.0000000000
55276  34.351  65.526  -31.616 7.0000000000
55277  34.332  66.057  -31.015 7.0000000000
55278  34.803  65.461  -28.992 7.0000000000
55279  34.804  64.969  -29.591 7.0000000000
55280  35.047  64.411  -28.879 7.0000000000
55281  35.281  63.347  -28.755 7.0000000000
60345  33.557  71.946  -20.995 6.0000000000
60346  33.874  71.104  -21.070 7.0000000000
60347  33.808  71.241  -20.339 6.0000000000
60348  34.259  69.892  -18.261 6.0000000000
60349  34.321  69.802  -18.999 6.0000000000
60350  34.588  69.068  -18.315 6.0000000000
60351  34.911  68.234  -18.352 6.0000000000
60352  34.864  68.323  -17.622 6.0000000000
60713  36.261  54.205  -29.892 7.0000000000
60714  36.214  53.520  -30.374 7.0000000000
60715  36.407  53.020  -29.721 7.0000000000
60716  36.865  50.141  -28.794 6.0000000000
60717  36.677  50.637  -29.406 6.0000000000
60718  36.801  49.439  -29.263 6.0000000000
60719  36.736  48.712  -29.726 6.0000000000
60720  36.919  48.239  -29.131 6.0000000000
60721  37.033  47.038  -29.011 6.0000000000
60722  37.104  47.755  -28.548 6.0000000000
63697  36.459  38.152  -32.372 6.0000000000
63698  36.324  37.274  -32.814 6.0000000000
63699  36.520  36.944  -32.287 6.0000000000
63701  36.646  34.562  -32.152 6.0000000000
67522  36.800  55.008  -27.083 6.0000000000
67524  36.849  55.573  -26.563 6.0000000000
67530  35.986  62.087  -26.065 7.0000000000
67531  36.198  61.030  -25.952 6.0000000000
67532  36.212  61.483  -25.371 6.0000000000
67908  34.813  60.890  -33.537 7.0000000000
67909  34.823  60.220  -34.055 7.0000000000
67910  34.992  59.735  -33.325 7.0000000000
67911  35.166  58.570  -33.104 7.0000000000
67912  35.174  59.241  -32.596 7.0000000000
67913  34.799  63.354  -31.342 7.0000000000
67914  34.798  62.771  -31.908 7.0000000000
67915  35.011  62.248  -31.182 7.0000000000
67916  35.630  59.479  -30.112 7.0000000000
67917  35.413  60.004  -30.827 7.0000000000
67918  35.600  58.866  -30.638 7.0000000000
67919  35.571  58.231  -31.154 7.0000000000
67920  35.778  57.717  -30.446 7.0000000000
67921  35.948  56.556  -30.256 7.0000000000
67922  35.986  57.196  -29.750 7.0000000000
67923  36.439  56.723  -27.876 6.0000000000
67924  36.396  56.128  -28.393 7.0000000000
67925  36.598  55.576  -27.732 6.0000000000
67926  36.751  54.419  -27.595 6.0000000000
71595  36.025  35.500  -33.699 6.0000000000
71596  35.821  35.822  -34.222 6.0000000000
71597  35.859  34.606  -34.137 6.0000000000
72922  33.132  71.831  -28.597 7.0000000000
72923  33.392  71.256  -27.944 7.0000000000
72924  33.101  72.186  -27.908 7.0000000000
72925  32.748  73.708  -26.427 6.0000000000
72926  33.042  72.824  -26.512 7.0000000000
72927  33.009  73.105  -25.804 7.0000000000
72928  33.269  72.492  -25.173 7.0000000000
72929  32.971  73.362  -25.089 7.0000000000
72936  32.876  73.803  -23.637 6.0000000000
72938  33.061  73.324  -22.278 6.0000000000
73325  32.884  72.399  -29.247 7.0000000000
73326  33.167  71.450  -29.279 7.0000000000
83115  33.926  70.076  -26.624 7.0000000000
83116  34.216  69.124  -26.613 7.0000000000
83117  34.192  69.463  -25.950 7.0000000000
83118  34.674  68.490  -23.911 7.0000000000
83119  34.708  68.200  -24.578 7.0000000000
83120  34.955  67.556  -23.887 7.0000000000
83121  35.227  66.609  -23.848 7.0000000000
83122  35.199  66.905  -23.194 7.0000000000
83123  34.495  69.392  -21.158 7.0000000000
83124  34.547  69.206  -21.859 7.0000000000
83125  34.796  68.519  -21.175 7.0000000000
83126  35.628  66.036  -20.463 6.0000000000
83127  35.377  66.733  -21.163 7.0000000000
83128  35.657  65.818  -21.137 6.0000000000
83129  35.684  65.573  -21.801 6.0000000000
83130  35.930  64.889  -21.099 6.0000000000
83131  36.195  63.943  -21.052 6.0000000000
83132  36.182  64.190  -20.394 6.0000000000
83133  36.714  62.949  -18.311 6.0000000000
83134  36.711  62.748  -18.984 6.0000000000
83141  35.392  66.889  -14.740 6.0000000000
83142  35.071  67.664  -15.440 6.0000000000
83143  35.420  66.861  -15.480 6.0000000000
83144  35.449  66.811  -16.215 6.0000000000
83145  35.761  66.045  -15.508 6.0000000000
83152  36.421  64.370  -15.534 6.0000000000
84213  35.460  44.647  -35.275 6.0000000000
84214  35.341  43.767  -35.678 6.0000000000
84215  35.529  43.359  -35.073 6.0000000000
84216  35.591  42.081  -34.887 6.0000000000
84217  35.714  42.965  -34.469 6.0000000000
84218  34.838  58.094  -35.537 6.0000000000
84220  34.976  56.894  -35.285 6.0000000000
84221  35.400  53.971  -34.052 7.0000000000
84222  35.235  54.439  -34.762 7.0000000000
84223  35.360  53.185  -34.501 7.0000000000
84224  35.312  52.381  -34.943 7.0000000000
84225  35.481  51.917  -34.248 7.0000000000
84226  36.114  52.080  -31.314 7.0000000000
84227  35.929  52.553  -31.978 7.0000000000
84228  36.061  51.321  -31.773 7.0000000000
84229  36.061  48.487  -32.484 7.0000000000
84230  35.947  49.740  -32.679 7.0000000000
84231  35.885  48.923  -33.126 7.0000000000
84232  35.711  49.365  -33.782 7.0000000000
84233  35.818  48.091  -33.569 7.0000000000
84234  35.744  47.246  -34.007 7.0000000000
84235  35.919  46.825  -33.370 7.0000000000
84236  36.280  43.928  -32.416 6.0000000000
84237  36.102  44.318  -33.010 7.0000000000
84238  36.184  43.075  -32.852 6.0000000000
84239  36.078  42.209  -33.286 6.0000000000
84240  36.261  41.836  -32.710 6.0000000000
84241  36.332  40.601  -32.582 6.0000000000
84242  36.444  41.463  -32.145 6.0000000000
84243  36.909  41.543  -30.608 6.0000000000
84244  36.809  40.718  -31.049 6.0000000000
84245  36.992  40.346  -30.519 6.0000000000
84246  37.073  39.159  -30.441 6.0000000000
84247  37.178  39.975  -30.000 6.0000000000
84248  37.250  44.651  -28.811 6.0000000000
84249  37.171  43.905  -29.266 6.0000000000
84250  37.355  43.469  -28.729 6.0000000000
92992  34.799  65.927  -28.387 7.0000000000
92993  35.050  65.347  -27.682 7.0000000000
92994  34.794  66.368  -27.774 7.0000000000
92995  34.787  66.783  -27.153 7.0000000000
92996  34.776  67.175  -26.523 7.0000000000
93065  33.251  70.620  -30.622 7.0000000000
93066  33.303  70.172  -31.283 7.0000000000
93067  33.524  69.625  -30.602 7.0000000000
93068  33.794  68.618  -30.557 7.0000000000
93069  34.058  67.598  -30.492 7.0000000000
93070  34.315  66.565  -30.406 7.0000000000
93071  34.299  67.051  -29.791 7.0000000000
93072  34.547  66.495  -29.090 7.0000000000
96111  33.413  72.176  -19.502 6.0000000000
96112  33.738  71.355  -19.598 6.0000000000
96113  33.666  71.447  -18.849 6.0000000000
96114  33.926  70.707  -18.186 6.0000000000
96115  34.195  69.957  -17.512 6.0000000000
96332  36.652  53.171  -28.595 6.0000000000
96333  36.600  52.512  -29.081 7.0000000000
96334  36.792  51.995  -28.452 6.0000000000
96335  36.926  50.816  -28.318 6.0000000000
96336  37.053  49.634  -28.193 6.0000000000
98122  36.843  37.478  -31.323 6.0000000000
98123  36.717  36.618  -31.767 6.0000000000
98124  36.915  36.297  -31.256 6.0000000000
98125  36.991  35.128  -31.199 6.0000000000
100417  36.481  57.294  -27.352 6.0000000000
100418  36.688  56.713  -26.688 6.0000000000
100419  36.521  57.841  -26.818 6.0000000000
100420  36.558  58.366  -26.275 6.0000000000
100421  36.591  58.868  -25.721 6.0000000000
100422  35.996  62.939  -24.878 6.0000000000
100423  36.221  61.910  -24.781 6.0000000000
100424  36.226  62.313  -24.182 6.0000000000
100425  36.456  61.672  -23.489 6.0000000000
100429  36.701  61.696  -21.571 6.0000000000
100430  36.704  61.997  -20.941 6.0000000000
100648  34.499  61.859  -34.991 7.0000000000
100649  34.472  62.527  -34.463 7.0000000000
100650  34.631  62.036  -33.736 7.0000000000
100651  34.805  61.538  -33.006 7.0000000000
100652  35.253  62.284  -29.900 7.0000000000
100653  35.235  61.719  -30.459 7.0000000000
100654  35.462  61.182  -29.742 7.0000000000
100655  35.661  60.070  -29.577 7.0000000000
100656  35.848  58.948  -29.407 7.0000000000
100657  36.025  57.814  -29.235 7.0000000000
100658  36.063  58.408  -28.711 7.0000000000
100659  36.273  57.858  -28.026 7.0000000000
102861  36.115  33.093  -33.556 6.0000000000
102862  35.896  33.398  -34.062 6.0000000000
103658  32.812  73.102  -27.849 6.0000000000
109773  33.867  70.699  -25.267 7.0000000000
109774  34.163  69.775  -25.278 7.0000000000
109775  34.128  70.061  -24.596 7.0000000000
109776  34.385  69.412  -23.918 7.0000000000
109777  34.636  68.755  -23.235 7.0000000000
109778  35.003  67.984  -19.783 7.0000000000
109779  35.048  67.821  -20.485 7.0000000000
109780  35.304  67.113  -19.787 6.0000000000
109781  35.598  66.228  -19.778 6.0000000000
109782  35.886  65.328  -19.756 6.0000000000
109783  36.167  64.411  -19.726 6.0000000000
109784  36.152  64.607  -19.047 6.0000000000
109785  36.429  63.872  -18.336 6.0000000000
109791  35.728  66.106  -14.041 6.0000000000
110433  35.383  45.948  -35.489 6.0000000000
110434  35.566  45.522  -34.861 6.0000000000
110435  35.146  57.165  -34.088 7.0000000000
110436  35.131  56.431  -34.563 7.0000000000
110437  35.293  55.959  -33.842 7.0000000000
110438  35.434  54.737  -33.594 7.0000000000
110439  35.571  53.500  -33.349 7.0000000000
110440  36.369  49.633  -30.952 7.0000000000
110441  36.186  50.087  -31.583 7.0000000000
110442  36.305  48.853  -31.406 7.0000000000
110443  36.238  48.055  -31.857 7.0000000000
110444  36.169  47.240  -32.303 7.0000000000
110445  36.095  46.411  -32.745 7.0000000000
110446  36.271  46.001  -32.134 7.0000000000
110447  36.368  44.766  -31.978 7.0000000000
110448  36.460  43.536  -31.836 6.0000000000
110449  36.546  42.311  -31.707 6.0000000000
110450  36.640  43.143  -31.267 6.0000000000
110451  36.821  42.748  -30.709 6.0000000000
110452  37.002  42.350  -30.164 6.0000000000
117142  35.733  61.708  -27.915 7.0000000000
117143  35.958  61.136  -27.216 7.0000000000
117144  35.748  62.207  -27.343 7.0000000000
117145  35.758  62.681  -26.762 7.0000000000
117146  35.764  63.130  -26.173 7.0000000000
117147  35.295  64.757  -26.977 7.0000000000
117148  35.533  64.159  -26.275 7.0000000000
117149  35.766  63.554  -25.575 7.0000000000
117150  35.763  63.953  -24.970 7.0000000000
117151  35.756  64.328  -24.355 7.0000000000
117152  35.744  64.678  -23.731 6.0000000000
117316  33.363  69.700  -31.936 7.0000000000
117317  33.428  69.207  -32.580 6.0000000000
117318  33.498  68.691  -33.215 6.0000000000
117319  33.732  67.638  -33.142 7.0000000000
117320  33.960  66.571  -33.046 7.0000000000
117321  34.181  65.490  -32.928 7.0000000000
117322  34.394  64.395  -32.791 7.0000000000
117323  34.371  64.972  -32.209 7.0000000000
117324  34.579  64.447  -31.487 7.0000000000
117325  34.801  63.915  -30.766 7.0000000000
117326  34.564  65.517  -30.303 7.0000000000
117327  34.803  64.454  -30.182 7.0000000000
117328  35.033  63.375  -30.047 7.0000000000
117329  35.268  62.827  -29.331 7.0000000000
117330  35.503  62.272  -28.620 7.0000000000
124419  33.683  71.628  -22.452 7.0000000000
124420  33.992  70.762  -22.505 7.0000000000
124421  33.935  70.945  -21.792 7.0000000000
124422  34.187  70.253  -21.123 7.0000000000
124423  34.440  69.552  -20.448 7.0000000000
124424  34.062  70.526  -19.674 6.0000000000
124425  34.382  69.689  -19.729 7.0000000000
124426  34.696  68.842  -19.764 7.0000000000
124427  34.957  68.121  -19.072 6.0000000000
124428  35.227  67.390  -18.372 6.0000000000
124429  35.507  66.648  -17.665 6.0000000000
124933  35.192  50.730  -35.799 6.0000000000
124934  35.869  55.211  -31.242 7.0000000000
124935  35.829  54.506  -31.723 7.0000000000
124936  36.020  54.015  -31.041 7.0000000000
124937  36.165  52.812  -30.847 7.0000000000
124938  36.302  51.604  -30.665 7.0000000000
124939  36.546  51.830  -29.559 7.0000000000
124940  36.490  51.124  -30.029 7.0000000000
124941  36.430  50.391  -30.493 7.0000000000
124942  36.552  49.176  -30.333 7.0000000000
124943  36.669  47.960  -30.185 7.0000000000
124944  36.780  46.747  -30.049 6.0000000000
124945  36.887  45.537  -29.926 6.0000000000
124946  36.961  46.298  -29.471 6.0000000000
124947  37.142  45.841  -28.905 6.0000000000
129067  36.077  38.841  -33.455 6.0000000000
129068  35.935  37.948  -33.889 6.0000000000
129069  36.129  37.609  -33.349 6.0000000000
129070  36.180  36.390  -33.257 6.0000000000
129071  36.230  35.183  -33.178 6.0000000000
129072  36.582  35.748  -32.214 6.0000000000
129073  36.437  34.870  -32.662 6.0000000000
129074  36.282  33.985  -33.110 6.0000000000
133923  36.180  60.553  -26.523 6.0000000000
133924  36.400  59.957  -25.837 6.0000000000
133925  36.620  59.347  -25.155 6.0000000000
133926  36.437  60.865  -24.681 6.0000000000
134401  34.839  58.822  -35.055 7.0000000000
134402  34.668  60.698  -34.782 7.0000000000
134403  34.833  59.531  -34.561 7.0000000000
134404  34.993  58.354  -34.329 7.0000000000
134405  35.157  57.878  -33.602 7.0000000000
134406  35.332  57.392  -32.877 7.0000000000
134407  35.517  56.898  -32.158 7.0000000000
134408  34.600  63.286  -32.635 7.0000000000
134409  34.800  62.165  -32.463 7.0000000000
134410  34.995  61.034  -32.276 7.0000000000
134411  35.216  61.131  -31.009 7.0000000000
134412  35.199  60.523  -31.548 7.0000000000
134413  35.185  59.893  -32.077 7.0000000000
134414  35.368  58.740  -31.871 7.0000000000
134415  35.544  57.575  -31.660 7.0000000000
134416  35.710  56.398  -31.450 7.0000000000
134417  35.908  55.894  -30.753 7.0000000000
134418  36.108  55.384  -30.070 7.0000000000
134419  36.307  54.869  -29.401 7.0000000000
134420  36.193  56.668  -29.065 7.0000000000
134421  36.352  55.510  -28.901 7.0000000000
134422  36.505  54.343  -28.744 7.0000000000
134423  36.702  53.807  -28.099 6.0000000000
134424  36.899  53.258  -27.464 6.0000000000
139026  35.782  37.051  -34.321 6.0000000000
140647  33.706  69.921  -28.616 7.0000000000
140648  33.970  69.346  -27.944 7.0000000000
140649  33.682  70.309  -27.956 7.0000000000
140650  33.658  70.672  -27.288 7.0000000000
140651  33.631  71.009  -26.611 7.0000000000
140652  33.072  72.517  -27.214 7.0000000000
140653  33.336  71.925  -26.574 7.0000000000
140654  33.602  71.320  -25.926 7.0000000000
140655  33.568  71.604  -25.232 7.0000000000
140656  33.529  71.862  -24.531 7.0000000000
140657  33.483  72.094  -23.821 7.0000000000
140664  32.927  73.595  -24.367 6.0000000000
140665  33.179  72.956  -23.742 7.0000000000
140666  33.431  72.300  -23.104 7.0000000000
140667  33.372  72.482  -22.377 7.0000000000
140668  33.308  72.642  -21.642 6.0000000000
140669  33.239  72.779  -20.897 6.0000000000
141139  32.978  71.601  -30.618 6.0000000000
141140  33.206  71.047  -29.954 7.0000000000
141141  33.450  70.487  -29.286 7.0000000000
152985  34.236  68.759  -27.265 7.0000000000
152986  34.501  68.157  -26.578 7.0000000000
152987  34.759  67.542  -25.884 7.0000000000
152988  34.453  68.837  -25.267 7.0000000000
152989  34.736  67.884  -25.236 7.0000000000
152990  35.009  66.918  -25.188 7.0000000000
152991  35.252  66.288  -24.492 7.0000000000
152992  35.490  65.650  -23.795 7.0000000000
152993  35.727  65.003  -23.098 6.0000000000
152994  34.296  69.884  -22.537 7.0000000000
152995  34.594  68.994  -22.551 7.0000000000
152996  34.884  68.091  -22.549 7.0000000000
152997  35.090  67.633  -21.177 7.0000000000
152998  35.130  67.417  -21.859 7.0000000000
152999  35.166  67.175  -22.531 7.0000000000
153000  35.441  66.245  -22.499 7.0000000000
153001  35.707  65.301  -22.455 6.0000000000
153002  35.966  64.343  -22.399 6.0000000000
153003  36.207  63.670  -21.698 6.0000000000
153004  36.454  62.980  -20.998 6.0000000000
153005  36.707  62.273  -20.299 6.0000000000
153006  36.442  63.477  -19.689 6.0000000000
153007  36.709  62.523  -19.647 6.0000000000
153014  34.474  69.198  -16.828 6.0000000000
153016  34.766  68.434  -16.137 6.0000000000
153017  34.815  68.389  -16.883 6.0000000000
153018  35.150  67.570  -16.920 6.0000000000
153019  35.478  66.740  -16.943 6.0000000000
153020  35.799  65.898  -16.953 6.0000000000
153022  36.075  65.310  -13.344 6.0000000000
153023  36.081  65.304  -14.076 6.0000000000
153025  36.424  64.485  -14.104 6.0000000000
153026  36.088  65.271  -14.803 6.0000000000
153027  36.095  65.216  -15.524 6.0000000000
153028  36.104  65.139  -16.241 6.0000000000
153029  36.114  65.041  -16.953 6.0000000000
153030  36.423  64.167  -16.946 6.0000000000
153031  36.724  63.274  -16.937 6.0000000000
154306  35.457  41.189  -35.297 6.0000000000
154307  35.647  40.811  -34.717 6.0000000000
154308  35.835  40.443  -34.143 6.0000000000
154312  35.108  55.677  -35.026 7.0000000000
154313  35.076  54.903  -35.476 6.0000000000
154315  35.145  52.844  -35.641 6.0000000000
154316  35.256  51.562  -35.376 6.0000000000
154317  35.364  50.270  -35.122 6.0000000000
154318  35.789  53.779  -32.194 7.0000000000
154319  35.747  53.027  -32.657 7.0000000000
154320  35.702  52.251  -33.112 7.0000000000
154321  36.006  50.540  -32.228 7.0000000000
154322  35.828  50.996  -32.888 7.0000000000
154323  35.653  51.455  -33.562 7.0000000000
154324  35.598  50.642  -34.008 7.0000000000
154325  35.538  49.814  -34.448 7.0000000000
154326  35.469  48.974  -34.882 6.0000000000
154327  35.568  47.678  -34.654 6.0000000000
154328  35.661  46.389  -34.438 6.0000000000
154329  35.746  45.110  -34.235 6.0000000000
154330  36.014  45.567  -33.183 7.0000000000
154331  35.924  44.711  -33.617 6.0000000000
154332  35.825  43.843  -34.046 6.0000000000
154333  35.896  42.584  -33.872 6.0000000000
154334  35.962  41.331  -33.716 6.0000000000
154335  36.022  40.082  -33.577 6.0000000000
154336  36.210  39.726  -33.019 6.0000000000
154337  36.397  39.372  -32.470 6.0000000000
154338  36.585  39.020  -31.930 6.0000000000
154339  36.626  41.091  -31.592 6.0000000000
154340  36.701  39.877  -31.490 6.0000000000
154341  36.773  38.671  -31.400 6.0000000000
154342  36.962  38.326  -30.882 6.0000000000
154343  37.153  37.985  -30.373 6.0000000000
154345  36.990  44.334  -29.815 6.0000000000
154346  37.089  43.138  -29.716 6.0000000000
154347  37.184  41.950  -29.630 6.0000000000
154348  37.458  42.295  -28.660 6.0000000000
154349  37.370  41.545  -29.109 6.0000000000
154350  37.277  40.771  -29.556 6.0000000000
154351  37.367  39.604  -29.492 6.0000000000
