#!ascii label  , from subject 40tvs8ref_sym_20 vox2ras=TkReg
350
111  28.823  37.558  40.507 6.0000000000
254  29.615  52.312  42.161 7.0000000000
1610  29.008  44.739  41.287 7.0000000000
2145  29.395  39.235  46.289 7.0000000000
2147  29.857  33.256  50.669 7.0000000000
2148  28.905  31.958  44.615 7.0000000000
3640  29.559  55.023  39.236 6.0000000000
3641  29.202  53.801  36.100 6.0000000000
3642  29.202  51.180  38.959 7.0000000000
3643  28.946  47.412  38.688 7.0000000000
3644  29.292  48.478  41.740 7.0000000000
4736  29.633  26.435  51.099 6.0000000000
4737  30.015  30.091  52.498 6.0000000000
4738  29.490  29.575  49.458 6.0000000000
4739  29.318  32.634  47.570 7.0000000000
4740  28.973  28.988  46.452 6.0000000000
7598  28.843  41.120  40.889 7.0000000000
9001  29.460  45.728  44.441 7.0000000000
9002  29.164  42.033  43.839 7.0000000000
9003  28.940  38.401  43.223 7.0000000000
9010  29.650  36.310  48.584 7.0000000000
9011  29.120  35.576  45.460 7.0000000000
9012  28.836  34.817  42.611 7.0000000000
11320  29.582  53.682  40.718 7.0000000000
11321  29.375  53.096  39.104 7.0000000000
11322  29.403  51.759  40.552 7.0000000000
11323  29.235  49.839  40.360 7.0000000000
11324  29.453  50.395  41.966 7.0000000000
12418  29.268  27.747  48.785 6.0000000000
12419  29.210  29.287  47.935 6.0000000000
12420  29.000  27.470  47.290 6.0000000000
16690  28.967  46.078  39.991 7.0000000000
16691  28.877  45.573  38.575 6.0000000000
16692  28.880  44.250  39.833 7.0000000000
16693  28.833  42.448  39.691 7.0000000000
16694  28.908  42.919  41.081 7.0000000000
19951  29.602  47.606  44.706 6.0000000000
19953  29.546  41.073  46.679 7.0000000000
19954  29.423  42.486  45.430 7.0000000000
19955  29.273  40.649  45.081 7.0000000000
19956  29.037  40.211  43.530 7.0000000000
19957  29.135  38.821  44.718 7.0000000000
19969  29.943  31.687  51.618 7.0000000000
19971  30.069  33.522  52.169 6.0000000000
19973  29.994  35.094  51.187 6.0000000000
19974  29.902  36.640  50.145 6.0000000000
19975  29.761  34.797  49.656 7.0000000000
19976  29.078  32.298  46.058 7.0000000000
19977  29.221  34.119  46.537 7.0000000000
19978  29.005  33.762  45.041 7.0000000000
19979  28.935  35.197  43.991 7.0000000000
19980  28.867  33.403  43.627 7.0000000000
24985  29.345  55.716  36.150 6.0000000000
24986  29.359  54.412  37.633 6.0000000000
24987  29.194  52.498  37.537 7.0000000000
24988  29.051  50.606  37.449 7.0000000000
24989  28.949  48.737  37.373 6.0000000000
24990  29.055  49.282  38.817 7.0000000000
24991  29.088  47.940  40.168 7.0000000000
24992  29.140  46.589  41.508 7.0000000000
26950  29.671  39.628  47.886 7.0000000000
26956  29.910  26.638  52.602 6.0000000000
26958  29.846  28.258  51.828 6.0000000000
26959  29.774  29.847  50.992 7.0000000000
26960  29.689  31.414  50.090 7.0000000000
26961  29.593  32.956  49.121 7.0000000000
26962  29.408  31.119  48.546 7.0000000000
26963  29.147  30.806  47.025 6.0000000000
26964  28.941  30.485  45.560 6.0000000000
30730  29.702  24.825  51.826 6.0000000000
33242  28.816  39.335  40.702 7.0000000000
37248  29.666  50.912  43.561 6.0000000000
37249  29.519  49.007  43.350 7.0000000000
37250  29.367  47.107  43.101 7.0000000000
37251  29.214  45.234  42.837 7.0000000000
37252  29.569  44.334  45.753 6.0000000000
37253  29.310  43.869  44.147 7.0000000000
37254  29.075  43.393  42.572 7.0000000000
37255  28.961  41.575  42.315 7.0000000000
37256  28.879  39.773  42.068 7.0000000000
37257  28.833  37.983  41.822 7.0000000000
37277  29.792  38.151  49.043 7.0000000000
37278  29.525  37.789  47.459 7.0000000000
37279  29.488  34.468  48.089 7.0000000000
37280  29.372  35.950  47.004 7.0000000000
37281  29.250  37.401  45.877 7.0000000000
37282  29.023  37.002  44.354 7.0000000000
37283  28.875  36.603  42.918 7.0000000000
37284  28.819  36.203  41.572 7.0000000000
42040  29.596  53.000  41.445 7.0000000000
42041  29.492  52.720  40.640 7.0000000000
42042  29.510  52.041  41.359 7.0000000000
42043  29.426  51.080  41.263 7.0000000000
42044  29.534  51.354  42.069 7.0000000000
43139  29.128  27.610  48.033 6.0000000000
47410  28.985  45.409  40.640 7.0000000000
47411  28.919  45.160  39.909 7.0000000000
47412  28.933  44.494  40.547 7.0000000000
47413  28.891  43.586  40.458 7.0000000000
47414  28.954  43.826  41.182 7.0000000000
50673  29.471  40.153  46.488 7.0000000000
50674  29.408  40.864  45.878 7.0000000000
50675  29.333  39.946  45.689 7.0000000000
50676  29.202  39.734  44.900 7.0000000000
50677  29.260  39.029  45.497 7.0000000000
50689  29.901  32.475  51.152 7.0000000000
50690  30.011  32.606  51.903 6.0000000000
50691  29.972  33.394  51.427 7.0000000000
50692  30.034  34.311  51.686 6.0000000000
50693  29.930  34.175  50.936 7.0000000000
50694  29.885  34.951  50.429 7.0000000000
50695  29.811  34.030  50.171 7.0000000000
50696  28.982  32.128  45.327 7.0000000000
50697  29.042  33.033  45.555 7.0000000000
50698  28.954  32.859  44.830 7.0000000000
50699  28.926  33.583  44.323 7.0000000000
50700  28.886  32.684  44.126 7.0000000000
50701  28.839  32.508  43.443 7.0000000000
50702  28.848  31.787  43.924 7.0000000000
57000  29.547  55.686  38.484 6.0000000000
57001  29.445  55.376  37.681 6.0000000000
57002  29.456  54.720  38.429 6.0000000000
57003  29.286  52.136  39.033 7.0000000000
57004  29.279  52.797  38.310 7.0000000000
57005  29.195  51.841  38.250 7.0000000000
57006  29.119  51.549  37.492 7.0000000000
57007  29.118  50.891  38.192 7.0000000000
57008  29.049  49.947  38.135 7.0000000000
57009  29.124  50.228  38.887 7.0000000000
57010  29.261  49.160  41.052 7.0000000000
57011  29.158  48.885  40.263 7.0000000000
57012  29.184  48.208  40.945 7.0000000000
57013  29.111  47.265  40.839 7.0000000000
57014  29.214  47.529  41.623 7.0000000000
60276  29.739  40.547  48.082 6.0000000000
60277  29.797  39.812  48.674 6.0000000000
60286  29.778  26.542  51.855 6.0000000000
60287  29.879  27.453  52.223 6.0000000000
60288  29.744  27.345  51.470 6.0000000000
60289  29.528  28.796  49.890 6.0000000000
60290  29.673  28.929  50.656 7.0000000000
60291  29.635  29.714  50.226 7.0000000000
60292  29.733  30.633  50.549 7.0000000000
60293  29.593  30.494  49.780 7.0000000000
60294  29.549  31.269  49.317 7.0000000000
60295  29.450  30.350  49.010 6.0000000000
60296  29.084  29.138  47.187 6.0000000000
60297  29.179  30.050  47.488 6.0000000000
60298  29.061  29.895  46.743 6.0000000000
60299  29.036  30.646  46.284 6.0000000000
60300  28.958  29.739  46.013 6.0000000000
60301  28.872  29.583  45.300 6.0000000000
60302  28.878  28.837  45.733 6.0000000000
67494  29.845  24.911  52.573 6.0000000000
73088  29.271  54.756  36.124 6.0000000000
73110  28.944  48.077  38.032 7.0000000000
73112  28.909  47.151  37.986 6.0000000000
73120  28.835  41.786  40.292 7.0000000000
73121  28.824  41.553  39.624 6.0000000000
73122  28.821  40.892  40.212 7.0000000000
73123  28.817  40.001  40.132 7.0000000000
73124  28.825  40.226  40.796 7.0000000000
82891  29.594  49.961  43.462 7.0000000000
82892  29.629  49.256  44.145 6.0000000000
82893  29.533  46.665  44.578 7.0000000000
82894  29.486  47.361  43.907 7.0000000000
82895  29.411  46.419  43.774 7.0000000000
82896  29.290  46.166  42.970 7.0000000000
82897  29.335  45.483  43.636 7.0000000000
82900  29.627  43.629  46.396 6.0000000000
82901  29.290  42.261  44.629 7.0000000000
82902  29.365  43.181  44.792 7.0000000000
82903  29.236  42.949  43.994 7.0000000000
82904  29.186  43.631  43.352 7.0000000000
82905  29.117  42.715  43.208 7.0000000000
82906  29.014  42.481  42.442 7.0000000000
82907  29.053  41.803  43.066 7.0000000000
82908  28.984  39.304  43.376 7.0000000000
82909  28.947  39.991  42.786 7.0000000000
82910  28.907  39.090  42.648 7.0000000000
82911  28.852  38.876  41.945 7.0000000000
82912  28.875  38.192  42.511 7.0000000000
82944  30.046  29.280  52.913 6.0000000000
82961  29.782  36.479  49.371 7.0000000000
82962  29.849  37.400  49.601 7.0000000000
82963  29.724  37.231  48.820 7.0000000000
82964  29.663  37.974  48.255 7.0000000000
82965  29.589  37.053  48.028 7.0000000000
82966  29.454  32.797  48.343 7.0000000000
82967  29.542  33.716  48.613 7.0000000000
82968  29.403  33.550  47.833 7.0000000000
82969  29.171  34.851  46.003 7.0000000000
82970  29.296  35.034  46.772 7.0000000000
82971  29.240  35.764  46.224 7.0000000000
82972  29.311  36.680  46.445 7.0000000000
82973  29.183  36.487  45.669 7.0000000000
82974  29.128  37.202  45.106 7.0000000000
82975  29.070  36.293  44.910 7.0000000000
82976  28.874  35.008  43.290 7.0000000000
82977  28.903  35.904  43.457 7.0000000000
82978  28.853  35.709  42.765 7.0000000000
82979  28.835  36.404  42.234 7.0000000000
82980  28.825  35.514  42.094 7.0000000000
82981  28.821  35.316  41.443 6.0000000000
82982  28.820  34.625  41.953 6.0000000000
94104  29.570  54.356  39.981 7.0000000000
94105  29.466  54.059  39.173 7.0000000000
94106  29.478  53.393  39.910 7.0000000000
94107  29.387  52.431  39.832 7.0000000000
94108  29.299  51.470  39.749 7.0000000000
94109  29.215  50.512  39.663 7.0000000000
94110  29.317  50.798  40.458 7.0000000000
94111  29.342  50.119  41.160 7.0000000000
94112  29.372  49.435  41.855 7.0000000000
96080  29.381  28.659  49.126 6.0000000000
96081  29.347  29.433  48.693 6.0000000000
96082  29.239  28.519  48.367 6.0000000000
96083  29.106  28.376  47.617 6.0000000000
96084  28.986  28.232  46.878 6.0000000000
103757  29.136  52.853  36.081 6.0000000000
103770  28.954  46.746  39.341 7.0000000000
103771  28.907  46.489  38.630 7.0000000000
103772  28.910  45.825  39.270 7.0000000000
103773  28.876  44.912  39.205 7.0000000000
103774  28.852  44.006  39.144 7.0000000000
103776  28.852  43.346  39.760 7.0000000000
103777  28.858  42.683  40.373 7.0000000000
103778  28.871  42.017  40.983 7.0000000000
109642  29.584  45.966  45.243 6.0000000000
109643  29.618  41.994  46.860 6.0000000000
109644  29.558  42.705  46.233 7.0000000000
109645  29.484  41.783  46.059 7.0000000000
109646  29.348  41.566  45.258 7.0000000000
109647  29.217  41.344  44.464 7.0000000000
109648  29.098  41.120  43.684 7.0000000000
109649  29.147  40.430  44.296 7.0000000000
109650  29.084  39.519  44.128 7.0000000000
109651  29.027  38.611  43.959 7.0000000000
109671  29.981  30.893  52.067 7.0000000000
109673  30.047  31.811  52.363 6.0000000000
109674  30.102  32.726  52.638 6.0000000000
109681  29.951  35.871  50.673 6.0000000000
109682  29.836  35.719  49.907 7.0000000000
109683  29.707  35.558  49.127 7.0000000000
109684  29.191  32.467  46.807 7.0000000000
109685  29.270  33.380  47.060 7.0000000000
109686  29.148  33.207  46.299 7.0000000000
109687  29.104  33.941  45.780 7.0000000000
109688  29.061  34.667  45.251 7.0000000000
109689  29.017  35.386  44.714 7.0000000000
109690  28.969  34.483  44.519 7.0000000000
109691  28.899  34.299  43.809 7.0000000000
109692  28.851  34.114  43.122 7.0000000000
109693  28.824  33.927  42.456 7.0000000000
109694  28.831  33.222  42.953 7.0000000000
119738  29.434  56.030  36.930 6.0000000000
119739  29.352  55.065  36.892 6.0000000000
119740  29.273  54.105  36.855 6.0000000000
119741  29.366  53.757  38.371 7.0000000000
119742  29.275  53.453  37.584 7.0000000000
119743  29.197  53.151  36.820 6.0000000000
119744  29.126  52.202  36.788 6.0000000000
119745  29.061  51.260  36.759 7.0000000000
119748  28.994  49.669  37.410 7.0000000000
119749  28.991  49.009  38.082 7.0000000000
119750  28.996  48.344  38.750 7.0000000000
119751  29.138  49.559  39.577 7.0000000000
119752  29.068  48.613  39.494 7.0000000000
119753  29.007  47.675  39.415 7.0000000000
119754  29.023  47.004  40.077 7.0000000000
119755  29.045  46.332  40.737 7.0000000000
119756  29.071  45.659  41.396 7.0000000000
124322  29.679  41.274  47.477 6.0000000000
124323  29.609  40.354  47.289 7.0000000000
124324  29.535  39.435  47.089 7.0000000000
124338  29.998  27.549  52.965 6.0000000000
124339  29.968  28.366  52.576 6.0000000000
124340  29.937  29.174  52.172 6.0000000000
124341  29.709  28.140  51.070 6.0000000000
124342  29.811  29.056  51.418 6.0000000000
124343  29.902  29.974  51.751 6.0000000000
124344  29.864  30.767  51.313 7.0000000000
124345  29.822  31.554  50.859 7.0000000000
124346  29.777  32.335  50.387 7.0000000000
124347  29.730  33.109  49.899 7.0000000000
124348  29.643  32.189  49.614 7.0000000000
124349  29.503  32.037  48.838 7.0000000000
124350  29.364  31.880  48.065 7.0000000000
124351  29.310  30.202  48.245 6.0000000000
124352  29.272  30.964  47.780 6.0000000000
124353  29.232  31.719  47.301 7.0000000000
124354  29.113  31.555  46.548 7.0000000000
124355  29.009  31.390  45.812 7.0000000000
124356  28.923  31.224  45.094 7.0000000000
124357  28.857  31.059  44.395 6.0000000000
124358  28.865  30.324  44.854 6.0000000000
133876  29.942  25.816  52.965 6.0000000000
133877  29.811  25.730  52.223 6.0000000000
133878  29.667  25.634  51.471 6.0000000000
140893  28.821  39.112  40.050 6.0000000000
140894  28.816  38.446  40.607 7.0000000000
152712  29.638  51.615  42.866 7.0000000000
152713  29.562  50.660  42.770 7.0000000000
152714  29.484  49.703  42.662 7.0000000000
152715  29.406  48.746  42.545 7.0000000000
152716  29.559  48.308  44.031 7.0000000000
152717  29.444  48.055  43.229 7.0000000000
152718  29.327  47.793  42.423 7.0000000000
152719  29.249  46.848  42.298 7.0000000000
152720  29.174  45.912  42.174 7.0000000000
152721  29.103  44.986  42.052 7.0000000000
152724  29.513  45.034  45.101 7.0000000000
152725  29.498  43.408  45.596 7.0000000000
152726  29.440  44.105  44.950 7.0000000000
152727  29.385  44.796  44.297 7.0000000000
152728  29.259  44.553  43.495 7.0000000000
152729  29.142  44.310  42.704 7.0000000000
152730  29.038  44.067  41.931 7.0000000000
152731  28.981  43.155  41.814 7.0000000000
152732  28.931  42.249  41.700 7.0000000000
152733  28.890  41.347  41.590 7.0000000000
152734  28.996  40.896  42.926 7.0000000000
152735  28.916  40.672  42.191 7.0000000000
152736  28.858  40.449  41.481 7.0000000000
152737  28.835  39.554  41.374 7.0000000000
152738  28.821  38.662  41.266 7.0000000000
152739  28.816  37.772  41.156 7.0000000000
152798  29.908  38.319  49.817 6.0000000000
152799  29.854  39.070  49.252 6.0000000000
152800  29.732  38.894  48.472 7.0000000000
152801  29.599  38.708  47.678 7.0000000000
152802  29.460  38.516  46.879 7.0000000000
152803  29.680  33.876  49.394 7.0000000000
152804  29.627  34.636  48.874 7.0000000000
152805  29.571  35.388  48.340 7.0000000000
152806  29.351  34.296  47.308 7.0000000000
152807  29.431  35.213  47.552 7.0000000000
152808  29.511  36.133  47.792 7.0000000000
152809  29.449  36.869  47.233 7.0000000000
152810  29.385  37.597  46.664 7.0000000000
152811  29.321  38.317  46.085 7.0000000000
152812  29.191  38.115  45.302 7.0000000000
152813  29.076  37.910  44.536 7.0000000000
152814  28.979  37.705  43.791 7.0000000000
152815  28.976  36.098  44.172 7.0000000000
152816  28.938  36.803  43.624 7.0000000000
152817  28.904  37.500  43.070 7.0000000000
152818  28.851  37.296  42.373 7.0000000000
152819  28.823  37.092  41.698 7.0000000000
152820  28.818  36.884  41.043 6.0000000000
