#!ascii label  , from subject 40tvs8ref_sym_20 vox2ras=TkReg
1516
52  20.455  105.614  1.585 6.0000000000
172  13.492  97.264  9.388 7.0000000000
173  21.870  98.490  16.931 6.0000000000
174  14.177  88.882  21.132 7.0000000000
176  11.201  100.966  -3.515 7.0000000000
389  8.085  101.787  -15.668 7.0000000000
652  10.500  91.861  12.347 7.0000000000
653  14.102  93.715  15.637 7.0000000000
654  10.791  88.229  17.291 6.0000000000
656  9.357  94.439  6.942 7.0000000000
880  21.839  93.370  24.054 6.0000000000
887  4.172  98.583  -9.967 7.0000000000
888  16.088  104.288  -1.328 7.0000000000
889  15.094  104.939  -8.313 6.0000000000
890  19.694  107.260  -5.924 6.0000000000
1462  17.003  102.398  5.876 7.0000000000
1463  21.332  102.639  9.304 7.0000000000
1464  17.688  99.047  13.072 7.0000000000
1465  17.953  94.503  19.822 7.0000000000
1466  17.818  88.897  25.817 6.0000000000
1468  6.043  97.801  -4.319 6.0000000000
1469  7.823  96.388  1.295 6.0000000000
1470  12.481  99.646  2.938 7.0000000000
1868  9.722  101.584  -9.731 7.0000000000
2572  9.122  89.449  13.650 6.0000000000
2573  10.761  90.225  14.876 7.0000000000
2576  8.676  90.702  11.364 6.0000000000
2808  18.314  105.303  0.077 6.0000000000
2809  17.913  106.010  -3.597 6.0000000000
2810  20.061  106.591  -2.199 6.0000000000
3397  15.202  99.992  7.726 7.0000000000
3398  17.392  100.885  9.491 7.0000000000
3399  15.570  98.404  11.142 7.0000000000
3400  14.166  91.462  18.487 7.0000000000
3401  15.968  94.315  17.690 7.0000000000
3402  16.001  91.802  20.656 7.0000000000
3403  17.943  91.823  22.911 6.0000000000
3404  15.981  89.026  23.417 7.0000000000
3408  11.432  95.893  7.963 7.0000000000
3409  10.839  97.029  4.960 7.0000000000
3410  13.022  98.583  6.169 7.0000000000
3411  14.758  101.231  4.272 7.0000000000
4080  21.694  100.674  13.175 7.0000000000
4098  5.090  100.344  -15.697 7.0000000000
4100  7.127  101.873  -18.560 6.0000000000
4103  8.661  99.317  -4.115 6.0000000000
4104  7.817  99.734  -7.054 7.0000000000
4105  10.496  101.348  -6.671 7.0000000000
4106  17.126  106.417  -10.711 6.0000000000
4107  14.572  104.928  -11.671 6.0000000000
4108  16.715  106.207  -14.211 6.0000000000
5782  11.949  94.508  10.928 7.0000000000
5783  13.882  95.637  12.584 7.0000000000
5784  12.299  92.853  13.805 7.0000000000
5785  12.443  90.898  16.533 7.0000000000
5786  12.452  88.593  19.087 7.0000000000
5788  7.242  92.931  6.316 6.0000000000
5789  8.024  91.855  8.909 6.0000000000
5790  10.002  93.246  9.698 7.0000000000
6192  21.914  96.039  20.547 6.0000000000
6204  3.220  98.749  -12.820 6.0000000000
6205  6.056  100.222  -12.844 7.0000000000
6206  13.701  102.708  -2.566 7.0000000000
6207  13.105  103.074  -5.933 7.0000000000
6208  15.616  104.737  -4.873 6.0000000000
6209  17.512  106.385  -7.194 6.0000000000
6210  19.374  107.538  -9.566 6.0000000000
7252  18.742  104.279  3.799 7.0000000000
7253  20.881  104.325  5.431 7.0000000000
7254  19.173  102.871  7.570 7.0000000000
7255  19.553  101.099  11.328 7.0000000000
7256  19.798  99.067  15.019 7.0000000000
7257  15.844  96.505  14.509 7.0000000000
7258  17.878  96.918  16.544 7.0000000000
7259  19.926  96.751  18.551 6.0000000000
7260  19.949  94.177  21.931 6.0000000000
7261  19.841  91.373  25.145 6.0000000000
7267  9.437  98.753  -1.101 7.0000000000
7268  8.624  95.460  4.125 6.0000000000
7269  10.180  97.990  1.937 7.0000000000
7270  11.867  100.435  -0.293 7.0000000000
7271  14.242  102.142  0.842 7.0000000000
7272  16.552  103.527  2.242 7.0000000000
8222  5.104  98.261  -7.123 7.0000000000
8223  6.946  100.019  -9.972 7.0000000000
8224  8.936  101.698  -12.734 7.0000000000
8225  12.455  103.281  -9.178 7.0000000000
8226  11.792  103.329  -12.343 7.0000000000
8227  11.080  103.295  -15.444 7.0000000000
8942  10.715  85.877  19.578 6.0000000000
8943  12.405  85.990  21.472 6.0000000000
8946  14.102  86.079  23.619 7.0000000000
10477  21.305  106.083  0.440 6.0000000000
10479  21.513  105.501  2.367 6.0000000000
10488  19.392  105.548  0.821 6.0000000000
10489  19.189  106.010  -1.048 6.0000000000
10490  20.254  106.138  -0.312 6.0000000000
10491  21.107  106.592  -1.472 6.0000000000
11077  14.324  98.644  8.573 7.0000000000
11078  15.392  99.240  9.435 7.0000000000
11079  14.526  97.879  10.234 7.0000000000
11080  14.174  90.210  19.835 7.0000000000
11081  15.065  91.668  19.548 7.0000000000
11082  15.073  90.352  20.921 7.0000000000
11083  16.002  90.439  22.059 7.0000000000
11084  15.070  88.975  22.245 7.0000000000
11088  12.462  96.593  8.626 7.0000000000
11089  12.204  97.232  7.074 7.0000000000
11090  13.263  97.960  7.780 7.0000000000
11091  14.111  99.326  6.911 7.0000000000
11760  21.803  99.615  15.072 6.0000000000
11761  22.739  100.239  14.078 6.0000000000
11762  22.827  99.151  15.991 6.0000000000
11778  6.583  101.068  -15.696 7.0000000000
11779  6.088  101.112  -17.132 7.0000000000
11780  7.620  101.834  -17.114 7.0000000000
11781  8.688  102.596  -18.527 6.0000000000
11782  9.150  102.559  -17.063 7.0000000000
11783  9.937  100.124  -3.863 7.0000000000
11784  9.563  100.339  -5.398 7.0000000000
11785  10.856  101.174  -5.106 7.0000000000
11786  18.122  106.989  -11.941 6.0000000000
11787  16.931  106.330  -12.470 6.0000000000
13477  11.217  93.163  11.651 7.0000000000
13478  12.150  93.714  12.384 7.0000000000
13479  11.401  92.371  13.018 7.0000000000
13480  10.798  89.275  16.100 7.0000000000
13481  11.598  90.570  15.660 7.0000000000
13482  11.620  89.537  16.927 7.0000000000
13483  12.455  89.788  17.832 7.0000000000
13484  11.614  88.415  18.153 7.0000000000
13486  7.021  91.119  8.656 6.0000000000
13487  7.403  90.579  9.866 6.0000000000
13488  9.592  91.309  11.798 7.0000000000
13489  9.327  91.955  10.543 7.0000000000
13490  10.277  92.579  11.037 7.0000000000
13491  10.979  93.893  10.254 7.0000000000
14160  21.896  94.729  22.319 6.0000000000
14178  2.828  97.825  -9.946 6.0000000000
14180  3.702  98.689  -11.390 7.0000000000
14181  4.623  99.509  -12.832 7.0000000000
14182  5.096  99.419  -11.410 7.0000000000
14183  14.916  103.547  -1.976 7.0000000000
14184  14.658  103.763  -3.717 7.0000000000
14185  15.858  104.544  -3.106 7.0000000000
14186  18.811  106.701  -4.756 6.0000000000
14187  17.714  106.241  -5.412 6.0000000000
14188  18.626  106.915  -6.574 6.0000000000
14189  18.448  107.031  -8.367 6.0000000000
14190  19.524  107.453  -7.752 6.0000000000
15952  17.880  103.408  4.862 7.0000000000
15953  18.955  103.628  5.686 7.0000000000
15954  18.094  102.725  6.719 7.0000000000
15955  17.551  100.003  11.285 7.0000000000
15956  18.477  101.074  10.405 7.0000000000
15957  18.624  100.139  12.238 7.0000000000
15958  19.692  100.116  13.189 7.0000000000
15959  18.745  99.135  14.051 7.0000000000
15960  14.014  94.714  14.134 7.0000000000
15961  14.855  96.116  13.522 7.0000000000
15962  14.959  95.125  15.110 7.0000000000
15963  16.949  94.470  18.756 7.0000000000
15964  16.916  95.663  17.166 7.0000000000
15965  17.928  95.746  18.205 7.0000000000
15966  18.905  96.908  17.551 7.0000000000
15967  18.944  95.688  19.235 7.0000000000
15968  19.950  95.491  20.260 6.0000000000
15969  18.958  94.405  20.879 6.0000000000
15970  17.900  90.387  24.385 6.0000000000
15971  18.906  91.660  24.030 6.0000000000
15972  18.833  90.193  25.539 6.0000000000
15973  19.742  89.889  26.677 6.0000000000
15974  18.724  88.685  26.998 6.0000000000
15981  8.203  97.953  -1.366 6.0000000000
15982  8.615  97.589  0.101 6.0000000000
15983  8.304  93.689  6.581 6.0000000000
15984  7.911  94.198  5.218 6.0000000000
15985  9.000  94.967  5.537 6.0000000000
15986  11.645  98.338  3.958 7.0000000000
15987  10.519  97.530  3.452 7.0000000000
15988  11.336  98.816  2.396 7.0000000000
15989  11.007  99.233  0.828 7.0000000000
15990  12.181  100.080  1.324 7.0000000000
15991  13.061  101.299  0.237 7.0000000000
15992  13.346  100.925  1.900 7.0000000000
15993  15.890  101.892  5.051 7.0000000000
15994  15.654  102.441  3.274 7.0000000000
15995  16.783  103.010  4.052 7.0000000000
15996  17.661  103.990  3.008 7.0000000000
18000  21.109  103.529  7.367 7.0000000000
18001  21.961  104.070  6.261 7.0000000000
18002  22.191  103.207  8.215 7.0000000000
18068  4.726  97.072  -4.309 6.0000000000
18069  4.246  97.321  -5.692 6.0000000000
18070  5.576  98.050  -5.712 6.0000000000
18071  8.751  100.666  -8.405 7.0000000000
18072  7.378  99.892  -8.516 7.0000000000
18073  8.336  100.776  -9.891 7.0000000000
18074  7.922  100.863  -11.364 7.0000000000
18075  9.332  101.650  -11.239 7.0000000000
18076  14.091  104.050  -7.128 7.0000000000
18077  12.785  103.196  -7.569 7.0000000000
18078  13.791  104.120  -8.784 7.0000000000
18079  14.302  104.871  -13.329 6.0000000000
18080  13.198  104.143  -12.044 7.0000000000
18081  12.893  104.105  -13.650 7.0000000000
18082  11.451  103.311  -13.905 7.0000000000
18083  12.557  104.060  -15.233 6.0000000000
19805  10.645  84.597  20.696 6.0000000000
19806  11.557  85.934  20.495 6.0000000000
19807  11.490  84.602  21.638 6.0000000000
19814  13.167  84.619  23.706 6.0000000000
19816  14.949  86.092  24.804 7.0000000000
23062  9.797  90.618  13.015 7.0000000000
23063  10.662  91.082  13.624 7.0000000000
23064  9.934  89.859  14.200 7.0000000000
23065  9.996  89.004  15.361 7.0000000000
23066  9.993  88.043  16.502 6.0000000000
23068  7.754  90.038  11.036 6.0000000000
23070  8.932  90.097  12.531 7.0000000000
23472  21.750  91.959  25.731 6.0000000000
23485  3.298  97.698  -8.520 6.0000000000
23486  17.217  104.881  -0.641 7.0000000000
23487  17.004  105.201  -2.451 6.0000000000
23488  18.109  105.696  -1.764 6.0000000000
23489  18.998  106.397  -2.910 6.0000000000
23490  19.875  106.968  -4.072 6.0000000000
23491  20.731  107.399  -5.251 6.0000000000
23492  20.916  107.033  -3.371 6.0000000000
24547  16.106  101.255  6.831 7.0000000000
24548  17.208  101.688  7.692 7.0000000000
24549  16.298  100.523  8.594 7.0000000000
24550  16.471  99.702  10.345 7.0000000000
24551  16.627  98.801  12.095 7.0000000000
24552  14.149  92.631  17.089 7.0000000000
24553  15.022  94.057  16.644 7.0000000000
24554  15.052  92.904  18.122 7.0000000000
24555  15.990  93.098  19.199 7.0000000000
24556  16.965  93.200  20.298 7.0000000000
24557  17.959  93.195  21.393 7.0000000000
24558  16.967  91.861  21.785 7.0000000000
24559  16.950  90.462  23.222 7.0000000000
24560  16.900  89.008  24.618 6.0000000000
24565  7.063  95.166  2.482 6.0000000000
24566  10.398  95.175  7.402 7.0000000000
24567  10.077  95.732  5.953 7.0000000000
24568  11.143  96.488  6.464 7.0000000000
24569  11.933  97.810  5.518 7.0000000000
24570  12.763  99.143  4.553 7.0000000000
24571  13.620  100.463  3.564 7.0000000000
24572  13.877  99.929  5.238 7.0000000000
24573  14.993  100.653  6.003 7.0000000000
25776  21.534  101.681  11.245 7.0000000000
25777  22.410  102.267  10.173 7.0000000000
25778  22.599  101.274  12.133 7.0000000000
25808  3.624  99.575  -15.691 6.0000000000
25810  4.572  100.360  -17.132 7.0000000000
25811  5.567  101.127  -18.572 6.0000000000
25814  8.201  102.621  -19.989 6.0000000000
25817  7.361  98.544  -4.264 6.0000000000
25818  6.916  98.783  -5.689 6.0000000000
25819  8.250  99.542  -5.591 7.0000000000
25820  9.165  100.521  -6.909 7.0000000000
25821  10.114  101.485  -8.210 7.0000000000
25822  16.111  105.729  -9.502 6.0000000000
25823  14.831  104.953  -9.997 6.0000000000
25824  15.887  105.690  -11.223 6.0000000000
25825  15.655  105.612  -12.937 6.0000000000
25826  15.395  105.515  -14.622 6.0000000000
28852  12.705  95.880  10.175 7.0000000000
28853  13.704  96.488  10.995 7.0000000000
28854  12.916  95.093  11.712 7.0000000000
28855  13.081  94.236  13.219 7.0000000000
28856  13.197  93.307  14.685 7.0000000000
28857  11.528  91.512  14.355 7.0000000000
28858  12.396  91.919  15.190 7.0000000000
28859  13.267  92.297  16.107 7.0000000000
28860  13.297  91.200  17.480 7.0000000000
28861  13.304  90.017  18.804 7.0000000000
28862  13.305  88.754  20.082 7.0000000000
28865  6.611  91.652  7.410 6.0000000000
28866  7.647  92.405  7.626 6.0000000000
28867  8.675  93.144  7.930 6.0000000000
28868  8.369  91.286  10.156 6.0000000000
28869  9.018  92.566  9.253 7.0000000000
28870  9.692  93.865  8.331 7.0000000000
28871  10.700  94.562  8.837 7.0000000000
28872  11.704  95.234  9.451 7.0000000000
29808  21.904  97.296  18.754 6.0000000000
29809  22.872  97.998  17.870 6.0000000000
29810  22.886  96.781  19.721 6.0000000000
29837  4.133  99.562  -14.259 7.0000000000
29838  5.584  100.297  -14.268 7.0000000000
29839  7.051  101.008  -14.263 7.0000000000
29840  12.458  101.834  -3.080 7.0000000000
29841  12.138  102.037  -4.726 7.0000000000
29842  13.411  102.911  -4.261 7.0000000000
29843  14.382  103.932  -5.440 7.0000000000
29844  15.359  104.870  -6.610 6.0000000000
29845  16.791  105.445  -4.254 6.0000000000
29846  16.567  105.616  -6.033 6.0000000000
29847  16.337  105.710  -7.778 6.0000000000
29848  17.315  106.441  -8.954 6.0000000000
29849  18.284  107.052  -10.153 6.0000000000
32302  19.600  105.012  2.704 7.0000000000
32303  20.663  105.016  3.500 6.0000000000
32304  19.809  104.392  4.608 7.0000000000
32305  20.028  103.669  6.521 7.0000000000
32306  20.251  102.841  8.433 7.0000000000
32307  18.298  101.941  8.566 7.0000000000
32308  19.379  102.020  9.451 7.0000000000
32309  20.456  101.932  10.346 7.0000000000
32310  20.627  100.964  12.253 7.0000000000
32311  20.754  99.939  14.136 7.0000000000
32312  20.842  98.850  15.980 7.0000000000
32313  14.709  97.034  11.890 7.0000000000
32314  15.725  97.491  12.841 7.0000000000
32315  16.757  97.826  13.829 7.0000000000
32316  15.924  95.448  16.127 7.0000000000
32317  16.854  96.780  15.525 7.0000000000
32318  17.799  98.018  14.831 7.0000000000
32319  18.839  98.058  15.825 7.0000000000
32320  19.876  97.945  16.807 7.0000000000
32321  20.900  97.688  17.783 6.0000000000
32322  20.930  96.457  19.549 6.0000000000
32323  20.938  95.167  21.285 6.0000000000
32324  20.912  93.826  22.990 6.0000000000
32325  18.948  93.065  22.478 6.0000000000
32326  19.912  92.805  23.562 6.0000000000
32327  20.845  92.432  24.649 6.0000000000
32328  20.751  90.982  26.251 6.0000000000
32335  5.206  96.780  -2.949 6.0000000000
32338  6.503  97.515  -2.930 6.0000000000
32339  7.787  98.270  -2.825 6.0000000000
32340  9.050  99.056  -2.616 7.0000000000
32341  10.300  99.875  -2.307 7.0000000000
32343  7.495  94.685  3.849 6.0000000000
32344  8.232  95.934  2.709 6.0000000000
32345  9.737  96.245  4.496 6.0000000000
32346  9.383  96.726  3.034 6.0000000000
32347  9.011  97.177  1.568 6.0000000000
32348  9.819  98.400  0.418 7.0000000000
32349  10.659  99.582  -0.741 7.0000000000
32350  11.539  100.723  -1.907 7.0000000000
32351  12.766  101.593  -1.424 7.0000000000
32352  13.976  102.460  -0.864 7.0000000000
32353  15.164  103.268  -0.233 7.0000000000
32354  14.504  101.730  2.550 7.0000000000
32355  15.409  102.902  1.514 7.0000000000
32356  16.319  103.953  0.451 7.0000000000
32357  17.437  104.479  1.175 7.0000000000
32358  18.528  104.833  1.928 7.0000000000
34881  21.732  104.836  4.310 6.0000000000
34884  23.256  102.712  9.051 6.0000000000
34965  3.770  97.529  -7.099 7.0000000000
34966  4.637  98.438  -8.544 7.0000000000
34967  6.459  98.987  -7.118 7.0000000000
34968  6.004  99.158  -8.554 7.0000000000
34969  5.553  99.301  -9.987 7.0000000000
34970  6.509  100.127  -11.414 7.0000000000
34971  7.497  100.939  -12.822 7.0000000000
34972  8.523  101.741  -14.212 7.0000000000
34973  11.808  102.204  -6.343 7.0000000000
34974  11.460  102.336  -7.930 7.0000000000
34975  11.098  102.429  -9.493 7.0000000000
34976  13.494  104.151  -10.421 7.0000000000
34977  12.122  103.325  -10.767 7.0000000000
34978  10.733  102.481  -11.039 7.0000000000
34979  10.370  102.502  -12.573 7.0000000000
34980  9.992  102.513  -14.093 7.0000000000
34981  9.586  102.530  -15.588 7.0000000000
34982  10.675  103.297  -16.957 6.0000000000
37071  9.950  86.980  17.621 6.0000000000
37074  10.761  87.093  18.448 6.0000000000
37075  11.595  87.210  19.340 6.0000000000
37076  12.440  87.323  20.297 7.0000000000
37077  13.295  87.421  21.311 7.0000000000
37084  12.333  84.611  22.640 6.0000000000
37085  13.254  86.039  22.511 6.0000000000
37086  14.160  87.500  22.386 7.0000000000
37087  15.035  87.556  23.533 7.0000000000
37088  15.915  87.564  24.743 6.0000000000
37089  16.801  87.508  25.976 6.0000000000
41197  20.881  105.866  1.016 6.0000000000
41198  21.408  105.802  1.401 6.0000000000
41199  20.984  105.580  1.974 6.0000000000
41208  19.925  105.603  1.201 6.0000000000
41209  19.823  105.859  0.258 6.0000000000
41210  20.354  105.885  0.635 6.0000000000
41211  20.781  106.133  0.062 6.0000000000
41797  13.902  97.955  8.984 7.0000000000
41798  14.427  98.272  9.403 7.0000000000
41799  14.008  97.580  9.802 7.0000000000
41800  14.177  89.555  20.490 7.0000000000
41801  14.620  90.288  20.371 7.0000000000
41802  14.622  89.618  21.031 7.0000000000
41803  15.074  89.670  21.589 7.0000000000
41804  14.621  88.933  21.680 7.0000000000
41808  12.977  96.933  8.995 7.0000000000
41809  12.857  97.276  8.205 7.0000000000
41810  13.379  97.622  8.584 7.0000000000
41811  13.793  98.310  8.167 7.0000000000
42480  21.841  99.061  16.006 6.0000000000
42481  22.319  99.400  15.534 6.0000000000
42482  22.351  98.838  16.472 6.0000000000
42498  7.333  101.426  -15.687 7.0000000000
42499  7.097  101.452  -16.406 7.0000000000
42500  7.855  101.811  -16.392 7.0000000000
42501  8.385  102.195  -17.094 7.0000000000
42502  8.614  102.174  -16.367 7.0000000000
42503  10.570  100.541  -3.700 7.0000000000
42504  10.392  100.651  -4.485 7.0000000000
42505  11.030  101.074  -4.314 7.0000000000
42507  18.037  106.932  -12.834 6.0000000000
44197  10.857  92.505  12.002 7.0000000000
44198  11.316  92.775  12.338 7.0000000000
44199  10.951  92.121  12.667 7.0000000000
44200  10.799  88.764  16.700 7.0000000000
44201  11.207  89.407  16.503 7.0000000000
44202  11.207  88.876  17.113 7.0000000000
44203  11.619  88.987  17.545 7.0000000000
44204  11.200  88.322  17.713 7.0000000000
44206  6.916  90.211  9.754 6.0000000000
44207  7.106  89.948  10.337 6.0000000000
44208  10.047  91.591  12.057 7.0000000000
44209  9.932  91.938  11.421 7.0000000000
44210  10.396  92.227  11.696 7.0000000000
44211  10.748  92.876  11.329 7.0000000000
44880  21.872  94.056  23.193 6.0000000000
44881  22.360  94.470  22.839 6.0000000000
44882  22.329  93.793  23.718 6.0000000000
44898  3.494  98.211  -9.956 7.0000000000
44899  3.258  98.263  -10.669 6.0000000000
44900  3.938  98.641  -10.678 7.0000000000
44901  4.395  99.060  -11.400 7.0000000000
44902  4.629  99.006  -10.689 7.0000000000
44903  15.508  103.934  -1.658 7.0000000000
44904  15.387  104.058  -2.539 7.0000000000
44905  15.973  104.425  -2.218 7.0000000000
44906  19.255  106.998  -5.338 6.0000000000
44907  18.718  106.820  -5.669 6.0000000000
44908  19.164  107.112  -6.252 6.0000000000
44909  19.076  107.202  -7.160 6.0000000000
44910  19.607  107.370  -6.841 6.0000000000
44911  20.046  107.590  -7.434 6.0000000000
44912  20.129  107.486  -6.515 6.0000000000
46672  17.444  102.920  5.376 7.0000000000
46673  17.987  103.080  5.792 7.0000000000
46674  17.550  102.584  6.297 7.0000000000
46675  17.622  99.534  12.181 7.0000000000
46676  18.089  100.091  11.761 7.0000000000
46677  18.156  99.610  12.664 7.0000000000
46678  18.688  99.646  13.148 7.0000000000
46679  18.217  99.110  13.562 7.0000000000
46680  14.063  94.225  14.892 7.0000000000
46681  14.484  94.930  14.615 7.0000000000
46682  14.527  94.423  15.382 7.0000000000
46683  17.450  94.502  19.290 7.0000000000
46684  17.437  95.121  18.494 7.0000000000
46685  17.943  95.133  19.019 7.0000000000
46686  18.436  95.735  18.721 7.0000000000
46687  18.449  95.110  19.542 7.0000000000
46688  18.954  95.054  20.063 6.0000000000
46689  18.457  94.471  20.352 7.0000000000
46690  17.864  89.647  25.107 6.0000000000
46691  18.369  90.305  24.964 6.0000000000
46692  18.326  89.558  25.694 6.0000000000
46693  18.784  89.442  26.276 6.0000000000
46694  18.273  88.804  26.411 6.0000000000
46702  8.216  96.992  0.699 6.0000000000
46703  8.832  94.065  6.750 6.0000000000
46704  8.647  94.328  6.059 6.0000000000
46705  9.181  94.708  6.241 6.0000000000
46706  12.060  98.993  3.450 7.0000000000
46707  11.493  98.584  3.177 7.0000000000
46708  11.910  99.231  2.657 7.0000000000
46709  11.755  99.453  1.862 7.0000000000
46710  12.333  99.873  2.132 7.0000000000
46711  12.765  100.505  1.602 7.0000000000
46712  12.910  100.291  2.421 7.0000000000
46713  16.450  102.167  5.460 7.0000000000
46714  16.338  102.468  4.558 7.0000000000
46715  16.894  102.716  4.964 7.0000000000
46716  17.335  103.231  4.455 7.0000000000
48720  21.222  103.094  8.335 7.0000000000
48721  21.651  103.390  7.791 7.0000000000
48722  21.763  102.941  8.765 7.0000000000
48788  5.383  97.436  -4.320 6.0000000000
48789  5.146  97.566  -5.010 6.0000000000
48790  5.810  97.930  -5.014 6.0000000000
48791  9.232  101.127  -9.071 7.0000000000
48792  8.543  100.725  -9.150 7.0000000000
48793  9.030  101.174  -9.821 7.0000000000
48794  8.829  101.215  -10.568 7.0000000000
48795  9.527  101.620  -10.487 7.0000000000
48796  14.590  104.506  -7.721 7.0000000000
48797  13.941  104.090  -7.959 7.0000000000
48798  14.448  104.533  -8.558 7.0000000000
48799  14.157  104.837  -14.149 6.0000000000
48800  13.603  104.492  -13.498 7.0000000000
48801  13.448  104.463  -14.305 6.0000000000
48802  12.729  104.082  -14.445 7.0000000000
48803  13.285  104.436  -15.104 6.0000000000
50526  11.068  84.599  21.159 6.0000000000
53797  9.454  90.023  13.337 7.0000000000
53798  9.874  90.249  13.611 7.0000000000
53799  9.525  89.661  13.908 7.0000000000
53801  9.606  88.863  15.029 6.0000000000
53803  10.002  88.537  15.934 6.0000000000
53808  8.722  89.217  13.427 6.0000000000
53809  8.619  89.518  12.888 6.0000000000
53810  9.036  89.781  13.096 7.0000000000
53811  9.365  90.366  12.758 7.0000000000
54502  2.880  97.236  -7.796 6.0000000000
54503  17.768  105.114  -0.286 6.0000000000
54504  17.663  105.302  -1.199 6.0000000000
54505  18.210  105.509  -0.844 6.0000000000
54506  19.626  106.317  -1.620 6.0000000000
54507  19.092  106.213  -1.980 6.0000000000
54508  19.531  106.518  -2.557 6.0000000000
54509  19.438  106.700  -3.489 6.0000000000
54510  19.967  106.790  -3.138 6.0000000000
54511  20.398  107.026  -3.724 6.0000000000
54512  20.491  106.830  -2.782 6.0000000000
56272  15.653  100.636  7.285 7.0000000000
56273  16.205  100.901  7.715 7.0000000000
56274  15.750  100.277  8.155 7.0000000000
56275  15.483  98.832  10.289 7.0000000000
56276  15.931  99.490  9.885 7.0000000000
56277  16.016  99.065  10.750 7.0000000000
56278  16.551  99.261  11.221 7.0000000000
56279  16.097  98.621  11.614 7.0000000000
56280  14.160  92.057  17.794 7.0000000000
56281  14.597  92.776  17.599 7.0000000000
56282  14.605  92.185  18.311 7.0000000000
56283  15.528  91.744  20.097 7.0000000000
56284  15.523  92.388  19.383 7.0000000000
56285  15.996  92.460  19.934 7.0000000000
56286  16.474  93.161  19.748 7.0000000000
56287  16.479  92.510  20.491 7.0000000000
56288  16.968  92.538  21.048 7.0000000000
56289  16.481  91.842  21.220 7.0000000000
56290  15.996  89.738  22.743 7.0000000000
56291  16.475  90.461  22.639 7.0000000000
56292  16.462  89.750  23.332 7.0000000000
56293  16.930  89.742  23.924 6.0000000000
56294  16.440  89.027  24.016 7.0000000000
56302  6.700  94.549  3.074 6.0000000000
56303  10.916  95.536  7.670 7.0000000000
56304  10.765  95.831  6.934 7.0000000000
56305  11.289  96.197  7.215 7.0000000000
56306  12.608  97.907  6.624 7.0000000000
56307  12.071  97.528  6.296 7.0000000000
56308  12.478  98.199  5.832 7.0000000000
56309  12.344  98.477  5.038 7.0000000000
56310  12.895  98.871  5.362 7.0000000000
56311  13.320  99.541  4.884 7.0000000000
56312  13.446  99.259  5.708 7.0000000000
56313  14.656  99.672  7.310 7.0000000000
56314  14.549  99.997  6.462 7.0000000000
56315  15.101  100.333  6.867 7.0000000000
56316  15.550  100.973  6.411 7.0000000000
58320  21.620  101.183  12.213 7.0000000000
58321  22.069  101.496  11.691 7.0000000000
58322  22.152  100.990  12.664 7.0000000000
58373  4.352  99.968  -15.694 7.0000000000
58374  4.092  99.970  -16.411 7.0000000000
58375  4.833  100.357  -16.414 7.0000000000
58376  6.603  101.493  -17.847 7.0000000000
58377  5.831  101.124  -17.852 7.0000000000
58378  6.346  101.505  -18.568 6.0000000000
58380  6.871  101.881  -19.284 6.0000000000
58381  7.404  102.252  -20.002 6.0000000000
58382  7.660  102.250  -19.273 6.0000000000
58383  9.465  102.955  -18.497 6.0000000000
58388  8.014  98.926  -4.203 6.0000000000
58389  7.803  99.047  -4.929 6.0000000000
58390  8.459  99.434  -4.856 6.0000000000
58391  10.025  100.845  -6.036 7.0000000000
58392  9.368  100.434  -6.156 7.0000000000
58393  9.833  100.929  -6.802 7.0000000000
58394  9.635  101.005  -7.562 7.0000000000
58395  10.307  101.421  -7.443 7.0000000000
58396  16.620  106.086  -10.103 6.0000000000
58397  15.999  105.716  -10.362 6.0000000000
58398  16.517  106.061  -10.974 6.0000000000
58399  16.827  106.271  -13.344 6.0000000000
58400  16.304  105.975  -12.712 6.0000000000
58401  16.189  105.920  -13.574 6.0000000000
58402  15.530  105.564  -13.784 6.0000000000
58403  16.065  105.863  -14.426 6.0000000000
63472  12.323  95.191  10.556 7.0000000000
63473  12.815  95.496  10.946 7.0000000000
63474  12.433  94.804  11.308 7.0000000000
63475  12.231  93.292  13.099 7.0000000000
63476  12.615  93.979  12.790 7.0000000000
63477  12.688  93.541  13.518 7.0000000000
63478  13.145  93.781  13.958 7.0000000000
63479  12.748  93.084  14.235 7.0000000000
63480  10.720  90.665  14.253 7.0000000000
63481  11.095  91.300  13.975 7.0000000000
63482  11.144  90.861  14.619 7.0000000000
63483  12.020  90.737  16.086 7.0000000000
63484  11.997  91.239  15.429 7.0000000000
63485  12.425  91.420  15.867 7.0000000000
63486  12.831  92.112  15.640 7.0000000000
63487  12.855  91.594  16.325 7.0000000000
63488  13.286  91.759  16.800 7.0000000000
63489  12.869  91.053  16.998 7.0000000000
63490  12.454  89.201  18.465 7.0000000000
63491  12.877  89.906  18.310 7.0000000000
63492  12.877  89.301  18.950 7.0000000000
63493  13.305  89.395  19.449 7.0000000000
63494  12.876  88.677  19.577 7.0000000000
63498  7.524  91.490  8.771 6.0000000000
63499  7.331  91.762  8.143 6.0000000000
63500  7.839  92.132  8.271 6.0000000000
63501  8.162  92.776  7.766 6.0000000000
63502  8.346  92.498  8.421 6.0000000000
63503  8.216  90.377  11.187 6.0000000000
63504  8.056  90.658  10.598 6.0000000000
63505  8.528  90.996  10.765 6.0000000000
63506  9.662  92.597  10.123 7.0000000000
63507  9.177  92.264  9.902 7.0000000000
63508  9.511  92.910  9.462 7.0000000000
63509  9.351  93.213  8.793 7.0000000000
63510  9.851  93.561  9.018 7.0000000000
63511  10.197  94.217  8.571 7.0000000000
63512  10.348  93.902  9.269 7.0000000000
63513  11.464  94.204  10.577 7.0000000000
63514  11.338  94.561  9.855 7.0000000000
63515  11.831  94.880  10.192 7.0000000000
63516  12.205  95.561  9.800 7.0000000000
65520  21.912  96.675  19.653 6.0000000000
65521  22.398  97.054  19.237 6.0000000000
65522  22.401  96.428  20.145 6.0000000000
65576  2.782  98.329  -12.100 6.0000000000
65580  2.974  98.761  -13.537 6.0000000000
65581  3.421  99.171  -14.256 6.0000000000
65582  3.671  99.160  -13.540 7.0000000000
65583  5.338  99.868  -12.839 7.0000000000
65584  5.099  99.906  -13.551 7.0000000000
65585  5.823  100.262  -13.556 7.0000000000
65586  6.317  100.652  -14.269 7.0000000000
65587  6.549  100.616  -13.555 7.0000000000
65588  13.082  102.272  -2.833 7.0000000000
65589  12.931  102.378  -3.671 7.0000000000
65590  13.558  102.814  -3.415 7.0000000000
65591  15.138  104.262  -4.294 7.0000000000
65592  14.522  103.854  -4.582 7.0000000000
65593  15.006  104.344  -5.164 7.0000000000
65594  14.870  104.412  -6.026 7.0000000000
65595  15.489  104.812  -5.746 6.0000000000
65596  17.460  105.619  -3.022 6.0000000000
65597  16.899  105.333  -3.355 6.0000000000
65598  17.358  105.748  -3.930 6.0000000000
65599  17.613  106.324  -6.307 6.0000000000
65600  17.148  105.946  -5.727 6.0000000000
65601  17.040  106.015  -6.613 6.0000000000
65602  16.452  105.673  -6.909 6.0000000000
65603  16.933  106.063  -7.491 6.0000000000
65604  16.827  106.089  -8.364 6.0000000000
65605  17.412  106.424  -8.076 6.0000000000
65606  18.912  107.303  -8.963 6.0000000000
65607  18.364  107.053  -9.260 6.0000000000
65608  18.836  107.316  -9.862 6.0000000000
65609  18.762  107.306  -10.762 6.0000000000
70897  19.171  104.662  3.255 7.0000000000
70898  19.704  104.714  3.654 7.0000000000
70899  19.276  104.357  4.202 7.0000000000
70900  19.064  103.262  6.629 7.0000000000
70901  19.491  103.671  6.102 7.0000000000
70902  19.602  103.287  7.051 7.0000000000
70903  20.140  103.267  7.477 7.0000000000
70904  19.711  102.878  8.000 7.0000000000
70905  17.303  101.297  8.593 7.0000000000
70906  17.755  101.837  8.127 7.0000000000
70907  17.849  101.428  9.038 7.0000000000
70908  19.016  101.107  10.866 7.0000000000
70909  18.932  101.562  9.937 7.0000000000
70910  19.471  101.567  10.390 7.0000000000
70911  19.917  101.997  9.897 7.0000000000
70912  20.009  101.531  10.845 7.0000000000
70913  20.547  101.455  11.301 7.0000000000
70914  20.091  101.051  11.790 7.0000000000
70915  19.748  99.600  14.109 7.0000000000
70916  20.224  100.047  13.663 7.0000000000
70917  20.277  99.520  14.587 7.0000000000
70918  20.802  99.403  15.063 7.0000000000
70919  20.322  98.976  15.501 7.0000000000
70920  13.799  96.071  11.793 7.0000000000
70921  14.205  96.770  11.435 7.0000000000
70922  14.292  96.337  12.244 7.0000000000
70923  15.347  96.324  14.011 7.0000000000
70924  15.286  96.809  13.190 7.0000000000
70925  15.789  97.007  13.681 7.0000000000
70926  16.239  97.675  13.332 7.0000000000
70927  16.298  97.176  14.179 7.0000000000
70928  15.491  94.197  17.163 7.0000000000
70929  15.469  94.758  16.396 7.0000000000
70930  15.950  94.892  16.915 7.0000000000
70931  17.396  96.304  16.867 7.0000000000
70932  16.889  96.230  16.352 7.0000000000
70933  17.365  96.867  16.035 7.0000000000
70934  17.325  97.413  15.189 7.0000000000
70935  17.842  97.477  15.694 7.0000000000
70936  18.319  98.057  15.330 7.0000000000
70937  18.359  97.504  16.196 7.0000000000
70938  19.417  96.848  18.052 7.0000000000
70939  19.391  97.443  17.190 7.0000000000
70940  19.904  97.357  17.684 7.0000000000
70941  20.390  97.834  17.296 7.0000000000
70942  20.413  97.236  18.178 6.0000000000
70943  20.918  97.080  18.670 6.0000000000
70944  20.430  96.620  19.050 6.0000000000
70945  19.953  94.840  21.100 6.0000000000
70946  20.447  95.344  20.771 6.0000000000
70947  20.445  94.686  21.620 6.0000000000
70948  20.930  94.503  22.142 6.0000000000
70949  20.435  94.015  22.459 6.0000000000
70950  17.954  92.517  22.158 6.0000000000
70951  18.455  93.147  21.936 6.0000000000
70952  18.445  92.461  22.709 6.0000000000
70953  19.377  91.531  24.588 6.0000000000
70954  19.409  92.249  23.809 6.0000000000
70955  19.880  92.097  24.359 6.0000000000
70956  20.383  92.632  24.105 6.0000000000
70957  20.344  91.918  24.909 6.0000000000
70958  20.801  91.713  25.457 6.0000000000
70959  20.299  91.189  25.699 6.0000000000
70979  6.089  96.987  -2.263 6.0000000000
70980  6.729  97.358  -2.232 6.0000000000
70981  7.147  97.889  -2.891 6.0000000000
70982  7.364  97.734  -2.178 6.0000000000
70983  8.822  98.349  -1.246 7.0000000000
70984  8.621  98.509  -1.991 6.0000000000
70985  9.244  98.910  -1.860 7.0000000000
70986  9.676  99.461  -2.473 7.0000000000
70987  9.863  99.319  -1.704 7.0000000000
70990  7.030  93.185  5.655 6.0000000000
70991  8.261  94.829  4.671 6.0000000000
70992  7.706  94.443  4.533 6.0000000000
70993  8.061  95.071  3.975 6.0000000000
70994  7.857  95.310  3.279 6.0000000000
70995  8.429  95.699  3.417 6.0000000000
70996  10.452  96.380  5.457 7.0000000000
70997  9.909  95.993  5.225 7.0000000000
70998  10.289  96.637  4.717 7.0000000000
70999  10.352  97.765  2.695 7.0000000000
71000  9.952  97.127  3.232 6.0000000000
71001  9.778  97.359  2.487 6.0000000000
71002  9.199  96.956  2.301 6.0000000000
71003  9.598  97.581  1.741 6.0000000000
71004  9.412  97.792  0.994 6.0000000000
71005  10.003  98.202  1.177 7.0000000000
71006  11.432  99.840  0.269 7.0000000000
71007  10.835  99.416  0.043 7.0000000000
71008  11.265  100.006  -0.527 7.0000000000
71009  11.094  100.157  -1.323 7.0000000000
71010  11.705  100.585  -1.100 7.0000000000
71011  12.155  101.156  -1.675 7.0000000000
71012  12.312  101.019  -0.857 7.0000000000
71013  13.653  101.727  0.530 7.0000000000
71014  13.514  101.888  -0.312 7.0000000000
71015  14.110  102.312  -0.011 7.0000000000
71016  14.573  102.876  -0.556 7.0000000000
71017  14.701  102.717  0.306 7.0000000000
71018  14.189  100.857  3.908 7.0000000000
71019  14.059  101.106  3.060 7.0000000000
71020  14.633  101.491  3.409 7.0000000000
71021  16.104  103.001  2.762 7.0000000000
71022  15.532  102.683  2.391 7.0000000000
71023  15.985  103.233  1.872 7.0000000000
71024  15.865  103.443  0.986 7.0000000000
71025  16.435  103.752  1.345 7.0000000000
71026  16.882  104.237  0.809 7.0000000000
71027  16.996  104.020  1.713 7.0000000000
71028  18.204  104.157  3.401 7.0000000000
71029  18.096  104.428  2.472 7.0000000000
71030  18.636  104.567  2.861 7.0000000000
71031  19.066  104.944  2.313 7.0000000000
77040  20.770  104.683  4.465 7.0000000000
77041  21.196  104.950  3.904 6.0000000000
77042  21.307  104.599  4.874 7.0000000000
77043  22.499  103.871  6.674 7.0000000000
77044  22.383  104.285  5.695 6.0000000000
77048  22.941  102.021  10.601 7.0000000000
77049  22.837  102.507  9.618 7.0000000000
77246  4.670  97.797  -6.406 6.0000000000
77247  4.007  97.430  -6.393 6.0000000000
77248  4.434  97.898  -7.112 7.0000000000
77249  4.198  97.990  -7.821 7.0000000000
77250  4.870  98.354  -7.833 7.0000000000
77251  7.363  99.261  -6.373 7.0000000000
77252  6.688  98.889  -6.403 7.0000000000
77253  7.139  99.356  -7.095 7.0000000000
77254  7.162  99.958  -9.246 7.0000000000
77255  6.691  99.521  -8.543 7.0000000000
77256  6.470  99.592  -9.266 7.0000000000
77257  5.779  99.232  -9.271 7.0000000000
77258  6.249  99.657  -9.986 7.0000000000
77259  6.027  99.717  -10.703 7.0000000000
77260  6.729  100.075  -10.695 7.0000000000
77261  8.424  101.282  -12.051 7.0000000000
77262  7.712  100.902  -12.095 7.0000000000
77263  8.217  101.312  -12.787 7.0000000000
77264  8.005  101.341  -13.518 7.0000000000
77265  8.733  101.719  -13.475 7.0000000000
77266  12.619  102.562  -5.331 7.0000000000
77267  11.975  102.125  -5.539 7.0000000000
77268  12.458  102.639  -6.148 7.0000000000
77269  12.621  103.243  -8.376 7.0000000000
77270  12.125  102.766  -7.759 7.0000000000
77271  11.953  102.816  -8.555 7.0000000000
77272  11.280  102.388  -8.714 7.0000000000
77273  11.779  102.856  -9.345 7.0000000000
77274  14.702  104.945  -10.835 6.0000000000
77275  14.168  104.555  -10.219 7.0000000000
77276  14.030  104.552  -11.045 7.0000000000
77277  12.498  103.739  -12.202 7.0000000000
77278  12.654  103.745  -11.405 7.0000000000
77279  11.957  103.331  -11.557 7.0000000000
77280  11.430  102.904  -10.912 7.0000000000
77281  11.257  102.913  -11.691 7.0000000000
77282  10.552  102.494  -11.807 7.0000000000
77283  11.083  102.915  -12.467 7.0000000000
77284  11.270  103.301  -14.678 7.0000000000
77285  10.723  102.910  -14.008 7.0000000000
77286  10.533  102.909  -14.769 7.0000000000
77287  9.793  102.520  -14.844 7.0000000000
77288  10.334  102.911  -15.525 7.0000000000
77289  10.127  102.917  -16.274 7.0000000000
77290  10.881  103.294  -16.203 7.0000000000
82453  10.299  85.851  19.141 6.0000000000
82454  10.327  86.453  18.586 6.0000000000
82455  10.741  86.494  19.015 6.0000000000
82456  11.176  87.152  18.886 6.0000000000
82457  11.158  86.537  19.460 6.0000000000
82458  11.981  85.963  20.976 6.0000000000
82459  12.002  86.622  20.396 6.0000000000
82460  12.427  86.663  20.887 6.0000000000
82461  12.866  87.375  20.797 7.0000000000
82462  12.853  86.701  21.392 7.0000000000
82479  11.863  83.912  22.709 6.0000000000
82481  13.635  85.345  23.661 6.0000000000
82482  13.216  85.334  23.108 6.0000000000
82483  13.678  86.061  23.055 6.0000000000
82484  13.708  86.766  22.449 7.0000000000
82485  14.137  86.794  23.003 7.0000000000
82486  14.596  87.532  22.950 7.0000000000
82487  14.567  86.816  23.577 7.0000000000
82488  15.372  86.082  25.419 6.0000000000
82489  15.430  86.830  24.778 7.0000000000
82490  15.862  86.817  25.396 6.0000000000
82491  16.357  87.544  25.359 6.0000000000
82492  16.296  86.790  26.018 6.0000000000
92183  9.186  89.096  14.193 6.0000000000
92589  21.828  105.987  0.822 6.0000000000
92590  21.934  105.692  1.791 6.0000000000
92591  22.042  105.375  2.763 6.0000000000
92606  18.855  105.448  0.446 6.0000000000
92607  18.751  105.671  -0.482 6.0000000000
92608  19.289  105.788  -0.115 6.0000000000
92609  19.723  106.097  -0.682 6.0000000000
92610  20.156  106.374  -1.256 6.0000000000
92611  20.586  106.615  -1.837 6.0000000000
92612  20.682  106.383  -0.889 6.0000000000
92613  21.205  106.346  -0.517 6.0000000000
93667  14.758  99.325  8.155 7.0000000000
93668  15.299  99.627  8.581 7.0000000000
93669  14.857  98.956  8.997 7.0000000000
93670  14.953  98.566  9.839 7.0000000000
93671  15.046  98.155  10.682 7.0000000000
93672  14.170  90.846  19.167 7.0000000000
93673  14.611  91.573  19.010 7.0000000000
93674  14.616  90.940  19.697 7.0000000000
93675  15.070  91.019  20.241 7.0000000000
93676  15.532  91.081  20.797 7.0000000000
93677  16.003  91.128  21.364 7.0000000000
93678  15.534  90.402  21.485 7.0000000000
93679  15.532  89.710  22.160 7.0000000000
93680  15.524  89.007  22.825 7.0000000000
93686  11.947  96.245  8.281 7.0000000000
93687  11.812  96.561  7.520 7.0000000000
93688  12.335  96.921  7.850 7.0000000000
93689  12.734  97.600  7.415 7.0000000000
93690  13.145  98.280  6.975 7.0000000000
93691  13.567  98.961  6.530 7.0000000000
93692  13.682  98.645  7.349 7.0000000000
93693  14.220  98.995  7.743 7.0000000000
94896  21.755  100.152  14.128 7.0000000000
94897  22.220  100.474  13.629 7.0000000000
94898  22.276  99.945  14.586 6.0000000000
94899  22.789  99.703  15.039 6.0000000000
94928  5.835  100.710  -15.698 7.0000000000
94929  5.584  100.729  -16.415 7.0000000000
94930  6.339  101.093  -16.413 7.0000000000
94931  6.854  101.475  -17.126 7.0000000000
94932  7.377  101.856  -17.837 7.0000000000
94933  7.909  102.236  -18.547 6.0000000000
94934  8.150  102.216  -17.821 7.0000000000
94935  8.922  102.577  -17.796 6.0000000000
94936  9.692  102.940  -17.758 6.0000000000
94937  9.301  99.716  -4.001 7.0000000000
94938  9.109  99.830  -4.757 7.0000000000
94939  9.753  100.236  -4.633 7.0000000000
94940  10.211  100.752  -5.264 7.0000000000
94941  10.678  101.265  -5.892 7.0000000000
94942  17.627  106.719  -11.324 6.0000000000
94943  17.030  106.380  -11.591 6.0000000000
94944  17.537  106.671  -12.212 6.0000000000
94945  17.443  106.611  -13.097 6.0000000000
94946  17.342  106.542  -13.976 6.0000000000
97987  11.580  93.831  11.293 7.0000000000
97988  12.056  94.119  11.660 7.0000000000
97989  11.684  93.442  12.003 7.0000000000
97990  11.773  93.037  12.705 7.0000000000
97991  11.850  92.615  13.399 7.0000000000
97992  10.787  89.762  15.492 7.0000000000
97993  11.179  90.400  15.255 7.0000000000
97994  11.199  89.915  15.884 7.0000000000
97995  11.614  90.065  16.298 7.0000000000
97996  12.032  90.212  16.733 7.0000000000
97997  12.452  90.354  17.188 7.0000000000
97998  12.036  89.665  17.370 7.0000000000
97999  12.035  89.095  17.996 7.0000000000
98000  12.031  88.505  18.612 7.0000000000
98002  6.515  90.743  8.560 6.0000000000
98003  6.719  90.477  9.162 6.0000000000
98004  7.216  90.849  9.266 6.0000000000
98005  7.710  91.214  9.390 6.0000000000
98006  9.135  91.013  11.568 7.0000000000
98007  8.998  91.323  10.957 7.0000000000
98008  9.466  91.637  11.175 7.0000000000
98009  9.803  92.273  10.776 7.0000000000
98010  10.145  92.919  10.371 7.0000000000
98011  10.491  93.574  9.961 7.0000000000
98012  10.625  93.232  10.648 7.0000000000
98013  11.104  93.535  10.955 7.0000000000
99216  21.910  95.390  21.436 6.0000000000
99217  22.396  95.787  21.049 6.0000000000
99218  22.382  95.134  21.948 6.0000000000
99251  3.021  98.303  -11.383 6.0000000000
99252  3.462  98.725  -12.104 7.0000000000
99253  3.916  99.137  -12.825 7.0000000000
99254  4.157  99.104  -12.111 7.0000000000
99255  4.862  99.468  -12.120 7.0000000000
99256  5.572  99.824  -12.128 7.0000000000
99257  14.313  103.136  -2.280 7.0000000000
99258  14.178  103.245  -3.141 7.0000000000
99259  14.788  103.662  -2.847 7.0000000000
99260  15.264  104.166  -3.418 7.0000000000
99261  15.739  104.648  -3.992 6.0000000000
99262  18.364  106.371  -4.176 6.0000000000
99263  17.814  106.136  -4.508 6.0000000000
99264  18.268  106.494  -5.088 6.0000000000
99265  18.171  106.594  -5.992 6.0000000000
99266  18.075  106.671  -6.888 6.0000000000
99267  17.981  106.724  -7.778 6.0000000000
99268  18.535  106.985  -7.473 6.0000000000
99269  18.992  107.265  -8.063 6.0000000000
99270  19.446  107.509  -8.660 6.0000000000
102442  18.312  103.861  4.336 7.0000000000
102443  18.848  103.967  4.742 7.0000000000
102444  18.419  103.541  5.273 7.0000000000
102445  18.527  103.193  6.209 7.0000000000
102446  18.634  102.820  7.144 7.0000000000
102447  17.475  100.453  10.389 7.0000000000
102448  17.936  101.000  9.947 7.0000000000
102449  18.016  100.554  10.855 7.0000000000
102450  18.554  100.615  11.323 7.0000000000
102451  19.091  100.635  11.792 7.0000000000
102452  19.627  100.616  12.261 7.0000000000
102453  19.158  100.147  12.714 7.0000000000
102454  19.219  99.642  13.629 7.0000000000
102455  19.272  99.120  14.536 7.0000000000
102456  13.954  95.185  13.364 7.0000000000
102457  14.367  95.886  13.046 7.0000000000
102458  14.431  95.417  13.836 7.0000000000
102459  14.912  95.630  14.322 7.0000000000
102460  15.397  95.821  14.819 7.0000000000
102461  16.455  94.406  18.222 7.0000000000
102462  16.439  94.998  17.440 7.0000000000
102463  16.935  95.076  17.967 7.0000000000
102464  17.420  95.722  17.686 7.0000000000
102465  17.906  96.341  17.380 7.0000000000
102466  18.392  96.932  17.049 7.0000000000
102467  18.417  96.342  17.890 7.0000000000
102468  18.928  96.306  18.398 7.0000000000
102469  19.436  96.235  18.904 7.0000000000
102470  19.941  96.129  19.410 6.0000000000
102471  19.448  95.606  19.748 6.0000000000
102472  19.455  94.963  20.582 6.0000000000
102473  19.456  94.307  21.405 6.0000000000
102474  17.926  91.113  23.653 6.0000000000
102475  18.427  91.758  23.471 6.0000000000
102476  18.402  91.039  24.222 6.0000000000
102477  18.873  90.933  24.790 6.0000000000
102478  19.338  90.798  25.355 6.0000000000
102479  19.795  90.636  25.917 6.0000000000
102480  19.291  90.054  26.111 6.0000000000
102481  19.235  89.301  26.852 6.0000000000
102493  7.580  97.566  -1.461 6.0000000000
102495  8.410  97.777  -0.633 6.0000000000
102496  9.022  98.176  -0.500 7.0000000000
102497  7.774  93.311  6.437 6.0000000000
102498  7.571  93.566  5.766 6.0000000000
102499  8.110  93.947  5.901 6.0000000000
102500  8.457  94.582  5.366 6.0000000000
102501  8.814  95.217  4.832 6.0000000000
102502  11.237  97.682  4.461 7.0000000000
102503  10.681  97.284  4.207 7.0000000000
102504  11.083  97.934  3.694 7.0000000000
102505  10.924  98.174  2.926 7.0000000000
102506  10.759  98.402  2.156 7.0000000000
102507  10.590  98.616  1.384 7.0000000000
102508  11.174  99.033  1.612 7.0000000000
102509  11.596  99.656  1.066 7.0000000000
102510  12.026  100.267  0.516 7.0000000000
102511  12.466  100.867  -0.037 7.0000000000
102512  12.616  100.696  0.783 7.0000000000
102513  13.204  101.124  1.069 7.0000000000
102514  13.790  101.543  1.373 7.0000000000
102515  15.325  101.578  4.654 7.0000000000
102516  15.205  101.850  3.777 7.0000000000
102517  15.774  102.177  4.161 7.0000000000
102518  16.222  102.745  3.658 7.0000000000
102519  16.668  103.280  3.145 7.0000000000
102520  17.111  103.780  2.621 7.0000000000
102521  17.224  103.517  3.536 7.0000000000
102522  17.771  103.711  3.933 7.0000000000
106128  20.994  103.940  6.399 7.0000000000
106129  21.421  104.222  5.846 7.0000000000
106130  21.536  103.818  6.818 7.0000000000
106131  22.076  103.649  7.237 7.0000000000
106132  22.614  103.435  7.654 7.0000000000
106250  4.073  96.705  -4.293 6.0000000000
106251  3.831  96.834  -4.980 6.0000000000
106252  4.486  97.202  -4.997 6.0000000000
106253  4.908  97.686  -5.705 6.0000000000
106254  5.340  98.160  -6.415 6.0000000000
106255  8.279  100.202  -7.732 7.0000000000
106256  7.597  99.817  -7.785 7.0000000000
106257  8.065  100.273  -8.471 7.0000000000
106258  7.853  100.335  -9.207 7.0000000000
106259  7.641  100.391  -9.941 7.0000000000
106260  7.430  100.442  -10.671 7.0000000000
106261  8.130  100.822  -10.629 7.0000000000
106262  8.628  101.250  -11.311 7.0000000000
106263  9.135  101.676  -11.988 7.0000000000
106264  13.596  103.571  -6.532 7.0000000000
106265  12.947  103.140  -6.755 7.0000000000
106266  13.441  103.625  -7.359 7.0000000000
106267  13.284  103.668  -8.178 7.0000000000
106268  13.126  103.702  -8.991 7.0000000000
106269  14.440  104.903  -12.503 6.0000000000
106270  13.891  104.539  -11.867 7.0000000000
106271  13.749  104.518  -12.685 7.0000000000
106272  13.048  104.126  -12.849 7.0000000000
106273  12.339  103.727  -12.996 7.0000000000
106274  11.625  103.321  -13.126 7.0000000000
106275  12.175  103.710  -13.786 7.0000000000
106276  12.002  103.693  -14.570 7.0000000000
106277  11.821  103.679  -15.347 7.0000000000
106278  11.632  103.670  -16.117 6.0000000000
109377  10.683  85.244  20.137 6.0000000000
109378  11.135  85.905  20.029 6.0000000000
109379  11.105  85.259  20.594 6.0000000000
109380  11.528  85.275  21.066 6.0000000000
109381  11.952  85.290  21.554 6.0000000000
109395  14.053  85.353  24.234 6.0000000000
109396  14.525  86.090  24.203 7.0000000000
115252  10.147  91.231  12.685 7.0000000000
115253  10.589  91.480  12.989 7.0000000000
115254  10.230  90.856  13.304 7.0000000000
115255  10.296  90.462  13.916 7.0000000000
115256  10.346  90.046  14.523 7.0000000000
115257  9.576  89.276  14.471 7.0000000000
115258  9.974  89.444  14.783 7.0000000000
115259  10.378  89.606  15.124 7.0000000000
115260  10.394  89.141  15.719 7.0000000000
115261  10.397  88.651  16.307 6.0000000000
115262  10.388  88.136  16.887 6.0000000000
115266  7.915  89.770  11.607 6.0000000000
115267  8.364  90.095  11.767 6.0000000000
115269  8.499  89.809  12.334 6.0000000000
115270  8.811  90.403  11.953 6.0000000000
115271  9.258  90.695  12.168 7.0000000000
115272  9.703  90.970  12.411 7.0000000000
116208  21.798  92.672  24.901 6.0000000000
116238  3.063  97.767  -9.232 6.0000000000
116239  3.729  98.147  -9.243 7.0000000000
116240  16.658  104.605  -0.989 7.0000000000
116241  16.547  104.757  -1.886 6.0000000000
116242  17.110  105.051  -1.547 6.0000000000
116243  17.561  105.470  -2.111 6.0000000000
116244  18.011  105.863  -2.682 6.0000000000
116245  18.651  105.876  -1.409 6.0000000000
116246  18.554  106.062  -2.334 6.0000000000
116247  18.459  106.227  -3.257 6.0000000000
116248  18.904  106.560  -3.836 6.0000000000
116249  19.346  106.860  -4.417 6.0000000000
116250  19.783  107.126  -5.002 6.0000000000
116251  20.216  107.356  -5.590 6.0000000000
116252  20.306  107.202  -4.660 6.0000000000
116253  20.823  107.226  -4.314 6.0000000000
116255  21.011  106.821  -2.424 6.0000000000
118717  16.557  101.843  6.361 7.0000000000
118718  17.108  102.055  6.786 7.0000000000
118719  16.658  101.494  7.259 7.0000000000
118720  16.755  101.121  8.151 7.0000000000
118721  16.846  100.726  9.040 7.0000000000
118722  15.842  99.895  9.021 7.0000000000
118723  16.387  100.123  9.470 7.0000000000
118724  16.931  100.310  9.927 7.0000000000
118725  17.012  99.873  10.813 7.0000000000
118726  17.087  99.418  11.698 7.0000000000
118727  17.157  98.944  12.582 7.0000000000
118728  14.130  93.184  16.370 7.0000000000
118729  14.559  93.895  16.135 7.0000000000
118730  14.582  93.347  16.874 7.0000000000
118731  15.040  93.491  17.390 7.0000000000
118732  15.506  93.615  17.916 7.0000000000
118733  15.059  92.296  18.841 7.0000000000
118734  15.516  93.012  18.656 7.0000000000
118735  15.981  93.717  18.451 7.0000000000
118736  16.466  93.794  18.991 7.0000000000
118737  16.959  93.844  19.533 7.0000000000
118738  17.457  93.866  20.075 7.0000000000
118739  17.958  93.857  20.614 7.0000000000
118740  17.461  93.212  20.847 7.0000000000
118741  17.461  92.542  21.605 7.0000000000
118742  17.456  91.856  22.349 7.0000000000
118743  16.480  91.158  21.936 7.0000000000
118744  16.962  91.169  22.509 7.0000000000
118745  17.445  91.155  23.082 6.0000000000
118746  17.426  90.439  23.804 6.0000000000
118747  17.398  89.708  24.517 6.0000000000
118748  17.360  88.965  25.219 6.0000000000
118759  7.438  95.779  1.889 6.0000000000
118760  9.879  94.809  7.159 7.0000000000
118761  9.712  95.086  6.448 7.0000000000
118762  10.240  95.460  6.678 7.0000000000
118763  10.611  96.111  6.196 7.0000000000
118764  10.993  96.764  5.713 7.0000000000
118765  11.674  96.861  6.757 7.0000000000
118766  11.533  97.147  5.993 7.0000000000
118767  11.387  97.420  5.227 7.0000000000
118768  11.791  98.080  4.738 7.0000000000
118769  12.204  98.742  4.244 7.0000000000
118770  12.625  99.402  3.745 7.0000000000
118771  13.051  100.058  3.241 7.0000000000
118772  13.188  99.807  4.062 7.0000000000
118773  13.752  100.205  4.400 7.0000000000
118774  14.315  100.588  4.759 7.0000000000
118775  13.997  99.637  6.075 7.0000000000
118776  14.435  100.302  5.611 7.0000000000
118777  14.878  100.951  5.137 7.0000000000
118778  15.441  101.286  5.533 7.0000000000
118779  16.001  101.585  5.942 7.0000000000
121584  21.437  102.167  10.275 7.0000000000
121585  21.872  102.473  9.740 7.0000000000
121586  21.975  101.991  10.716 7.0000000000
121587  22.509  101.775  11.153 7.0000000000
121588  23.036  101.524  11.586 7.0000000000
121589  22.676  100.762  13.109 6.0000000000
121663  5.326  100.742  -17.134 7.0000000000
121664  5.063  100.745  -17.853 7.0000000000
121673  8.448  102.612  -19.258 6.0000000000
121679  6.704  98.170  -4.302 6.0000000000
121680  6.476  98.296  -5.004 6.0000000000
121681  7.141  98.668  -4.977 6.0000000000
121682  7.585  99.158  -5.651 6.0000000000
121683  8.036  99.643  -6.323 7.0000000000
121684  8.910  99.936  -5.507 7.0000000000
121685  8.704  100.033  -6.252 7.0000000000
121686  8.493  100.122  -6.993 7.0000000000
121687  8.959  100.598  -7.658 7.0000000000
121688  9.434  101.070  -8.318 7.0000000000
121689  9.918  101.540  -8.972 7.0000000000
121690  15.602  105.347  -8.906 6.0000000000
121691  14.962  104.952  -9.156 6.0000000000
121692  15.480  105.346  -9.757 6.0000000000
121693  15.359  105.334  -10.607 6.0000000000
121694  15.238  105.312  -11.456 6.0000000000
121695  16.412  106.023  -11.844 6.0000000000
121696  15.773  105.655  -12.082 6.0000000000
121697  15.115  105.281  -12.302 6.0000000000
121698  14.988  105.244  -13.143 6.0000000000
121699  14.852  105.203  -13.975 6.0000000000
128782  13.094  96.572  9.785 7.0000000000
128783  13.601  96.886  10.192 7.0000000000
128784  13.204  96.190  10.574 7.0000000000
128785  13.307  95.790  11.359 7.0000000000
128786  13.399  95.371  12.138 7.0000000000
128787  12.530  94.400  12.053 7.0000000000
128788  13.005  94.673  12.471 7.0000000000
128789  13.479  94.936  12.908 7.0000000000
128790  13.547  94.482  13.668 7.0000000000
128791  13.603  94.010  14.416 7.0000000000
128792  13.648  93.518  15.153 7.0000000000
128793  11.031  91.719  13.325 7.0000000000
128794  11.472  91.951  13.691 7.0000000000
128795  11.913  92.176  14.084 7.0000000000
128796  11.570  91.052  15.012 7.0000000000
128797  11.962  91.718  14.761 7.0000000000
128798  12.354  92.396  14.502 7.0000000000
128799  12.795  92.609  14.943 7.0000000000
128800  13.238  92.812  15.402 7.0000000000
128801  13.682  93.005  15.879 7.0000000000
128802  13.706  92.471  16.591 7.0000000000
128803  13.721  91.914  17.290 7.0000000000
128804  13.729  91.337  17.976 7.0000000000
128805  12.875  90.490  17.660 7.0000000000
128806  13.302  90.619  18.148 7.0000000000
128807  13.733  90.738  18.650 7.0000000000
128808  13.736  90.119  19.313 7.0000000000
128809  13.738  89.480  19.963 7.0000000000
128810  13.739  88.823  20.600 7.0000000000
128815  6.923  92.293  6.864 6.0000000000
128816  6.820  91.387  8.037 6.0000000000
128817  7.130  92.030  7.507 6.0000000000
128818  7.448  92.671  6.973 6.0000000000
128819  7.971  93.047  7.104 6.0000000000
128820  8.492  93.421  7.258 6.0000000000
128821  9.011  93.791  7.436 6.0000000000
128822  7.583  90.308  10.456 6.0000000000
128823  7.887  90.937  9.999 6.0000000000
128824  8.201  91.572  9.537 6.0000000000
128825  8.849  91.626  10.337 6.0000000000
128826  8.690  91.923  9.707 6.0000000000
128827  8.522  92.213  9.069 6.0000000000
128828  8.850  92.859  8.595 7.0000000000
128829  9.185  93.507  8.118 7.0000000000
128830  9.528  94.158  7.639 7.0000000000
128831  10.041  94.520  7.867 7.0000000000
128832  10.552  94.876  8.121 7.0000000000
128833  11.061  95.226  8.402 7.0000000000
128834  10.843  94.235  9.548 7.0000000000
128835  11.203  94.901  9.130 7.0000000000
128836  11.570  95.572  8.708 7.0000000000
128837  12.078  95.912  9.041 7.0000000000
128838  12.586  96.246  9.401 7.0000000000
131376  21.890  97.901  17.847 6.0000000000
131377  22.374  98.260  17.402 6.0000000000
131378  22.390  97.665  18.324 6.0000000000
131379  22.883  97.397  18.798 6.0000000000
131453  3.168  99.173  -14.972 6.0000000000
131454  3.881  99.573  -14.975 7.0000000000
131455  4.607  99.956  -14.978 7.0000000000
131456  4.381  99.540  -13.545 7.0000000000
131457  4.856  99.935  -14.264 7.0000000000
131458  5.340  100.324  -14.981 7.0000000000
131459  6.079  100.684  -14.983 7.0000000000
131460  6.820  101.040  -14.980 7.0000000000
131461  7.563  101.398  -14.967 7.0000000000
131462  11.831  101.397  -3.308 7.0000000000
131463  11.666  101.504  -4.120 7.0000000000
131464  12.300  101.940  -3.905 7.0000000000
131465  12.776  102.475  -4.504 7.0000000000
131466  13.260  102.998  -5.102 7.0000000000
131467  14.039  103.343  -3.998 7.0000000000
131468  13.895  103.430  -4.851 7.0000000000
131469  13.748  103.507  -5.697 7.0000000000
131470  14.238  103.997  -6.289 7.0000000000
131471  14.731  104.466  -6.878 7.0000000000
131472  15.226  104.912  -7.465 6.0000000000
131473  16.437  104.891  -2.783 6.0000000000
131474  16.326  105.007  -3.679 6.0000000000
131475  16.211  105.107  -4.569 6.0000000000
131476  17.254  105.857  -4.832 6.0000000000
131477  16.681  105.540  -5.148 6.0000000000
131478  16.093  105.189  -5.453 6.0000000000
131479  15.971  105.255  -6.328 6.0000000000
131480  15.848  105.303  -7.194 6.0000000000
131481  15.724  105.333  -8.052 6.0000000000
131482  16.224  105.728  -8.641 6.0000000000
131483  16.723  106.096  -9.233 6.0000000000
131484  17.220  106.438  -9.832 6.0000000000
131485  17.890  106.754  -8.665 6.0000000000
131486  17.801  106.762  -9.550 6.0000000000
131487  17.714  106.750  -10.436 6.0000000000
131488  18.204  107.030  -11.047 6.0000000000
138172  20.028  105.329  2.148 6.0000000000
138173  20.558  105.325  2.540 6.0000000000
138174  20.131  105.036  3.100 7.0000000000
138175  20.236  104.721  4.058 7.0000000000
138176  20.344  104.382  5.018 7.0000000000
138177  19.382  104.028  5.152 7.0000000000
138178  19.917  104.044  5.565 7.0000000000
138179  20.455  104.015  5.980 7.0000000000
138180  20.568  103.622  6.943 7.0000000000
138181  20.681  103.203  7.905 7.0000000000
138182  20.791  102.761  8.868 7.0000000000
138183  17.655  102.223  7.214 7.0000000000
138184  18.198  102.344  7.644 7.0000000000
138185  18.739  102.421  8.076 7.0000000000
138186  18.392  101.516  9.486 7.0000000000
138187  18.839  102.001  9.007 7.0000000000
138188  19.279  102.455  8.511 7.0000000000
138189  19.818  102.446  8.948 7.0000000000
138190  20.357  102.395  9.389 7.0000000000
138191  20.897  102.302  9.832 7.0000000000
138192  20.996  101.827  10.796 7.0000000000
138193  21.085  101.338  11.758 7.0000000000
138194  21.162  100.837  12.715 7.0000000000
138195  20.162  100.557  12.730 7.0000000000
138196  20.696  100.459  13.199 7.0000000000
138197  21.227  100.324  13.665 7.0000000000
138198  21.281  99.795  14.606 7.0000000000
138199  21.324  99.250  15.537 6.0000000000
138200  21.359  98.687  16.457 6.0000000000
138201  14.110  97.185  10.620 7.0000000000
138202  14.621  97.466  11.064 7.0000000000
138203  15.134  97.725  11.523 7.0000000000
138204  14.787  96.584  12.711 7.0000000000
138205  15.215  97.276  12.360 7.0000000000
138206  15.652  97.957  11.994 7.0000000000
138207  16.172  98.157  12.476 7.0000000000
138208  16.696  98.323  12.966 7.0000000000
138209  17.221  98.451  13.460 7.0000000000
138210  14.995  94.601  15.884 7.0000000000
138211  15.438  95.299  15.615 7.0000000000
138212  15.889  95.986  15.325 7.0000000000
138213  16.416  95.570  16.645 7.0000000000
138214  16.386  96.123  15.837 7.0000000000
138215  16.346  96.658  15.015 7.0000000000
138216  16.810  97.312  14.683 7.0000000000
138217  17.277  97.941  14.330 7.0000000000
138218  17.747  98.542  13.957 7.0000000000
138219  18.272  98.593  14.452 7.0000000000
138220  18.796  98.605  14.944 7.0000000000
138221  19.319  98.579  15.432 7.0000000000
138222  18.876  97.492  16.694 7.0000000000
138223  19.358  98.020  16.317 7.0000000000
138224  19.840  98.515  15.919 7.0000000000
138225  20.359  98.414  16.404 7.0000000000
138226  20.875  98.278  16.887 6.0000000000
138227  21.385  98.106  17.368 6.0000000000
138228  21.405  97.508  18.269 6.0000000000
138229  21.418  96.893  19.162 6.0000000000
138230  21.426  96.263  20.047 6.0000000000
138231  20.441  95.989  19.915 6.0000000000
138232  20.938  95.819  20.420 6.0000000000
138233  21.427  95.619  20.927 6.0000000000
138234  21.422  94.962  21.801 6.0000000000
138235  21.406  94.292  22.667 6.0000000000
138236  21.380  93.611  23.522 6.0000000000
138237  18.459  93.816  21.150 6.0000000000
138238  18.957  93.743  21.685 6.0000000000
138239  19.449  93.637  22.218 6.0000000000
138240  18.930  92.371  23.259 6.0000000000
138241  19.434  92.951  23.019 6.0000000000
138242  19.935  93.499  22.752 6.0000000000
138243  20.414  93.331  23.288 6.0000000000
138244  20.883  93.136  23.826 6.0000000000
138245  21.344  92.916  24.364 6.0000000000
138246  21.301  92.208  25.192 6.0000000000
138247  21.252  91.485  26.003 6.0000000000
138249  20.247  90.449  26.476 6.0000000000
138264  4.966  96.931  -3.627 6.0000000000
138265  5.620  97.296  -3.633 6.0000000000
138273  5.855  97.146  -2.948 6.0000000000
138274  6.274  97.663  -3.625 6.0000000000
138275  6.927  98.034  -3.598 6.0000000000
138276  7.576  98.412  -3.548 6.0000000000
138277  8.219  98.797  -3.471 6.0000000000
138278  7.995  98.117  -2.098 6.0000000000
138279  8.421  98.658  -2.734 6.0000000000
138280  8.857  99.191  -3.368 7.0000000000
138281  9.489  99.593  -3.240 7.0000000000
138282  10.119  100.004  -3.087 7.0000000000
138283  10.746  100.423  -2.911 7.0000000000
138287  7.362  93.815  5.093 6.0000000000
138288  7.147  94.060  4.420 6.0000000000
138289  6.925  94.305  3.746 6.0000000000
138290  7.281  94.926  3.165 6.0000000000
138291  7.649  95.546  2.583 6.0000000000
138292  8.030  96.164  2.002 6.0000000000
138293  9.540  95.351  5.733 6.0000000000
138294  9.363  95.605  5.017 6.0000000000
138295  9.182  95.852  4.299 6.0000000000
138296  10.123  96.886  3.975 7.0000000000
138297  9.562  96.489  3.766 6.0000000000
138298  8.998  96.092  3.580 6.0000000000
138299  8.809  96.328  2.860 6.0000000000
138300  8.617  96.557  2.140 6.0000000000
138301  8.419  96.779  1.419 6.0000000000
138302  8.816  97.388  0.834 6.0000000000
138303  9.219  97.991  0.247 6.0000000000
138304  9.630  98.583  -0.342 7.0000000000
138305  10.415  98.814  0.611 7.0000000000
138306  10.234  98.997  -0.161 7.0000000000
138307  10.050  99.165  -0.933 7.0000000000
138308  10.480  99.735  -1.525 7.0000000000
138309  10.921  100.295  -2.118 7.0000000000
138310  11.371  100.849  -2.712 7.0000000000
138311  11.994  101.281  -2.492 7.0000000000
138312  12.614  101.718  -2.253 7.0000000000
138313  13.230  102.156  -1.994 7.0000000000
138314  12.915  101.454  -0.594 7.0000000000
138315  13.374  102.030  -1.153 7.0000000000
138316  13.840  102.591  -1.715 7.0000000000
138317  14.444  103.014  -1.418 7.0000000000
138318  15.040  103.417  -1.105 7.0000000000
138319  15.627  103.792  -0.777 7.0000000000
138320  13.485  100.704  2.731 7.0000000000
138321  13.925  101.336  2.215 7.0000000000
138322  14.373  101.948  1.695 7.0000000000
138323  15.081  102.101  2.903 7.0000000000
138324  14.955  102.330  2.035 7.0000000000
138325  14.828  102.536  1.170 7.0000000000
138326  15.286  103.097  0.639 7.0000000000
138327  15.746  103.629  0.104 7.0000000000
138328  16.203  104.131  -0.439 7.0000000000
138329  16.769  104.432  -0.091 7.0000000000
138330  17.326  104.690  0.265 7.0000000000
138331  17.876  104.906  0.630 7.0000000000
138332  17.549  104.246  2.089 7.0000000000
138333  17.986  104.678  1.548 7.0000000000
138334  18.420  105.078  1.001 7.0000000000
138335  18.960  105.206  1.377 7.0000000000
138336  19.496  105.289  1.760 6.0000000000
145665  21.089  105.276  2.937 6.0000000000
145666  21.621  105.180  3.337 6.0000000000
145667  22.154  105.037  3.739 6.0000000000
145668  21.845  104.466  5.285 6.0000000000
145669  22.267  104.673  4.716 6.0000000000
145674  22.303  102.745  9.193 7.0000000000
145675  22.727  102.979  8.635 7.0000000000
145676  23.145  103.178  8.067 6.0000000000
145692  22.854  98.582  16.935 6.0000000000
145913  3.591  96.950  -5.676 6.0000000000
145915  3.116  97.151  -7.085 6.0000000000
145916  3.534  97.618  -7.808 7.0000000000
145917  3.963  98.073  -8.532 7.0000000000
145918  4.405  98.515  -9.256 7.0000000000
145919  6.246  98.414  -5.708 6.0000000000
145920  6.013  98.523  -6.415 6.0000000000
145921  5.780  98.623  -7.126 7.0000000000
145922  6.914  99.443  -7.819 7.0000000000
145923  6.231  99.076  -7.836 7.0000000000
145924  5.549  98.715  -7.839 7.0000000000
145925  5.319  98.799  -8.553 7.0000000000
145926  5.090  98.875  -9.266 7.0000000000
145927  4.860  98.944  -9.978 7.0000000000
145928  5.326  99.363  -10.699 7.0000000000
145929  5.802  99.773  -11.417 7.0000000000
145930  6.285  100.176  -12.130 7.0000000000
145931  7.216  100.489  -11.398 7.0000000000
145932  6.999  100.534  -12.120 7.0000000000
145933  6.777  100.576  -12.839 7.0000000000
145934  7.277  100.974  -13.544 7.0000000000
145935  7.787  101.370  -14.245 7.0000000000
145936  8.307  101.764  -14.942 7.0000000000
145937  11.498  101.603  -4.927 7.0000000000
145938  11.328  101.692  -5.726 7.0000000000
145939  11.154  101.773  -6.518 7.0000000000
145940  12.293  102.707  -6.958 7.0000000000
145941  11.636  102.275  -7.140 7.0000000000
145942  10.974  101.845  -7.302 7.0000000000
145943  10.790  101.908  -8.080 7.0000000000
145944  10.601  101.961  -8.853 7.0000000000
145945  10.412  102.004  -9.621 7.0000000000
145946  14.308  104.549  -9.390 7.0000000000
145947  13.642  104.140  -9.605 7.0000000000
145948  12.968  103.727  -9.800 7.0000000000
145949  13.346  104.152  -11.234 7.0000000000
145950  12.811  103.741  -10.604 7.0000000000
145951  12.288  103.309  -9.975 7.0000000000
145952  11.604  102.885  -10.130 7.0000000000
145953  10.915  102.460  -10.267 7.0000000000
145954  10.222  102.037  -10.386 7.0000000000
145955  10.034  102.062  -11.148 7.0000000000
145956  9.845  102.080  -11.906 7.0000000000
145957  9.654  102.096  -12.662 7.0000000000
145958  10.906  102.913  -13.239 7.0000000000
145959  10.184  102.508  -13.335 7.0000000000
145960  9.459  102.109  -13.414 7.0000000000
145961  9.259  102.123  -14.161 7.0000000000
145962  9.051  102.138  -14.901 7.0000000000
145963  8.836  102.155  -15.636 7.0000000000
145964  9.371  102.543  -16.328 7.0000000000
145965  9.913  102.927  -17.018 7.0000000000
152180  9.975  87.524  17.064 6.0000000000
152181  10.373  87.597  17.461 6.0000000000
152189  10.352  87.036  18.026 6.0000000000
152190  10.778  87.672  17.873 6.0000000000
152191  11.190  87.747  18.304 6.0000000000
152192  11.606  87.822  18.752 7.0000000000
152193  12.025  87.896  19.217 7.0000000000
152194  11.579  86.580  19.921 6.0000000000
152195  12.016  87.267  19.811 7.0000000000
152196  12.447  87.967  19.697 7.0000000000
152197  12.873  88.034  20.192 7.0000000000
152198  13.303  88.095  20.701 7.0000000000
152199  13.736  88.149  21.225 7.0000000000
152218  11.444  83.919  22.210 6.0000000000
152219  11.912  84.606  22.131 6.0000000000
152220  12.374  85.306  22.056 6.0000000000
152221  12.751  84.615  23.164 6.0000000000
152222  12.796  85.320  22.574 6.0000000000
152223  12.830  86.016  21.984 6.0000000000
152224  13.280  86.735  21.913 7.0000000000
152225  13.726  87.463  21.840 7.0000000000
152226  14.173  88.196  21.763 7.0000000000
152227  14.614  88.237  22.319 7.0000000000
152228  15.058  88.271  22.892 7.0000000000
152229  15.505  88.293  23.482 7.0000000000
152230  14.998  86.829  24.170 7.0000000000
152231  15.474  87.567  24.132 7.0000000000
152232  15.954  88.301  24.083 7.0000000000
152233  16.405  88.291  24.691 6.0000000000
152234  16.857  88.262  25.301 6.0000000000
152235  17.309  88.212  25.910 6.0000000000
152244  17.760  88.140  26.515 6.0000000000
