#!ascii label  , from subject 40tvs8ref_sym_20 vox2ras=TkReg
1757
83  -33.518  -22.462  -28.142 7.0000000000
133  -28.132  -36.980  -11.975 7.0000000000
290  -30.550  -29.115  -13.984 7.0000000000
439  -39.977  -23.404  -34.544 6.0000000000
549  -34.749  -12.891  -20.306 7.0000000000
558  -31.581  -30.827  -20.466 7.0000000000
559  -30.877  -21.852  -21.509 7.0000000000
970  -36.975  -22.847  -31.426 7.0000000000
1230  -32.795  -36.057  -19.581 6.0000000000
1231  -30.088  -34.125  -16.318 7.0000000000
1232  -33.295  -25.128  -14.008 7.0000000000
1233  -30.874  -25.652  -17.868 7.0000000000
1234  -33.146  -21.390  -17.607 7.0000000000
1235  -32.793  -17.341  -21.108 7.0000000000
1517  -31.603  -17.445  -28.306 7.0000000000
1518  -34.371  -17.241  -31.704 7.0000000000
1673  -27.327  -35.664  -8.631 7.0000000000
1674  -28.686  -32.860  -13.190 7.0000000000
1675  -29.891  -32.254  -9.716 7.0000000000
1984  -38.008  -17.172  -35.076 6.0000000000
2289  -34.012  -8.797  -23.465 7.0000000000
2311  -34.481  -32.334  -23.758 6.0000000000
2312  -32.617  -26.960  -24.462 7.0000000000
2313  -29.781  -29.731  -17.345 7.0000000000
2314  -30.535  -26.194  -21.217 7.0000000000
2315  -31.061  -22.098  -24.856 7.0000000000
2316  -30.797  -17.532  -24.964 6.0000000000
2317  -32.259  -13.054  -24.438 6.0000000000
2888  -34.625  -25.136  -27.942 7.0000000000
2889  -36.375  -25.474  -29.573 7.0000000000
2890  -35.143  -22.654  -29.782 7.0000000000
3150  -30.353  -36.558  -15.809 6.0000000000
3151  -29.146  -35.599  -14.182 7.0000000000
3153  -33.244  -23.283  -15.826 7.0000000000
3154  -34.477  -21.181  -15.590 7.0000000000
3155  -34.306  -19.221  -17.322 7.0000000000
3489  -31.897  -14.938  -29.956 6.0000000000
3749  -27.851  -35.315  -6.912 6.0000000000
3750  -28.440  -33.956  -9.249 7.0000000000
3751  -29.432  -33.686  -7.468 6.0000000000
4346  -39.532  -26.232  -32.741 6.0000000000
4351  -34.761  -14.486  -33.479 6.0000000000
4352  -36.146  -17.195  -33.453 6.0000000000
5132  -32.210  -33.379  -20.028 7.0000000000
5133  -33.697  -34.297  -21.683 6.0000000000
5134  -32.940  -31.550  -22.107 7.0000000000
5135  -33.554  -29.556  -24.138 7.0000000000
5136  -32.126  -28.959  -22.506 7.0000000000
5137  -29.434  -30.986  -13.662 7.0000000000
5138  -29.267  -31.342  -15.317 7.0000000000
5139  -29.811  -29.380  -15.720 7.0000000000
5140  -30.920  -23.817  -19.709 7.0000000000
5141  -30.350  -25.927  -19.582 7.0000000000
5142  -30.487  -24.035  -21.430 7.0000000000
5143  -30.807  -24.226  -23.073 7.0000000000
5144  -30.592  -22.000  -23.222 7.0000000000
5145  -30.697  -19.811  -24.947 7.0000000000
5146  -30.830  -19.754  -23.256 7.0000000000
5147  -33.816  -15.075  -20.688 7.0000000000
5148  -32.535  -15.197  -22.805 6.0000000000
5149  -33.473  -12.954  -22.325 7.0000000000
5150  -33.161  -10.868  -23.926 6.0000000000
5151  -34.377  -10.799  -21.910 7.0000000000
6353  -38.117  -25.807  -31.158 6.0000000000
6354  -38.688  -23.059  -32.986 6.0000000000
6823  -31.746  -37.653  -17.476 6.0000000000
6824  -31.354  -35.043  -17.933 6.0000000000
6825  -30.907  -32.541  -18.403 7.0000000000
6826  -31.909  -27.157  -14.089 7.0000000000
6827  -30.744  -27.414  -15.971 7.0000000000
6828  -31.966  -25.382  -15.992 7.0000000000
6829  -31.956  -23.559  -17.836 7.0000000000
6830  -31.868  -21.659  -19.642 7.0000000000
6831  -31.711  -19.628  -21.412 7.0000000000
6832  -32.997  -19.423  -19.372 7.0000000000
6833  -34.101  -17.192  -19.024 7.0000000000
7379  -32.504  -19.884  -28.255 7.0000000000
7380  -33.949  -19.932  -29.923 7.0000000000
7381  -32.865  -17.339  -29.976 7.0000000000
7382  -33.211  -14.692  -31.677 6.0000000000
7745  -27.450  -36.205  -10.321 7.0000000000
7746  -28.296  -34.840  -12.600 7.0000000000
7747  -28.031  -34.298  -10.961 7.0000000000
7748  -28.978  -32.509  -11.506 7.0000000000
7749  -30.271  -30.727  -11.897 7.0000000000
7750  -31.180  -31.980  -7.822 6.0000000000
7751  -31.521  -30.467  -9.987 7.0000000000
7752  -31.764  -28.857  -12.083 7.0000000000
7753  -33.269  -26.906  -12.124 6.0000000000
8536  -35.654  -19.988  -31.620 7.0000000000
8537  -37.520  -20.065  -33.277 7.0000000000
9493  -34.111  -27.435  -26.083 7.0000000000
9494  -33.078  -24.803  -26.325 7.0000000000
9495  -29.098  -33.392  -14.780 7.0000000000
9496  -29.826  -31.848  -16.868 7.0000000000
9497  -30.456  -30.198  -18.881 7.0000000000
9498  -30.120  -27.692  -17.688 7.0000000000
9499  -30.213  -28.022  -19.303 7.0000000000
9500  -30.956  -28.425  -20.874 7.0000000000
9501  -31.371  -26.524  -22.828 7.0000000000
9502  -31.754  -24.472  -24.690 7.0000000000
9503  -32.127  -22.257  -26.493 7.0000000000
9504  -31.323  -19.832  -26.593 7.0000000000
9505  -30.822  -17.517  -26.657 6.0000000000
9507  -31.548  -17.489  -23.151 6.0000000000
9508  -31.390  -15.282  -24.827 6.0000000000
10568  -34.060  -23.785  -28.048 7.0000000000
10569  -34.881  -23.916  -28.864 7.0000000000
10570  -34.297  -22.557  -28.958 7.0000000000
10825  -27.612  -37.643  -10.837 6.0000000000
10827  -28.068  -38.110  -11.687 6.0000000000
10829  -28.632  -37.444  -12.806 7.0000000000
10830  -29.186  -36.760  -13.904 7.0000000000
10831  -28.644  -36.299  -13.088 7.0000000000
10833  -34.552  -22.147  -14.719 6.0000000000
11430  -28.609  -34.506  -7.214 6.0000000000
11431  -29.179  -34.365  -6.315 6.0000000000
12026  -39.771  -24.833  -33.641 6.0000000000
12027  -40.084  -26.513  -33.565 6.0000000000
12028  -40.277  -25.095  -34.463 6.0000000000
12030  -40.429  -23.645  -35.355 6.0000000000
12032  -35.642  -14.408  -34.375 6.0000000000
12812  -31.903  -32.087  -20.251 7.0000000000
12813  -32.593  -32.487  -21.070 7.0000000000
12814  -32.236  -31.183  -21.287 7.0000000000
12815  -32.536  -30.235  -22.314 7.0000000000
12816  -31.867  -29.911  -21.491 7.0000000000
12817  -29.951  -30.057  -13.846 7.0000000000
12818  -29.632  -30.195  -14.702 7.0000000000
12819  -30.101  -29.241  -14.870 7.0000000000
12820  -30.903  -22.851  -20.616 7.0000000000
12821  -30.610  -23.928  -20.583 7.0000000000
12822  -30.625  -22.947  -21.489 7.0000000000
12823  -30.540  -23.037  -22.335 7.0000000000
12824  -30.637  -21.932  -22.380 7.0000000000
12825  -30.650  -20.879  -23.253 7.0000000000
12826  -30.853  -20.819  -22.389 7.0000000000
12827  -34.282  -13.975  -20.494 7.0000000000
12828  -33.642  -14.012  -21.512 7.0000000000
12829  -34.104  -12.918  -21.308 7.0000000000
12830  -33.929  -11.868  -22.112 7.0000000000
12831  -34.566  -11.839  -21.112 7.0000000000
14426  -36.679  -24.180  -30.499 7.0000000000
14427  -37.273  -25.637  -30.372 6.0000000000
14428  -37.579  -24.307  -31.292 6.0000000000
14429  -38.411  -24.448  -32.070 6.0000000000
14430  -37.871  -22.943  -32.215 6.0000000000
15211  -31.159  -38.392  -16.411 6.0000000000
15212  -30.229  -35.326  -16.058 7.0000000000
15213  -30.873  -35.818  -16.876 6.0000000000
15214  -30.701  -34.567  -17.115 7.0000000000
15215  -31.136  -33.776  -18.166 7.0000000000
15216  -30.515  -33.348  -17.363 7.0000000000
15217  -32.611  -26.145  -14.064 7.0000000000
15218  -31.947  -26.277  -15.050 7.0000000000
15219  -32.618  -25.248  -15.000 7.0000000000
15220  -33.201  -22.342  -16.720 7.0000000000
15221  -32.587  -23.414  -16.835 7.0000000000
15222  -32.551  -22.481  -17.737 7.0000000000
15223  -31.925  -22.624  -18.743 7.0000000000
15224  -32.499  -21.530  -18.634 7.0000000000
15225  -32.426  -20.548  -19.525 7.0000000000
15226  -33.080  -20.422  -18.492 7.0000000000
15227  -34.866  -18.148  -17.163 7.0000000000
15228  -34.211  -18.219  -18.179 7.0000000000
15229  -34.751  -17.135  -18.008 7.0000000000
15230  -34.619  -16.098  -18.842 7.0000000000
16223  -32.033  -18.642  -28.280 7.0000000000
16224  -32.686  -18.631  -29.118 7.0000000000
16225  -32.196  -17.393  -29.132 7.0000000000
16227  -32.522  -14.812  -30.800 6.0000000000
16229  -33.379  -13.345  -32.509 6.0000000000
17005  -26.966  -36.318  -7.433 6.0000000000
17007  -26.915  -36.558  -8.288 6.0000000000
17008  -27.017  -36.860  -9.142 7.0000000000
17009  -27.309  -35.904  -9.482 7.0000000000
17010  -27.699  -35.231  -10.650 7.0000000000
17011  -27.683  -34.990  -9.808 7.0000000000
17012  -29.132  -33.111  -9.507 7.0000000000
17013  -28.717  -33.242  -10.388 7.0000000000
17014  -29.369  -32.379  -10.626 7.0000000000
17015  -29.587  -31.625  -11.726 7.0000000000
17016  -30.093  -31.502  -10.817 7.0000000000
17021  -32.213  -30.339  -9.013 6.0000000000
17022  -32.343  -29.543  -10.067 6.0000000000
17023  -31.655  -29.672  -11.044 7.0000000000
17024  -32.446  -28.725  -11.102 7.0000000000
17025  -32.524  -27.887  -12.116 7.0000000000
17026  -33.221  -27.768  -11.139 6.0000000000
18811  -34.160  -18.599  -30.811 7.0000000000
18812  -34.766  -19.955  -30.766 7.0000000000
18813  -34.997  -18.593  -31.673 7.0000000000
18814  -37.091  -17.183  -34.288 6.0000000000
18815  -36.844  -18.615  -33.383 6.0000000000
18816  -37.773  -18.628  -34.184 6.0000000000
18817  -38.397  -20.110  -34.052 6.0000000000
21157  -33.068  -37.436  -19.362 6.0000000000
21159  -33.583  -36.604  -20.416 6.0000000000
21160  -34.103  -33.339  -22.728 6.0000000000
21161  -34.507  -34.791  -22.522 6.0000000000
21166  -34.837  -31.292  -24.773 6.0000000000
21167  -33.080  -28.241  -24.314 7.0000000000
21168  -33.839  -28.514  -25.125 7.0000000000
21169  -33.341  -27.195  -25.275 7.0000000000
21170  -33.589  -26.106  -26.211 7.0000000000
21171  -32.853  -25.905  -25.402 7.0000000000
21172  -28.451  -33.832  -12.908 7.0000000000
21173  -28.704  -34.128  -13.701 7.0000000000
21174  -28.806  -33.102  -13.997 7.0000000000
21175  -29.532  -30.549  -16.343 7.0000000000
21176  -29.461  -31.575  -16.107 7.0000000000
21177  -29.761  -30.774  -17.123 7.0000000000
21178  -30.156  -31.037  -17.880 7.0000000000
21179  -30.042  -29.948  -18.118 7.0000000000
21180  -30.816  -26.539  -16.929 7.0000000000
21181  -30.346  -27.545  -16.847 7.0000000000
21182  -30.446  -26.675  -17.802 7.0000000000
21183  -30.351  -26.059  -20.407 7.0000000000
21184  -30.228  -26.972  -19.463 7.0000000000
21185  -30.384  -27.123  -20.266 7.0000000000
21186  -30.514  -28.207  -20.087 7.0000000000
21187  -30.707  -27.291  -21.060 7.0000000000
21188  -31.170  -27.490  -21.861 7.0000000000
21189  -30.887  -26.345  -22.020 7.0000000000
21190  -30.934  -23.181  -23.971 7.0000000000
21191  -31.218  -24.334  -23.878 7.0000000000
21192  -31.378  -23.268  -24.779 7.0000000000
21193  -31.940  -23.385  -25.597 7.0000000000
21194  -31.537  -22.165  -25.669 7.0000000000
21195  -31.699  -21.027  -26.549 7.0000000000
21196  -31.190  -20.981  -25.729 7.0000000000
21197  -30.682  -18.668  -24.966 6.0000000000
21198  -30.755  -18.672  -25.802 6.0000000000
21199  -30.708  -17.529  -25.820 6.0000000000
21200  -30.747  -16.377  -26.664 6.0000000000
21201  -30.793  -16.396  -25.807 6.0000000000
21202  -32.243  -18.490  -21.286 7.0000000000
21203  -31.631  -18.571  -22.286 7.0000000000
21204  -32.142  -17.426  -22.154 7.0000000000
21205  -32.393  -14.123  -23.629 6.0000000000
21206  -31.920  -15.255  -23.848 6.0000000000
21207  -31.809  -14.167  -24.662 6.0000000000
21212  -33.596  -9.819  -23.685 7.0000000000
21213  -33.030  -9.852  -24.698 6.0000000000
21214  -33.456  -8.838  -24.443 6.0000000000
21216  -33.857  -7.854  -24.219 6.0000000000
23630  -35.203  -26.521  -27.832 7.0000000000
23631  -36.076  -26.731  -28.647 6.0000000000
23632  -35.479  -25.306  -28.759 7.0000000000
23633  -35.763  -24.050  -29.685 7.0000000000
23634  -36.049  -22.752  -30.611 7.0000000000
24102  -30.458  -37.816  -15.568 6.0000000000
24103  -29.798  -37.269  -14.731 6.0000000000
24104  -29.722  -36.056  -14.987 7.0000000000
24105  -29.631  -34.875  -15.259 7.0000000000
24106  -33.961  -24.115  -13.936 6.0000000000
24107  -33.276  -24.213  -14.923 7.0000000000
24108  -33.919  -23.180  -14.831 7.0000000000
24109  -33.866  -22.231  -15.715 7.0000000000
24110  -33.802  -21.271  -16.592 7.0000000000
24111  -33.732  -20.302  -17.467 7.0000000000
24112  -34.393  -20.206  -16.457 7.0000000000
24710  -31.248  -16.286  -28.325 6.0000000000
24711  -31.746  -16.204  -29.143 6.0000000000
24712  -31.378  -15.058  -29.136 6.0000000000
25181  -27.509  -35.474  -7.774 7.0000000000
25182  -27.834  -34.801  -8.954 7.0000000000
25183  -28.149  -34.647  -8.090 7.0000000000
25184  -28.877  -33.822  -8.369 7.0000000000
25185  -29.671  -32.983  -8.600 6.0000000000
26254  -39.271  -27.604  -31.837 6.0000000000
26256  -39.854  -27.901  -32.662 6.0000000000
26263  -34.574  -15.869  -32.597 6.0000000000
26264  -35.227  -17.211  -32.582 7.0000000000
26265  -35.445  -15.816  -33.487 6.0000000000
26266  -36.373  -15.775  -34.354 6.0000000000
26267  -37.315  -15.736  -35.177 6.0000000000
27670  -32.506  -34.702  -19.803 6.0000000000
27671  -33.262  -35.201  -20.632 6.0000000000
27672  -32.932  -33.826  -20.849 6.0000000000
27673  -33.326  -32.902  -21.895 6.0000000000
27674  -33.687  -31.932  -22.930 6.0000000000
27675  -34.024  -30.920  -23.947 6.0000000000
27676  -33.257  -30.570  -23.131 7.0000000000
27677  -32.812  -29.253  -23.325 7.0000000000
27678  -32.373  -27.976  -23.498 7.0000000000
27679  -29.011  -31.915  -13.442 7.0000000000
27680  -28.985  -32.111  -14.265 7.0000000000
27681  -29.259  -31.147  -14.499 7.0000000000
27682  -29.489  -30.356  -15.534 7.0000000000
27683  -29.702  -29.542  -16.545 7.0000000000
27684  -30.912  -24.748  -18.793 7.0000000000
27685  -30.529  -25.789  -18.739 7.0000000000
27686  -30.583  -24.875  -19.665 7.0000000000
27687  -30.426  -24.996  -20.511 7.0000000000
27688  -30.458  -25.113  -21.340 7.0000000000
27689  -30.675  -25.230  -22.155 7.0000000000
27690  -30.556  -24.132  -22.260 7.0000000000
27691  -30.647  -23.112  -23.161 7.0000000000
27692  -30.738  -22.051  -24.043 7.0000000000
27693  -30.828  -20.952  -24.912 7.0000000000
27694  -30.643  -20.924  -24.090 7.0000000000
27695  -30.664  -19.789  -24.112 7.0000000000
27696  -30.810  -18.656  -24.112 6.0000000000
27697  -33.324  -16.198  -20.898 7.0000000000
27698  -32.672  -16.273  -21.963 7.0000000000
27699  -33.174  -15.130  -21.736 7.0000000000
27700  -33.013  -14.063  -22.562 7.0000000000
27701  -32.858  -13.002  -23.378 6.0000000000
27702  -32.714  -11.949  -24.183 6.0000000000
27703  -33.311  -11.904  -23.133 7.0000000000
27704  -33.757  -10.832  -22.907 7.0000000000
27705  -34.190  -9.781  -22.694 7.0000000000
30181  -36.963  -26.933  -29.451 6.0000000000
30182  -37.814  -27.137  -30.242 6.0000000000
30183  -38.589  -27.356  -31.033 6.0000000000
30184  -38.874  -26.001  -31.942 6.0000000000
30185  -39.145  -24.620  -32.847 6.0000000000
30186  -39.394  -23.211  -33.757 6.0000000000
31280  -32.509  -38.229  -18.309 6.0000000000
31281  -32.292  -36.873  -18.531 6.0000000000
31282  -31.028  -37.095  -16.641 6.0000000000
31283  -31.559  -36.336  -17.703 6.0000000000
31284  -32.050  -35.538  -18.756 6.0000000000
31285  -31.797  -34.229  -18.983 6.0000000000
31286  -31.536  -32.950  -19.212 7.0000000000
31287  -31.262  -31.702  -19.437 7.0000000000
31288  -31.211  -28.150  -14.065 7.0000000000
31289  -30.656  -28.274  -14.990 7.0000000000
31290  -31.282  -27.288  -15.051 7.0000000000
31291  -31.333  -26.409  -16.012 7.0000000000
31292  -31.367  -25.518  -16.954 7.0000000000
31293  -32.609  -24.336  -15.923 7.0000000000
31294  -31.969  -24.476  -16.920 7.0000000000
31295  -31.386  -24.616  -17.881 7.0000000000
31296  -31.385  -23.696  -18.798 7.0000000000
31297  -31.355  -22.748  -19.705 7.0000000000
31298  -31.302  -21.763  -20.600 7.0000000000
31299  -31.244  -20.747  -21.484 7.0000000000
31300  -31.791  -20.658  -20.530 7.0000000000
31301  -32.337  -19.532  -20.409 7.0000000000
31302  -32.900  -18.393  -20.244 7.0000000000
31303  -33.653  -19.315  -18.338 7.0000000000
31304  -33.559  -18.301  -19.201 7.0000000000
31305  -33.450  -17.257  -20.053 7.0000000000
31306  -33.972  -16.138  -19.858 7.0000000000
31307  -34.461  -15.038  -19.670 7.0000000000
31308  -34.930  -13.954  -19.488 7.0000000000
32645  -33.001  -21.160  -28.213 7.0000000000
32646  -33.737  -21.222  -29.036 7.0000000000
32647  -33.200  -19.912  -29.091 7.0000000000
32648  -33.395  -18.616  -29.962 7.0000000000
32649  -33.588  -17.287  -30.835 7.0000000000
32650  -32.358  -16.112  -29.974 7.0000000000
32651  -33.041  -16.023  -30.831 7.0000000000
32652  -33.776  -15.940  -31.709 7.0000000000
32653  -33.952  -14.582  -32.575 6.0000000000
32654  -34.123  -13.210  -33.426 6.0000000000
33640  -27.256  -37.224  -9.991 7.0000000000
33641  -27.732  -36.565  -11.150 7.0000000000
33642  -28.200  -35.888  -12.282 7.0000000000
33643  -27.877  -35.531  -11.474 7.0000000000
33644  -28.081  -34.541  -11.792 7.0000000000
33645  -28.367  -33.588  -12.089 7.0000000000
33646  -28.152  -34.107  -10.112 7.0000000000
33647  -28.457  -33.395  -11.248 7.0000000000
33648  -28.745  -32.664  -12.359 7.0000000000
33649  -29.216  -31.756  -12.598 7.0000000000
33650  -29.780  -30.851  -12.799 7.0000000000
33651  -30.422  -29.932  -12.952 7.0000000000
33653  -30.297  -32.843  -7.668 6.0000000000
33654  -30.507  -32.121  -8.778 6.0000000000
33656  -31.361  -31.237  -8.911 6.0000000000
33657  -30.697  -31.373  -9.874 7.0000000000
33658  -30.864  -30.600  -10.955 7.0000000000
33659  -31.005  -29.806  -12.014 7.0000000000
33660  -31.120  -28.990  -13.052 7.0000000000
33661  -31.848  -28.019  -13.099 7.0000000000
33662  -32.579  -27.026  -13.105 7.0000000000
33663  -33.294  -26.025  -13.079 6.0000000000
33666  -33.988  -25.031  -13.030 6.0000000000
35872  -34.534  -21.280  -29.861 7.0000000000
35873  -35.403  -21.344  -30.700 7.0000000000
35874  -36.324  -21.410  -31.539 7.0000000000
35875  -35.903  -18.601  -32.540 7.0000000000
35876  -36.588  -20.027  -32.465 7.0000000000
35877  -37.255  -21.474  -32.354 7.0000000000
35878  -38.144  -21.543  -33.138 7.0000000000
35879  -38.941  -21.637  -33.903 6.0000000000
35880  -39.613  -21.769  -34.666 6.0000000000
38523  -34.598  -8.746  -22.492 6.0000000000
38526  -34.401  -7.789  -23.271 6.0000000000
38527  -34.219  -6.887  -24.037 6.0000000000
38706  -34.061  -35.726  -21.472 6.0000000000
38715  -34.341  -29.877  -24.953 6.0000000000
38716  -34.641  -28.801  -25.939 7.0000000000
38717  -34.926  -27.686  -26.897 7.0000000000
38718  -34.371  -26.310  -27.018 7.0000000000
38719  -33.826  -24.968  -27.133 7.0000000000
38720  -33.298  -23.654  -27.238 7.0000000000
38721  -28.659  -35.193  -13.391 7.0000000000
38722  -29.108  -34.475  -14.479 7.0000000000
38723  -29.539  -33.732  -15.545 7.0000000000
38724  -29.142  -32.350  -15.064 7.0000000000
38725  -29.473  -32.633  -15.835 7.0000000000
38726  -29.946  -32.963  -16.592 7.0000000000
38727  -30.325  -32.169  -17.623 7.0000000000
38728  -30.672  -31.346  -18.643 7.0000000000
38729  -30.981  -30.492  -19.660 7.0000000000
38730  -30.231  -28.402  -15.870 7.0000000000
38731  -29.973  -28.544  -16.715 7.0000000000
38732  -29.899  -28.708  -17.534 7.0000000000
38733  -30.248  -26.823  -18.643 7.0000000000
38734  -30.077  -27.854  -18.505 7.0000000000
38735  -30.011  -28.890  -18.329 7.0000000000
38736  -30.295  -29.093  -19.105 7.0000000000
38737  -30.722  -29.327  -19.879 7.0000000000
38738  -31.257  -29.604  -20.674 7.0000000000
38739  -31.504  -28.679  -21.683 7.0000000000
38740  -31.733  -27.722  -22.677 7.0000000000
38741  -31.955  -26.732  -23.644 7.0000000000
38742  -31.056  -25.360  -22.961 7.0000000000
38743  -31.565  -25.518  -23.770 7.0000000000
38744  -32.172  -25.705  -24.586 7.0000000000
38745  -32.382  -24.635  -25.509 7.0000000000
38746  -32.588  -23.519  -26.421 7.0000000000
38747  -32.795  -22.361  -27.322 7.0000000000
38748  -32.316  -21.091  -27.380 7.0000000000
38749  -31.867  -19.853  -27.419 7.0000000000
38750  -31.461  -18.654  -27.453 7.0000000000
38751  -30.922  -19.821  -25.772 7.0000000000
38752  -31.021  -18.666  -26.630 7.0000000000
38753  -31.129  -17.489  -27.484 6.0000000000
38754  -30.904  -16.344  -27.501 6.0000000000
38757  -31.189  -19.701  -22.360 7.0000000000
38758  -31.135  -18.626  -23.226 6.0000000000
38759  -31.084  -17.523  -24.082 6.0000000000
38760  -32.033  -16.344  -23.011 6.0000000000
38761  -31.467  -16.389  -24.000 6.0000000000
38762  -31.040  -16.404  -24.925 6.0000000000
38769  -32.588  -10.904  -24.969 6.0000000000
41288  -33.786  -23.121  -28.098 7.0000000000
41289  -34.178  -23.177  -28.504 7.0000000000
41290  -33.900  -22.510  -28.550 7.0000000000
41545  -27.873  -37.314  -11.410 7.0000000000
41546  -27.828  -37.871  -11.262 6.0000000000
41547  -28.100  -37.541  -11.829 6.0000000000
41548  -28.351  -37.779  -12.250 6.0000000000
41549  -28.371  -37.206  -12.390 7.0000000000
41550  -28.639  -36.867  -12.945 7.0000000000
41551  -28.389  -36.642  -12.534 7.0000000000
42746  -39.879  -24.123  -34.093 6.0000000000
42747  -40.040  -24.957  -34.048 6.0000000000
42748  -40.135  -24.242  -34.498 6.0000000000
42749  -40.358  -24.374  -34.910 6.0000000000
42750  -40.220  -23.518  -34.946 6.0000000000
43532  -31.744  -31.453  -20.360 7.0000000000
43533  -32.074  -31.640  -20.770 7.0000000000
43534  -31.903  -31.003  -20.876 7.0000000000
43535  -32.052  -30.543  -21.390 7.0000000000
43536  -31.728  -30.374  -20.979 7.0000000000
43537  -30.242  -29.588  -13.921 7.0000000000
43538  -30.029  -29.652  -14.361 7.0000000000
43539  -30.308  -29.177  -14.432 7.0000000000
43540  -30.890  -22.355  -21.064 7.0000000000
43541  -30.740  -22.900  -21.056 7.0000000000
43542  -30.736  -22.400  -21.504 7.0000000000
43543  -30.631  -22.444  -21.936 7.0000000000
43544  -30.733  -21.893  -21.948 7.0000000000
43545  -30.730  -21.376  -22.389 7.0000000000
43546  -30.865  -21.339  -21.951 7.0000000000
43547  -34.515  -13.432  -20.400 7.0000000000
43548  -34.192  -13.445  -20.902 7.0000000000
43549  -34.425  -12.903  -20.806 7.0000000000
43550  -34.335  -12.377  -21.210 7.0000000000
43551  -34.658  -12.364  -20.710 7.0000000000
45146  -36.829  -23.518  -30.962 7.0000000000
45147  -37.134  -24.243  -30.898 7.0000000000
45148  -37.284  -23.573  -31.360 7.0000000000
45149  -37.727  -23.629  -31.753 6.0000000000
45150  -37.430  -22.894  -31.823 7.0000000000
45932  -30.160  -34.721  -16.186 7.0000000000
45933  -30.470  -34.950  -16.588 7.0000000000
45934  -30.389  -34.341  -16.713 7.0000000000
45935  -30.609  -33.953  -17.238 7.0000000000
45936  -30.306  -33.740  -16.842 7.0000000000
45937  -32.956  -25.636  -14.039 7.0000000000
45938  -32.617  -25.698  -14.534 7.0000000000
45939  -32.955  -25.185  -14.503 7.0000000000
45940  -33.175  -21.868  -17.164 7.0000000000
45941  -32.874  -22.409  -17.228 7.0000000000
45942  -32.850  -21.936  -17.675 7.0000000000
45943  -32.528  -22.008  -18.186 7.0000000000
45944  -32.822  -21.459  -18.120 7.0000000000
45945  -32.790  -20.977  -18.566 7.0000000000
45946  -33.115  -20.909  -18.050 7.0000000000
45948  -34.810  -17.644  -17.587 7.0000000000
45950  -35.011  -16.597  -17.918 7.0000000000
46943  -31.811  -18.038  -28.293 7.0000000000
46944  -32.115  -18.022  -28.707 7.0000000000
46945  -31.887  -17.419  -28.717 7.0000000000
47725  -27.147  -35.993  -8.034 7.0000000000
47726  -26.921  -36.431  -7.861 6.0000000000
47727  -27.109  -36.106  -8.462 7.0000000000
47728  -27.112  -36.234  -8.888 7.0000000000
47729  -27.297  -35.777  -9.057 7.0000000000
47730  -27.485  -35.442  -9.647 7.0000000000
47731  -27.505  -35.329  -9.223 7.0000000000
47732  -29.504  -32.685  -9.618 7.0000000000
47733  -29.253  -32.748  -10.069 7.0000000000
47734  -29.616  -32.317  -10.175 7.0000000000
47735  -29.723  -31.943  -10.728 7.0000000000
47736  -29.995  -31.881  -10.269 7.0000000000
47742  -32.748  -29.077  -10.100 6.0000000000
47743  -32.397  -29.136  -10.587 7.0000000000
47744  -32.795  -28.664  -10.614 7.0000000000
47745  -32.835  -28.247  -11.123 7.0000000000
47746  -33.187  -28.192  -10.637 6.0000000000
49531  -34.266  -17.922  -31.257 7.0000000000
49532  -34.569  -18.594  -31.241 7.0000000000
49533  -34.680  -17.911  -31.691 7.0000000000
49534  -37.557  -17.177  -34.687 6.0000000000
49535  -37.438  -17.901  -34.240 6.0000000000
49536  -37.894  -17.902  -34.632 6.0000000000
49537  -38.215  -18.637  -34.570 6.0000000000
49538  -38.330  -17.905  -35.015 6.0000000000
51877  -32.934  -36.744  -19.472 6.0000000000
51878  -33.331  -37.025  -19.889 6.0000000000
51879  -33.184  -36.328  -19.998 6.0000000000
51880  -34.295  -32.842  -23.245 6.0000000000
51881  -34.508  -33.566  -23.146 6.0000000000
51882  -34.704  -33.060  -23.662 6.0000000000
51884  -34.895  -32.544  -24.173 6.0000000000
51886  -34.661  -31.817  -24.266 6.0000000000
51887  -32.846  -27.597  -24.392 7.0000000000
51888  -33.212  -27.723  -24.798 7.0000000000
51889  -32.972  -27.077  -24.870 7.0000000000
51890  -33.096  -26.547  -25.341 7.0000000000
51891  -32.736  -26.438  -24.935 7.0000000000
51892  -28.558  -33.342  -13.052 7.0000000000
51893  -28.631  -33.470  -13.455 7.0000000000
51894  -28.723  -32.975  -13.597 7.0000000000
51895  -29.659  -30.143  -16.847 7.0000000000
51896  -29.624  -30.657  -16.737 7.0000000000
51897  -29.760  -30.249  -17.238 7.0000000000
51898  -29.905  -30.364  -17.623 7.0000000000
51899  -29.890  -29.836  -17.734 7.0000000000
51900  -30.847  -26.097  -17.400 7.0000000000
51901  -30.611  -26.605  -17.371 7.0000000000
51902  -30.648  -26.165  -17.841 7.0000000000
51903  -30.420  -26.125  -20.814 7.0000000000
51904  -30.354  -26.590  -20.342 7.0000000000
51905  -30.461  -26.662  -20.743 7.0000000000
51906  -30.526  -27.203  -20.663 7.0000000000
51907  -30.610  -26.739  -21.143 7.0000000000
51908  -30.799  -26.822  -21.542 7.0000000000
51909  -30.692  -26.266  -21.619 7.0000000000
51910  -30.998  -22.644  -24.415 7.0000000000
51911  -31.139  -23.221  -24.375 7.0000000000
51912  -31.210  -22.679  -24.820 7.0000000000
51913  -31.457  -22.721  -25.226 7.0000000000
51914  -31.282  -22.129  -25.262 7.0000000000
51915  -31.355  -21.569  -25.701 7.0000000000
51916  -31.125  -21.544  -25.294 7.0000000000
51917  -30.723  -18.099  -24.968 6.0000000000
51918  -30.694  -18.100  -25.393 6.0000000000
51919  -30.727  -17.531  -25.394 6.0000000000
51920  -30.734  -16.961  -25.818 6.0000000000
51921  -30.793  -16.965  -25.387 6.0000000000
51922  -32.518  -17.916  -21.203 7.0000000000
51923  -32.194  -17.961  -21.721 7.0000000000
51924  -32.465  -17.385  -21.635 7.0000000000
51925  -32.325  -13.588  -24.035 6.0000000000
51926  -32.093  -14.149  -24.153 6.0000000000
51927  -32.032  -13.610  -24.556 6.0000000000
51931  -32.198  -12.520  -24.838 6.0000000000
51932  -33.807  -9.306  -23.572 7.0000000000
51933  -33.523  -9.324  -24.067 7.0000000000
51934  -33.730  -8.819  -23.952 7.0000000000
51935  -33.660  -8.343  -24.326 6.0000000000
51936  -33.931  -8.320  -23.845 6.0000000000
54743  -34.913  -25.824  -27.887 7.0000000000
54744  -35.340  -25.919  -28.296 7.0000000000
54745  -35.045  -25.221  -28.350 7.0000000000
54746  -35.012  -23.290  -29.324 7.0000000000
54747  -35.315  -23.983  -29.275 7.0000000000
54748  -35.453  -23.349  -29.736 7.0000000000
54749  -35.906  -23.407  -30.148 7.0000000000
54750  -35.590  -22.703  -30.197 7.0000000000
55530  -29.829  -37.885  -14.607 6.0000000000
55531  -29.508  -37.614  -14.188 6.0000000000
55532  -29.167  -36.175  -14.040 7.0000000000
55533  -29.457  -36.411  -14.447 7.0000000000
55534  -29.425  -35.821  -14.583 7.0000000000
55535  -29.678  -35.461  -15.121 7.0000000000
55536  -29.391  -35.240  -14.723 7.0000000000
55537  -34.289  -23.608  -13.892 6.0000000000
55538  -33.942  -23.649  -14.385 6.0000000000
55539  -34.264  -23.138  -14.336 6.0000000000
55540  -34.516  -21.665  -15.155 6.0000000000
55541  -34.206  -22.186  -15.217 7.0000000000
55542  -34.173  -21.705  -15.654 7.0000000000
55543  -33.835  -21.752  -16.154 7.0000000000
55544  -34.137  -21.223  -16.091 7.0000000000
55545  -34.099  -20.738  -16.526 7.0000000000
55546  -34.436  -20.694  -16.024 7.0000000000
56543  -31.111  -15.717  -28.325 6.0000000000
56544  -31.311  -15.675  -28.735 6.0000000000
57328  -27.344  -35.802  -7.178 7.0000000000
57329  -27.661  -35.392  -7.344 7.0000000000
57330  -27.817  -35.059  -7.936 7.0000000000
57331  -28.001  -34.984  -7.503 7.0000000000
57332  -29.014  -34.098  -7.347 6.0000000000
57333  -28.744  -34.167  -7.794 6.0000000000
57334  -29.142  -33.755  -7.921 6.0000000000
57335  -29.267  -33.404  -8.491 7.0000000000
57336  -29.554  -33.337  -8.036 6.0000000000
59116  -39.404  -26.921  -32.290 6.0000000000
59117  -39.576  -27.745  -32.246 6.0000000000
59118  -39.701  -27.059  -32.699 6.0000000000
59119  -40.314  -26.675  -33.988 6.0000000000
59120  -40.214  -27.378  -33.537 6.0000000000
59131  -34.670  -15.179  -33.040 6.0000000000
59132  -35.001  -15.840  -33.043 6.0000000000
59133  -35.099  -15.144  -33.489 6.0000000000
59134  -36.102  -14.374  -34.811 6.0000000000
59135  -36.007  -15.086  -34.371 6.0000000000
59136  -36.476  -15.060  -34.798 6.0000000000
59137  -36.846  -15.755  -34.771 6.0000000000
59138  -36.947  -15.033  -35.212 6.0000000000
61477  -32.359  -34.036  -19.915 6.0000000000
61478  -32.723  -34.269  -20.326 6.0000000000
61479  -32.566  -33.600  -20.437 6.0000000000
61480  -32.771  -32.024  -21.590 7.0000000000
61481  -32.954  -32.693  -21.481 6.0000000000
61482  -33.135  -32.221  -22.001 6.0000000000
61483  -33.511  -32.423  -22.414 6.0000000000
61484  -33.308  -31.738  -22.518 6.0000000000
61485  -33.474  -31.245  -23.030 6.0000000000
61486  -33.101  -31.065  -22.621 7.0000000000
61487  -32.330  -29.592  -22.412 7.0000000000
61488  -32.676  -29.748  -22.822 7.0000000000
61489  -32.462  -29.105  -22.917 7.0000000000
61490  -32.591  -28.610  -23.415 7.0000000000
61491  -32.250  -28.471  -23.005 7.0000000000
61492  -29.210  -31.450  -13.556 7.0000000000
61493  -29.137  -31.533  -13.973 7.0000000000
61494  -29.324  -31.063  -14.083 7.0000000000
61495  -29.724  -29.791  -15.214 7.0000000000
61496  -29.538  -30.272  -15.121 7.0000000000
61497  -29.637  -29.868  -15.631 7.0000000000
61498  -29.597  -29.952  -16.043 7.0000000000
61499  -29.733  -29.458  -16.136 7.0000000000
61500  -30.920  -24.287  -19.252 7.0000000000
61501  -30.727  -24.812  -19.233 7.0000000000
61502  -30.738  -24.347  -19.692 7.0000000000
61503  -30.524  -23.982  -21.009 7.0000000000
61504  -30.504  -24.463  -20.551 7.0000000000
61505  -30.458  -24.520  -20.972 7.0000000000
61506  -30.418  -25.056  -20.927 7.0000000000
61507  -30.459  -24.575  -21.389 7.0000000000
61508  -30.508  -24.628  -21.802 7.0000000000
61509  -30.498  -24.085  -21.847 7.0000000000
61510  -30.566  -22.524  -22.781 7.0000000000
61511  -30.571  -23.076  -22.751 7.0000000000
61512  -30.606  -22.557  -23.195 7.0000000000
61513  -30.693  -22.587  -23.604 7.0000000000
61514  -30.641  -22.028  -23.634 7.0000000000
61515  -30.677  -21.488  -24.070 7.0000000000
61516  -30.618  -21.467  -23.658 7.0000000000
61517  -30.724  -20.316  -23.258 7.0000000000
61518  -30.657  -20.339  -23.684 7.0000000000
61519  -30.722  -19.773  -23.688 7.0000000000
61520  -30.721  -19.222  -24.116 6.0000000000
61521  -30.820  -19.209  -23.685 6.0000000000
61522  -33.575  -15.633  -20.791 7.0000000000
61523  -33.252  -15.665  -21.318 7.0000000000
61524  -33.495  -15.101  -21.208 7.0000000000
61525  -33.557  -13.482  -21.920 7.0000000000
61526  -33.327  -14.036  -22.033 7.0000000000
61527  -33.244  -13.506  -22.441 7.0000000000
61528  -32.934  -13.532  -22.971 6.0000000000
61529  -33.164  -12.977  -22.848 7.0000000000
61530  -33.086  -12.450  -23.253 6.0000000000
61531  -33.391  -12.428  -22.730 7.0000000000
61532  -34.155  -11.332  -22.011 7.0000000000
61533  -33.843  -11.348  -22.512 7.0000000000
61534  -34.065  -10.815  -22.407 7.0000000000
61535  -33.976  -10.304  -22.800 7.0000000000
61536  -34.283  -10.287  -22.304 7.0000000000
66316  -36.225  -26.108  -29.111 7.0000000000
66317  -36.521  -26.832  -29.051 6.0000000000
66318  -36.674  -26.199  -29.513 6.0000000000
66319  -37.705  -25.719  -30.766 6.0000000000
66320  -37.551  -26.381  -30.308 6.0000000000
66321  -37.967  -26.475  -30.701 6.0000000000
66322  -38.213  -27.244  -30.637 6.0000000000
66323  -38.361  -26.575  -31.094 6.0000000000
66324  -38.733  -26.681  -31.489 6.0000000000
66325  -38.508  -25.900  -31.549 6.0000000000
66326  -38.552  -23.757  -32.527 6.0000000000
66327  -38.791  -24.530  -32.457 6.0000000000
66328  -38.926  -23.833  -32.913 6.0000000000
66329  -39.273  -23.919  -33.302 6.0000000000
66330  -39.055  -23.130  -33.371 6.0000000000
68672  -31.829  -38.319  -17.363 6.0000000000
68673  -32.212  -38.614  -17.780 6.0000000000
68674  -32.122  -37.939  -17.892 6.0000000000
68675  -32.404  -37.549  -18.420 6.0000000000
68676  -32.024  -37.268  -18.004 6.0000000000
68677  -30.408  -37.185  -15.687 6.0000000000
68678  -30.747  -37.460  -16.106 6.0000000000
68679  -30.685  -36.823  -16.224 6.0000000000
68680  -31.119  -35.435  -17.405 6.0000000000
68681  -31.211  -36.075  -17.289 6.0000000000
68682  -31.458  -35.686  -17.818 6.0000000000
68683  -31.810  -35.942  -18.230 6.0000000000
68684  -31.696  -35.288  -18.344 6.0000000000
68685  -31.925  -34.880  -18.869 6.0000000000
68686  -31.579  -34.640  -18.459 6.0000000000
68687  -31.023  -33.154  -18.284 7.0000000000
68688  -31.340  -33.367  -18.690 7.0000000000
68689  -31.216  -32.742  -18.805 7.0000000000
68690  -31.401  -32.322  -19.325 7.0000000000
68691  -31.089  -32.126  -18.920 7.0000000000
68692  -31.557  -27.657  -14.084 7.0000000000
68693  -31.249  -27.721  -14.561 7.0000000000
68694  -31.587  -27.223  -14.574 7.0000000000
68695  -31.959  -25.831  -15.523 7.0000000000
68696  -31.631  -26.344  -15.536 7.0000000000
68697  -31.646  -25.899  -16.009 7.0000000000
68698  -31.352  -25.965  -16.485 7.0000000000
68699  -31.657  -25.451  -16.478 7.0000000000
68700  -33.261  -23.750  -15.376 7.0000000000
68701  -32.940  -24.271  -15.421 7.0000000000
68702  -32.928  -23.810  -15.876 7.0000000000
68703  -32.267  -23.486  -17.339 7.0000000000
68704  -32.278  -23.947  -16.882 7.0000000000
68705  -31.965  -24.019  -17.379 7.0000000000
68706  -31.667  -24.546  -17.407 7.0000000000
68707  -31.666  -24.090  -17.866 7.0000000000
68708  -31.388  -24.159  -18.341 7.0000000000
68709  -31.660  -23.630  -18.324 7.0000000000
68710  -31.900  -22.146  -19.194 7.0000000000
68711  -31.630  -22.689  -19.231 7.0000000000
68712  -31.604  -22.206  -19.681 7.0000000000
68713  -31.331  -22.260  -20.154 7.0000000000
68714  -31.572  -21.714  -20.128 7.0000000000
68715  -31.537  -21.213  -20.572 7.0000000000
68716  -31.831  -21.163  -20.087 7.0000000000
68717  -32.712  -19.986  -19.452 7.0000000000
68718  -32.382  -20.044  -19.968 7.0000000000
68719  -32.666  -19.478  -19.893 7.0000000000
68720  -32.619  -18.963  -20.331 7.0000000000
68721  -32.950  -18.911  -19.809 7.0000000000
68722  -34.020  -19.760  -17.395 7.0000000000
68723  -33.694  -19.811  -17.903 7.0000000000
68724  -33.979  -19.266  -17.828 7.0000000000
68725  -34.158  -17.709  -18.603 7.0000000000
68726  -33.886  -18.259  -18.688 7.0000000000
68727  -33.833  -17.744  -19.113 7.0000000000
68728  -33.506  -17.782  -19.629 7.0000000000
68729  -33.776  -17.223  -19.535 7.0000000000
68730  -33.715  -16.696  -19.955 7.0000000000
68731  -34.040  -16.668  -19.442 7.0000000000
68732  -34.866  -15.556  -18.750 7.0000000000
68733  -34.543  -15.570  -19.256 7.0000000000
68734  -34.784  -15.027  -19.165 7.0000000000
68735  -34.697  -14.495  -19.579 7.0000000000
68736  -35.019  -14.487  -19.075 7.0000000000
71708  -32.750  -20.518  -28.237 7.0000000000
71709  -33.101  -20.542  -28.653 7.0000000000
71710  -32.846  -19.899  -28.674 7.0000000000
71711  -32.776  -17.989  -29.547 7.0000000000
71712  -33.034  -18.624  -29.539 7.0000000000
71713  -33.127  -17.972  -29.971 7.0000000000
71714  -33.492  -17.955  -30.398 7.0000000000
71715  -33.220  -17.313  -30.404 7.0000000000
71716  -31.820  -15.574  -29.553 6.0000000000
71717  -32.041  -16.158  -29.556 6.0000000000
71718  -32.119  -15.519  -29.968 6.0000000000
71719  -32.860  -14.751  -31.235 6.0000000000
71720  -32.777  -15.411  -30.819 6.0000000000
71721  -33.127  -15.359  -31.256 6.0000000000
71722  -33.402  -15.981  -31.268 7.0000000000
71723  -33.489  -15.310  -31.698 6.0000000000
71724  -33.866  -15.262  -32.143 6.0000000000
71725  -33.574  -14.635  -32.124 6.0000000000
71727  -33.743  -13.276  -32.967 6.0000000000
74065  -27.234  -36.535  -9.735 7.0000000000
74066  -27.121  -37.035  -9.567 7.0000000000
74067  -27.348  -36.709  -10.155 7.0000000000
74068  -27.494  -36.897  -10.574 7.0000000000
74069  -27.575  -36.378  -10.737 7.0000000000
74070  -27.799  -36.042  -11.311 7.0000000000
74071  -27.665  -35.870  -10.901 7.0000000000
74072  -27.854  -34.760  -10.808 7.0000000000
74073  -27.892  -34.888  -11.224 7.0000000000
74074  -28.035  -34.412  -11.379 7.0000000000
74075  -28.213  -34.060  -11.944 7.0000000000
74076  -28.201  -33.945  -11.528 7.0000000000
74077  -28.125  -34.377  -9.105 7.0000000000
74078  -27.994  -34.457  -9.536 7.0000000000
74079  -28.275  -34.028  -9.682 7.0000000000
74080  -28.850  -32.878  -10.950 7.0000000000
74081  -28.566  -33.314  -10.821 7.0000000000
74082  -28.706  -32.951  -11.381 7.0000000000
74083  -28.604  -33.031  -11.807 7.0000000000
74084  -28.840  -32.582  -11.935 7.0000000000
74085  -28.969  -32.209  -12.483 7.0000000000
74086  -29.100  -32.135  -12.056 7.0000000000
74087  -29.921  -31.178  -11.818 7.0000000000
74088  -29.686  -31.240  -12.266 7.0000000000
74089  -30.010  -30.789  -12.353 7.0000000000
74090  -30.093  -30.394  -12.882 7.0000000000
74091  -30.350  -30.332  -12.428 7.0000000000
74096  -30.632  -32.771  -7.194 6.0000000000
74097  -30.738  -32.414  -7.750 6.0000000000
74098  -30.405  -32.485  -8.225 6.0000000000
74099  -30.838  -32.051  -8.301 6.0000000000
74103  -31.864  -30.402  -9.500 6.0000000000
74104  -31.788  -30.789  -8.965 6.0000000000
74105  -31.444  -30.856  -9.451 6.0000000000
74106  -31.023  -31.305  -9.394 6.0000000000
74107  -31.108  -30.923  -9.935 7.0000000000
74108  -30.783  -30.990  -10.417 7.0000000000
74109  -31.186  -30.534  -10.472 7.0000000000
74110  -31.712  -29.267  -11.566 7.0000000000
74111  -31.324  -29.739  -11.532 7.0000000000
74112  -31.382  -29.334  -12.054 7.0000000000
74113  -31.065  -29.400  -12.536 7.0000000000
74114  -31.435  -28.924  -12.571 7.0000000000
74115  -31.482  -28.508  -13.081 7.0000000000
74116  -31.809  -28.441  -12.594 7.0000000000
74117  -32.899  -27.397  -12.123 7.0000000000
74118  -32.555  -27.459  -12.614 7.0000000000
74119  -32.922  -26.963  -12.613 7.0000000000
74120  -32.940  -26.525  -13.095 7.0000000000
74121  -33.285  -26.468  -12.606 6.0000000000
79471  -33.843  -20.583  -29.480 7.0000000000
79472  -34.126  -21.250  -29.447 7.0000000000
79473  -34.238  -20.602  -29.895 7.0000000000
79474  -35.202  -19.970  -31.192 7.0000000000
79475  -35.081  -20.646  -30.735 7.0000000000
79476  -35.529  -20.671  -31.160 7.0000000000
79477  -35.859  -21.377  -31.121 7.0000000000
79478  -35.990  -20.697  -31.583 7.0000000000
79479  -35.680  -17.202  -33.021 6.0000000000
79480  -35.562  -17.901  -32.564 7.0000000000
79481  -36.025  -17.900  -32.997 7.0000000000
79482  -37.187  -19.336  -33.334 6.0000000000
79483  -36.717  -19.324  -32.925 7.0000000000
79484  -37.057  -20.046  -32.876 7.0000000000
79485  -36.926  -20.748  -32.414 7.0000000000
79486  -37.389  -20.773  -32.817 7.0000000000
79487  -37.708  -21.507  -32.750 7.0000000000
79488  -37.840  -20.800  -33.211 7.0000000000
79490  -38.680  -20.868  -33.978 6.0000000000
79492  -39.294  -21.698  -34.284 6.0000000000
86078  -34.308  -7.330  -23.657 6.0000000000
86520  -33.483  -34.756  -21.157 6.0000000000
86521  -33.656  -35.461  -21.051 6.0000000000
86522  -33.880  -35.008  -21.577 6.0000000000
86542  -33.790  -30.232  -24.043 7.0000000000
86543  -34.185  -30.402  -24.452 6.0000000000
86544  -33.942  -29.714  -24.544 7.0000000000
86545  -33.977  -27.980  -25.608 7.0000000000
86546  -34.234  -28.656  -25.531 7.0000000000
86547  -34.375  -28.113  -26.013 7.0000000000
86548  -34.785  -28.250  -26.421 7.0000000000
86549  -34.513  -27.559  -26.489 7.0000000000
86550  -34.648  -26.994  -26.958 7.0000000000
86551  -34.243  -26.879  -26.552 7.0000000000
86552  -33.331  -25.451  -26.270 7.0000000000
86553  -33.708  -25.543  -26.673 7.0000000000
86554  -33.446  -24.886  -26.730 7.0000000000
86555  -33.559  -24.308  -27.187 7.0000000000
86556  -33.188  -24.234  -26.783 7.0000000000
86557  -28.242  -35.359  -12.441 7.0000000000
86558  -28.430  -35.543  -12.839 7.0000000000
86559  -28.460  -35.010  -12.997 7.0000000000
86560  -28.903  -33.763  -14.243 7.0000000000
86561  -28.889  -34.295  -14.091 7.0000000000
86562  -29.098  -33.928  -14.630 7.0000000000
86563  -29.327  -34.106  -15.015 7.0000000000
86564  -29.302  -33.555  -15.163 7.0000000000
86565  -29.128  -31.729  -14.794 7.0000000000
86566  -29.041  -32.225  -14.668 7.0000000000
86567  -29.193  -31.842  -15.195 7.0000000000
86568  -29.624  -31.706  -16.490 7.0000000000
86569  -29.458  -32.099  -15.975 7.0000000000
86570  -29.652  -32.244  -16.355 7.0000000000
86571  -29.694  -32.792  -16.214 7.0000000000
86572  -29.881  -32.400  -16.731 7.0000000000
86573  -30.139  -32.570  -17.109 7.0000000000
86574  -30.062  -32.002  -17.244 7.0000000000
86575  -30.310  -30.621  -18.381 7.0000000000
86576  -30.402  -31.186  -18.259 7.0000000000
86577  -30.559  -30.766  -18.763 7.0000000000
86578  -30.831  -30.923  -19.152 7.0000000000
86579  -30.707  -30.339  -19.267 7.0000000000
86580  -30.702  -27.846  -15.484 7.0000000000
86581  -30.425  -28.337  -15.435 7.0000000000
86582  -30.477  -27.909  -15.928 7.0000000000
86583  -30.210  -27.616  -17.272 7.0000000000
86584  -30.147  -28.045  -16.787 7.0000000000
86585  -30.048  -28.120  -17.204 7.0000000000
86586  -29.912  -28.624  -17.127 7.0000000000
86587  -29.996  -28.200  -17.616 7.0000000000
86588  -30.418  -25.858  -19.163 7.0000000000
86589  -30.375  -26.307  -18.696 7.0000000000
86590  -30.303  -26.379  -19.114 7.0000000000
86591  -30.207  -27.496  -19.388 7.0000000000
86592  -30.156  -27.417  -18.986 7.0000000000
86593  -30.124  -27.937  -18.906 7.0000000000
86594  -30.032  -28.370  -18.422 7.0000000000
86595  -30.116  -28.460  -18.817 7.0000000000
86596  -30.133  -28.989  -18.718 7.0000000000
86597  -30.243  -28.554  -19.208 7.0000000000
86598  -30.720  -28.311  -20.479 7.0000000000
86599  -30.610  -28.762  -19.986 7.0000000000
86600  -30.843  -28.880  -20.378 7.0000000000
86601  -30.979  -29.461  -20.273 7.0000000000
86602  -31.102  -29.008  -20.775 7.0000000000
86603  -31.383  -29.146  -21.180 7.0000000000
86604  -31.219  -28.548  -21.276 7.0000000000
86605  -31.272  -27.011  -22.347 7.0000000000
86606  -31.441  -27.602  -22.267 7.0000000000
86607  -31.547  -27.118  -22.755 7.0000000000
86608  -31.845  -27.231  -23.164 7.0000000000
86609  -31.652  -26.625  -23.235 7.0000000000
86610  -30.742  -24.733  -22.616 7.0000000000
86611  -30.847  -25.292  -22.558 7.0000000000
86612  -30.922  -24.789  -23.019 7.0000000000
86613  -31.473  -24.399  -24.283 7.0000000000
86614  -31.385  -24.922  -23.826 7.0000000000
86615  -31.660  -25.001  -24.232 7.0000000000
86616  -31.858  -25.609  -24.177 7.0000000000
86617  -31.959  -25.086  -24.640 7.0000000000
86618  -32.278  -25.176  -25.049 7.0000000000
86619  -32.059  -24.552  -25.099 7.0000000000
86620  -32.033  -22.826  -26.046 7.0000000000
86621  -32.255  -23.451  -26.009 7.0000000000
86622  -32.354  -22.885  -26.460 7.0000000000
86623  -32.691  -22.945  -26.873 7.0000000000
86624  -32.453  -22.309  -26.908 7.0000000000
86625  -32.552  -21.723  -27.354 7.0000000000
86626  -32.221  -21.679  -26.938 7.0000000000
86627  -31.503  -20.425  -26.572 7.0000000000
86628  -31.783  -20.445  -26.985 7.0000000000
86629  -31.580  -19.841  -27.005 7.0000000000
86630  -31.657  -19.249  -27.436 7.0000000000
86631  -31.392  -19.247  -27.024 7.0000000000
86632  -30.749  -20.382  -24.932 7.0000000000
86633  -30.875  -20.390  -25.342 7.0000000000
86634  -30.786  -19.817  -25.360 7.0000000000
86635  -30.787  -18.097  -26.230 6.0000000000
86636  -30.865  -18.671  -26.217 6.0000000000
86637  -30.907  -18.091  -26.645 6.0000000000
86638  -31.074  -18.081  -27.058 6.0000000000
86639  -30.953  -17.506  -27.072 6.0000000000
86640  -31.001  -16.915  -27.496 6.0000000000
86641  -30.860  -16.933  -27.082 6.0000000000
86647  -31.467  -20.190  -21.454 7.0000000000
86648  -31.216  -20.228  -21.923 7.0000000000
86649  -31.433  -19.667  -21.893 7.0000000000
86650  -31.590  -18.033  -22.720 6.0000000000
86651  -31.364  -18.602  -22.764 6.0000000000
86652  -31.330  -18.059  -23.196 6.0000000000
86653  -31.109  -18.077  -23.655 6.0000000000
86654  -31.296  -17.510  -23.624 6.0000000000
86655  -32.605  -15.736  -22.386 6.0000000000
86656  -32.348  -16.311  -22.492 6.0000000000
86657  -32.285  -15.770  -22.915 6.0000000000
86658  -31.640  -15.273  -24.346 6.0000000000
86659  -31.688  -15.822  -23.933 6.0000000000
86660  -31.428  -15.836  -24.417 6.0000000000
86661  -31.232  -16.400  -24.470 6.0000000000
86662  -31.203  -15.842  -24.884 6.0000000000
86677  -32.938  -11.405  -24.053 6.0000000000
86678  -32.648  -11.425  -24.579 6.0000000000
86679  -32.871  -10.887  -24.446 6.0000000000
92750  -34.340  -24.456  -27.996 7.0000000000
92751  -34.752  -24.531  -28.403 7.0000000000
92752  -34.462  -23.850  -28.455 7.0000000000
92753  -34.586  -23.233  -28.912 7.0000000000
92754  -34.712  -22.605  -29.369 7.0000000000
93213  -27.351  -37.967  -10.257 6.0000000000
93215  -27.556  -38.195  -10.687 6.0000000000
93216  -27.784  -38.435  -11.116 6.0000000000
93219  -28.330  -38.360  -12.113 6.0000000000
93220  -28.623  -38.029  -12.671 6.0000000000
93221  -28.914  -37.694  -13.224 6.0000000000
93222  -29.201  -37.354  -13.772 7.0000000000
93223  -28.911  -37.105  -13.357 7.0000000000
93224  -28.905  -36.524  -13.495 7.0000000000
93225  -28.897  -35.952  -13.637 7.0000000000
93231  -34.778  -20.657  -15.520 6.0000000000
94301  -28.075  -35.241  -6.478 6.0000000000
94302  -28.220  -34.911  -7.068 6.0000000000
94303  -28.471  -34.840  -6.629 6.0000000000
94304  -28.882  -34.436  -6.768 6.0000000000
94305  -29.307  -34.028  -6.894 6.0000000000
95374  -39.654  -25.536  -33.191 6.0000000000
95375  -39.822  -26.365  -33.149 6.0000000000
95376  -39.935  -25.665  -33.599 6.0000000000
95377  -40.186  -25.808  -34.014 6.0000000000
95378  -40.403  -25.965  -34.437 6.0000000000
95383  -34.849  -13.790  -33.913 6.0000000000
95384  -35.193  -14.445  -33.930 6.0000000000
95385  -35.283  -13.742  -34.365 6.0000000000
96790  -32.059  -32.729  -20.141 7.0000000000
96791  -32.406  -32.939  -20.549 7.0000000000
96792  -32.242  -32.286  -20.661 7.0000000000
96793  -32.417  -31.831  -21.180 7.0000000000
96794  -32.582  -31.365  -21.697 7.0000000000
96795  -32.739  -30.888  -22.212 7.0000000000
96796  -32.389  -30.714  -21.801 7.0000000000
96797  -32.194  -30.072  -21.903 7.0000000000
96798  -31.999  -29.439  -22.000 7.0000000000
96799  -29.681  -30.523  -13.759 7.0000000000
96800  -29.535  -30.593  -14.185 7.0000000000
96801  -29.771  -30.124  -14.278 7.0000000000
96802  -29.855  -29.719  -14.791 7.0000000000
96803  -29.935  -29.308  -15.299 7.0000000000
96804  -30.914  -23.338  -20.164 7.0000000000
96805  -30.743  -23.873  -20.150 7.0000000000
96806  -30.742  -23.390  -20.605 7.0000000000
96807  -30.618  -23.442  -21.037 7.0000000000
96808  -30.542  -23.492  -21.464 7.0000000000
96809  -30.514  -23.541  -21.885 7.0000000000
96810  -30.558  -22.994  -21.915 7.0000000000
96811  -30.574  -22.486  -22.362 7.0000000000
96812  -30.590  -21.968  -22.804 7.0000000000
96813  -30.606  -21.441  -23.241 7.0000000000
96814  -30.643  -21.410  -22.819 7.0000000000
96815  -30.727  -20.851  -22.825 7.0000000000
96816  -30.841  -20.290  -22.824 7.0000000000
96817  -34.050  -14.522  -20.589 7.0000000000
96818  -33.730  -14.543  -21.101 7.0000000000
96819  -33.961  -13.992  -20.999 7.0000000000
96820  -33.873  -13.462  -21.407 7.0000000000
96821  -33.787  -12.934  -21.813 7.0000000000
96822  -33.702  -12.409  -22.216 7.0000000000
96823  -34.016  -12.392  -21.711 7.0000000000
96824  -34.246  -11.853  -21.612 7.0000000000
96825  -34.472  -11.317  -21.512 7.0000000000
99694  -36.527  -24.832  -30.036 7.0000000000
99695  -36.828  -25.556  -29.975 6.0000000000
99696  -36.982  -24.904  -30.436 6.0000000000
99697  -37.427  -24.976  -30.832 6.0000000000
99698  -37.856  -25.051  -31.224 6.0000000000
99699  -38.266  -25.131  -31.614 6.0000000000
99700  -38.006  -24.374  -31.682 6.0000000000
99701  -38.151  -23.690  -32.141 6.0000000000
99702  -38.292  -22.997  -32.602 6.0000000000
101109  -31.457  -38.028  -16.944 6.0000000000
101110  -30.294  -35.938  -15.932 7.0000000000
101111  -30.618  -36.192  -16.344 6.0000000000
101112  -30.546  -35.568  -16.465 7.0000000000
101113  -30.789  -35.189  -16.995 7.0000000000
101114  -31.022  -34.802  -17.523 7.0000000000
101115  -31.246  -34.406  -18.049 7.0000000000
101116  -30.923  -34.176  -17.641 7.0000000000
101117  -30.821  -33.558  -17.761 7.0000000000
101118  -30.716  -32.948  -17.884 7.0000000000
101119  -32.261  -26.652  -14.081 7.0000000000
101120  -31.931  -26.719  -14.573 7.0000000000
101121  -32.275  -26.210  -14.558 7.0000000000
101122  -32.284  -25.764  -15.030 7.0000000000
101123  -32.288  -25.314  -15.498 7.0000000000
101124  -33.224  -22.814  -16.274 7.0000000000
101125  -32.913  -23.345  -16.329 7.0000000000
101126  -32.895  -22.878  -16.779 7.0000000000
101127  -32.571  -22.949  -17.287 7.0000000000
101128  -32.253  -23.022  -17.793 7.0000000000
101129  -31.943  -23.095  -18.291 7.0000000000
101130  -32.234  -22.554  -18.244 7.0000000000
101131  -32.210  -22.080  -18.694 7.0000000000
101132  -32.180  -21.598  -19.143 7.0000000000
101133  -32.144  -21.106  -19.589 7.0000000000
101134  -32.465  -21.044  -19.080 7.0000000000
101135  -32.753  -20.486  -19.010 7.0000000000
101136  -33.041  -19.927  -18.933 7.0000000000
101137  -34.589  -18.683  -17.245 7.0000000000
101138  -34.260  -18.723  -17.751 7.0000000000
101139  -34.538  -18.182  -17.671 7.0000000000
101140  -34.484  -17.676  -18.095 7.0000000000
101141  -34.426  -17.163  -18.516 7.0000000000
101142  -34.364  -16.643  -18.934 7.0000000000
101143  -34.687  -16.620  -18.426 7.0000000000
101144  -34.941  -16.080  -18.335 7.0000000000
102929  -32.265  -19.258  -28.268 7.0000000000
102930  -32.596  -19.263  -28.687 7.0000000000
102931  -32.352  -18.637  -28.698 7.0000000000
102932  -32.438  -18.006  -29.125 7.0000000000
102933  -32.523  -17.366  -29.551 7.0000000000
102934  -31.977  -14.296  -30.354 6.0000000000
102935  -32.199  -14.874  -30.374 6.0000000000
102936  -32.281  -14.225  -30.776 6.0000000000
102937  -32.605  -14.154  -31.207 6.0000000000
102938  -32.943  -14.086  -31.647 6.0000000000
102939  -33.294  -14.021  -32.094 6.0000000000
102940  -33.028  -13.418  -32.057 6.0000000000
104340  -26.719  -36.878  -7.683 6.0000000000
104341  -26.743  -37.021  -8.112 6.0000000000
104342  -26.802  -37.180  -8.541 6.0000000000
104343  -26.948  -36.701  -8.715 6.0000000000
104344  -27.154  -36.376  -9.313 7.0000000000
104345  -27.361  -36.047  -9.903 7.0000000000
104346  -27.566  -35.712  -10.487 7.0000000000
104347  -27.505  -35.570  -10.069 7.0000000000
104348  -27.670  -35.103  -10.231 7.0000000000
104349  -27.858  -34.646  -10.388 7.0000000000
104350  -28.776  -33.534  -9.383 7.0000000000
104351  -28.580  -33.601  -9.821 7.0000000000
104352  -28.906  -33.175  -9.950 7.0000000000
104353  -29.033  -32.811  -10.513 7.0000000000
104354  -29.155  -32.442  -11.070 7.0000000000
104355  -29.272  -32.067  -11.621 7.0000000000
104356  -29.481  -32.004  -11.179 7.0000000000
104357  -29.825  -31.563  -11.276 7.0000000000
104358  -30.185  -31.117  -11.360 7.0000000000
104367  -32.281  -29.944  -9.543 6.0000000000
104368  -31.933  -30.007  -10.030 7.0000000000
104369  -31.591  -30.072  -10.518 7.0000000000
104370  -31.996  -29.606  -10.555 7.0000000000
104371  -32.052  -29.200  -11.076 7.0000000000
104372  -32.101  -28.790  -11.592 7.0000000000
104373  -32.145  -28.374  -12.103 7.0000000000
104374  -32.488  -28.308  -11.612 7.0000000000
104375  -32.870  -27.825  -11.626 7.0000000000
104376  -33.248  -27.340  -11.635 6.0000000000
107587  -34.055  -19.270  -30.367 7.0000000000
107588  -34.348  -19.942  -30.342 7.0000000000
107589  -34.459  -19.272  -30.791 7.0000000000
107590  -34.881  -19.277  -31.219 7.0000000000
107591  -35.323  -19.286  -31.650 7.0000000000
107592  -36.618  -17.190  -33.876 6.0000000000
107593  -36.496  -17.901  -33.423 6.0000000000
107594  -36.969  -17.901  -33.837 6.0000000000
107595  -37.314  -18.621  -33.789 6.0000000000
107596  -37.648  -19.349  -33.733 6.0000000000
107597  -37.969  -20.085  -33.668 6.0000000000
107598  -38.094  -19.364  -34.121 6.0000000000
111813  -33.471  -37.725  -19.778 6.0000000000
111814  -33.737  -37.311  -20.307 6.0000000000
111815  -33.992  -36.885  -20.836 6.0000000000
111816  -33.904  -33.825  -22.207 6.0000000000
111817  -34.097  -34.542  -22.103 6.0000000000
111818  -34.306  -34.060  -22.626 6.0000000000
111819  -34.719  -34.300  -23.044 6.0000000000
111829  -33.316  -28.893  -24.229 7.0000000000
111830  -33.698  -29.039  -24.635 7.0000000000
111831  -33.454  -28.376  -24.720 7.0000000000
111832  -33.589  -27.850  -25.203 7.0000000000
111833  -33.721  -27.314  -25.679 7.0000000000
111834  -33.849  -26.767  -26.149 7.0000000000
111835  -33.467  -26.656  -25.746 7.0000000000
111836  -33.215  -26.005  -25.808 7.0000000000
111837  -32.967  -25.360  -25.865 7.0000000000
111838  -28.365  -34.332  -12.757 7.0000000000
111839  -28.502  -34.487  -13.154 7.0000000000
111840  -28.557  -33.974  -13.307 7.0000000000
111841  -28.746  -33.611  -13.852 7.0000000000
111842  -28.931  -33.241  -14.391 7.0000000000
111843  -29.401  -30.948  -15.833 7.0000000000
111844  -29.341  -31.453  -15.716 7.0000000000
111845  -29.485  -31.059  -16.230 7.0000000000
111846  -29.613  -31.178  -16.618 7.0000000000
111847  -29.784  -31.307  -16.999 7.0000000000
111848  -29.994  -31.446  -17.376 7.0000000000
111849  -29.940  -30.900  -17.503 7.0000000000
111850  -30.090  -30.488  -18.002 7.0000000000
111851  -30.232  -30.068  -18.499 7.0000000000
111852  -30.782  -26.978  -16.453 7.0000000000
111853  -30.525  -27.478  -16.414 7.0000000000
111854  -30.569  -27.043  -16.895 7.0000000000
111855  -30.398  -27.111  -17.327 7.0000000000
111856  -30.270  -27.184  -17.751 7.0000000000
111857  -30.328  -25.993  -19.996 7.0000000000
111858  -30.275  -26.450  -19.527 7.0000000000
111859  -30.292  -26.520  -19.936 7.0000000000
111860  -30.284  -27.046  -19.866 7.0000000000
111861  -30.302  -27.576  -19.786 7.0000000000
111862  -30.344  -28.111  -19.696 7.0000000000
111863  -30.438  -27.661  -20.181 7.0000000000
111864  -30.613  -27.752  -20.575 7.0000000000
111865  -30.824  -27.852  -20.970 7.0000000000
111866  -31.065  -27.961  -21.369 7.0000000000
111867  -30.924  -27.387  -21.458 7.0000000000
111868  -31.021  -26.913  -21.943 7.0000000000
111869  -31.115  -26.430  -22.423 7.0000000000
111870  -30.871  -23.708  -23.524 7.0000000000
111871  -30.995  -24.277  -23.476 7.0000000000
111872  -31.067  -23.754  -23.927 7.0000000000
111873  -31.298  -23.806  -24.331 7.0000000000
111874  -31.560  -23.866  -24.736 7.0000000000
111875  -31.848  -23.934  -25.145 7.0000000000
111876  -31.646  -23.323  -25.187 7.0000000000
111877  -31.733  -22.771  -25.634 7.0000000000
111878  -31.820  -22.209  -26.080 7.0000000000
111879  -31.908  -21.638  -26.523 7.0000000000
111880  -31.617  -21.601  -26.110 7.0000000000
111881  -31.428  -21.002  -26.138 7.0000000000
111882  -31.256  -20.411  -26.162 7.0000000000
111883  -30.674  -19.239  -24.959 6.0000000000
111884  -30.725  -19.244  -25.375 6.0000000000
111885  -30.694  -18.671  -25.386 6.0000000000
111886  -30.716  -18.100  -25.813 6.0000000000
111887  -30.740  -17.525  -26.240 6.0000000000
111888  -30.768  -16.946  -26.665 6.0000000000
111889  -30.725  -16.955  -26.244 6.0000000000
111890  -30.744  -16.388  -26.238 6.0000000000
111892  -31.972  -19.061  -21.356 7.0000000000
111893  -31.672  -19.103  -21.850 7.0000000000
111894  -31.927  -18.534  -21.793 7.0000000000
111895  -31.881  -18.000  -22.228 7.0000000000
111896  -31.834  -17.461  -22.661 6.0000000000
111897  -32.463  -14.659  -23.219 6.0000000000
111898  -32.221  -15.229  -23.333 6.0000000000
111899  -32.157  -14.688  -23.745 6.0000000000
111900  -31.864  -14.711  -24.257 6.0000000000
111901  -31.593  -14.725  -24.753 6.0000000000
111910  -33.381  -10.340  -23.803 6.0000000000
111911  -33.093  -10.357  -24.315 6.0000000000
111912  -33.310  -9.837  -24.188 6.0000000000
111913  -33.246  -9.340  -24.567 6.0000000000
111918  -33.789  -7.402  -24.585 6.0000000000
116576  -35.493  -27.227  -27.775 7.0000000000
116578  -35.636  -26.627  -28.241 7.0000000000
116579  -35.779  -26.014  -28.704 7.0000000000
116580  -35.924  -25.391  -29.168 7.0000000000
116581  -35.179  -24.607  -28.812 7.0000000000
116582  -35.620  -24.683  -29.222 7.0000000000
116583  -36.071  -24.758  -29.631 7.0000000000
116584  -36.219  -24.116  -30.094 7.0000000000
116585  -36.367  -23.463  -30.558 7.0000000000
116586  -36.513  -22.800  -31.022 7.0000000000
117680  -30.123  -37.538  -15.148 6.0000000000
117681  -30.080  -36.917  -15.271 6.0000000000
117682  -29.485  -37.009  -14.316 7.0000000000
117683  -29.762  -36.659  -14.857 7.0000000000
117684  -30.032  -36.302  -15.396 7.0000000000
117685  -29.979  -35.694  -15.524 7.0000000000
117686  -29.923  -35.094  -15.656 7.0000000000
117687  -29.863  -34.503  -15.791 7.0000000000
117688  -33.630  -24.621  -13.974 7.0000000000
117689  -33.288  -24.672  -14.467 7.0000000000
117690  -33.616  -24.161  -14.428 7.0000000000
117691  -33.599  -23.696  -14.879 7.0000000000
117692  -33.579  -23.228  -15.327 7.0000000000
117693  -34.237  -22.664  -14.778 6.0000000000
117694  -33.894  -22.707  -15.274 7.0000000000
117695  -33.557  -22.757  -15.772 7.0000000000
117696  -33.531  -22.283  -16.215 7.0000000000
117697  -33.503  -21.806  -16.657 7.0000000000
117698  -33.473  -21.327  -17.097 7.0000000000
117699  -33.440  -20.845  -17.537 7.0000000000
117700  -33.767  -20.788  -17.030 7.0000000000
117701  -34.060  -20.250  -16.961 7.0000000000
117702  -34.350  -19.715  -16.890 7.0000000000
117703  -34.732  -20.167  -15.953 6.0000000000
117704  -34.685  -19.675  -16.385 7.0000000000
117705  -34.637  -19.181  -16.816 7.0000000000
117706  -34.920  -18.649  -16.736 6.0000000000
119096  -31.413  -16.862  -28.317 6.0000000000
119097  -31.674  -16.828  -28.727 6.0000000000
119098  -31.480  -16.248  -28.734 6.0000000000
119099  -31.549  -15.627  -29.143 6.0000000000
119100  -31.621  -15.000  -29.545 6.0000000000
120196  -27.225  -35.893  -7.606 7.0000000000
120197  -27.397  -35.564  -8.203 7.0000000000
120198  -27.568  -35.229  -8.796 7.0000000000
120199  -27.672  -35.140  -8.367 7.0000000000
120200  -27.972  -34.721  -8.523 7.0000000000
120201  -28.296  -34.304  -8.672 7.0000000000
120202  -28.363  -34.576  -7.654 7.0000000000
120203  -28.504  -34.235  -8.235 7.0000000000
120204  -28.642  -33.888  -8.811 7.0000000000
120205  -29.007  -33.470  -8.940 7.0000000000
120206  -29.388  -33.048  -9.056 7.0000000000
120207  -29.784  -32.622  -9.160 7.0000000000
122700  -39.446  -28.425  -31.788 6.0000000000
122701  -39.730  -28.584  -32.204 6.0000000000
122703  -39.972  -27.211  -33.115 6.0000000000
122704  -40.105  -28.072  -33.084 6.0000000000
122719  -34.474  -16.556  -32.151 7.0000000000
122720  -34.790  -17.223  -32.142 7.0000000000
122721  -34.897  -16.533  -32.593 7.0000000000
122722  -35.338  -16.515  -33.036 6.0000000000
122723  -35.795  -16.500  -33.475 6.0000000000
122724  -35.546  -15.114  -33.934 6.0000000000
122725  -35.904  -15.795  -33.925 6.0000000000
122726  -36.263  -16.487  -33.906 6.0000000000
122727  -36.736  -16.474  -34.326 6.0000000000
122728  -37.207  -16.461  -34.734 6.0000000000
122729  -37.669  -16.449  -35.131 6.0000000000
126004  -32.652  -35.376  -19.692 6.0000000000
126005  -33.032  -35.635  -20.106 6.0000000000
126006  -32.878  -34.948  -20.216 6.0000000000
126007  -33.098  -34.509  -20.740 6.0000000000
126008  -33.309  -34.058  -21.264 6.0000000000
126009  -32.764  -33.152  -20.960 6.0000000000
126010  -33.133  -33.370  -21.372 6.0000000000
126011  -33.513  -33.594  -21.788 6.0000000000
126012  -33.709  -33.118  -22.310 6.0000000000
126013  -33.897  -32.629  -22.829 6.0000000000
126014  -34.078  -32.130  -23.343 6.0000000000
126015  -34.254  -31.621  -23.852 6.0000000000
126016  -33.858  -31.430  -23.440 6.0000000000
126017  -33.635  -30.743  -23.538 6.0000000000
126018  -33.407  -30.067  -23.636 7.0000000000
126019  -32.890  -30.401  -22.723 7.0000000000
126020  -33.035  -29.906  -23.230 7.0000000000
126021  -33.177  -29.403  -23.732 7.0000000000
126022  -32.947  -28.750  -23.823 7.0000000000
126023  -32.719  -28.107  -23.907 7.0000000000
126024  -32.495  -27.472  -23.984 7.0000000000
126025  -28.837  -32.384  -13.320 7.0000000000
126026  -28.838  -32.488  -13.730 7.0000000000
126027  -28.975  -32.008  -13.856 7.0000000000
126028  -29.109  -31.626  -14.386 7.0000000000
126029  -29.239  -31.239  -14.911 7.0000000000
126030  -29.433  -30.670  -14.605 7.0000000000
126031  -29.376  -30.755  -15.020 7.0000000000
126032  -29.365  -30.847  -15.430 7.0000000000
126033  -29.487  -30.448  -15.942 7.0000000000
126034  -29.604  -30.044  -16.448 7.0000000000
126035  -29.718  -29.633  -16.948 7.0000000000
126036  -30.896  -25.203  -18.332 7.0000000000
126037  -30.681  -25.720  -18.308 7.0000000000
126038  -30.708  -25.269  -18.772 7.0000000000
126039  -30.560  -25.336  -19.203 7.0000000000
126040  -30.453  -25.401  -19.628 7.0000000000
126041  -30.599  -24.405  -20.125 7.0000000000
126042  -30.482  -24.936  -20.091 7.0000000000
126043  -30.391  -25.466  -20.048 7.0000000000
126044  -30.375  -25.528  -20.463 7.0000000000
126045  -30.406  -25.590  -20.875 7.0000000000
126046  -30.484  -25.653  -21.283 7.0000000000
126047  -30.606  -25.717  -21.688 7.0000000000
126048  -30.545  -25.171  -21.749 7.0000000000
126049  -30.603  -24.680  -22.211 7.0000000000
126050  -30.660  -24.178  -22.668 7.0000000000
126051  -30.535  -23.586  -22.301 7.0000000000
126052  -30.602  -23.627  -22.713 7.0000000000
126053  -30.715  -23.667  -23.120 7.0000000000
126054  -30.770  -23.146  -23.567 7.0000000000
126055  -30.824  -22.614  -24.011 7.0000000000
126056  -30.879  -22.073  -24.450 7.0000000000
126057  -30.933  -21.524  -24.887 7.0000000000
126058  -30.783  -21.506  -24.479 7.0000000000
126059  -30.713  -20.939  -24.502 7.0000000000
126060  -30.670  -20.371  -24.519 7.0000000000
126061  -30.622  -20.904  -23.674 7.0000000000
126062  -30.638  -20.357  -24.104 7.0000000000
126063  -30.655  -19.802  -24.532 7.0000000000
126064  -30.672  -19.232  -24.540 6.0000000000
126065  -30.721  -18.664  -24.542 6.0000000000
126066  -30.802  -18.096  -24.539 6.0000000000
126067  -33.063  -16.767  -21.005 7.0000000000
126068  -32.735  -16.809  -21.536 7.0000000000
126069  -32.998  -16.235  -21.429 7.0000000000
126070  -32.928  -15.699  -21.852 7.0000000000
126071  -32.854  -15.163  -22.271 7.0000000000
126072  -33.411  -14.568  -21.622 7.0000000000
126073  -33.094  -14.596  -22.151 7.0000000000
126074  -32.777  -14.628  -22.686 6.0000000000
126075  -32.701  -14.093  -23.097 6.0000000000
126076  -32.627  -13.561  -23.505 6.0000000000
126077  -32.556  -13.029  -23.910 6.0000000000
126078  -32.487  -12.499  -24.313 6.0000000000
126079  -32.784  -12.475  -23.782 6.0000000000
126080  -33.010  -11.926  -23.655 6.0000000000
126081  -33.234  -11.384  -23.532 6.0000000000
126082  -33.618  -11.885  -22.619 7.0000000000
126083  -33.535  -11.365  -23.018 7.0000000000
126084  -33.456  -10.850  -23.413 7.0000000000
126085  -33.675  -10.322  -23.299 7.0000000000
126086  -33.890  -9.801  -23.188 7.0000000000
126087  -34.099  -9.284  -23.081 7.0000000000
132387  -37.242  -27.678  -29.385 6.0000000000
132388  -37.118  -26.289  -29.912 6.0000000000
132389  -37.396  -27.034  -29.847 6.0000000000
132390  -37.661  -27.790  -29.780 6.0000000000
132391  -38.062  -27.905  -30.175 6.0000000000
132392  -38.443  -28.023  -30.572 6.0000000000
132393  -38.801  -28.147  -30.973 6.0000000000
132394  -38.942  -27.475  -31.433 6.0000000000
132395  -39.080  -26.796  -31.887 6.0000000000
132396  -39.215  -26.111  -32.339 6.0000000000
132397  -38.651  -25.218  -32.003 6.0000000000
132398  -39.012  -25.314  -32.394 6.0000000000
132399  -39.346  -25.419  -32.790 6.0000000000
132400  -39.472  -24.721  -33.242 6.0000000000
132401  -39.591  -24.015  -33.695 6.0000000000
132402  -39.701  -23.302  -34.148 6.0000000000
135373  -32.794  -37.837  -18.835 6.0000000000
135374  -32.675  -37.151  -18.946 6.0000000000
135375  -32.548  -36.469  -19.057 6.0000000000
135376  -30.803  -38.101  -15.989 6.0000000000
135377  -31.097  -37.741  -16.525 6.0000000000
135378  -31.381  -37.372  -17.059 6.0000000000
135379  -30.953  -36.454  -16.758 6.0000000000
135380  -31.299  -36.721  -17.173 6.0000000000
135381  -31.656  -36.992  -17.589 6.0000000000
135382  -31.920  -36.602  -18.117 6.0000000000
135383  -32.173  -36.202  -18.643 6.0000000000
135384  -32.417  -35.794  -19.168 6.0000000000
135385  -32.282  -35.125  -19.280 6.0000000000
135386  -32.145  -34.463  -19.393 6.0000000000
135387  -32.007  -33.809  -19.506 7.0000000000
135388  -31.461  -34.000  -18.574 7.0000000000
135389  -31.668  -33.586  -19.098 7.0000000000
135390  -31.867  -33.162  -19.620 7.0000000000
135391  -31.724  -32.523  -19.732 7.0000000000
135392  -31.577  -31.892  -19.843 7.0000000000
135393  -31.426  -31.269  -19.952 7.0000000000
135394  -30.874  -28.636  -14.032 7.0000000000
135395  -30.605  -28.697  -14.490 7.0000000000
135396  -30.920  -28.212  -14.533 7.0000000000
135397  -30.961  -27.784  -15.028 7.0000000000
135398  -30.998  -27.351  -15.517 7.0000000000
135399  -31.612  -26.785  -15.058 7.0000000000
135400  -31.310  -26.850  -15.534 7.0000000000
135401  -31.031  -26.914  -15.999 7.0000000000
135402  -31.059  -26.474  -16.476 7.0000000000
135403  -31.083  -26.031  -16.948 7.0000000000
135404  -31.104  -25.585  -17.417 7.0000000000
135405  -32.949  -24.730  -14.963 7.0000000000
135406  -32.615  -24.793  -15.463 7.0000000000
135407  -32.288  -24.861  -15.962 7.0000000000
135408  -32.600  -23.876  -16.380 7.0000000000
135409  -32.284  -24.405  -16.424 7.0000000000
135410  -31.969  -24.930  -16.457 7.0000000000
135411  -31.664  -25.000  -16.944 7.0000000000
135412  -31.379  -25.068  -17.419 7.0000000000
135413  -31.121  -25.136  -17.881 7.0000000000
135414  -31.133  -24.683  -18.343 7.0000000000
135415  -31.138  -24.224  -18.802 7.0000000000
135416  -31.136  -23.759  -19.259 7.0000000000
135417  -31.648  -23.163  -18.778 7.0000000000
135418  -31.374  -23.227  -19.252 7.0000000000
135419  -31.126  -23.284  -19.714 7.0000000000
135420  -31.110  -22.801  -20.166 7.0000000000
135421  -31.090  -22.309  -20.615 7.0000000000
135422  -31.068  -21.809  -21.060 7.0000000000
135423  -31.047  -21.301  -21.502 7.0000000000
135424  -31.273  -21.259  -21.044 7.0000000000
135425  -31.502  -20.705  -21.014 7.0000000000
135426  -31.751  -20.146  -20.972 7.0000000000
135427  -32.103  -20.606  -20.033 7.0000000000
135428  -32.059  -20.098  -20.476 7.0000000000
135429  -32.016  -19.582  -20.916 7.0000000000
135430  -32.291  -19.014  -20.848 7.0000000000
135431  -32.569  -18.442  -20.768 7.0000000000
135432  -32.848  -17.869  -20.677 7.0000000000
135433  -33.406  -20.359  -17.977 7.0000000000
135434  -33.368  -19.868  -18.415 7.0000000000
135435  -33.326  -19.368  -18.853 7.0000000000
135436  -33.934  -18.766  -18.259 7.0000000000
135437  -33.608  -18.812  -18.771 7.0000000000
135438  -33.280  -18.861  -19.288 7.0000000000
135439  -33.231  -18.345  -19.720 7.0000000000
135440  -33.178  -17.824  -20.151 7.0000000000
135441  -33.122  -17.297  -20.579 7.0000000000
135442  -33.390  -16.729  -20.476 7.0000000000
135443  -33.649  -16.165  -20.374 7.0000000000
135444  -33.898  -15.607  -20.273 7.0000000000
135445  -34.296  -16.117  -19.349 7.0000000000
135446  -34.221  -15.586  -19.763 7.0000000000
135447  -34.138  -15.054  -20.176 7.0000000000
135448  -34.373  -14.506  -20.082 7.0000000000
135449  -34.606  -13.962  -19.991 7.0000000000
135450  -34.840  -13.421  -19.899 7.0000000000
139163  -33.257  -21.808  -28.181 7.0000000000
139164  -33.628  -21.848  -28.591 7.0000000000
139165  -33.362  -21.192  -28.626 7.0000000000
139166  -33.465  -20.563  -29.067 7.0000000000
139167  -33.567  -19.922  -29.507 7.0000000000
139168  -32.941  -19.267  -29.107 7.0000000000
139169  -33.298  -19.269  -29.527 7.0000000000
139170  -33.668  -19.269  -29.946 7.0000000000
139171  -33.770  -18.607  -30.386 7.0000000000
139172  -33.871  -17.937  -30.826 7.0000000000
139173  -33.971  -17.263  -31.268 7.0000000000
139174  -31.963  -16.792  -29.139 7.0000000000
139175  -32.277  -16.755  -29.554 7.0000000000
139176  -32.608  -16.719  -29.976 7.0000000000
139177  -32.440  -15.464  -30.389 6.0000000000
139178  -32.693  -16.067  -30.400 7.0000000000
139179  -32.954  -16.683  -30.404 7.0000000000
139180  -33.312  -16.649  -30.836 7.0000000000
139181  -33.683  -16.615  -31.272 7.0000000000
139182  -34.070  -16.584  -31.710 7.0000000000
139183  -34.166  -15.902  -32.152 7.0000000000
139184  -34.258  -15.218  -32.591 6.0000000000
139185  -34.347  -14.532  -33.027 6.0000000000
139186  -33.658  -13.957  -32.547 6.0000000000
139187  -34.037  -13.897  -33.002 6.0000000000
139188  -34.434  -13.841  -33.458 6.0000000000
139189  -34.520  -13.147  -33.885 6.0000000000
142044  -26.895  -37.355  -8.970 6.0000000000
142047  -27.421  -37.427  -10.414 7.0000000000
142048  -27.670  -37.099  -10.992 7.0000000000
142049  -27.918  -36.766  -11.562 7.0000000000
142050  -28.164  -36.429  -12.126 7.0000000000
142051  -27.967  -36.229  -11.719 7.0000000000
142052  -28.022  -35.703  -11.879 7.0000000000
142053  -28.088  -35.188  -12.040 7.0000000000
142054  -27.769  -35.374  -11.064 7.0000000000
142055  -27.970  -35.031  -11.635 7.0000000000
142056  -28.169  -34.684  -12.199 7.0000000000
142057  -28.268  -34.189  -12.353 7.0000000000
142058  -28.388  -33.704  -12.501 7.0000000000
142059  -28.529  -33.226  -12.643 7.0000000000
142060  -27.738  -34.890  -9.382 7.0000000000
142061  -27.905  -34.545  -9.963 7.0000000000
142062  -28.070  -34.196  -10.539 7.0000000000
142063  -28.423  -33.673  -10.254 7.0000000000
142064  -28.306  -33.753  -10.683 7.0000000000
142065  -28.232  -33.843  -11.108 7.0000000000
142066  -28.391  -33.485  -11.671 7.0000000000
142067  -28.544  -33.123  -12.228 7.0000000000
142068  -28.693  -32.756  -12.777 7.0000000000
142069  -28.881  -32.292  -12.904 7.0000000000
142070  -29.092  -31.832  -13.023 7.0000000000
142071  -29.327  -31.374  -13.133 7.0000000000
142072  -29.382  -31.688  -12.166 7.0000000000
142073  -29.487  -31.304  -12.704 7.0000000000
142074  -29.587  -30.916  -13.235 7.0000000000
142075  -29.868  -30.457  -13.326 7.0000000000
142076  -30.170  -29.994  -13.405 7.0000000000
142077  -30.489  -29.526  -13.471 7.0000000000
142079  -29.620  -33.956  -6.433 6.0000000000
142080  -29.742  -33.615  -7.007 6.0000000000
142082  -30.185  -33.196  -7.107 6.0000000000
142083  -29.861  -33.267  -7.574 6.0000000000
142084  -29.975  -32.914  -8.137 6.0000000000
142085  -30.085  -32.555  -8.695 6.0000000000
142086  -30.190  -32.189  -9.250 7.0000000000
142091  -31.708  -31.170  -8.427 6.0000000000
142092  -31.273  -31.612  -8.368 6.0000000000
142093  -30.933  -31.681  -8.849 6.0000000000
142094  -30.604  -31.750  -9.328 7.0000000000
142095  -30.290  -31.817  -9.802 7.0000000000
142096  -30.385  -31.439  -10.349 7.0000000000
142097  -30.474  -31.055  -10.892 7.0000000000
142098  -30.557  -30.665  -11.430 7.0000000000
142099  -31.258  -30.139  -11.005 7.0000000000
142100  -30.938  -30.206  -11.487 7.0000000000
142101  -30.633  -30.270  -11.962 7.0000000000
142102  -30.702  -29.870  -12.489 7.0000000000
142103  -30.765  -29.464  -13.009 7.0000000000
142104  -30.822  -29.053  -13.523 7.0000000000
142105  -31.168  -28.573  -13.562 7.0000000000
142106  -31.522  -28.085  -13.586 7.0000000000
142107  -31.881  -27.591  -13.598 7.0000000000
142108  -32.183  -27.952  -12.608 7.0000000000
142109  -32.215  -27.524  -13.106 7.0000000000
142110  -32.241  -27.091  -13.598 7.0000000000
142111  -32.598  -26.587  -13.588 7.0000000000
142112  -32.951  -26.083  -13.570 7.0000000000
142113  -33.298  -25.579  -13.546 7.0000000000
142119  -33.635  -26.416  -12.119 6.0000000000
142120  -33.642  -25.974  -12.592 6.0000000000
142121  -33.644  -25.527  -13.057 6.0000000000
142122  -33.639  -25.076  -13.518 6.0000000000
142123  -33.977  -24.575  -13.485 6.0000000000
142124  -34.310  -24.074  -13.445 6.0000000000
148600  -34.014  -21.886  -28.999 7.0000000000
148601  -34.416  -21.925  -29.410 7.0000000000
148602  -34.836  -21.964  -29.824 7.0000000000
148603  -34.650  -20.623  -30.313 7.0000000000
148604  -34.960  -21.311  -30.279 7.0000000000
148605  -35.274  -22.005  -30.241 7.0000000000
148606  -35.726  -22.046  -30.659 7.0000000000
148607  -36.188  -22.087  -31.075 7.0000000000
148608  -36.654  -22.127  -31.486 7.0000000000
148609  -35.113  -17.904  -32.128 7.0000000000
148610  -35.443  -18.596  -32.107 7.0000000000
148611  -35.779  -19.298  -32.080 7.0000000000
148612  -36.372  -18.608  -32.966 7.0000000000
148613  -36.246  -19.311  -32.507 7.0000000000
148614  -36.118  -20.007  -32.046 7.0000000000
148615  -36.457  -20.723  -32.002 7.0000000000
148616  -36.792  -21.442  -31.950 7.0000000000
148617  -37.117  -22.166  -31.890 7.0000000000
148618  -37.571  -22.205  -32.287 7.0000000000
148619  -38.010  -22.247  -32.677 6.0000000000
148620  -38.427  -22.295  -33.062 6.0000000000
148621  -38.273  -20.830  -33.597 7.0000000000
148622  -38.556  -21.586  -33.522 6.0000000000
148623  -38.817  -22.352  -33.445 6.0000000000
148624  -39.178  -22.418  -33.828 6.0000000000
148625  -39.507  -22.494  -34.213 6.0000000000
148626  -39.804  -22.580  -34.600 6.0000000000
148635  -38.115  -16.437  -35.517 6.0000000000
148653  -40.067  -22.677  -34.993 6.0000000000
156495  -35.074  -12.883  -19.804 7.0000000000
156522  -34.982  -12.354  -20.209 7.0000000000
156523  -34.888  -11.828  -20.612 7.0000000000
156524  -34.792  -11.305  -21.013 7.0000000000
156525  -34.694  -10.785  -21.412 7.0000000000
156528  -34.595  -10.270  -21.808 7.0000000000
156529  -34.495  -9.762  -22.201 7.0000000000
156530  -34.397  -9.262  -22.591 7.0000000000
156531  -34.302  -8.772  -22.979 7.0000000000
156539  -34.498  -8.262  -22.882 6.0000000000
156540  -34.211  -8.292  -23.365 6.0000000000
156541  -34.125  -7.824  -23.747 6.0000000000
156542  -34.044  -7.369  -24.123 6.0000000000
156543  -33.969  -6.931  -24.490 6.0000000000
157074  -33.424  -35.900  -20.524 6.0000000000
157075  -33.826  -36.172  -20.944 6.0000000000
157076  -34.238  -36.447  -21.364 6.0000000000
157077  -34.287  -35.266  -21.998 6.0000000000
157078  -34.475  -35.994  -21.892 6.0000000000
157101  -34.425  -31.103  -24.359 6.0000000000
157102  -34.590  -30.578  -24.863 6.0000000000
157104  -34.090  -29.189  -25.041 7.0000000000
157105  -34.493  -29.343  -25.449 6.0000000000
157109  -35.350  -27.814  -27.305 6.0000000000
157110  -35.065  -27.110  -27.366 7.0000000000
157111  -34.781  -26.415  -27.424 7.0000000000
157112  -34.498  -25.729  -27.480 7.0000000000
157113  -33.974  -26.207  -26.614 7.0000000000
157114  -34.097  -25.635  -27.076 7.0000000000
157115  -34.218  -25.052  -27.536 7.0000000000
157116  -33.943  -24.382  -27.591 7.0000000000
157117  -33.672  -23.720  -27.643 7.0000000000
157118  -33.408  -23.064  -27.692 7.0000000000
157119  -28.408  -36.087  -12.684 7.0000000000
157120  -28.650  -35.741  -13.237 7.0000000000
157121  -28.889  -35.389  -13.785 7.0000000000
157122  -28.676  -34.655  -13.547 7.0000000000
157123  -28.885  -34.837  -13.937 7.0000000000
157124  -29.126  -35.032  -14.329 7.0000000000
157125  -29.357  -34.668  -14.867 7.0000000000
157126  -29.584  -34.298  -15.401 7.0000000000
157127  -29.803  -33.921  -15.929 7.0000000000
157128  -28.884  -32.603  -14.135 7.0000000000
157129  -28.976  -32.729  -14.534 7.0000000000
157130  -29.112  -32.867  -14.925 7.0000000000
157131  -29.304  -31.966  -15.589 7.0000000000
157132  -29.287  -32.486  -15.453 7.0000000000
157133  -29.288  -33.016  -15.310 7.0000000000
157134  -29.501  -33.177  -15.691 7.0000000000
157135  -29.746  -33.351  -16.071 7.0000000000
157136  -30.016  -33.538  -16.453 7.0000000000
157137  -30.221  -33.149  -16.974 7.0000000000
157138  -30.420  -32.753  -17.492 7.0000000000
157139  -30.609  -32.349  -18.008 7.0000000000
157140  -30.236  -31.597  -17.753 7.0000000000
157141  -30.503  -31.762  -18.134 7.0000000000
157142  -30.789  -31.938  -18.522 7.0000000000
157143  -30.960  -31.519  -19.036 7.0000000000
157144  -31.121  -31.092  -19.548 7.0000000000
157145  -31.274  -30.655  -20.060 7.0000000000
157146  -30.368  -28.760  -14.937 7.0000000000
157147  -30.168  -28.824  -15.373 7.0000000000
157148  -30.009  -28.892  -15.801 7.0000000000
157149  -30.290  -27.975  -16.362 7.0000000000
157150  -30.080  -28.470  -16.297 7.0000000000
157151  -29.894  -28.965  -16.220 7.0000000000
157152  -29.825  -29.043  -16.634 7.0000000000
157153  -29.802  -29.127  -17.042 7.0000000000
157154  -29.827  -29.218  -17.443 7.0000000000
157155  -30.490  -26.235  -18.273 7.0000000000
157156  -30.325  -26.748  -18.226 7.0000000000
157157  -30.187  -27.261  -18.168 7.0000000000
157158  -30.216  -26.898  -19.055 7.0000000000
157159  -30.149  -27.339  -18.579 7.0000000000
157160  -30.076  -27.772  -18.099 7.0000000000
157161  -29.991  -28.283  -18.021 7.0000000000
157162  -29.932  -28.797  -17.934 7.0000000000
157163  -29.899  -29.314  -17.838 7.0000000000
157164  -30.015  -29.416  -18.227 7.0000000000
157165  -30.173  -29.524  -18.612 7.0000000000
157166  -30.367  -29.640  -18.995 7.0000000000
157167  -30.408  -28.654  -19.597 7.0000000000
157168  -30.493  -29.205  -19.491 7.0000000000
157169  -30.593  -29.767  -19.380 7.0000000000
157170  -30.847  -29.904  -19.770 7.0000000000
157171  -31.123  -30.052  -20.167 7.0000000000
157172  -31.418  -30.210  -20.571 7.0000000000
157173  -31.554  -29.755  -21.081 7.0000000000
157174  -31.683  -29.290  -21.589 7.0000000000
157175  -31.806  -28.817  -22.094 7.0000000000
157176  -31.332  -28.079  -21.774 7.0000000000
157177  -31.620  -28.204  -22.183 7.0000000000
157178  -31.926  -28.335  -22.594 7.0000000000
157179  -32.044  -27.847  -23.088 7.0000000000
157180  -32.161  -27.350  -23.574 7.0000000000
157181  -32.277  -26.845  -24.054 7.0000000000
157182  -30.771  -25.784  -22.091 7.0000000000
157183  -30.973  -25.858  -22.493 7.0000000000
157184  -31.207  -25.938  -22.897 7.0000000000
157185  -31.138  -24.852  -23.422 7.0000000000
157186  -31.297  -25.435  -23.364 7.0000000000
157187  -31.469  -26.026  -23.302 7.0000000000
157188  -31.756  -26.122  -23.709 7.0000000000
157189  -32.064  -26.224  -24.118 7.0000000000
157190  -32.391  -26.330  -24.527 7.0000000000
157191  -32.504  -25.805  -24.995 7.0000000000
157192  -32.615  -25.268  -25.458 7.0000000000
157193  -32.723  -24.719  -25.918 7.0000000000
157194  -32.157  -24.007  -25.555 7.0000000000
157195  -32.486  -24.083  -25.966 7.0000000000
157196  -32.830  -24.159  -26.376 7.0000000000
157197  -32.936  -23.587  -26.831 7.0000000000
157198  -33.043  -23.005  -27.284 7.0000000000
157199  -33.150  -22.412  -27.734 7.0000000000
157200  -32.898  -21.766  -27.769 7.0000000000
157201  -32.652  -21.126  -27.797 7.0000000000
157202  -32.411  -20.493  -27.819 7.0000000000
157203  -31.997  -21.057  -26.963 7.0000000000
157204  -32.087  -20.467  -27.401 7.0000000000
157205  -32.177  -19.868  -27.836 7.0000000000
157206  -31.950  -19.253  -27.851 7.0000000000
157207  -31.734  -18.648  -27.866 7.0000000000
157208  -31.532  -18.054  -27.881 7.0000000000
157209  -30.988  -20.965  -25.320 7.0000000000
157210  -31.045  -20.399  -25.752 7.0000000000
157211  -31.102  -19.826  -26.183 7.0000000000
157212  -30.825  -19.246  -25.788 7.0000000000
157213  -30.971  -19.247  -26.201 7.0000000000
157214  -31.161  -19.246  -26.612 7.0000000000
157215  -31.222  -18.660  -27.042 7.0000000000
157216  -31.284  -18.068  -27.470 7.0000000000
157217  -31.348  -17.469  -27.895 6.0000000000
157218  -31.187  -16.891  -27.908 6.0000000000
157219  -31.054  -16.319  -27.914 6.0000000000
157220  -30.953  -15.750  -27.913 6.0000000000
157221  -30.800  -16.364  -27.085 6.0000000000
157227  -31.026  -20.785  -21.942 7.0000000000
157228  -31.006  -20.261  -22.379 7.0000000000
157229  -30.987  -19.729  -22.814 7.0000000000
157230  -31.399  -19.138  -22.330 7.0000000000
157231  -31.162  -19.167  -22.794 7.0000000000
157232  -30.968  -19.190  -23.246 6.0000000000
157233  -30.949  -18.643  -23.675 6.0000000000
157234  -30.932  -18.090  -24.102 6.0000000000
157235  -30.916  -17.530  -24.527 6.0000000000
157236  -32.408  -16.850  -22.065 7.0000000000
157237  -32.089  -16.887  -22.584 6.0000000000
157238  -31.785  -16.917  -23.090 6.0000000000
157239  -31.977  -15.800  -23.432 6.0000000000
157240  -31.736  -16.371  -23.514 6.0000000000
157241  -31.507  -16.941  -23.578 6.0000000000
157242  -31.263  -16.956  -24.049 6.0000000000
157243  -31.061  -16.965  -24.505 6.0000000000
157244  -30.903  -16.967  -24.950 6.0000000000
157245  -30.892  -16.402  -25.369 6.0000000000
157263  -32.423  -11.970  -24.711 6.0000000000
157266  -32.810  -10.374  -24.833 6.0000000000
