#!ascii label  , from subject 40tvs8ref_sym_20 vox2ras=TkReg
1050
122  -6.057  56.685  -18.116 7.0000000000
274  -6.436  35.753  -7.544 7.0000000000
275  -4.004  41.382  -12.695 7.0000000000
276  -8.039  52.776  -11.713 7.0000000000
540  -3.504  44.758  -20.660 6.0000000000
755  -6.679  44.866  -9.044 7.0000000000
1187  -4.149  49.994  -14.601 7.0000000000
1188  -3.614  43.404  -16.445 7.0000000000
1189  -3.965  51.361  -18.520 7.0000000000
1190  -4.002  51.858  -22.866 7.0000000000
1191  -6.011  57.125  -22.319 7.0000000000
1648  -4.924  38.738  -9.712 7.0000000000
1649  -5.032  47.761  -11.349 7.0000000000
1650  -6.646  55.189  -14.490 7.0000000000
2227  -11.326  59.099  -15.377 6.0000000000
2228  -10.245  60.816  -18.863 7.0000000000
2231  -9.619  61.564  -23.047 6.0000000000
3107  -4.809  53.602  -16.190 7.0000000000
3108  -3.994  50.798  -16.497 7.0000000000
3109  -4.706  54.199  -18.142 7.0000000000
3110  -4.727  54.524  -20.219 7.0000000000
3111  -5.985  57.035  -20.162 7.0000000000
3705  -5.361  33.914  -9.338 7.0000000000
3706  -5.607  37.274  -8.523 7.0000000000
3707  -7.072  48.999  -10.251 7.0000000000
3708  -5.773  46.378  -10.074 7.0000000000
3709  -6.189  50.429  -11.388 7.0000000000
3710  -5.516  51.693  -12.770 7.0000000000
3711  -7.230  54.090  -12.980 7.0000000000
4933  -10.701  60.077  -17.012 7.0000000000
5002  -4.407  36.529  -12.400 7.0000000000
5004  -4.117  37.686  -14.180 7.0000000000
5005  -3.542  44.154  -18.516 6.0000000000
5012  -4.777  54.538  -24.680 6.0000000000
5013  -3.989  51.837  -25.149 6.0000000000
5014  -4.677  54.342  -26.952 6.0000000000
5967  -6.440  40.416  -8.175 7.0000000000
5968  -7.737  43.261  -8.253 6.0000000000
5969  -8.153  47.433  -9.343 6.0000000000
5970  -9.038  51.295  -10.681 6.0000000000
6745  -3.983  45.932  -13.404 7.0000000000
6746  -3.753  42.487  -14.488 7.0000000000
6747  -3.759  46.900  -15.255 7.0000000000
6748  -3.647  47.647  -17.243 7.0000000000
6749  -3.601  48.202  -19.332 7.0000000000
6750  -3.561  48.590  -21.506 6.0000000000
6751  -3.996  51.702  -20.647 7.0000000000
6752  -4.790  54.611  -22.404 7.0000000000
6753  -5.973  57.025  -24.573 6.0000000000
7685  -4.821  35.264  -10.781 7.0000000000
7686  -4.393  40.120  -11.103 7.0000000000
7687  -5.609  41.966  -9.141 7.0000000000
7688  -4.922  43.430  -10.330 7.0000000000
7689  -4.373  44.770  -11.749 7.0000000000
7690  -4.483  48.974  -12.869 7.0000000000
7691  -5.065  52.754  -14.387 7.0000000000
7692  -6.269  56.063  -16.215 7.0000000000
9242  -10.432  54.779  -12.225 6.0000000000
9244  -12.153  57.917  -13.973 6.0000000000
9245  -9.499  56.134  -13.420 6.0000000000
9246  -8.777  57.279  -14.849 7.0000000000
9247  -8.281  58.189  -16.515 7.0000000000
9248  -7.962  58.851  -18.379 7.0000000000
9256  -9.908  61.299  -20.901 6.0000000000
9257  -7.784  59.257  -20.409 7.0000000000
9258  -7.670  59.424  -22.559 6.0000000000
9335  -3.961  38.720  -16.109 6.0000000000
9344  -3.546  48.788  -23.762 6.0000000000
10787  -5.370  55.216  -17.109 7.0000000000
10788  -4.740  53.934  -17.150 7.0000000000
10789  -5.309  55.487  -18.089 7.0000000000
10790  -5.281  55.688  -19.104 7.0000000000
10791  -6.005  56.894  -19.124 7.0000000000
11384  -6.181  34.151  -7.752 6.0000000000
11385  -5.789  34.890  -8.284 7.0000000000
11386  -6.003  36.520  -8.005 7.0000000000
11387  -7.481  50.937  -10.952 7.0000000000
11388  -6.606  49.732  -10.792 7.0000000000
11389  -7.035  51.644  -11.523 7.0000000000
11390  -6.638  52.313  -12.150 7.0000000000
11391  -7.611  53.454  -12.317 7.0000000000
12682  -4.164  38.975  -12.502 7.0000000000
12683  -4.245  37.122  -13.271 7.0000000000
12684  -4.011  39.564  -13.367 7.0000000000
12685  -3.524  44.480  -19.579 6.0000000000
12692  -5.255  55.712  -25.732 6.0000000000
12693  -4.733  54.454  -25.821 6.0000000000
13785  -7.574  41.071  -7.819 6.0000000000
13790  -8.522  49.408  -9.986 6.0000000000
15082  -4.037  48.024  -13.944 7.0000000000
15083  -3.853  46.442  -14.310 7.0000000000
15084  -3.923  48.495  -14.863 7.0000000000
15085  -3.966  51.111  -17.494 7.0000000000
15086  -3.795  49.270  -16.806 7.0000000000
15087  -3.771  49.571  -17.823 7.0000000000
15088  -3.620  47.944  -18.276 7.0000000000
15089  -3.765  49.819  -18.865 7.0000000000
15090  -3.762  50.023  -19.930 7.0000000000
15091  -3.982  51.555  -19.573 7.0000000000
15092  -5.312  55.888  -21.220 7.0000000000
15093  -4.763  54.593  -21.299 7.0000000000
15094  -5.346  55.895  -22.317 7.0000000000
15095  -5.356  55.860  -23.440 6.0000000000
15096  -6.017  57.089  -23.435 6.0000000000
16877  -5.107  36.331  -9.496 7.0000000000
16878  -5.074  34.598  -10.036 7.0000000000
16879  -4.820  37.028  -10.175 7.0000000000
16880  -4.568  37.704  -10.905 7.0000000000
16881  -4.640  39.442  -10.382 7.0000000000
16882  -6.560  42.677  -8.568 7.0000000000
16883  -6.006  41.199  -8.629 7.0000000000
16884  -6.111  43.458  -9.032 7.0000000000
16885  -5.380  47.090  -10.680 7.0000000000
16886  -5.318  44.949  -10.136 7.0000000000
16887  -4.975  45.649  -10.780 7.0000000000
16888  -4.629  44.119  -11.010 7.0000000000
16889  -4.670  46.311  -11.483 7.0000000000
16890  -4.409  46.929  -12.247 7.0000000000
16891  -4.732  48.389  -12.079 7.0000000000
16892  -6.011  53.502  -13.594 7.0000000000
16893  -5.264  52.249  -13.553 7.0000000000
16894  -5.781  54.014  -14.403 7.0000000000
16895  -5.601  54.474  -15.262 7.0000000000
16896  -6.434  55.654  -15.329 7.0000000000
20555  -11.713  58.534  -14.649 6.0000000000
20556  -10.795  57.047  -13.694 6.0000000000
20557  -10.377  57.655  -14.369 6.0000000000
20558  -9.108  56.735  -14.103 7.0000000000
20559  -10.017  58.209  -15.102 7.0000000000
20560  -10.454  60.480  -17.912 7.0000000000
20561  -9.459  59.153  -16.749 7.0000000000
20562  -9.249  59.533  -17.650 7.0000000000
20563  -8.102  58.553  -17.424 7.0000000000
20564  -9.077  59.848  -18.601 7.0000000000
20584  -10.830  62.456  -22.263 6.0000000000
20585  -9.762  61.458  -21.967 6.0000000000
20586  -8.822  60.293  -20.632 7.0000000000
20587  -8.721  60.430  -21.695 6.0000000000
20588  -7.725  59.368  -21.471 7.0000000000
20589  -8.620  60.512  -22.779 6.0000000000
20775  -3.674  42.971  -15.449 7.0000000000
20776  -3.811  40.635  -15.229 7.0000000000
20777  -3.749  41.106  -16.217 6.0000000000
20797  -3.741  50.297  -22.124 7.0000000000
20798  -3.549  48.710  -22.624 6.0000000000
20799  -3.736  50.360  -23.254 7.0000000000
20800  -3.963  51.781  -26.286 6.0000000000
20801  -3.722  50.373  -25.543 6.0000000000
24025  -4.395  51.855  -15.354 7.0000000000
24026  -4.054  50.425  -15.531 7.0000000000
24027  -4.316  52.240  -16.298 7.0000000000
24028  -4.272  52.564  -17.275 7.0000000000
24029  -4.260  52.821  -18.283 7.0000000000
24030  -4.276  53.014  -19.320 7.0000000000
24031  -4.703  54.394  -19.166 7.0000000000
24032  -5.284  55.821  -20.148 7.0000000000
24033  -5.991  57.112  -21.228 7.0000000000
25102  -5.682  33.214  -8.688 7.0000000000
25103  -5.431  35.618  -8.865 7.0000000000
25104  -5.247  38.014  -9.092 7.0000000000
25105  -6.821  46.973  -9.610 7.0000000000
25106  -6.207  45.635  -9.530 7.0000000000
25107  -6.342  47.726  -10.123 7.0000000000
25108  -5.908  48.449  -10.693 7.0000000000
25109  -5.523  49.134  -11.324 7.0000000000
25110  -5.190  49.775  -12.018 7.0000000000
25111  -5.824  51.086  -12.046 7.0000000000
25112  -6.295  52.936  -12.841 7.0000000000
25113  -6.908  54.669  -13.705 7.0000000000
27311  -10.991  59.614  -16.164 7.0000000000
27436  -4.666  34.057  -12.386 6.0000000000
27438  -4.508  34.649  -13.271 6.0000000000
27439  -4.380  35.216  -14.190 6.0000000000
27440  -4.284  35.757  -15.142 6.0000000000
27441  -3.570  43.794  -17.470 7.0000000000
27442  -3.705  41.538  -17.236 6.0000000000
27443  -3.676  41.944  -18.281 6.0000000000
27454  -4.351  53.266  -23.721 7.0000000000
27455  -4.002  51.865  -24.005 7.0000000000
27456  -4.338  53.223  -24.865 6.0000000000
27457  -4.305  53.150  -26.003 6.0000000000
27458  -4.265  53.048  -27.132 6.0000000000
29282  -6.856  37.313  -7.444 7.0000000000
29283  -6.381  38.100  -7.839 7.0000000000
29284  -6.916  39.622  -7.780 7.0000000000
29285  -7.046  41.879  -8.163 7.0000000000
29286  -7.189  44.072  -8.618 7.0000000000
29288  -7.911  45.383  -8.761 7.0000000000
29289  -7.346  46.191  -9.155 7.0000000000
29290  -7.589  48.232  -9.768 7.0000000000
29291  -7.976  50.191  -10.439 7.0000000000
29292  -8.514  52.056  -11.167 7.0000000000
31099  -3.957  43.713  -12.990 7.0000000000
31100  -3.861  41.955  -13.567 7.0000000000
31101  -3.818  44.258  -13.878 7.0000000000
31102  -3.715  44.756  -14.813 7.0000000000
31103  -3.639  45.200  -15.784 7.0000000000
31104  -3.845  48.912  -15.818 7.0000000000
31105  -3.692  47.301  -16.234 7.0000000000
31106  -3.583  45.590  -16.786 7.0000000000
31107  -3.545  45.934  -17.814 7.0000000000
31108  -3.519  46.243  -18.862 7.0000000000
31109  -3.497  46.517  -19.931 6.0000000000
31110  -3.476  46.741  -21.020 6.0000000000
31111  -3.581  48.421  -20.409 7.0000000000
31112  -3.752  50.186  -21.015 7.0000000000
31113  -3.999  51.805  -21.744 7.0000000000
31114  -4.306  53.148  -20.385 7.0000000000
31115  -4.331  53.232  -21.473 7.0000000000
31116  -4.345  53.272  -22.586 7.0000000000
31117  -4.796  54.591  -23.534 6.0000000000
31118  -5.321  55.799  -24.585 6.0000000000
31119  -5.877  56.940  -25.719 6.0000000000
33477  -4.853  33.441  -11.540 6.0000000000
33478  -4.599  35.909  -11.570 7.0000000000
33479  -4.350  38.354  -11.681 7.0000000000
33480  -4.182  40.768  -11.873 7.0000000000
33481  -5.946  38.878  -8.294 7.0000000000
33482  -5.551  39.642  -8.805 7.0000000000
33483  -5.194  40.389  -9.370 7.0000000000
33484  -5.697  44.217  -9.555 7.0000000000
33485  -5.248  42.711  -9.708 7.0000000000
33486  -4.874  41.116  -9.986 7.0000000000
33487  -4.591  41.818  -10.655 7.0000000000
33488  -4.344  42.490  -11.377 7.0000000000
33489  -4.133  43.123  -12.155 7.0000000000
33490  -4.156  45.375  -12.548 7.0000000000
33491  -4.197  47.501  -13.070 7.0000000000
33492  -4.289  49.510  -13.712 7.0000000000
33493  -4.911  50.369  -12.776 7.0000000000
33494  -4.687  50.916  -13.589 7.0000000000
33495  -4.517  51.412  -14.449 7.0000000000
33496  -4.915  53.206  -15.267 7.0000000000
33497  -5.467  54.876  -16.165 7.0000000000
33498  -6.145  56.408  -17.146 7.0000000000
37969  -9.683  53.084  -11.428 6.0000000000
37970  -9.177  53.819  -11.953 6.0000000000
37976  -12.640  57.247  -13.346 6.0000000000
37977  -11.264  56.387  -13.072 6.0000000000
37978  -9.943  55.481  -12.794 6.0000000000
37979  -8.718  54.509  -12.536 7.0000000000
37980  -8.304  55.154  -13.176 7.0000000000
37981  -7.944  55.746  -13.877 7.0000000000
37982  -7.646  56.277  -14.642 7.0000000000
37983  -9.713  58.710  -15.897 7.0000000000
37984  -8.504  57.764  -15.656 7.0000000000
37985  -7.404  56.749  -15.463 7.0000000000
37986  -7.210  57.164  -16.334 7.0000000000
37987  -7.058  57.517  -17.253 7.0000000000
37988  -6.945  57.803  -18.215 7.0000000000
38011  -11.014  62.281  -21.191 6.0000000000
38012  -10.066  61.087  -19.862 7.0000000000
38013  -8.937  60.100  -19.598 7.0000000000
38014  -7.858  59.085  -19.376 7.0000000000
38015  -6.870  58.021  -19.216 7.0000000000
38016  -6.826  58.175  -20.250 7.0000000000
38017  -6.803  58.266  -21.313 7.0000000000
38018  -6.790  58.299  -22.403 7.0000000000
38019  -8.507  60.545  -23.872 6.0000000000
38020  -7.601  59.433  -23.663 6.0000000000
38021  -6.767  58.282  -23.513 6.0000000000
38022  -6.705  58.225  -24.637 6.0000000000
38023  -6.589  58.142  -25.769 6.0000000000
38243  -3.895  40.119  -14.277 7.0000000000
38244  -4.025  38.220  -15.126 6.0000000000
38270  -3.460  46.918  -22.126 6.0000000000
38271  -3.455  47.055  -23.253 6.0000000000
38273  -3.733  50.382  -24.398 6.0000000000
41507  -5.698  55.969  -17.601 7.0000000000
41508  -5.335  55.360  -17.595 7.0000000000
41509  -5.665  56.097  -18.093 7.0000000000
41510  -5.641  56.208  -18.595 7.0000000000
41511  -6.027  56.798  -18.616 7.0000000000
42104  -6.289  34.957  -7.633 7.0000000000
42105  -6.079  35.336  -7.875 7.0000000000
42106  -6.215  36.138  -7.767 7.0000000000
42107  -7.743  51.869  -11.325 7.0000000000
42108  -7.252  51.296  -11.231 7.0000000000
42109  -7.519  52.221  -11.611 7.0000000000
42110  -7.307  52.562  -11.912 7.0000000000
42111  -7.819  53.120  -12.008 7.0000000000
43402  -4.070  40.185  -12.586 7.0000000000
43403  -4.083  39.274  -12.929 7.0000000000
43404  -3.992  40.481  -13.014 7.0000000000
43405  -3.514  44.625  -20.117 6.0000000000
43412  -5.506  56.276  -26.286 6.0000000000
43413  -5.216  55.658  -26.300 6.0000000000
45802  -4.081  49.023  -14.259 7.0000000000
45803  -3.975  48.266  -14.399 7.0000000000
45804  -4.024  49.256  -14.717 7.0000000000
45805  -3.962  51.244  -18.004 7.0000000000
45806  -3.860  50.353  -17.644 7.0000000000
45807  -3.857  50.483  -18.158 7.0000000000
45808  -3.767  49.701  -18.341 7.0000000000
45809  -3.858  50.600  -18.678 7.0000000000
45810  -3.862  50.704  -19.205 7.0000000000
45811  -3.972  51.464  -19.043 7.0000000000
45812  -5.649  56.520  -21.757 7.0000000000
45813  -5.330  55.898  -21.765 7.0000000000
45814  -5.664  56.517  -22.307 7.0000000000
45815  -5.675  56.502  -22.864 6.0000000000
45816  -6.018  57.112  -22.874 6.0000000000
47597  -5.001  37.537  -9.596 7.0000000000
47598  -4.959  36.682  -9.829 7.0000000000
47599  -4.854  37.889  -9.927 7.0000000000
47600  -4.715  38.237  -10.271 7.0000000000
47601  -4.778  39.093  -10.041 7.0000000000
47602  -6.621  43.781  -8.795 7.0000000000
47603  -6.331  43.070  -8.793 7.0000000000
47604  -6.386  44.172  -9.024 7.0000000000
47605  -5.200  47.431  -11.007 7.0000000000
47606  -5.167  46.380  -10.714 7.0000000000
47607  -4.998  46.718  -11.050 7.0000000000
47608  -4.817  45.985  -11.124 7.0000000000
47609  -4.839  47.046  -11.401 7.0000000000
47610  -4.692  47.363  -11.767 7.0000000000
47611  -4.876  48.081  -11.707 7.0000000000
47612  -6.312  54.361  -14.033 7.0000000000
47613  -5.890  53.765  -13.992 7.0000000000
47614  -6.196  54.612  -14.438 7.0000000000
47615  -6.092  54.851  -14.856 7.0000000000
47616  -6.534  55.428  -14.903 7.0000000000
51275  -11.513  58.823  -15.006 6.0000000000
51276  -11.040  58.098  -14.509 6.0000000000
51277  -10.846  58.384  -14.866 6.0000000000
51278  -10.190  57.939  -14.728 7.0000000000
51279  -10.667  58.657  -15.238 7.0000000000
51280  -10.345  60.657  -18.381 7.0000000000
51281  -9.847  60.010  -17.779 7.0000000000
51282  -9.747  60.181  -18.247 7.0000000000
51283  -9.158  59.699  -18.120 7.0000000000
51284  -9.657  60.335  -18.729 7.0000000000
51303  -10.131  62.077  -23.193 6.0000000000
51304  -10.213  62.025  -22.652 6.0000000000
51305  -9.691  61.518  -22.506 6.0000000000
51306  -9.237  60.948  -21.826 6.0000000000
51307  -9.176  61.002  -22.366 6.0000000000
51308  -8.671  60.477  -22.235 6.0000000000
51309  -9.114  61.042  -22.909 6.0000000000
51495  -3.642  43.194  -15.943 7.0000000000
51496  -3.698  42.047  -15.817 7.0000000000
51497  -3.670  42.267  -16.317 7.0000000000
51517  -3.861  51.097  -22.480 7.0000000000
51518  -3.738  50.334  -22.686 7.0000000000
51519  -3.861  51.119  -23.046 7.0000000000
51520  -3.949  51.742  -26.852 6.0000000000
55402  -4.582  52.743  -15.762 7.0000000000
55403  -4.351  52.055  -15.821 7.0000000000
55404  -4.540  52.931  -16.233 7.0000000000
55405  -4.719  54.075  -17.642 7.0000000000
55406  -4.485  53.259  -17.202 7.0000000000
55407  -4.470  53.398  -17.697 7.0000000000
55408  -4.262  52.701  -17.775 7.0000000000
55409  -4.463  53.520  -18.201 7.0000000000
55410  -4.463  53.625  -18.712 7.0000000000
55411  -4.701  54.305  -18.650 7.0000000000
55412  -5.617  56.378  -19.621 7.0000000000
55413  -5.279  55.763  -19.622 7.0000000000
55414  -5.616  56.439  -20.145 7.0000000000
55415  -5.622  56.482  -20.676 7.0000000000
55416  -5.985  57.081  -20.692 7.0000000000
57197  -5.684  36.083  -8.398 7.0000000000
57198  -5.606  35.255  -8.569 7.0000000000
57199  -5.500  36.452  -8.679 7.0000000000
57200  -5.325  36.817  -8.972 7.0000000000
57201  -5.422  37.646  -8.801 7.0000000000
57202  -6.929  47.997  -9.922 7.0000000000
57203  -6.576  47.353  -9.859 7.0000000000
57204  -6.685  48.373  -10.178 7.0000000000
57205  -6.392  50.085  -11.083 7.0000000000
57206  -6.235  49.100  -10.734 7.0000000000
57207  -6.027  49.451  -11.032 7.0000000000
57208  -5.709  48.797  -11.001 7.0000000000
57209  -5.833  49.792  -11.346 7.0000000000
57210  -5.652  50.122  -11.675 7.0000000000
57211  -6.000  50.763  -11.709 7.0000000000
57212  -6.918  53.216  -12.557 7.0000000000
57213  -6.459  52.632  -12.488 7.0000000000
57214  -6.744  53.524  -12.903 7.0000000000
57215  -6.585  53.818  -13.264 7.0000000000
57216  -7.061  54.387  -13.334 7.0000000000
61087  -4.538  35.296  -12.383 7.0000000000
61088  -4.583  34.356  -12.824 6.0000000000
61089  -4.453  35.595  -12.816 6.0000000000
61090  -4.177  37.408  -13.720 7.0000000000
61091  -4.307  36.175  -13.711 6.0000000000
61092  -4.246  36.455  -14.172 6.0000000000
61093  -4.328  35.490  -14.662 6.0000000000
61094  -4.194  36.727  -14.642 6.0000000000
61095  -3.555  43.978  -17.991 6.0000000000
61096  -3.609  42.875  -17.860 6.0000000000
61097  -3.597  43.063  -18.385 6.0000000000
61117  -4.556  53.917  -24.188 6.0000000000
61118  -4.348  53.249  -24.293 6.0000000000
61119  -4.545  53.888  -24.760 6.0000000000
61120  -4.706  54.402  -26.388 6.0000000000
61121  -4.508  53.809  -25.900 6.0000000000
61122  -4.485  53.759  -26.466 6.0000000000
61123  -4.286  53.103  -26.569 6.0000000000
61124  -4.460  53.701  -27.030 6.0000000000
64395  -6.874  38.473  -7.607 7.0000000000
64396  -7.170  39.222  -7.604 7.0000000000
64397  -7.655  42.174  -8.028 6.0000000000
64398  -7.305  41.476  -7.984 7.0000000000
64399  -7.382  42.580  -8.196 7.0000000000
64400  -7.118  42.984  -8.381 7.0000000000
64401  -7.458  43.668  -8.428 7.0000000000
64407  -8.019  46.417  -9.043 7.0000000000
64408  -7.623  45.789  -8.951 7.0000000000
64409  -7.730  46.822  -9.241 7.0000000000
64410  -7.451  47.221  -9.453 7.0000000000
64411  -7.865  47.836  -9.548 7.0000000000
64412  -8.762  50.363  -10.327 6.0000000000
64413  -8.243  49.804  -10.205 7.0000000000
64414  -8.488  50.754  -10.554 6.0000000000
64415  -8.227  51.136  -10.796 7.0000000000
64416  -8.770  51.680  -10.916 6.0000000000
68287  -3.964  44.838  -13.181 7.0000000000
68288  -3.883  43.992  -13.428 7.0000000000
68289  -3.892  45.108  -13.624 7.0000000000
68290  -3.802  46.678  -14.778 7.0000000000
68291  -3.776  45.612  -14.544 7.0000000000
68292  -3.730  45.845  -15.019 7.0000000000
68293  -3.675  44.985  -15.294 7.0000000000
68294  -3.691  46.063  -15.503 7.0000000000
68295  -4.020  50.619  -16.010 7.0000000000
68296  -3.938  49.680  -15.659 7.0000000000
68297  -3.907  49.870  -16.144 7.0000000000
68298  -3.718  48.471  -17.007 7.0000000000
68299  -3.738  48.302  -16.504 7.0000000000
68300  -3.667  47.481  -16.735 7.0000000000
68301  -3.629  46.457  -16.493 7.0000000000
68302  -3.606  46.635  -16.999 7.0000000000
68303  -3.562  45.767  -17.297 7.0000000000
68304  -3.587  46.800  -17.511 7.0000000000
68305  -3.610  48.077  -18.801 7.0000000000
68306  -3.559  47.102  -18.552 7.0000000000
68307  -3.548  47.240  -19.081 7.0000000000
68308  -3.508  46.385  -19.394 6.0000000000
68309  -3.538  47.369  -19.615 7.0000000000
68310  -3.527  47.486  -20.154 7.0000000000
68311  -3.591  48.318  -19.868 7.0000000000
68312  -3.868  50.881  -20.274 7.0000000000
68313  -3.758  50.110  -20.470 7.0000000000
68314  -3.868  50.953  -20.817 7.0000000000
68315  -3.865  51.014  -21.365 7.0000000000
68316  -3.998  51.759  -21.193 7.0000000000
68317  -4.484  53.787  -19.757 7.0000000000
68318  -4.291  53.088  -19.850 7.0000000000
68319  -4.501  53.845  -20.290 7.0000000000
68320  -4.779  54.607  -21.848 7.0000000000
68321  -4.533  53.920  -21.374 7.0000000000
68322  -4.545  53.940  -21.925 7.0000000000
68323  -4.339  53.257  -22.026 7.0000000000
68324  -4.554  53.949  -22.483 7.0000000000
68325  -4.559  53.949  -23.047 7.0000000000
68326  -4.796  54.606  -22.966 7.0000000000
68327  -5.662  56.450  -23.996 6.0000000000
68328  -5.343  55.832  -24.011 6.0000000000
68329  -5.635  56.415  -24.569 6.0000000000
68330  -5.597  56.376  -25.144 6.0000000000
68331  -5.929  56.985  -25.146 6.0000000000
73674  -5.338  33.041  -9.631 6.0000000000
73675  -4.944  34.933  -10.403 7.0000000000
73676  -5.071  33.710  -10.364 7.0000000000
73677  -4.950  34.037  -10.748 7.0000000000
73679  -4.836  34.360  -11.141 7.0000000000
73680  -4.730  34.678  -11.545 7.0000000000
73681  -4.706  35.589  -11.171 7.0000000000
73682  -4.466  38.916  -10.995 7.0000000000
73683  -4.455  38.032  -11.288 7.0000000000
73684  -4.355  39.245  -11.375 7.0000000000
73685  -4.252  39.566  -11.767 7.0000000000
73686  -4.284  40.448  -11.482 7.0000000000
73687  -6.398  39.263  -8.001 7.0000000000
73688  -6.158  38.490  -8.059 7.0000000000
73689  -6.176  39.656  -8.221 7.0000000000
73690  -5.803  41.585  -8.878 7.0000000000
73691  -5.763  40.430  -8.703 7.0000000000
73692  -5.571  40.811  -8.965 7.0000000000
73693  -5.368  40.018  -9.081 7.0000000000
73694  -5.388  41.188  -9.241 7.0000000000
73695  -5.985  46.010  -9.795 7.0000000000
73696  -5.942  44.936  -9.527 7.0000000000
73697  -5.734  45.309  -9.801 7.0000000000
73698  -5.114  44.201  -10.216 7.0000000000
73699  -5.286  43.842  -9.908 7.0000000000
73700  -5.081  43.074  -10.012 7.0000000000
73701  -5.048  41.925  -9.832 7.0000000000
73702  -4.892  42.284  -10.148 7.0000000000
73703  -4.728  41.471  -10.314 7.0000000000
73704  -4.744  42.636  -10.477 7.0000000000
73705  -4.496  44.449  -11.372 7.0000000000
73706  -4.475  43.317  -11.177 7.0000000000
73707  -4.354  43.644  -11.548 7.0000000000
73708  -4.234  42.812  -11.758 7.0000000000
73709  -4.243  43.960  -11.935 7.0000000000
73710  -4.140  44.264  -12.336 7.0000000000
73711  -4.259  45.078  -12.141 7.0000000000
73712  -4.435  47.965  -12.544 7.0000000000
73713  -4.296  47.221  -12.652 7.0000000000
73714  -4.327  48.248  -12.954 7.0000000000
73715  -4.231  48.520  -13.377 7.0000000000
73716  -4.379  49.249  -13.284 7.0000000000
73717  -5.331  50.746  -12.384 7.0000000000
73718  -5.044  50.077  -12.389 7.0000000000
73719  -5.191  51.040  -12.762 7.0000000000
73720  -5.158  52.508  -13.964 7.0000000000
73721  -4.953  51.592  -13.561 7.0000000000
73722  -4.854  51.849  -13.978 7.0000000000
73723  -4.595  51.171  -14.013 7.0000000000
73724  -4.768  52.092  -14.408 7.0000000000
73725  -4.695  52.323  -14.848 7.0000000000
73726  -4.984  52.986  -14.822 7.0000000000
73727  -5.920  55.285  -15.728 7.0000000000
73728  -5.529  54.682  -15.708 7.0000000000
73729  -5.851  55.480  -16.181 7.0000000000
73730  -5.791  55.660  -16.645 7.0000000000
73731  -6.202  56.244  -16.676 7.0000000000
84687  -10.046  53.943  -11.821 6.0000000000
84688  -9.424  53.457  -11.683 6.0000000000
84689  -9.791  54.308  -12.086 6.0000000000
84704  -13.079  58.010  -13.785 6.0000000000
84705  -12.391  57.588  -13.653 6.0000000000
84706  -11.949  56.821  -13.210 6.0000000000
84707  -11.704  57.160  -13.515 6.0000000000
84708  -10.136  56.598  -13.555 6.0000000000
84709  -10.359  56.276  -13.237 6.0000000000
84710  -9.715  55.814  -13.101 6.0000000000
84711  -9.316  55.005  -12.661 6.0000000000
84712  -9.096  55.335  -12.970 7.0000000000
84713  -8.505  54.837  -12.849 7.0000000000
84714  -8.887  55.654  -13.293 7.0000000000
84715  -8.935  57.015  -14.468 7.0000000000
84716  -8.511  56.251  -13.984 7.0000000000
84717  -8.346  56.528  -14.354 7.0000000000
84718  -7.788  56.019  -14.252 7.0000000000
84719  -8.196  56.789  -14.739 7.0000000000
84720  -10.841  59.852  -16.581 7.0000000000
84721  -10.347  59.165  -16.029 7.0000000000
84722  -10.205  59.399  -16.447 7.0000000000
84723  -8.859  58.677  -16.627 7.0000000000
84724  -8.972  58.468  -16.193 7.0000000000
84725  -8.387  57.984  -16.080 7.0000000000
84726  -7.939  57.266  -15.553 7.0000000000
84727  -7.829  57.482  -15.979 7.0000000000
84728  -7.301  56.963  -15.892 7.0000000000
84729  -7.730  57.685  -16.417 7.0000000000
84730  -8.027  58.710  -17.896 7.0000000000
84731  -7.565  58.043  -17.331 7.0000000000
84732  -7.497  58.198  -17.805 7.0000000000
84733  -6.997  57.669  -17.729 7.0000000000
84734  -7.439  58.335  -18.289 7.0000000000
84791  -10.376  61.883  -21.576 6.0000000000
84792  -10.921  62.375  -21.725 6.0000000000
84793  -10.460  61.793  -21.045 6.0000000000
84794  -10.547  61.690  -20.520 6.0000000000
84795  -9.985  61.200  -20.377 7.0000000000
84796  -9.498  60.596  -19.726 7.0000000000
84797  -9.427  60.704  -20.240 7.0000000000
84798  -8.295  59.779  -20.513 7.0000000000
84799  -8.339  59.695  -19.992 7.0000000000
84800  -7.818  59.178  -19.888 7.0000000000
84801  -7.350  58.560  -19.287 7.0000000000
84802  -7.318  58.649  -19.800 7.0000000000
84803  -6.844  58.106  -19.729 7.0000000000
84804  -7.292  58.722  -20.321 7.0000000000
84805  -7.698  59.402  -22.012 7.0000000000
84806  -7.253  58.822  -21.383 7.0000000000
84807  -7.236  58.851  -21.925 7.0000000000
84808  -6.797  58.289  -21.855 7.0000000000
84809  -7.219  58.867  -22.472 6.0000000000
84814  -7.992  59.987  -24.310 6.0000000000
84815  -7.557  59.420  -24.216 6.0000000000
84816  -7.174  58.863  -23.580 6.0000000000
84817  -7.141  58.843  -24.137 6.0000000000
84818  -6.743  58.257  -24.074 6.0000000000
84819  -7.096  58.815  -24.695 6.0000000000
85365  -3.803  42.227  -14.022 7.0000000000
85366  -3.863  41.046  -13.905 7.0000000000
85367  -3.812  41.313  -14.368 7.0000000000
85368  -3.877  39.684  -15.651 6.0000000000
85369  -3.911  39.436  -15.162 7.0000000000
85370  -3.990  38.475  -15.613 6.0000000000
85371  -4.115  37.251  -15.607 6.0000000000
85372  -4.086  37.502  -16.102 6.0000000000
85374  -3.804  40.373  -17.163 6.0000000000
85432  -3.505  47.682  -21.247 6.0000000000
85433  -3.466  46.835  -21.571 6.0000000000
85434  -3.496  47.763  -21.800 6.0000000000
85435  -3.546  48.754  -23.191 6.0000000000
85436  -3.487  47.891  -22.922 6.0000000000
85437  -3.487  47.939  -23.491 6.0000000000
85439  -3.488  47.978  -24.064 6.0000000000
85440  -3.997  51.855  -24.578 6.0000000000
85441  -3.858  51.133  -24.188 6.0000000000
85442  -3.853  51.127  -24.760 6.0000000000
93145  -5.073  54.427  -16.639 7.0000000000
93146  -4.770  53.776  -16.666 7.0000000000
93147  -5.036  54.587  -17.119 7.0000000000
93148  -5.008  54.729  -17.608 7.0000000000
93149  -4.989  54.855  -18.105 7.0000000000
93150  -4.977  54.962  -18.611 7.0000000000
93151  -5.291  55.597  -18.593 7.0000000000
93152  -5.625  56.302  -19.104 7.0000000000
93153  -5.991  56.973  -19.639 7.0000000000
94220  -6.101  33.333  -7.902 6.0000000000
94221  -5.910  33.697  -8.179 7.0000000000
94222  -5.981  34.522  -8.012 7.0000000000
94223  -5.877  35.711  -8.130 7.0000000000
94224  -5.800  36.899  -8.257 7.0000000000
94225  -7.257  49.980  -10.594 7.0000000000
94226  -6.833  49.370  -10.514 7.0000000000
94227  -7.023  50.345  -10.865 7.0000000000
94228  -6.801  50.701  -11.149 7.0000000000
94229  -6.591  51.047  -11.448 7.0000000000
94230  -6.394  51.384  -11.761 7.0000000000
94231  -6.830  51.984  -11.829 7.0000000000
94232  -7.106  52.894  -12.227 7.0000000000
94233  -7.414  53.778  -12.641 7.0000000000
96556  -4.279  37.756  -12.440 7.0000000000
96557  -4.322  36.829  -12.830 7.0000000000
96558  -4.196  38.056  -12.868 7.0000000000
96559  -4.121  38.348  -13.307 7.0000000000
96560  -4.055  38.632  -13.755 7.0000000000
96561  -3.532  44.322  -19.045 6.0000000000
96562  -3.587  43.244  -18.914 6.0000000000
96563  -3.579  43.414  -19.447 6.0000000000
96574  -5.011  55.134  -25.195 6.0000000000
96575  -4.757  54.499  -25.252 6.0000000000
96576  -4.982  55.088  -25.766 6.0000000000
96577  -4.949  55.034  -26.333 6.0000000000
98550  -8.319  48.430  -9.657 6.0000000000
100876  -4.006  46.994  -13.659 7.0000000000
100877  -3.913  46.193  -13.851 7.0000000000
100878  -3.940  47.245  -14.110 7.0000000000
100879  -3.884  47.485  -14.571 7.0000000000
100880  -3.837  47.711  -15.042 7.0000000000
100881  -3.976  50.962  -16.992 7.0000000000
100882  -3.884  50.046  -16.636 7.0000000000
100883  -3.869  50.207  -17.136 7.0000000000
100884  -3.781  49.428  -17.311 7.0000000000
100885  -3.703  48.626  -17.517 7.0000000000
100886  -3.632  47.801  -17.756 7.0000000000
100887  -3.692  48.768  -18.033 7.0000000000
100888  -3.685  48.898  -18.555 7.0000000000
100889  -3.679  49.019  -19.082 7.0000000000
100890  -3.673  49.131  -19.615 7.0000000000
100891  -3.764  49.926  -19.395 7.0000000000
100892  -3.866  50.798  -19.737 7.0000000000
100893  -3.990  51.633  -20.107 7.0000000000
100894  -5.003  55.224  -20.707 7.0000000000
100895  -4.745  54.566  -20.756 7.0000000000
100896  -5.022  55.249  -21.248 7.0000000000
100897  -5.040  55.260  -21.795 7.0000000000
100898  -5.055  55.259  -22.349 7.0000000000
100899  -5.062  55.249  -22.909 7.0000000000
100900  -5.356  55.881  -22.875 7.0000000000
100901  -5.675  56.479  -23.427 6.0000000000
100902  -6.003  57.060  -24.002 6.0000000000
104107  -5.231  35.124  -9.410 7.0000000000
104108  -5.213  34.258  -9.681 7.0000000000
104109  -5.083  35.471  -9.747 7.0000000000
104110  -4.944  35.815  -10.097 7.0000000000
104111  -4.813  36.153  -10.460 7.0000000000
104112  -4.690  36.486  -10.834 7.0000000000
104113  -4.690  37.368  -10.534 7.0000000000
104114  -4.586  38.580  -10.627 7.0000000000
104115  -4.512  39.784  -10.736 7.0000000000
104116  -6.497  41.554  -8.363 7.0000000000
104117  -6.218  40.809  -8.394 7.0000000000
104118  -6.273  41.948  -8.584 7.0000000000
104119  -6.058  42.338  -8.820 7.0000000000
104120  -5.852  42.723  -9.071 7.0000000000
104121  -5.571  46.738  -10.370 7.0000000000
104122  -5.535  45.674  -10.090 7.0000000000
104123  -5.346  46.032  -10.394 7.0000000000
104124  -5.142  45.304  -10.450 7.0000000000
104125  -4.951  44.553  -10.540 7.0000000000
104126  -4.771  43.778  -10.663 7.0000000000
104127  -4.797  44.896  -10.878 7.0000000000
104128  -4.651  45.229  -11.231 7.0000000000
104129  -4.516  45.553  -11.599 7.0000000000
104130  -4.391  45.865  -11.982 7.0000000000
104131  -4.534  46.626  -11.858 7.0000000000
104132  -4.558  47.670  -12.148 7.0000000000
104133  -4.601  48.687  -12.467 7.0000000000
104134  -5.744  52.612  -13.173 7.0000000000
104135  -5.383  51.977  -13.154 7.0000000000
104136  -5.617  52.886  -13.565 7.0000000000
104137  -5.504  53.147  -13.969 7.0000000000
104138  -5.404  53.395  -14.386 7.0000000000
104139  -5.315  53.629  -14.815 7.0000000000
104140  -5.686  54.251  -14.826 7.0000000000
104141  -6.000  55.075  -15.286 7.0000000000
104142  -6.346  55.866  -15.766 7.0000000000
110727  -11.927  58.232  -14.305 6.0000000000
110728  -11.470  57.486  -13.834 6.0000000000
110729  -11.248  57.799  -14.165 6.0000000000
110730  -10.579  57.358  -14.025 6.0000000000
110731  -9.926  56.906  -13.887 6.0000000000
110732  -9.296  56.441  -13.754 7.0000000000
110733  -9.731  57.202  -14.233 7.0000000000
110734  -9.551  57.484  -14.594 7.0000000000
110735  -9.385  57.752  -14.971 7.0000000000
110736  -10.573  60.286  -17.456 7.0000000000
110737  -10.075  59.618  -16.878 7.0000000000
110738  -9.956  59.822  -17.322 7.0000000000
110739  -9.349  59.351  -17.193 7.0000000000
110740  -8.757  58.871  -17.073 7.0000000000
110741  -8.186  58.379  -16.964 7.0000000000
110742  -8.665  59.049  -17.531 7.0000000000
110743  -8.583  59.210  -18.001 7.0000000000
110744  -8.510  59.355  -18.484 7.0000000000
110779  -10.740  62.524  -22.803 6.0000000000
110780  -10.294  61.961  -22.113 6.0000000000
110781  -9.834  61.385  -21.431 6.0000000000
110782  -9.361  60.799  -20.762 7.0000000000
110783  -9.298  60.880  -21.291 6.0000000000
110784  -8.771  60.368  -21.160 7.0000000000
110785  -8.255  59.849  -21.041 7.0000000000
110786  -7.753  59.320  -20.936 7.0000000000
110787  -8.216  59.903  -21.575 7.0000000000
110788  -8.177  59.944  -22.116 6.0000000000
110789  -8.138  59.972  -22.662 6.0000000000
111123  -3.711  42.736  -14.964 7.0000000000
111124  -3.768  41.570  -14.842 7.0000000000
111125  -3.731  41.815  -15.325 7.0000000000
111126  -3.778  40.876  -15.719 7.0000000000
111127  -3.848  39.923  -16.147 6.0000000000
111163  -3.640  49.461  -21.798 7.0000000000
111164  -3.553  48.656  -22.062 6.0000000000
111165  -3.635  49.513  -22.358 7.0000000000
111166  -3.631  49.553  -22.923 6.0000000000
111167  -3.630  49.582  -23.493 6.0000000000
111168  -3.977  51.812  -25.719 6.0000000000
111169  -3.845  51.114  -25.331 6.0000000000
111170  -3.835  51.095  -25.901 6.0000000000
117499  -4.252  50.938  -14.966 7.0000000000
117500  -4.096  50.216  -15.061 7.0000000000
117501  -4.203  51.150  -15.430 7.0000000000
117502  -4.165  51.347  -15.903 7.0000000000
117503  -4.135  51.529  -16.385 7.0000000000
117504  -4.508  53.104  -16.713 7.0000000000
117505  -4.290  52.410  -16.783 7.0000000000
117506  -4.114  51.696  -16.875 7.0000000000
117507  -4.100  51.847  -17.372 7.0000000000
117508  -4.094  51.983  -17.877 7.0000000000
117509  -4.096  52.102  -18.389 7.0000000000
117510  -4.103  52.205  -18.908 7.0000000000
117511  -4.265  52.925  -18.798 7.0000000000
117512  -4.471  53.714  -19.231 7.0000000000
117513  -4.712  54.467  -19.689 7.0000000000
117514  -4.973  55.052  -19.124 7.0000000000
117515  -4.977  55.126  -19.644 7.0000000000
117516  -4.987  55.183  -20.172 7.0000000000
117517  -5.295  55.863  -20.681 7.0000000000
117518  -5.634  56.509  -21.214 7.0000000000
117519  -6.000  57.126  -21.771 7.0000000000
120012  -5.517  33.566  -9.007 7.0000000000
120013  -5.728  34.058  -8.469 7.0000000000
120014  -5.554  34.417  -8.770 7.0000000000
120015  -5.388  34.772  -9.084 7.0000000000
120016  -5.264  35.976  -9.174 7.0000000000
120017  -5.158  37.179  -9.278 7.0000000000
120018  -5.081  38.379  -9.396 7.0000000000
120019  -6.742  45.930  -9.316 7.0000000000
120020  -6.438  45.254  -9.279 7.0000000000
120021  -6.497  46.314  -9.558 7.0000000000
120022  -6.263  46.691  -9.815 7.0000000000
120023  -6.040  47.061  -10.087 7.0000000000
120024  -6.454  48.740  -10.449 7.0000000000
120025  -6.119  48.092  -10.401 7.0000000000
120026  -5.827  47.424  -10.373 7.0000000000
120027  -5.625  47.779  -10.674 7.0000000000
120028  -5.435  48.123  -10.991 7.0000000000
120029  -5.257  48.457  -11.324 7.0000000000
120030  -5.092  48.779  -11.673 7.0000000000
120031  -5.350  49.460  -11.663 7.0000000000
120032  -5.484  50.440  -12.022 7.0000000000
120033  -5.663  51.396  -12.400 7.0000000000
120034  -6.210  51.710  -12.089 7.0000000000
120035  -6.040  52.025  -12.435 7.0000000000
120036  -5.885  52.326  -12.796 7.0000000000
120037  -6.146  53.226  -13.210 7.0000000000
120038  -6.442  54.097  -13.642 7.0000000000
120039  -6.770  54.936  -14.091 7.0000000000
125165  -11.153  59.362  -15.763 7.0000000000
125168  -11.333  60.530  -17.146 6.0000000000
125171  -11.194  60.746  -17.590 6.0000000000
125172  -11.066  60.945  -18.048 6.0000000000
125173  -10.947  61.128  -18.518 6.0000000000
125174  -10.837  61.293  -19.001 6.0000000000
125207  -9.545  61.597  -23.588 6.0000000000
125463  -4.376  35.888  -13.259 6.0000000000
125464  -4.440  34.935  -13.726 6.0000000000
125469  -3.590  43.603  -16.955 7.0000000000
125470  -3.646  42.478  -16.825 6.0000000000
125471  -3.626  42.680  -17.339 6.0000000000
125472  -3.689  41.744  -17.756 6.0000000000
125500  -4.166  52.581  -23.280 7.0000000000
125501  -4.004  51.867  -23.434 7.0000000000
125502  -4.166  52.576  -23.850 7.0000000000
125503  -4.162  52.562  -24.422 6.0000000000
125504  -4.153  52.540  -24.994 6.0000000000
125505  -4.529  53.852  -25.331 6.0000000000
125506  -4.323  53.190  -25.435 6.0000000000
125507  -4.139  52.511  -25.563 6.0000000000
125508  -4.124  52.475  -26.131 6.0000000000
125509  -4.107  52.431  -26.697 6.0000000000
129950  -6.625  36.538  -7.481 7.0000000000
129951  -6.393  36.929  -7.687 7.0000000000
129952  -6.613  37.708  -7.634 7.0000000000
129953  -6.631  38.869  -7.797 7.0000000000
129954  -6.673  40.020  -7.970 7.0000000000
129955  -7.232  40.356  -7.787 7.0000000000
129956  -6.976  40.758  -7.964 7.0000000000
129957  -6.732  41.157  -8.156 7.0000000000
129958  -6.798  42.279  -8.358 7.0000000000
129959  -6.865  43.385  -8.580 7.0000000000
129960  -6.929  44.472  -8.823 7.0000000000
129966  -7.820  44.331  -8.498 6.0000000000
129967  -7.536  44.738  -8.679 7.0000000000
129968  -7.262  45.141  -8.876 7.0000000000
129969  -6.997  45.539  -9.089 7.0000000000
129970  -7.078  46.585  -9.375 7.0000000000
129971  -7.184  47.613  -9.680 7.0000000000
129972  -7.324  48.620  -10.002 7.0000000000
129973  -8.035  48.830  -9.870 7.0000000000
129974  -7.763  49.222  -10.097 7.0000000000
129975  -7.503  49.606  -10.338 7.0000000000
129976  -7.722  50.569  -10.689 7.0000000000
129977  -7.979  51.508  -11.053 7.0000000000
129978  -8.271  52.421  -11.433 7.0000000000
134881  -3.967  42.560  -12.828 7.0000000000
134882  -3.928  41.674  -13.124 7.0000000000
134883  -3.892  42.845  -13.262 7.0000000000
134884  -3.827  43.120  -13.708 7.0000000000
134885  -3.770  43.384  -14.166 7.0000000000
134886  -3.829  45.366  -14.079 7.0000000000
134887  -3.763  44.514  -14.341 7.0000000000
134888  -3.722  43.636  -14.636 7.0000000000
134889  -3.680  43.875  -15.115 7.0000000000
134890  -3.643  44.101  -15.603 7.0000000000
134891  -3.612  44.312  -16.099 7.0000000000
134892  -3.976  49.475  -15.183 7.0000000000
134893  -3.880  48.711  -15.336 7.0000000000
134894  -3.797  47.923  -15.521 7.0000000000
134895  -3.817  49.099  -16.308 7.0000000000
134896  -3.764  48.120  -16.009 7.0000000000
134897  -3.722  47.108  -15.741 7.0000000000
134898  -3.657  46.267  -15.994 7.0000000000
134899  -3.609  45.401  -16.282 7.0000000000
134900  -3.584  44.512  -16.602 7.0000000000
134901  -3.562  44.701  -17.112 7.0000000000
134902  -3.543  44.880  -17.628 7.0000000000
134903  -3.528  45.051  -18.149 7.0000000000
134904  -3.572  46.955  -18.029 7.0000000000
134905  -3.531  46.092  -18.335 7.0000000000
134906  -3.516  45.214  -18.674 6.0000000000
134907  -3.506  45.369  -19.205 6.0000000000
134908  -3.496  45.514  -19.740 6.0000000000
134909  -3.486  45.646  -20.280 6.0000000000
134910  -3.475  45.765  -20.825 6.0000000000
134911  -3.486  46.635  -20.474 6.0000000000
134912  -3.515  47.591  -20.698 6.0000000000
134913  -3.570  48.512  -20.955 7.0000000000
134914  -3.665  49.232  -20.153 7.0000000000
134915  -3.657  49.321  -20.696 7.0000000000
134916  -3.648  49.398  -21.244 7.0000000000
134917  -3.745  50.248  -21.566 7.0000000000
134918  -3.862  51.062  -21.919 7.0000000000
134919  -4.001  51.838  -22.302 7.0000000000
134920  -4.115  52.294  -19.434 7.0000000000
134921  -4.128  52.369  -19.966 7.0000000000
134922  -4.140  52.433  -20.504 7.0000000000
134923  -4.518  53.889  -20.829 7.0000000000
134924  -4.320  53.196  -20.926 7.0000000000
134925  -4.149  52.486  -21.047 7.0000000000
134926  -4.154  52.527  -21.596 7.0000000000
134927  -4.159  52.558  -22.151 7.0000000000
134928  -4.163  52.576  -22.713 7.0000000000
134929  -4.350  53.275  -23.151 7.0000000000
134930  -4.560  53.937  -23.616 7.0000000000
134931  -4.790  54.568  -24.106 6.0000000000
134932  -5.062  55.231  -23.476 6.0000000000
134933  -5.052  55.206  -24.048 6.0000000000
134934  -5.035  55.174  -24.622 6.0000000000
134935  -5.290  55.759  -25.159 6.0000000000
134936  -5.553  56.330  -25.717 6.0000000000
134937  -5.820  56.887  -26.288 6.0000000000
141568  -5.201  33.378  -9.992 6.0000000000
141574  -4.756  33.752  -11.958 6.0000000000
141575  -4.630  34.990  -11.959 7.0000000000
141576  -4.500  36.222  -11.980 7.0000000000
141577  -4.576  36.814  -11.219 7.0000000000
141578  -4.470  37.135  -11.615 7.0000000000
141579  -4.371  37.449  -12.022 7.0000000000
141580  -4.253  38.669  -12.086 7.0000000000
141581  -4.157  39.880  -12.171 7.0000000000
141582  -4.089  41.080  -12.278 7.0000000000
141583  -6.170  37.317  -7.909 7.0000000000
141584  -5.958  37.702  -8.144 7.0000000000
141585  -5.755  38.083  -8.394 7.0000000000
141586  -5.965  40.045  -8.455 7.0000000000
141587  -5.744  39.262  -8.542 7.0000000000
141588  -5.562  38.461  -8.658 7.0000000000
141589  -5.378  38.836  -8.935 7.0000000000
141590  -5.203  39.206  -9.224 7.0000000000
141591  -5.038  39.572  -9.527 7.0000000000
141592  -6.159  44.557  -9.268 7.0000000000
141593  -5.900  43.840  -9.286 7.0000000000
141594  -5.655  43.102  -9.336 7.0000000000
141595  -5.503  44.587  -9.838 7.0000000000
141596  -5.466  43.475  -9.615 7.0000000000
141597  -5.425  42.341  -9.417 7.0000000000
141598  -5.213  41.559  -9.530 7.0000000000
141599  -5.030  40.756  -9.672 7.0000000000
141600  -4.882  39.933  -9.842 7.0000000000
141601  -4.736  40.288  -10.169 7.0000000000
141602  -4.599  40.637  -10.510 7.0000000000
141603  -4.472  40.979  -10.863 7.0000000000
141604  -4.606  42.980  -10.820 7.0000000000
141605  -4.463  42.158  -11.009 7.0000000000
141606  -4.354  41.313  -11.229 7.0000000000
141607  -4.245  41.639  -11.609 7.0000000000
141608  -4.144  41.956  -12.002 7.0000000000
141609  -4.051  42.263  -12.408 7.0000000000
141610  -4.040  43.424  -12.565 7.0000000000
141611  -4.047  44.557  -12.752 7.0000000000
141612  -4.064  45.659  -12.969 7.0000000000
141613  -4.277  46.165  -12.380 7.0000000000
141614  -4.174  46.453  -12.793 7.0000000000
141615  -4.084  46.729  -13.220 7.0000000000
141616  -4.110  47.769  -13.501 7.0000000000
141617  -4.150  48.778  -13.813 7.0000000000
141618  -4.213  49.759  -14.151 7.0000000000
141619  -4.940  49.091  -12.037 7.0000000000
141620  -4.802  49.391  -12.416 7.0000000000
141621  -4.676  49.680  -12.810 7.0000000000
141622  -5.065  51.322  -13.155 7.0000000000
141623  -4.792  50.649  -13.176 7.0000000000
141624  -4.565  49.958  -13.218 7.0000000000
141625  -4.467  50.223  -13.638 7.0000000000
141626  -4.382  50.474  -14.070 7.0000000000
141627  -4.311  50.713  -14.513 7.0000000000
141628  -4.450  51.640  -14.896 7.0000000000
141629  -4.633  52.540  -15.300 7.0000000000
141630  -4.857  53.411  -15.724 7.0000000000
141631  -5.239  53.850  -15.255 7.0000000000
141632  -5.174  54.057  -15.706 7.0000000000
141633  -5.118  54.250  -16.168 7.0000000000
141634  -5.414  55.054  -16.632 7.0000000000
141635  -5.740  55.823  -17.118 7.0000000000
141636  -6.097  56.555  -17.626 7.0000000000
154871  -9.346  52.201  -11.048 6.0000000000
154872  -9.083  52.581  -11.293 6.0000000000
154873  -8.832  52.950  -11.553 6.0000000000
154874  -8.593  53.309  -11.828 7.0000000000
154891  -13.329  57.667  -13.476 6.0000000000
154894  -11.516  56.037  -12.782 6.0000000000
154895  -10.839  55.594  -12.641 6.0000000000
154896  -11.024  56.723  -13.376 6.0000000000
154897  -10.593  55.941  -12.932 6.0000000000
154898  -10.182  55.136  -12.502 6.0000000000
154899  -9.548  54.663  -12.366 6.0000000000
154900  -8.942  54.170  -12.237 6.0000000000
154901  -8.365  53.656  -12.117 7.0000000000
154902  -8.149  53.992  -12.420 7.0000000000
154903  -7.943  54.318  -12.738 7.0000000000
154904  -7.751  54.633  -13.071 7.0000000000
154905  -8.692  55.959  -13.631 7.0000000000
154906  -8.116  55.457  -13.519 7.0000000000
154907  -7.572  54.934  -13.420 7.0000000000
154908  -7.410  55.219  -13.784 7.0000000000
154909  -7.262  55.489  -14.164 7.0000000000
154910  -7.129  55.744  -14.559 7.0000000000
154911  -10.500  58.918  -15.626 7.0000000000
154912  -9.858  58.467  -15.492 7.0000000000
154913  -9.234  58.005  -15.364 7.0000000000
154914  -9.580  58.939  -16.316 7.0000000000
154915  -9.097  58.244  -15.772 7.0000000000
154916  -8.633  57.529  -15.246 7.0000000000
154917  -8.061  57.034  -15.139 7.0000000000
154918  -7.519  56.520  -15.046 7.0000000000
154919  -7.010  55.984  -14.967 7.0000000000
154920  -6.903  56.212  -15.388 7.0000000000
154921  -6.807  56.425  -15.821 7.0000000000
154922  -6.722  56.624  -16.267 7.0000000000
154923  -7.642  57.872  -16.868 7.0000000000
154924  -7.129  57.349  -16.788 7.0000000000
154925  -6.648  56.807  -16.724 7.0000000000
154926  -6.584  56.973  -17.191 7.0000000000
154927  -6.529  57.122  -17.669 7.0000000000
154928  -6.484  57.253  -18.157 7.0000000000
154991  -10.734  61.441  -19.496 7.0000000000
154999  -10.638  61.573  -20.003 6.0000000000
155000  -10.152  60.959  -19.357 7.0000000000
155001  -9.574  60.473  -19.222 7.0000000000
155002  -9.003  59.982  -19.094 7.0000000000
155003  -8.445  59.483  -18.977 7.0000000000
155004  -8.877  60.203  -20.111 7.0000000000
155005  -8.389  59.597  -19.480 7.0000000000
155006  -7.906  58.976  -18.873 7.0000000000
155007  -7.390  58.456  -18.783 7.0000000000
155008  -6.903  57.920  -18.711 7.0000000000
155009  -6.448  57.368  -18.655 7.0000000000
155010  -6.421  57.466  -19.161 7.0000000000
155011  -6.401  57.548  -19.675 7.0000000000
155012  -6.388  57.613  -20.197 7.0000000000
155013  -7.271  58.780  -20.848 7.0000000000
155014  -6.812  58.228  -20.778 7.0000000000
155015  -6.382  57.663  -20.726 7.0000000000
155016  -6.381  57.696  -21.261 7.0000000000
155017  -6.383  57.715  -21.804 7.0000000000
155018  -6.387  57.719  -22.352 7.0000000000
155019  -9.050  61.070  -23.452 6.0000000000
155020  -8.566  60.534  -23.326 6.0000000000
155021  -8.095  59.989  -23.211 6.0000000000
155023  -8.047  59.994  -23.761 6.0000000000
155024  -7.638  59.435  -23.110 6.0000000000
155025  -7.200  58.871  -23.024 6.0000000000
155026  -6.782  58.296  -22.956 6.0000000000
155027  -6.388  57.710  -22.905 6.0000000000
155028  -6.382  57.691  -23.464 6.0000000000
155029  -6.364  57.662  -24.028 6.0000000000
155030  -6.331  57.628  -24.596 6.0000000000
155032  -6.653  58.186  -25.202 6.0000000000
155033  -6.282  57.589  -25.166 6.0000000000
155034  -6.223  57.544  -25.737 6.0000000000
155687  -3.923  40.768  -13.454 7.0000000000
155688  -3.948  39.846  -13.817 7.0000000000
155689  -3.999  38.909  -14.214 7.0000000000
155690  -3.850  40.382  -14.748 7.0000000000
155691  -3.951  39.177  -14.684 7.0000000000
155692  -4.067  37.957  -14.648 6.0000000000
155693  -4.150  36.993  -15.120 6.0000000000
155696  -3.725  41.326  -16.723 6.0000000000
155697  -3.824  40.152  -16.651 6.0000000000
155698  -3.937  38.957  -16.612 6.0000000000
155768  -3.465  45.873  -21.373 6.0000000000
155769  -3.458  45.971  -21.926 6.0000000000
155771  -3.490  47.832  -22.358 6.0000000000
155772  -3.456  46.992  -22.687 6.0000000000
155777  -3.860  51.131  -23.616 7.0000000000
155778  -3.735  50.375  -23.825 6.0000000000
155779  -3.629  49.602  -24.065 6.0000000000
155780  -3.728  50.380  -24.971 6.0000000000
155781  -3.628  49.613  -24.639 6.0000000000
155782  -3.546  48.812  -24.336 6.0000000000
