#!ascii label  , from subject 40tvs8ref_sym_20 vox2ras=TkReg
409
514  -4.573  67.753  -41.090 6.0000000000
1125  -11.487  67.813  -36.231 6.0000000000
1126  -7.490  65.539  -38.828 7.0000000000
1327  1.094  57.594  -42.380 7.0000000000
1329  3.861  51.420  -43.966 6.0000000000
2183  -2.933  62.265  -40.722 7.0000000000
2184  0.510  63.901  -42.930 6.0000000000
3247  2.917  58.117  -43.544 6.0000000000
3248  2.653  54.631  -43.240 7.0000000000
3249  4.478  54.978  -44.303 6.0000000000
4818  -6.341  66.593  -40.130 7.0000000000
4819  -5.224  64.036  -39.856 7.0000000000
4820  -3.882  64.933  -41.103 7.0000000000
4821  -1.435  63.048  -41.939 7.0000000000
4822  -2.039  65.935  -42.046 6.0000000000
6633  -9.869  65.568  -35.942 6.0000000000
6634  -8.066  64.465  -37.254 6.0000000000
6635  -9.602  66.792  -37.626 6.0000000000
6997  -0.554  57.108  -41.240 7.0000000000
6998  -0.593  54.114  -41.087 6.0000000000
6999  0.945  54.306  -42.179 6.0000000000
7000  2.185  51.267  -43.011 6.0000000000
9109  -6.116  63.113  -38.389 6.0000000000
9110  -4.132  61.466  -39.365 6.0000000000
9111  -2.240  59.488  -40.284 6.0000000000
9112  -0.785  60.136  -41.519 7.0000000000
9113  0.922  60.808  -42.719 6.0000000000
9114  2.959  61.513  -43.828 6.0000000000
10927  3.914  58.379  -44.115 6.0000000000
10928  3.746  56.592  -43.941 6.0000000000
10929  4.741  56.806  -44.486 6.0000000000
12498  -5.532  67.156  -40.650 7.0000000000
12499  -5.116  65.788  -40.638 7.0000000000
12500  -4.278  66.305  -41.150 7.0000000000
12501  -3.028  65.415  -41.611 6.0000000000
12502  -3.304  66.860  -41.586 6.0000000000
14895  -10.702  66.693  -36.104 6.0000000000
14896  -9.806  66.193  -36.809 6.0000000000
14897  -10.578  67.331  -36.955 6.0000000000
15502  0.242  57.341  -41.810 7.0000000000
15503  0.219  55.754  -41.722 7.0000000000
15504  1.050  55.946  -42.271 7.0000000000
15505  3.305  53.048  -43.627 6.0000000000
15506  2.445  52.915  -43.121 6.0000000000
15507  3.013  51.335  -43.495 6.0000000000
20213  -7.839  65.017  -38.063 6.0000000000
20214  -7.102  63.822  -37.844 6.0000000000
20215  -6.792  64.336  -38.624 6.0000000000
20216  -4.071  63.188  -40.305 7.0000000000
20217  -4.637  62.766  -39.609 6.0000000000
20218  -3.566  61.871  -40.051 6.0000000000
20219  -3.166  60.524  -39.826 6.0000000000
20220  -2.527  60.890  -40.477 7.0000000000
20221  -1.541  59.810  -40.903 7.0000000000
20222  -1.830  61.252  -41.121 7.0000000000
20223  -0.529  63.465  -42.463 6.0000000000
20224  -0.232  61.980  -42.328 7.0000000000
20225  0.711  62.363  -42.874 6.0000000000
20226  1.893  61.156  -43.290 6.0000000000
20227  1.768  62.760  -43.378 6.0000000000
24277  1.983  57.855  -42.960 7.0000000000
24278  1.915  56.159  -42.821 7.0000000000
24279  2.809  56.376  -43.380 7.0000000000
24280  3.545  54.807  -43.774 7.0000000000
24281  4.190  53.182  -44.128 7.0000000000
27104  -6.994  66.057  -39.522 7.0000000000
27105  -6.369  64.819  -39.365 7.0000000000
27106  -5.814  65.296  -40.043 7.0000000000
27107  -4.614  64.479  -40.518 7.0000000000
27108  -3.413  63.602  -40.951 7.0000000000
27109  -2.227  62.652  -41.356 7.0000000000
27110  -2.655  64.025  -41.533 7.0000000000
27111  -1.780  64.477  -42.045 6.0000000000
27112  -0.768  64.955  -42.488 6.0000000000
30837  -9.028  64.428  -35.755 6.0000000000
30839  -8.993  65.047  -36.623 6.0000000000
30840  -8.848  65.634  -37.458 6.0000000000
30841  -8.571  66.196  -38.248 7.0000000000
30842  -10.283  67.968  -37.725 6.0000000000
30843  -9.235  67.394  -38.363 6.0000000000
30844  -8.139  66.758  -38.960 7.0000000000
30845  -7.537  67.342  -39.580 7.0000000000
30846  -6.766  67.957  -40.109 6.0000000000
31687  -1.276  56.902  -40.662 7.0000000000
31689  -0.549  55.598  -41.162 7.0000000000
31690  0.142  54.194  -41.640 6.0000000000
31691  0.790  52.725  -42.088 6.0000000000
31692  1.787  54.457  -42.710 7.0000000000
31693  1.606  52.803  -42.610 6.0000000000
31694  1.371  51.221  -42.509 6.0000000000
37570  -5.719  63.587  -39.137 6.0000000000
37571  -5.121  62.328  -38.892 6.0000000000
37574  -2.872  59.173  -39.668 6.0000000000
37575  -2.049  58.092  -40.161 6.0000000000
37576  -1.369  58.352  -40.754 7.0000000000
37577  -0.621  58.627  -41.347 7.0000000000
37578  0.191  58.917  -41.937 7.0000000000
37579  -1.072  61.612  -41.742 7.0000000000
37580  0.033  60.468  -42.125 7.0000000000
37581  1.058  59.218  -42.532 7.0000000000
37582  1.978  59.523  -43.128 6.0000000000
37583  2.967  59.831  -43.708 6.0000000000
37584  4.036  60.144  -44.263 6.0000000000
41647  4.439  58.510  -44.391 6.0000000000
41648  4.341  57.606  -44.306 6.0000000000
41649  4.865  57.725  -44.576 6.0000000000
43218  -5.071  67.450  -40.879 6.0000000000
43219  -4.905  66.736  -40.905 7.0000000000
43220  -4.439  67.018  -41.133 6.0000000000
43221  -3.808  66.578  -41.377 6.0000000000
43222  -3.938  67.310  -41.343 6.0000000000
45615  -11.102  67.253  -36.172 6.0000000000
45616  -10.660  67.015  -36.537 6.0000000000
45617  -11.042  67.580  -36.599 6.0000000000
45748  -11.122  66.920  -35.729 6.0000000000
46222  0.663  57.466  -42.095 7.0000000000
46223  0.654  56.657  -42.043 7.0000000000
46224  1.081  56.772  -42.322 7.0000000000
46225  3.595  52.241  -43.803 6.0000000000
46226  3.165  52.184  -43.559 6.0000000000
46227  3.434  51.377  -43.732 6.0000000000
46228  3.259  50.527  -43.666 6.0000000000
46229  3.677  50.555  -43.893 6.0000000000
50933  -7.681  65.280  -38.453 7.0000000000
50934  -7.319  64.685  -38.349 6.0000000000
50935  -7.143  64.938  -38.732 7.0000000000
50936  -3.499  62.737  -40.517 7.0000000000
50937  -3.809  62.534  -40.179 7.0000000000
50938  -3.258  62.069  -40.390 7.0000000000
50939  -3.041  61.392  -40.265 7.0000000000
50940  -2.716  61.582  -40.597 7.0000000000
50941  -2.185  61.071  -40.801 7.0000000000
50942  -2.375  61.770  -40.923 7.0000000000
50943  -0.026  63.681  -42.703 6.0000000000
50944  0.095  62.926  -42.669 6.0000000000
50945  0.604  63.133  -42.917 6.0000000000
50946  1.226  62.560  -43.131 6.0000000000
50947  1.144  63.342  -43.154 6.0000000000
55822  2.443  57.986  -43.252 6.0000000000
55823  2.408  57.130  -43.173 7.0000000000
55824  2.870  57.249  -43.460 6.0000000000
55825  4.123  55.793  -44.127 6.0000000000
55826  3.649  55.697  -43.855 6.0000000000
55827  4.005  54.893  -44.040 6.0000000000
55828  3.879  54.000  -43.958 7.0000000000
55829  4.338  54.075  -44.214 6.0000000000
60533  -6.688  66.322  -39.838 7.0000000000
60534  -6.408  65.684  -39.788 7.0000000000
60535  -6.088  65.938  -40.100 7.0000000000
60536  -4.499  65.367  -40.876 7.0000000000
60537  -4.874  65.128  -40.591 7.0000000000
60538  -4.263  64.704  -40.820 7.0000000000
60539  -4.013  64.049  -40.739 7.0000000000
60540  -3.654  64.265  -41.039 7.0000000000
60541  -3.047  63.811  -41.250 7.0000000000
60542  -3.268  64.486  -41.321 7.0000000000
60543  -2.552  65.671  -41.837 6.0000000000
60544  -2.405  64.953  -41.831 6.0000000000
60545  -1.923  65.200  -42.058 6.0000000000
60546  -1.293  64.713  -42.275 6.0000000000
60547  -1.405  65.454  -42.268 6.0000000000
67725  -9.446  65.000  -35.851 6.0000000000
67726  -9.023  64.741  -36.194 6.0000000000
67727  -9.438  65.315  -36.290 6.0000000000
67728  -9.724  66.494  -37.225 6.0000000000
67729  -9.334  65.921  -37.139 6.0000000000
67730  -9.232  66.212  -37.549 6.0000000000
67731  -8.727  65.917  -37.861 7.0000000000
67732  -9.093  66.501  -37.943 7.0000000000
67734  -10.787  68.234  -37.389 6.0000000000
67737  -9.532  68.010  -38.387 6.0000000000
67738  -8.986  67.706  -38.693 6.0000000000
67739  -8.693  67.084  -38.666 7.0000000000
67740  -8.429  67.384  -38.991 7.0000000000
67741  -7.859  67.046  -39.282 7.0000000000
67742  -8.119  67.693  -39.292 6.0000000000
68125  -10.284  65.805  -35.579 6.0000000000
68127  -9.856  65.242  -35.493 6.0000000000
68128  -9.430  64.675  -35.400 6.0000000000
69547  -0.925  57.002  -40.951 7.0000000000
69548  -0.908  56.264  -40.913 7.0000000000
69549  -0.545  56.351  -41.199 7.0000000000
69550  0.589  55.040  -41.954 7.0000000000
69551  0.187  54.969  -41.681 7.0000000000
69552  0.537  54.245  -41.911 6.0000000000
69553  0.473  53.465  -41.867 6.0000000000
69554  0.874  53.507  -42.134 6.0000000000
69555  2.295  55.404  -43.034 7.0000000000
69556  1.859  55.306  -42.763 7.0000000000
69557  2.218  54.543  -42.974 7.0000000000
69558  2.322  52.081  -43.066 6.0000000000
69559  2.023  52.855  -42.867 6.0000000000
69560  1.907  52.039  -42.815 6.0000000000
69561  1.496  52.005  -42.560 6.0000000000
69562  1.776  51.242  -42.762 6.0000000000
69564  2.032  50.467  -42.955 6.0000000000
83678  -8.140  64.177  -36.842 6.0000000000
83681  -6.611  63.477  -38.122 6.0000000000
83686  -5.799  64.435  -39.616 7.0000000000
83687  -6.043  64.205  -39.257 7.0000000000
83688  -5.485  63.813  -39.502 7.0000000000
83689  -4.371  62.120  -39.483 6.0000000000
83690  -4.889  62.550  -39.252 6.0000000000
83691  -4.624  61.907  -39.131 6.0000000000
83696  -2.697  60.018  -40.054 6.0000000000
83697  -3.008  59.847  -39.738 6.0000000000
83698  -2.565  59.330  -39.975 6.0000000000
83699  -2.455  58.645  -39.913 6.0000000000
83700  -2.135  58.788  -40.214 6.0000000000
83701  -1.718  58.220  -40.457 6.0000000000
83702  -1.797  58.933  -40.516 7.0000000000
83703  -1.170  59.972  -41.212 7.0000000000
83704  -1.073  59.231  -41.122 7.0000000000
83705  -0.688  59.384  -41.424 7.0000000000
83706  -0.222  58.770  -41.642 7.0000000000
83707  -0.288  59.539  -41.725 7.0000000000
83708  -1.844  62.848  -41.655 7.0000000000
83709  -1.645  62.144  -41.551 7.0000000000
83710  -1.250  62.334  -41.849 7.0000000000
83711  0.354  61.407  -42.522 6.0000000000
83712  -0.089  61.229  -42.230 7.0000000000
83713  0.468  60.637  -42.424 7.0000000000
83714  0.557  59.856  -42.325 7.0000000000
83715  1.003  60.017  -42.624 7.0000000000
83716  1.510  59.370  -42.830 7.0000000000
83717  1.464  60.180  -42.921 6.0000000000
83718  2.414  61.333  -43.562 6.0000000000
83719  2.446  60.509  -43.499 6.0000000000
83720  2.969  60.676  -43.777 6.0000000000
83721  3.491  59.987  -43.989 6.0000000000
83722  3.513  60.845  -44.048 6.0000000000
93397  3.407  58.248  -43.832 6.0000000000
93398  3.344  57.368  -43.746 6.0000000000
93399  3.834  57.487  -44.028 6.0000000000
93400  4.236  56.699  -44.216 6.0000000000
93401  4.612  55.889  -44.394 6.0000000000
96224  -5.955  66.871  -40.400 7.0000000000
96225  -5.731  66.197  -40.390 7.0000000000
96226  -5.336  66.463  -40.658 7.0000000000
96227  -4.714  66.043  -40.904 7.0000000000
96228  -4.092  65.612  -41.140 7.0000000000
96229  -3.471  65.169  -41.366 7.0000000000
96230  -3.652  65.865  -41.385 7.0000000000
96231  -3.180  66.129  -41.611 6.0000000000
96232  -2.672  66.403  -41.820 6.0000000000
100539  -10.289  66.132  -36.027 6.0000000000
100540  -9.853  65.885  -36.380 6.0000000000
100541  -10.262  66.450  -36.464 6.0000000000
100542  -10.200  66.761  -36.888 6.0000000000
100543  -10.098  67.069  -37.297 6.0000000000
100780  -10.707  66.364  -35.657 6.0000000000
101632  -0.165  57.221  -41.526 7.0000000000
101633  -0.163  56.445  -41.483 7.0000000000
101634  0.238  56.547  -41.764 7.0000000000
101635  0.629  55.846  -41.997 7.0000000000
101636  1.004  55.121  -42.224 7.0000000000
101637  2.990  53.845  -43.438 6.0000000000
101638  2.556  53.766  -43.179 6.0000000000
101639  2.872  52.980  -43.374 6.0000000000
101640  2.741  52.130  -43.314 6.0000000000
101641  2.597  51.298  -43.255 6.0000000000
101642  2.438  50.483  -43.198 6.0000000000
101643  2.847  50.503  -43.434 6.0000000000
110111  -7.966  64.745  -37.662 6.0000000000
110112  -7.587  64.151  -37.554 6.0000000000
110113  -7.467  64.423  -37.955 6.0000000000
110114  -6.959  64.084  -38.237 6.0000000000
110115  -6.446  63.728  -38.507 6.0000000000
110116  -4.647  63.620  -40.085 7.0000000000
110117  -4.925  63.405  -39.736 7.0000000000
110118  -4.365  62.979  -39.962 7.0000000000
110119  -4.099  62.328  -39.833 6.0000000000
110120  -3.857  61.670  -39.709 6.0000000000
110121  -3.645  61.006  -39.597 6.0000000000
110122  -3.351  61.200  -39.931 6.0000000000
110123  -2.854  60.707  -40.151 6.0000000000
110124  -2.369  60.190  -40.371 7.0000000000
110125  -1.898  59.649  -40.593 7.0000000000
110126  -2.026  60.363  -40.689 7.0000000000
110127  -1.670  60.535  -41.005 7.0000000000
110128  -1.299  60.707  -41.319 7.0000000000
110129  -0.998  63.254  -42.208 6.0000000000
110130  -0.830  62.527  -42.135 7.0000000000
110131  -0.383  62.724  -42.408 6.0000000000
110132  0.226  62.170  -42.607 6.0000000000
110133  0.821  61.589  -42.806 6.0000000000
110134  1.396  60.981  -43.008 6.0000000000
110135  1.313  61.773  -43.081 6.0000000000
110136  1.831  61.961  -43.347 6.0000000000
113391  -0.285  53.402  -41.323 6.0000000000
117238  -11.405  68.149  -36.648 6.0000000000
118087  1.534  57.725  -42.669 7.0000000000
118088  1.515  56.891  -42.603 7.0000000000
118089  1.957  57.010  -42.886 7.0000000000
118090  2.358  56.268  -43.100 7.0000000000
118091  2.737  55.502  -43.307 7.0000000000
118092  3.271  56.484  -43.661 6.0000000000
118093  3.188  55.600  -43.581 7.0000000000
118094  3.095  54.719  -43.507 7.0000000000
118095  3.431  53.923  -43.698 7.0000000000
118096  3.743  53.116  -43.879 6.0000000000
118097  4.032  52.297  -44.045 6.0000000000
124682  -7.261  65.797  -39.185 7.0000000000
124683  -6.934  65.187  -39.102 7.0000000000
124684  -6.689  65.435  -39.455 7.0000000000
124685  -6.109  65.057  -39.713 7.0000000000
124686  -5.523  64.664  -39.960 7.0000000000
124687  -5.483  65.539  -40.352 7.0000000000
124688  -5.215  64.895  -40.286 7.0000000000
124689  -4.934  64.257  -40.196 7.0000000000
124690  -4.344  63.835  -40.421 7.0000000000
124691  -3.754  63.395  -40.636 7.0000000000
124692  -3.169  62.937  -40.844 7.0000000000
124693  -2.589  62.458  -41.045 7.0000000000
124694  -2.817  63.137  -41.157 7.0000000000
124695  -2.443  63.339  -41.455 7.0000000000
124696  -2.044  63.546  -41.738 7.0000000000
124697  -2.852  64.715  -41.585 7.0000000000
124698  -2.234  64.247  -41.798 7.0000000000
124699  -1.615  63.761  -42.005 7.0000000000
124700  -1.155  63.981  -42.255 6.0000000000
124701  -0.660  64.208  -42.489 6.0000000000
124702  -0.129  64.438  -42.708 6.0000000000
134172  -8.587  64.467  -36.523 6.0000000000
134173  -8.535  64.763  -36.944 6.0000000000
134174  -9.402  65.622  -36.719 6.0000000000
134175  -8.935  65.345  -37.044 6.0000000000
134176  -8.456  65.052  -37.358 6.0000000000
134177  -8.349  65.333  -37.766 6.0000000000
134178  -8.210  65.606  -38.162 7.0000000000
134179  -8.036  65.875  -38.543 7.0000000000
134180  -10.937  67.905  -37.006 6.0000000000
134181  -10.453  67.648  -37.352 6.0000000000
134182  -9.954  67.376  -37.685 6.0000000000
134184  -9.765  67.689  -38.049 6.0000000000
134185  -9.440  67.091  -38.006 6.0000000000
134186  -8.914  66.790  -38.316 7.0000000000
134187  -8.375  66.475  -38.615 7.0000000000
134188  -7.824  66.144  -38.905 7.0000000000
134189  -7.572  66.415  -39.246 7.0000000000
134190  -7.279  66.692  -39.564 7.0000000000
134191  -6.944  66.975  -39.860 7.0000000000
134193  -7.172  67.646  -39.855 7.0000000000
134194  -6.568  67.266  -40.132 7.0000000000
134195  -6.153  67.564  -40.384 6.0000000000
134196  -5.700  67.870  -40.615 6.0000000000
136477  -1.610  56.806  -40.374 6.0000000000
136479  -1.251  56.183  -40.627 6.0000000000
136480  -0.903  55.532  -40.879 6.0000000000
136481  -0.564  54.853  -41.125 6.0000000000
136482  -0.175  55.672  -41.443 7.0000000000
136483  -0.199  54.907  -41.405 6.0000000000
136484  -0.235  54.151  -41.365 6.0000000000
136485  0.086  53.431  -41.597 6.0000000000
136486  0.396  52.697  -41.822 6.0000000000
136487  0.692  51.955  -42.039 6.0000000000
136488  1.480  56.052  -42.545 7.0000000000
136489  1.428  55.211  -42.494 7.0000000000
136490  1.363  54.377  -42.445 6.0000000000
136491  2.127  53.691  -42.919 6.0000000000
136492  1.703  53.620  -42.659 6.0000000000
136493  1.284  53.558  -42.398 6.0000000000
136494  1.194  52.760  -42.351 6.0000000000
136495  1.091  51.977  -42.302 6.0000000000
153670  -6.596  64.580  -39.001 7.0000000000
153671  -6.258  63.971  -38.886 6.0000000000
153672  -5.929  63.354  -38.765 6.0000000000
153673  -5.178  63.185  -39.378 6.0000000000
153674  -5.409  62.961  -39.013 6.0000000000
153675  -5.618  62.730  -38.645 6.0000000000
153682  -3.460  60.340  -39.501 6.0000000000
153687  -1.980  57.400  -40.119 6.0000000000
153688  -1.656  57.511  -40.410 6.0000000000
153689  -1.315  57.625  -40.703 7.0000000000
153690  -0.956  57.744  -40.995 7.0000000000
153691  -1.443  59.081  -40.819 7.0000000000
153692  -1.003  58.488  -41.051 7.0000000000
153693  -0.578  57.868  -41.287 7.0000000000
153694  -0.183  57.997  -41.577 7.0000000000
153695  0.228  58.131  -41.867 7.0000000000
153696  0.652  58.269  -42.157 7.0000000000
153697  -2.019  61.957  -41.242 7.0000000000
153698  -1.460  61.431  -41.436 7.0000000000
153699  -0.914  60.879  -41.629 7.0000000000
153700  -0.663  61.795  -42.040 7.0000000000
153701  -0.511  61.053  -41.932 7.0000000000
153702  -0.384  60.301  -41.824 7.0000000000
153703  0.127  59.697  -42.025 7.0000000000
153704  0.618  59.066  -42.234 7.0000000000
153705  1.087  58.410  -42.450 7.0000000000
153706  1.533  58.551  -42.745 7.0000000000
153707  1.991  58.693  -43.041 7.0000000000
153708  2.462  58.835  -43.336 6.0000000000
153709  1.945  60.343  -43.213 6.0000000000
153710  2.463  59.676  -43.421 6.0000000000
153711  2.950  58.978  -43.628 6.0000000000
153712  3.456  59.121  -43.915 6.0000000000
153713  3.981  59.265  -44.194 6.0000000000
153770  -2.763  67.155  -41.779 6.0000000000
153771  -2.127  66.687  -42.011 6.0000000000
153774  -1.489  66.207  -42.237 6.0000000000
153775  -0.850  65.713  -42.462 6.0000000000
160279  5.115  55.984  -44.654 6.0000000000
160280  4.964  55.062  -44.559 6.0000000000
160283  4.808  54.149  -44.465 6.0000000000
160284  4.647  53.246  -44.374 6.0000000000
160285  4.477  52.351  -44.284 7.0000000000
160286  4.295  51.463  -44.198 6.0000000000
160295  4.100  50.585  -44.116 6.0000000000
