lh.bankssts 0.742857792047861 0.67115767429378 0.0910867626025423 0.178530054700983 2137 aparc
lh.caudalanteriorcingulate 0.773206350478575 0.724925363371358 0.138570438480075 0.271598059420947 1439 aparc
lh.caudalmiddlefrontal 0.670652645825282 0.545303258867281 0.144227749200044 0.282686388432086 3736 aparc
lh.cuneus 0.743484956273933 0.688795582413777 0.129761484489074 0.254332509598585 1630 aparc
lh.entorhinal 0.642100427456114 0.605126384515076 0.205049427103013 0.401896877121905 1102 aparc
lh.frontalpole 0.896260080274966 0.887134000710572 0.0478559230792825 0.0937976092353937 272 aparc
lh.fusiform 0.651100472816726 0.492937461542632 0.192850345671852 0.37798667751683 4714 aparc
lh.inferiorparietal 0.695721794717451 0.431635867322798 0.15906508085223 0.311767558470371 7871 aparc
lh.inferiortemporal 0.645542198965176 0.497411164859294 0.141964871675371 0.278251148483727 4415 aparc
lh.insula 0.515055651441982 0.339613482169127 0.0981291586655713 0.19233315098452 5229 aparc
lh.isthmuscingulate 0.556591460856909 0.471671948439698 0.183563254543338 0.359783978904942 2531 aparc
lh.lateraloccipital 0.73087895838581 0.516852261542907 0.176153475566769 0.345260812110867 6379 aparc
lh.lateralorbitofrontal 0.566736968122594 0.426222184241409 0.145395141728062 0.284974477787002 4188 aparc
lh.lingual 0.660212183135322 0.519127019281362 0.191104974480538 0.374565749981854 4205 aparc
lh.medialorbitofrontal 0.54221895658243 0.453206129066484 0.103480550188343 0.202821878369152 2653 aparc
lh.middletemporal 0.563130653191897 0.413758203851153 0.125409613265371 0.245802842000127 4452 aparc
lh.paracentral 0.73945934150108 0.628939833835219 0.132551358957458 0.259800663556618 3294 aparc
lh.parahippocampal 0.576399246378029 0.51473110579216 0.213324700084398 0.41811641216542 1838 aparc
lh.parsopercularis 0.745629016314157 0.640981067191565 0.130065622137563 0.254928619389623 3119 aparc
lh.parsorbitalis 0.76754113578431 0.735465650256513 0.134261362734858 0.263152270960322 956 aparc
lh.parstriangularis 0.734174159563866 0.665527252252284 0.136209814782853 0.266971236974392 2046 aparc
lh.pericalcarine 0.694424943686265 0.630273972630671 0.0831920059659098 0.163056331693183 1912 aparc
lh.postcentral 0.724044342468214 0.404665109477526 0.15670772395545 0.307147138952682 9519 aparc
lh.posteriorcingulate 0.553291457533932 0.443711399234995 0.184507053833977 0.361633825514595 3266 aparc
lh.precentral 0.666423920961459 0.306077985220311 0.114020105974923 0.223479407710849 10740 aparc
lh.precuneus 0.603102148851971 0.357905864085089 0.17392444098051 0.3408919043218 7308 aparc
lh.rostralanteriorcingulate 0.674831348639508 0.629536468448582 0.207339118344352 0.40638467195493 1350 aparc
lh.rostralmiddlefrontal 0.684955780579864 0.441940360414768 0.181265567919698 0.355280513122608 7243 aparc
lh.superiorfrontal 0.760959358299552 0.352332435451187 0.226731886391961 0.444394497328244 12179 aparc
lh.superiorparietal 0.658461670261261 0.30764443524176 0.182453434211405 0.357608731054354 10456 aparc
lh.superiortemporal 0.689807001769726 0.445852132237707 0.142653694961438 0.279601242124419 7271 aparc
lh.supramarginal 0.747118445963473 0.458573283265719 0.13065286482661 0.256079615060156 8600 aparc
lh.temporalpole 0.540657194843019 0.512507265598436 0.280496118059783 0.549772391397175 839 aparc
lh.transversetemporal 0.738273716218061 0.70257464027499 0.136734297082759 0.267999222282208 1064 aparc
