lh.bankssts 0.698721050670884 0.61510459355098 0.0934009939744071 0.183065948189838 2137 aparc
lh.caudalanteriorcingulate 0.733377210414369 0.677072071530166 0.130282490574967 0.255353681526935 1439 aparc
lh.caudalmiddlefrontal 0.634694065487135 0.488511995388885 0.12410406809961 0.243243973475236 3736 aparc
lh.cuneus 0.677927039246597 0.61414845941251 0.1592621681222 0.312153849519512 1630 aparc
lh.entorhinal 0.649201263190232 0.606082247866819 0.192886079831354 0.378056716469454 1102 aparc
lh.frontalpole 0.931853865741071 0.921211059781027 0.0427871184416935 0.0838627521457192 272 aparc
lh.fusiform 0.633531108494147 0.449081890495444 0.206671602029518 0.405076339977856 4714 aparc
lh.inferiorparietal 0.699349010719406 0.391372813250635 0.164820357189256 0.323047900090941 7871 aparc
lh.inferiortemporal 0.644864238853802 0.47211428181853 0.147776726037813 0.289642383034113 4415 aparc
lh.insula 0.458961588919126 0.254361469929899 0.065677399070504 0.128727702178188 5229 aparc
lh.isthmuscingulate 0.50254374472936 0.403510870152628 0.13249581637693 0.259691800098783 2531 aparc
lh.lateraloccipital 0.681595734302866 0.431998457761983 0.184596665291015 0.361809463970389 6379 aparc
lh.lateralorbitofrontal 0.526223262434665 0.362355353020459 0.128497621948029 0.251855339018138 4188 aparc
lh.lingual 0.641506616575197 0.476973531788488 0.193608520603055 0.379472700381988 4205 aparc
lh.medialorbitofrontal 0.574665136689721 0.470858650616204 0.123054822803356 0.241187452694578 2653 aparc
lh.middletemporal 0.561964150404651 0.387766458735109 0.146384377988224 0.286913380856919 4452 aparc
lh.paracentral 0.747728654289753 0.618841143876574 0.123557279504397 0.242172267828618 3294 aparc
lh.parahippocampal 0.57117531790525 0.499258121748776 0.282175369236149 0.553063723702852 1838 aparc
lh.parsopercularis 0.705785659089882 0.583745542217172 0.157733901005071 0.309158445969939 3119 aparc
lh.parsorbitalis 0.769109504098064 0.731703171385557 0.137374415875953 0.269253855116867 956 aparc
lh.parstriangularis 0.709645269604664 0.629589457125804 0.152459465872148 0.298820553109411 2046 aparc
lh.pericalcarine 0.635546707388036 0.560734041963021 0.0975819197649165 0.191260562739236 1912 aparc
lh.postcentral 0.721539985764725 0.349080905126276 0.151750694659386 0.297431361532397 9519 aparc
lh.posteriorcingulate 0.592335425925672 0.464543498478968 0.157864358643096 0.309414142940468 3266 aparc
lh.precentral 0.697172206614648 0.276937883045266 0.0927054715140866 0.18170272416761 10740 aparc
lh.precuneus 0.633804361928822 0.347857207678818 0.162572128695293 0.318641372242775 7308 aparc
lh.rostralanteriorcingulate 0.725421427510609 0.672598677341274 0.144876940621586 0.283958803618308 1350 aparc
lh.rostralmiddlefrontal 0.66016404673592 0.376760210086662 0.188598190034836 0.369652452468279 7243 aparc
lh.superiorfrontal 0.756119265759939 0.279579803306354 0.211553089318993 0.414644055065227 12179 aparc
lh.superiorparietal 0.682396286314077 0.2732743042618 0.167186097262311 0.327684750634129 10456 aparc
lh.superiortemporal 0.672411812132182 0.387912392516449 0.142532868454032 0.279364422169902 7271 aparc
lh.supramarginal 0.723955342957524 0.387454860397311 0.137620616493415 0.269736408327093 8600 aparc
lh.temporalpole 0.680930841138572 0.648102480107407 0.123197345076098 0.241466796349153 839 aparc
lh.transversetemporal 0.705933417149652 0.664301264423598 0.157885361811147 0.309455309149848 1064 aparc
