lh.bankssts 0.733647444925688 0.661842603840226 0.0831576103974258 0.162988916378955 2137 aparc
lh.caudalanteriorcingulate 0.739676452049138 0.691324946985039 0.144286175237218 0.282800903464948 1439 aparc
lh.caudalmiddlefrontal 0.641517216763626 0.515984747743839 0.146029915220482 0.286218633832144 3736 aparc
lh.cuneus 0.754068654794948 0.699299403054516 0.12738835623836 0.249681178227185 1630 aparc
lh.entorhinal 0.635299334840046 0.598271288571362 0.221430342433254 0.434003471169177 1102 aparc
lh.frontalpole 0.867866582356094 0.85872717347671 0.0620467646995445 0.121611658811107 272 aparc
lh.fusiform 0.650624275607393 0.492230255543347 0.18930030501844 0.371028597836143 4714 aparc
lh.inferiorparietal 0.69957328357411 0.435101639126909 0.169839190377279 0.332884813139466 7871 aparc
lh.inferiortemporal 0.647492230299468 0.499144839849158 0.143388364151194 0.28104119373634 4415 aparc
lh.insula 0.481672409278233 0.305973993725646 0.0812528599552565 0.159255605512303 5229 aparc
lh.isthmuscingulate 0.518683734379646 0.433640190726252 0.152993375255917 0.299867015501597 2531 aparc
lh.lateraloccipital 0.725935912994052 0.511596614311713 0.18614197322718 0.364838267525273 6379 aparc
lh.lateralorbitofrontal 0.573465472777479 0.432745456649303 0.130190160106254 0.255172713808258 4188 aparc
lh.lingual 0.64923782278753 0.507946593604392 0.193643503842376 0.379541267531056 4205 aparc
lh.medialorbitofrontal 0.590363515452075 0.501220678110133 0.0913284549830375 0.179003771766753 2653 aparc
lh.middletemporal 0.564912683730454 0.415322064866404 0.126894364588598 0.248712954593653 4452 aparc
lh.paracentral 0.725378519782791 0.614697590192004 0.122647219704757 0.240388550621324 3294 aparc
lh.parahippocampal 0.571692130165518 0.509933918693792 0.244796984950115 0.479802090502225 1838 aparc
lh.parsopercularis 0.743172419471519 0.638371624270043 0.138257511717318 0.270984722965942 3119 aparc
lh.parsorbitalis 0.735977631328869 0.703855297179266 0.132465662028034 0.259632697574947 956 aparc
lh.parstriangularis 0.72694141303019 0.65819424182717 0.14673742875881 0.287605360367267 2046 aparc
lh.pericalcarine 0.699260525839333 0.635015857540127 0.094133265758367 0.184501200886399 1912 aparc
lh.postcentral 0.714753526348761 0.394907816338228 0.153424730507718 0.300712471795126 9519 aparc
lh.posteriorcingulate 0.526624110098026 0.41688400200953 0.166464972197568 0.326271345507234 3266 aparc
lh.precentral 0.650026592954621 0.289154345290673 0.114560311757154 0.224538211044021 10740 aparc
lh.precuneus 0.581586181484899 0.336031769387308 0.162151241041437 0.317816432441217 7308 aparc
lh.rostralanteriorcingulate 0.655418813492615 0.610057776775079 0.208562442728582 0.408782387748021 1350 aparc
lh.rostralmiddlefrontal 0.673031508960156 0.429661146778594 0.180128571103051 0.35305199936198 7243 aparc
lh.superiorfrontal 0.734644272914025 0.325420520185978 0.2181545128014 0.427582845090744 12179 aparc
lh.superiorparietal 0.657933243361022 0.306603613791726 0.17198946057788 0.337099342732645 10456 aparc
lh.superiortemporal 0.658234587023128 0.413923403339276 0.124189623028391 0.243411661135646 7271 aparc
lh.supramarginal 0.73803432799673 0.449067723722061 0.134323844391701 0.263274735007734 8600 aparc
lh.temporalpole 0.53178985201923 0.50359880771848 0.262297050325526 0.514102218638032 839 aparc
lh.transversetemporal 0.707693646509248 0.671942429422243 0.149278605443377 0.292586066669019 1064 aparc
