AI.cluster.area.6n-0001.label 0.760478286861703 0.441798720096337 0.160270148141858 0.314129490358042 7525 asym
AI.cluster.area.6n-0002.label 0.804277752180252 0.532648417797122 0.16915180829709 0.331537544262296 6414 asym
AI.cluster.area.6n-0003.label 0.643965699394652 0.526445992049285 0.174950035389916 0.342902069364235 2775 asym
AI.cluster.area.6n-0004.label 0.840207477714107 0.776005720476061 0.0996151256304491 0.19524564623568 1516 asym
AI.cluster.area.6n-0005.label 0.738915690926512 0.664507717663157 0.102791511948912 0.201471363419868 1757 asym
AI.cluster.area.6n-0006.label 0.824217354761598 0.798850037752634 0.0921424176546423 0.180599138603099 599 asym
AI.cluster.area.6n-0007.label 0.864346672522705 0.850583103193968 0.0696395594022498 0.13649353642841 325 asym
AI.cluster.area.6p-0001.label 0.868760465379621 0.401561398196164 0.141106014642098 0.276567788698512 11032 asym
AI.cluster.area.6p-0002.label 0.509851824050543 0.311698775160823 0.213407794337165 0.418279276900843 4679 asym
AI.cluster.area.6p-0003.label 0.705980567036166 0.679469815036815 0.130391868144647 0.255568061563508 626 asym
AI.cluster.area.6p-0004.label 0.719406592793116 0.674939676500274 0.114871259787314 0.225147669183135 1050 asym
AI.cluster.area.6p-0005.label 0.663777525096052 0.612195902196356 0.144399554457088 0.283023126735892 1218 asym
AI.cluster.area.6p-0006.label 0.796549438141439 0.770843325579768 0.0993830824355489 0.194790841573676 607 asym
AI.cluster.area.6p-0007.label 0.910765076973987 0.89594277154304 0.0533445439469638 0.104555306136049 350 asym
