AI.cluster.area.6n-0001.label 0.75229322311795 0.420935124791763 0.174631346419612 0.34227743898244 7525 asym
AI.cluster.area.6n-0002.label 0.805350452367592 0.522914459986972 0.176513903129798 0.345967250134404 6414 asym
AI.cluster.area.6n-0003.label 0.673509968897585 0.551314789780619 0.191845055904372 0.376016309572569 2775 asym
AI.cluster.area.6n-0004.label 0.854781920340122 0.788025923388295 0.0985381289157959 0.19313473267496 1516 asym
AI.cluster.area.6n-0005.label 0.750841651922662 0.67347338896464 0.115272467147179 0.225934035608471 1757 asym
AI.cluster.area.6n-0006.label 0.824498911374946 0.798122366405194 0.0993232894610572 0.194673647343672 599 asym
AI.cluster.area.6n-0007.label 0.845293423035882 0.830982275932093 0.0820133036262424 0.160746075107435 325 asym
AI.cluster.area.6p-0001.label 0.897999472281902 0.412213088131138 0.13120534840463 0.257162482873075 11032 asym
AI.cluster.area.6p-0002.label 0.506664029517485 0.300627545521707 0.202457725410457 0.396817141804496 4679 asym
AI.cluster.area.6p-0003.label 0.721509371455904 0.693943900419068 0.160955287137344 0.315472362789194 626 asym
AI.cluster.area.6p-0004.label 0.740981985607229 0.694745971887296 0.123608080807975 0.242271838383631 1050 asym
AI.cluster.area.6p-0005.label 0.709717755355009 0.656083979439887 0.145014140844719 0.284227716055649 1218 asym
AI.cluster.area.6p-0006.label 0.816840306930651 0.790111487570652 0.0994931731503446 0.195006619374675 607 asym
AI.cluster.area.6p-0007.label 0.915233836683367 0.899821832110056 0.0556633300862712 0.109100126969092 350 asym
