AI.cluster.area.6n-0001.label 0.759656331429252 0.403497242149789 0.165462890899168 0.324307266162369 7525 asym
AI.cluster.area.6n-0002.label 0.795316400469204 0.491741065101964 0.180821101410733 0.354409358765037 6414 asym
AI.cluster.area.6n-0003.label 0.668809944798599 0.53746888529687 0.138955960934595 0.272353683431806 2775 asym
AI.cluster.area.6n-0004.label 0.839059454096179 0.767307005013433 0.113503506255694 0.22246687226116 1516 asym
AI.cluster.area.6n-0005.label 0.729772665468593 0.646613659506597 0.091558758396236 0.179455166456623 1757 asym
AI.cluster.area.6n-0006.label 0.818334939027145 0.789984202219384 0.112729224126856 0.220949279288638 599 asym
AI.cluster.area.6n-0007.label 0.865112624095203 0.849730337847253 0.0739015892394356 0.144847114909294 325 asym
AI.cluster.area.6p-0001.label 0.861186837592153 0.339041047169423 0.128190324769923 0.251253036549049 11032 asym
AI.cluster.area.6p-0002.label 0.508149038172817 0.286691446313866 0.256158355663259 0.502070377099988 4679 asym
AI.cluster.area.6p-0003.label 0.721877931768751 0.692249281949622 0.114809013079528 0.225025665635875 626 asym
AI.cluster.area.6p-0004.label 0.723332321524674 0.673635704415912 0.137051022550945 0.268620004199852 1050 asym
AI.cluster.area.6p-0005.label 0.583244789277449 0.525596713431285 0.149922929004628 0.293848940849071 1218 asym
AI.cluster.area.6p-0006.label 0.811870371494718 0.7831409937947 0.112490887324066 0.220482139155169 607 asym
AI.cluster.area.6p-0007.label 0.90171331351719 0.885147774480936 0.0721634699848913 0.141440401170387 350 asym
