lh.bankssts 0.547540302484379 0.48271921438868 0.107565629570107 0.21082863395741 2137 aparc
lh.caudalanteriorcingulate 0.670963101199672 0.627314273043513 0.159266778500701 0.312162885861374 1439 aparc
lh.caudalmiddlefrontal 0.435570353544801 0.322247197192189 0.0616231888467744 0.120781450139678 3736 aparc
lh.cuneus 0.451555128361359 0.402112744834925 0.097270909709323 0.190650983030273 1630 aparc
lh.entorhinal 0.56525072347731 0.531824032283365 0.14369546654194 0.281643114422202 1102 aparc
lh.frontalpole 0.76428874649473 0.756038238323448 0.101443981293753 0.198830203335756 272 aparc
lh.fusiform 0.440514561369727 0.297525974901255 0.0575704427714521 0.112838067832046 4714 aparc
lh.inferiorparietal 0.508723648030217 0.269974567823738 0.0554466148815659 0.108675365167869 7871 aparc
lh.inferiortemporal 0.459430693069511 0.325511599039323 0.0756514668174888 0.148276874962278 4415 aparc
lh.insula 0.457861095014544 0.299251141971769 0.0915568069621782 0.179451341645869 5229 aparc
lh.isthmuscingulate 0.51862204075535 0.441849848911544 0.142723106410798 0.279737288565164 2531 aparc
lh.lateraloccipital 0.463703217726095 0.270210601459149 0.0622071107742258 0.121925937117483 6379 aparc
lh.lateralorbitofrontal 0.429202419896855 0.302168860259613 0.0788042023105786 0.154456236528734 4188 aparc
lh.lingual 0.492603474454681 0.365054258056733 0.109474749864648 0.21457050973471 4205 aparc
lh.medialorbitofrontal 0.497467351366934 0.416994563946303 0.137106056716913 0.26872787116515 2653 aparc
lh.middletemporal 0.442661987617114 0.307620581813627 0.0759992433612709 0.148958516988091 4452 aparc
lh.paracentral 0.420628491120665 0.320712410546387 0.0782696460484464 0.153408506254955 3294 aparc
lh.parahippocampal 0.514271995182516 0.458520399525102 0.159036224042837 0.31171099912396 1838 aparc
lh.parsopercularis 0.44620811717937 0.351600267965292 0.0932081751912176 0.182688023374786 3119 aparc
lh.parsorbitalis 0.528600548510721 0.499602438908714 0.0987553326597653 0.19356045201314 956 aparc
lh.parstriangularis 0.431719486006908 0.369658678218513 0.119273786728257 0.233776621987384 2046 aparc
lh.pericalcarine 0.481401615767434 0.423405396563421 0.0703028237526847 0.137793534555262 1912 aparc
lh.postcentral 0.518375970415363 0.229638517171115 0.0784282037053465 0.153719279262479 9519 aparc
lh.posteriorcingulate 0.440840951300294 0.341774187743648 0.248365902953718 0.486797169789287 3266 aparc
lh.precentral 0.572771637593578 0.246997895830449 0.0806546880347508 0.158083188548112 10740 aparc
lh.precuneus 0.499019600797917 0.277347859195967 0.0737658288374276 0.144581024521358 7308 aparc
lh.rostralanteriorcingulate 0.487974383423274 0.44702517007316 0.238470883569115 0.467402931795465 1350 aparc
lh.rostralmiddlefrontal 0.510848089346615 0.291147976535596 0.0638503019236406 0.125146591770336 7243 aparc
lh.superiorfrontal 0.627464326032233 0.258041756112945 0.172489493959445 0.338079408160512 12179 aparc
lh.superiorparietal 0.599945418343393 0.282786177759103 0.0906818553174902 0.177736436422281 10456 aparc
lh.superiortemporal 0.465002725208695 0.244453295380044 0.0557011592063588 0.109174272044463 7271 aparc
lh.supramarginal 0.497409025708757 0.236547370293216 0.0521066778938376 0.102129088671922 8600 aparc
lh.temporalpole 0.600727343412717 0.575278165634387 0.0944200656036859 0.185063328583224 839 aparc
lh.transversetemporal 0.554953047619892 0.522679000949876 0.14225646875161 0.278822678753156 1064 aparc
