lh.bankssts 0.515627749117014 0.450082419421469 0.0940065457473874 0.184252829664879 2137 aparc
lh.caudalanteriorcingulate 0.69683470501221 0.652698191473656 0.190161102099694 0.3727157601154 1439 aparc
lh.caudalmiddlefrontal 0.429871868449897 0.315282560194138 0.0459667556517014 0.0900948410773347 3736 aparc
lh.cuneus 0.447739197408091 0.397744397499931 0.111504768002018 0.218549345283955 1630 aparc
lh.entorhinal 0.542564175305537 0.508764009968854 0.182483831577502 0.357668309891904 1102 aparc
lh.frontalpole 0.670067240728883 0.661724550192061 0.132680655485139 0.260054084750872 272 aparc
lh.fusiform 0.396466614575156 0.251880426374501 0.0616260495016648 0.120787057023263 4714 aparc
lh.inferiorparietal 0.496201498594198 0.254784891184915 0.053011345387053 0.103902236958624 7871 aparc
lh.inferiortemporal 0.386036897085368 0.25062153414394 0.0792161488202031 0.155263651687598 4415 aparc
lh.insula 0.45561952463964 0.295237433400517 0.0833596789168884 0.163384970677101 5229 aparc
lh.isthmuscingulate 0.488949816573074 0.411319854261691 0.204634296120303 0.401083220395794 2531 aparc
lh.lateraloccipital 0.441269263477238 0.245614767394934 0.0692710130696444 0.135771185616503 6379 aparc
lh.lateralorbitofrontal 0.439159310585634 0.310706413643686 0.0796142869221644 0.156044002367442 4188 aparc
lh.lingual 0.457029298406442 0.328054983305942 0.12145936765513 0.238060360604055 4205 aparc
lh.medialorbitofrontal 0.416186655976143 0.334814751585744 0.182845333996885 0.358376854633895 2653 aparc
lh.middletemporal 0.391581308713006 0.255031094485319 0.0783131835028973 0.153493839665679 4452 aparc
lh.paracentral 0.427979433051088 0.326946996917664 0.0806848039095203 0.15814221566266 3294 aparc
lh.parahippocampal 0.533243366766603 0.476868862330285 0.153240807135851 0.300351981986268 1838 aparc
lh.parsopercularis 0.464841469522253 0.36917657325627 0.101933827906725 0.199790302697181 3119 aparc
lh.parsorbitalis 0.525057777860711 0.495735674356293 0.116339170886498 0.228024774937536 956 aparc
lh.parstriangularis 0.444818085887004 0.382063876922528 0.113584689381138 0.22262599118703 2046 aparc
lh.pericalcarine 0.477980816535417 0.419336609526581 0.0911249294291972 0.178604861681226 1912 aparc
lh.postcentral 0.548822933239768 0.256859436107388 0.0895922265838487 0.175600764104343 9519 aparc
lh.posteriorcingulate 0.438750025925267 0.338576396170634 0.269189461260532 0.527611344070643 3266 aparc
lh.precentral 0.569793700226595 0.240380110647673 0.0730647287754893 0.143206868399959 10740 aparc
lh.precuneus 0.465234319154776 0.241085854290459 0.0650558129550572 0.127509393391912 7308 aparc
lh.rostralanteriorcingulate 0.49296080536531 0.451554069245054 0.227909206739857 0.44670204521012 1350 aparc
lh.rostralmiddlefrontal 0.497305334851042 0.275150527651775 0.0583178845671322 0.114303053751579 7243 aparc
lh.superiorfrontal 0.587233802076663 0.213683698959187 0.0823667680012111 0.161438865282374 12179 aparc
lh.superiorparietal 0.53137647445123 0.210673635285754 0.0541306730585991 0.106096119194854 10456 aparc
lh.superiortemporal 0.487866438106348 0.26485282452829 0.0812784135360619 0.159305690530681 7271 aparc
lh.supramarginal 0.532785407038185 0.269009162123964 0.0535688347707373 0.104994916150645 8600 aparc
lh.temporalpole 0.557860837232367 0.532127317525038 0.121667641995962 0.238468578312086 839 aparc
lh.transversetemporal 0.58769855042697 0.555063908032931 0.130498878353205 0.255777801572282 1064 aparc
