AI.cluster.thickness.6n-0001.label 0.668468346939398 0.288486528818663 0.0836653944949878 0.163984173210176 8379 asym
AI.cluster.thickness.6n-0002.label 0.532804429046927 0.300752040537104 0.0969808313991758 0.190082429542385 5117 asym
AI.cluster.thickness.6n-0003.label 0.528688700548951 0.424838794414987 0.112186072989943 0.219884703060288 2290 asym
AI.cluster.thickness.6n-0004.label 0.511122552178456 0.410537795931673 0.0754673169692592 0.147915941259748 2218 asym
AI.cluster.thickness.6n-0005.label 0.54662065867262 0.466715185044653 0.150173614527665 0.294340284474223 1762 asym
AI.cluster.thickness.6n-0006.label 0.589068112760521 0.549840964810355 0.138323826831993 0.271114700590706 865 asym
AI.cluster.thickness.6n-0007.label 0.584707708662815 0.531512975084151 0.127891435396762 0.250667213377654 1173 asym
AI.cluster.thickness.6n-0008.label 0.558228973676967 0.516689011223381 0.0972985411437518 0.190705140641754 916 asym
AI.cluster.thickness.6n-0009.label 0.591522955209347 0.561909859704771 0.159209118139763 0.312049871553935 653 asym
AI.cluster.thickness.6p-0001.label 0.560062368687796 0.373676729294524 0.163741262241867 0.320932873994059 4110 asym
AI.cluster.thickness.6p-0002.label 0.491515397124437 0.419818147518412 0.0802604071207712 0.157310397956712 1581 asym
AI.cluster.thickness.6p-0003.label 0.533066095659296 0.422368444623049 0.0945513699359612 0.185320685074484 2441 asym
AI.cluster.thickness.6p-0004.label 0.579089708191888 0.511745991768772 0.110721483329115 0.217014107325065 1485 asym
AI.cluster.thickness.6p-0005.label 0.645356758096173 0.593885298069077 0.128557696950112 0.25197308602222 1135 asym
AI.cluster.thickness.6p-0006.label 0.700225053617309 0.667346808225552 0.141185519713263 0.276723618637995 725 asym
AI.cluster.thickness.6p-0007.label 0.65990623291989 0.635553656677995 0.149902755536819 0.293809400852165 537 asym
AI.cluster.thickness.6p-0008.label 0.508572816981089 0.481589981107854 0.0949770919437161 0.186155100209684 595 asym
AI.cluster.thickness.6p-0009.label 0.699184039192492 0.679910584997324 0.139042727285823 0.272523745480213 425 asym
AI.cluster.thickness.6p-0010.label 0.578284538822747 0.559419228363477 0.0784701209189253 0.153801437001094 416 asym
AI.cluster.thickness.6p-0011.label 0.542000875664049 0.506673767856906 0.131258926827312 0.257267496581532 779 asym
