AI.cluster.thickness.6n-0001.label 0.649315920956397 0.263811262280506 0.071025148792063 0.139209291632443 8379 asym
AI.cluster.thickness.6n-0002.label 0.488387087117797 0.252961936330766 0.0885084415000123 0.173476545340024 5117 asym
AI.cluster.thickness.6n-0003.label 0.54645369524403 0.441094384065155 0.125416584546539 0.245816505711216 2290 asym
AI.cluster.thickness.6n-0004.label 0.497409643911118 0.395362939895946 0.119713145918994 0.234637766001228 2218 asym
AI.cluster.thickness.6n-0005.label 0.501270467633211 0.420203608988156 0.138232876839372 0.270936438605169 1762 asym
AI.cluster.thickness.6n-0006.label 0.583940208217954 0.544142913820693 0.125253571306619 0.245496999760973 865 asym
AI.cluster.thickness.6n-0007.label 0.530453586331533 0.476485694622878 0.132213745028236 0.259138940255343 1173 asym
AI.cluster.thickness.6n-0008.label 0.562587445225972 0.520443720754422 0.0906262185886892 0.177627388433831 916 asym
AI.cluster.thickness.6n-0009.label 0.540304415025875 0.510260908388406 0.18718961739805 0.366891650100178 653 asym
AI.cluster.thickness.6p-0001.label 0.572898757572038 0.383804098644014 0.18621328626606 0.364978041081478 4110 asym
AI.cluster.thickness.6p-0002.label 0.433489124533149 0.360749792230179 0.077629318353494 0.152153463972848 1581 asym
AI.cluster.thickness.6p-0003.label 0.511782635032505 0.399476050496421 0.0794764693213234 0.155773879869794 2441 asym
AI.cluster.thickness.6p-0004.label 0.525088203422869 0.456765680671503 0.122242209243955 0.239594730118152 1485 asym
AI.cluster.thickness.6p-0005.label 0.55316253936747 0.500942968106325 0.12714623040393 0.249206611591703 1135 asym
AI.cluster.thickness.6p-0006.label 0.644648744262884 0.611292630461712 0.126213086229482 0.247377649009785 725 asym
AI.cluster.thickness.6p-0007.label 0.65703680600659 0.632330277577308 0.131806131469177 0.258340017679587 537 asym
AI.cluster.thickness.6p-0008.label 0.48653976345355 0.459164745920174 0.114216689621072 0.223864711657301 595 asym
AI.cluster.thickness.6p-0009.label 0.691438518943567 0.671884934991156 0.147335727771163 0.288778026431479 425 asym
AI.cluster.thickness.6p-0010.label 0.568068307089285 0.548928799032337 0.0920309215464391 0.180380606231021 416 asym
AI.cluster.thickness.6p-0011.label 0.622503157170884 0.586662587996935 0.114248000422293 0.223926080827694 779 asym
