lh.bankssts 0.556727321778774 0.493185456011247 0.0798686112614895 0.156542478072519 2137 aparc
lh.caudalanteriorcingulate 0.675000807576763 0.632213374334147 0.153025190933862 0.29992937423037 1439 aparc
lh.caudalmiddlefrontal 0.443760594120847 0.332673832067745 0.0739603524822176 0.144962290865147 3736 aparc
lh.cuneus 0.519622742511327 0.471156087761178 0.113105362132716 0.221686509780123 1630 aparc
lh.entorhinal 0.580967506295653 0.54820047958727 0.170405380578305 0.333994545933478 1102 aparc
lh.frontalpole 0.739716758391055 0.731629071218024 0.110707315352917 0.216986338091717 272 aparc
lh.fusiform 0.442341994510196 0.302175239607004 0.0870197008671946 0.170558613699701 4714 aparc
lh.inferiorparietal 0.509463657633672 0.275426210064087 0.0608705160270895 0.119306211413095 7871 aparc
lh.inferiortemporal 0.425129336294977 0.293853090453316 0.0672487525771009 0.131807555051118 4415 aparc
lh.insula 0.454765481079317 0.2992856420066 0.0782486728500211 0.153367398786041 5229 aparc
lh.isthmuscingulate 0.466011919929511 0.390754801418697 0.188353181636464 0.369172236007469 2531 aparc
lh.lateraloccipital 0.494712738760766 0.305038634066778 0.103374335731587 0.202613698033911 6379 aparc
lh.lateralorbitofrontal 0.455688214368429 0.331161619218966 0.0732654137067562 0.143600210865242 4188 aparc
lh.lingual 0.498819076743531 0.373787001145754 0.0860287912558347 0.168616430861436 4205 aparc
lh.medialorbitofrontal 0.423610827665472 0.344726143584401 0.198729410807076 0.389509645181869 2653 aparc
lh.middletemporal 0.474192463360408 0.341816054190062 0.0815079014785147 0.159755486897889 4452 aparc
lh.paracentral 0.43870522176788 0.340760951370953 0.0809684539902955 0.158698169820979 3294 aparc
lh.parahippocampal 0.563259235224114 0.508607878518118 0.114478712765386 0.224378277020157 1838 aparc
lh.parsopercularis 0.461640897338538 0.368900102144848 0.109979231522063 0.215559293783243 3119 aparc
lh.parsorbitalis 0.518687014880315 0.490261173198633 0.0968948626429041 0.189913930780092 956 aparc
lh.parstriangularis 0.455243540941275 0.394407482279432 0.108608432264712 0.212872527238836 2046 aparc
lh.pericalcarine 0.562874018964582 0.506022335601217 0.0986917417014832 0.193435813734907 1912 aparc
lh.postcentral 0.625514976956852 0.342475660044786 0.11061460105001 0.21680461805802 9519 aparc
lh.posteriorcingulate 0.425182656749219 0.32807094238481 0.251197633953954 0.49234736254975 3266 aparc
lh.precentral 0.607694881266549 0.288350174507899 0.0889280041734873 0.174298888180035 10740 aparc
lh.precuneus 0.480316937573332 0.263019813086161 0.0686670524203449 0.134587422743876 7308 aparc
lh.rostralanteriorcingulate 0.540508588232105 0.500367493807135 0.24701881646415 0.484156880269734 1350 aparc
lh.rostralmiddlefrontal 0.497806787584454 0.282442382458485 0.0506518118822731 0.0992775512892553 7243 aparc
lh.superiorfrontal 0.608302553492246 0.246170413490979 0.0847622617775366 0.166134033083972 12179 aparc
lh.superiorparietal 0.565773550356798 0.2548733404994 0.0584202852808114 0.11450375915039 10456 aparc
lh.superiortemporal 0.529325983181745 0.313129022023258 0.0713945852867389 0.139933387162008 7271 aparc
lh.supramarginal 0.548306592270754 0.292592953711686 0.0606136713267316 0.118802795800394 8600 aparc
lh.temporalpole 0.617310655429044 0.592363708597526 0.110577569636165 0.216732036486883 839 aparc
lh.transversetemporal 0.62435005642076 0.59271292718508 0.118404896396527 0.232073596937193 1064 aparc
