AI.cluster.thickness.6n-0001.label 0.662896574685575 0.245626006274272 0.0719494423423015 0.141020906990911 8379 asym
AI.cluster.thickness.6n-0002.label 0.528093415000412 0.273269032787662 0.0748586312496988 0.14672291724941 5117 asym
AI.cluster.thickness.6n-0003.label 0.543425772432829 0.429384764954385 0.131332657101545 0.257412007919028 2290 asym
AI.cluster.thickness.6n-0004.label 0.495774657946451 0.385319219262089 0.0999697028645001 0.19594061761442 2218 asym
AI.cluster.thickness.6n-0005.label 0.54522275419018 0.457475917868338 0.118010022155666 0.231299643425105 1762 asym
AI.cluster.thickness.6n-0006.label 0.609681499020712 0.566604873925142 0.128176583256451 0.251226103182644 865 asym
AI.cluster.thickness.6n-0007.label 0.54264182284815 0.484226931244563 0.128666284892109 0.252185918388534 1173 asym
AI.cluster.thickness.6n-0008.label 0.566839330192203 0.521222927200825 0.0989461613756403 0.193934476296255 916 asym
AI.cluster.thickness.6n-0009.label 0.565082959333428 0.532563842353767 0.166931318948243 0.327185385138556 653 asym
AI.cluster.thickness.6p-0001.label 0.58279452367153 0.378118305009344 0.153464500234817 0.300790420460241 4110 asym
AI.cluster.thickness.6p-0002.label 0.461720791161438 0.382987676391386 0.0888367906792568 0.174120109731343 1581 asym
AI.cluster.thickness.6p-0003.label 0.479823183650239 0.358262441617539 0.0833041334697506 0.163276101600711 2441 asym
AI.cluster.thickness.6p-0004.label 0.547715610319913 0.47376325394197 0.126268537567225 0.247486333631761 1485 asym
AI.cluster.thickness.6p-0005.label 0.603681527465288 0.547159019391911 0.139052345108276 0.272542596412221 1135 asym
AI.cluster.thickness.6p-0006.label 0.637096964796543 0.6009922790228 0.130408445375673 0.255600552936319 725 asym
AI.cluster.thickness.6p-0007.label 0.64982412564472 0.623081758388858 0.123659098151318 0.242371832376583 537 asym
AI.cluster.thickness.6p-0008.label 0.495804316881205 0.466173574763443 0.111296724550596 0.218141580119168 595 asym
AI.cluster.thickness.6p-0009.label 0.658142046530246 0.636977230731845 0.153591966529531 0.301040254397881 425 asym
AI.cluster.thickness.6p-0010.label 0.63320648025806 0.612489860558919 0.100398290929026 0.196780650220891 416 asym
AI.cluster.thickness.6p-0011.label 0.667228555963702 0.628434693594397 0.141544545713106 0.277427309597688 779 asym
