#!ascii label  , from subject 40tvs8ref_sym_20 vox2ras=TkReg
2218
27  -9.555  -12.180  1.248 7.0000000000
63  -24.988  -11.985  8.130 6.0000000000
271  -8.698  -8.553  -4.875 7.0000000000
280  -15.535  -13.376  5.065 7.0000000000
401  -33.774  -9.201  12.109 6.0000000000
402  -33.508  -2.020  5.945 7.0000000000
403  -23.325  -3.601  4.638 7.0000000000
536  -6.510  1.723  -4.886 7.0000000000
537  -8.491  5.713  -14.232 6.0000000000
751  -8.483  -10.671  -1.459 7.0000000000
760  -11.937  -13.104  3.368 7.0000000000
761  -14.859  -16.863  3.369 6.0000000000
908  -37.161  -0.370  8.301 6.0000000000
909  -37.100  3.214  5.291 7.0000000000
911  -28.347  1.161  2.763 6.0000000000
1178  -6.622  -0.033  -1.120 7.0000000000
1179  -7.072  6.854  -1.981 7.0000000000
1200  -29.783  -10.766  9.916 7.0000000000
1201  -31.100  -14.479  13.001 7.0000000000
1640  -13.015  -8.733  -8.985 6.0000000000
1641  -10.183  -5.861  -8.850 7.0000000000
1656  -19.993  -12.955  6.579 7.0000000000
1884  -8.026  -7.376  1.784 7.0000000000
1897  -33.539  -5.661  8.839 7.0000000000
1898  -29.047  -6.973  7.047 7.0000000000
1899  -33.277  1.913  3.429 7.0000000000
1900  -28.682  -3.063  4.772 7.0000000000
1901  -23.792  -7.987  6.088 7.0000000000
2246  -6.914  -5.935  -0.942 7.0000000000
2247  -7.052  -4.013  -4.564 7.0000000000
2248  -8.227  -1.786  -8.857 7.0000000000
2249  -6.488  8.623  -5.581 6.0000000000
2250  -7.202  3.629  -9.395 6.0000000000
2251  -10.061  0.756  -13.643 7.0000000000
2252  -12.243  3.712  -18.491 6.0000000000
2671  -8.858  -11.499  -0.018 7.0000000000
2680  -10.580  -12.718  2.367 7.0000000000
2681  -11.894  -14.724  2.157 7.0000000000
2828  -38.368  3.935  6.647 6.0000000000
3120  -27.462  -11.408  8.967 7.0000000000
3121  -28.188  -13.345  10.321 7.0000000000
3122  -25.863  -13.915  9.290 6.0000000000
3692  -9.960  -10.343  -5.121 6.0000000000
3693  -12.156  -10.354  -7.118 6.0000000000
3694  -10.541  -8.962  -6.992 6.0000000000
3695  -11.408  -7.444  -8.948 6.0000000000
3696  -9.295  -7.263  -6.806 7.0000000000
3720  -17.676  -13.259  5.812 7.0000000000
3721  -18.824  -15.124  6.390 6.0000000000
3722  -16.738  -15.303  5.385 7.0000000000
4165  -35.524  -1.270  6.983 6.0000000000
4166  -35.431  -3.089  8.487 6.0000000000
4167  -33.520  -3.876  7.339 6.0000000000
4168  -31.416  -6.378  7.849 7.0000000000
4169  -31.295  -4.519  6.444 7.0000000000
4171  -35.102  4.427  2.847 6.0000000000
4172  -33.026  3.923  2.162 6.0000000000
4173  -25.863  -1.176  3.744 7.0000000000
4174  -28.523  -0.985  3.798 7.0000000000
4175  -26.027  -3.386  4.606 7.0000000000
4176  -26.206  -5.479  5.459 7.0000000000
4177  -23.503  -5.848  5.340 7.0000000000
4178  -21.131  -8.417  5.852 7.0000000000
4972  -7.726  -4.628  1.792 7.0000000000
4973  -7.315  -6.714  0.539 7.0000000000
4974  -7.024  -3.938  0.523 7.0000000000
4975  -6.457  0.831  -2.887 7.0000000000
4976  -6.524  -2.239  -2.714 7.0000000000
4977  -6.683  -1.282  -4.671 7.0000000000
4978  -7.545  -2.926  -6.635 7.0000000000
4979  -7.055  -0.278  -6.820 7.0000000000
4983  -7.217  7.854  -11.930 6.0000000000
4984  -6.821  6.849  -9.609 6.0000000000
4985  -7.790  4.637  -11.799 6.0000000000
4986  -8.365  1.875  -11.552 7.0000000000
4987  -9.270  3.046  -14.012 7.0000000000
4988  -11.136  2.179  -16.083 7.0000000000
4989  -10.254  4.298  -16.453 7.0000000000
5960  -9.702  -11.553  -3.383 6.0000000000
5961  -8.428  -9.690  -3.076 7.0000000000
5976  -13.602  -13.328  4.260 7.0000000000
5977  -14.869  -15.299  4.346 7.0000000000
5978  -13.240  -15.105  3.280 7.0000000000
6244  -37.215  1.436  6.770 6.0000000000
6245  -35.518  0.631  5.570 7.0000000000
6247  -30.679  3.555  1.762 6.0000000000
6249  -25.688  1.062  2.792 6.0000000000
6728  -7.036  -0.852  0.388 6.0000000000
6729  -7.263  2.465  0.042 6.0000000000
6730  -6.798  3.280  -1.468 6.0000000000
6731  -6.535  4.115  -3.228 7.0000000000
6737  -9.265  6.910  -16.625 6.0000000000
6768  -31.907  -10.033  10.964 7.0000000000
6769  -32.340  -11.875  12.618 7.0000000000
6770  -30.361  -12.667  11.440 7.0000000000
6771  -29.087  -15.197  11.711 7.0000000000
7669  -14.137  -6.978  -10.909 6.0000000000
7704  -22.455  -12.506  7.350 6.0000000000
7705  -23.447  -14.395  8.335 6.0000000000
7706  -21.072  -14.802  7.382 6.0000000000
7709  -16.416  -17.032  4.666 7.0000000000
8267  -9.638  -10.461  2.603 7.0000000000
8268  -8.627  -9.911  1.547 7.0000000000
8269  -9.036  -7.936  2.804 7.0000000000
8270  -8.733  -5.211  2.827 6.0000000000
8302  -35.334  -4.848  10.045 7.0000000000
8303  -33.612  -7.420  10.422 7.0000000000
8304  -31.611  -8.200  9.352 7.0000000000
8305  -29.358  -8.873  8.431 7.0000000000
8306  -26.901  -9.469  7.658 7.0000000000
8308  -35.381  2.535  4.209 7.0000000000
8309  -33.443  -0.071  4.668 7.0000000000
8310  -30.900  1.432  2.970 6.0000000000
8311  -31.075  -0.622  4.088 7.0000000000
8312  -31.204  -2.613  5.208 7.0000000000
8313  -28.836  -5.037  5.809 7.0000000000
8314  -26.478  -7.498  6.457 7.0000000000
8315  -24.299  -10.032  7.022 7.0000000000
8316  -21.674  -10.544  6.488 7.0000000000
8317  -19.156  -10.946  5.987 7.0000000000
8318  -16.804  -11.178  5.498 7.0000000000
8321  -14.611  -11.240  4.955 7.0000000000
8322  -12.650  -11.135  4.295 7.0000000000
8323  -10.982  -10.872  3.519 7.0000000000
9296  -7.928  -9.239  0.311 7.0000000000
9297  -7.538  -8.441  -1.131 7.0000000000
9298  -7.471  -7.507  -2.784 7.0000000000
9299  -6.626  -3.140  -0.977 7.0000000000
9300  -6.827  -5.032  -2.650 7.0000000000
9301  -7.719  -6.434  -4.639 7.0000000000
9302  -8.283  -5.243  -6.648 7.0000000000
9303  -9.105  -3.990  -8.774 7.0000000000
9304  -10.119  -2.654  -10.998 7.0000000000
9306  -6.692  7.720  -3.692 6.0000000000
9307  -6.457  4.979  -5.199 6.0000000000
9309  -6.560  5.891  -7.346 6.0000000000
9310  -6.769  2.659  -7.073 7.0000000000
9311  -7.613  0.767  -9.131 7.0000000000
9312  -9.072  -0.567  -11.213 7.0000000000
10351  -9.166  -11.858  0.637 7.0000000000
10360  -10.026  -12.467  1.822 7.0000000000
10361  -10.633  -13.501  1.686 7.0000000000
10362  -10.158  -13.212  1.094 7.0000000000
10800  -26.240  -11.703  8.538 7.0000000000
10801  -26.619  -12.675  9.162 7.0000000000
10802  -25.400  -12.952  8.708 6.0000000000
11372  -9.288  -9.491  -5.004 7.0000000000
11373  -10.212  -9.674  -6.045 6.0000000000
11374  -9.544  -8.842  -5.944 7.0000000000
11375  -9.878  -8.153  -6.905 7.0000000000
11376  -8.957  -7.925  -5.828 7.0000000000
11400  -16.583  -13.338  5.442 7.0000000000
11401  -17.135  -14.316  5.633 7.0000000000
11402  -16.103  -14.368  5.191 7.0000000000
11845  -34.557  -1.666  6.428 7.0000000000
11846  -34.543  -2.596  7.140 6.0000000000
11847  -33.517  -2.960  6.623 6.0000000000
11848  -32.441  -4.215  6.860 6.0000000000
11849  -32.416  -3.285  6.177 7.0000000000
11853  -24.595  -2.376  4.206 7.0000000000
11854  -25.946  -2.290  4.182 7.0000000000
11855  -24.677  -3.503  4.604 7.0000000000
11856  -24.761  -4.604  4.988 7.0000000000
11857  -23.410  -4.737  4.993 7.0000000000
11858  -22.161  -6.002  5.332 7.0000000000
11859  -22.065  -4.853  5.021 6.0000000000
12653  -7.336  -4.297  1.186 7.0000000000
12654  -7.308  -2.805  1.118 6.0000000000
12655  -6.457  1.272  -3.860 7.0000000000
12656  -6.493  -0.276  -3.747 7.0000000000
12657  -6.574  0.190  -4.767 7.0000000000
12658  -6.845  -0.787  -5.724 7.0000000000
12659  -6.709  0.668  -5.835 7.0000000000
12663  -7.773  6.706  -13.076 6.0000000000
12664  -7.484  6.181  -11.879 6.0000000000
12665  -8.129  5.162  -13.017 6.0000000000
12666  -8.485  3.757  -12.916 7.0000000000
12667  -8.902  4.318  -14.144 7.0000000000
12668  -9.756  3.657  -15.239 7.0000000000
12669  -9.336  4.907  -15.362 7.0000000000
13772  -9.077  -11.671  -1.630 6.0000000000
13774  -9.010  -11.187  -2.411 6.0000000000
13775  -9.021  -10.664  -3.233 6.0000000000
13776  -8.415  -10.200  -2.244 7.0000000000
13800  -12.733  -13.237  3.826 7.0000000000
13801  -13.337  -14.259  3.804 7.0000000000
13802  -12.546  -14.133  3.310 7.0000000000
13804  -12.687  -15.639  2.092 6.0000000000
14245  -37.794  3.570  5.937 6.0000000000
14246  -37.863  2.712  6.706 6.0000000000
14247  -37.177  2.328  6.028 6.0000000000
14248  -36.421  1.024  6.134 7.0000000000
14249  -36.374  1.951  5.421 7.0000000000
14256  -24.433  -0.091  3.349 7.0000000000
15053  -7.584  2.068  0.703 6.0000000000
15055  -7.329  6.430  -1.209 6.0000000000
15056  -7.151  4.612  -0.928 6.0000000000
15057  -6.922  5.024  -1.709 7.0000000000
15058  -6.643  3.695  -2.319 7.0000000000
15059  -6.739  5.441  -2.552 7.0000000000
15120  -30.873  -10.413  10.430 7.0000000000
15121  -31.107  -11.353  11.224 7.0000000000
15122  -30.051  -11.720  10.678 7.0000000000
15123  -27.513  -14.590  10.433 7.0000000000
15124  -28.617  -14.289  11.010 7.0000000000
15125  -28.023  -15.506  11.090 6.0000000000
16840  -12.550  -9.559  -8.042 6.0000000000
16846  -13.546  -7.874  -9.943 6.0000000000
16847  -10.759  -6.689  -8.904 7.0000000000
16848  -11.948  -6.637  -9.956 6.0000000000
16849  -11.305  -5.913  -9.935 7.0000000000
16851  -10.725  -5.123  -9.899 7.0000000000
16920  -21.210  -12.744  6.966 6.0000000000
16921  -21.699  -13.681  7.404 6.0000000000
16922  -20.503  -13.890  6.964 6.0000000000
16923  -18.446  -16.106  6.195 6.0000000000
16928  -14.780  -16.129  3.888 7.0000000000
16929  -15.608  -16.194  4.479 7.0000000000
16930  -15.605  -16.972  4.021 7.0000000000
18179  -9.923  -9.463  3.171 7.0000000000
18180  -9.297  -9.230  2.714 7.0000000000
18181  -9.659  -8.175  3.246 7.0000000000
18258  -34.496  -4.389  8.641 7.0000000000
18259  -35.379  -3.973  9.260 7.0000000000
18260  -34.481  -5.265  9.414 7.0000000000
18261  -34.479  -6.136  10.206 7.0000000000
18262  -33.567  -6.540  9.617 7.0000000000
18263  -32.649  -7.820  9.867 7.0000000000
18264  -32.571  -6.928  9.078 7.0000000000
18265  -30.259  -6.690  7.424 7.0000000000
18266  -30.374  -7.625  8.136 7.0000000000
18267  -29.190  -7.928  7.727 7.0000000000
18268  -28.153  -9.176  8.026 7.0000000000
18269  -27.953  -8.214  7.360 7.0000000000
18273  -34.250  3.184  3.127 6.0000000000
18274  -35.260  3.479  3.528 6.0000000000
18275  -34.372  2.214  3.778 7.0000000000
18276  -34.463  1.240  4.428 7.0000000000
18277  -33.373  0.921  4.047 7.0000000000
18278  -29.541  2.341  2.257 6.0000000000
18279  -30.800  2.480  2.373 6.0000000000
18280  -29.642  1.270  2.836 6.0000000000
18281  -28.604  -2.038  4.286 7.0000000000
18282  -29.815  -0.829  3.912 7.0000000000
18283  -29.895  -1.855  4.429 7.0000000000
18284  -31.148  -1.629  4.641 7.0000000000
18285  -29.965  -2.855  4.954 7.0000000000
18286  -30.027  -3.831  5.501 7.0000000000
18287  -28.757  -4.059  5.272 7.0000000000
18288  -24.977  -6.718  5.791 7.0000000000
18289  -26.325  -6.492  5.931 7.0000000000
18290  -25.142  -7.747  6.248 7.0000000000
18291  -25.356  -8.762  6.761 7.0000000000
18292  -24.020  -9.023  6.528 7.0000000000
18293  -22.980  -10.296  6.748 7.0000000000
18294  -22.684  -9.271  6.326 7.0000000000
18296  -20.085  -9.700  5.966 6.0000000000
18298  -17.962  -11.084  5.742 7.0000000000
18308  -13.597  -11.209  4.639 7.0000000000
18312  -10.632  -9.659  3.593 7.0000000000
18313  -10.267  -10.685  3.079 7.0000000000
20677  -8.288  -8.673  1.681 7.0000000000
20678  -8.239  -9.590  0.953 7.0000000000
20679  -7.898  -8.354  1.092 7.0000000000
20680  -7.075  -6.339  -0.173 7.0000000000
20681  -7.344  -7.631  -0.251 7.0000000000
20682  -7.184  -7.222  -1.008 7.0000000000
20683  -7.465  -7.991  -1.931 7.0000000000
20684  -7.105  -6.781  -1.820 7.0000000000
20685  -6.794  -0.451  -0.332 6.0000000000
20686  -6.759  -2.038  -0.251 7.0000000000
20687  -6.594  -1.619  -1.033 7.0000000000
20688  -6.706  -3.188  -3.609 7.0000000000
20689  -6.638  -3.675  -2.666 7.0000000000
20690  -6.902  -4.534  -3.584 7.0000000000
20691  -7.183  -5.799  -3.609 7.0000000000
20692  -7.340  -5.261  -4.575 7.0000000000
20693  -7.963  -5.849  -5.626 7.0000000000
20694  -7.574  -4.700  -5.581 7.0000000000
20695  -7.866  -2.363  -7.726 7.0000000000
20696  -8.232  -3.537  -7.685 7.0000000000
20697  -8.634  -2.934  -8.787 7.0000000000
20698  -9.591  -3.334  -9.875 7.0000000000
20699  -9.079  -2.310  -9.921 7.0000000000
20705  -6.568  8.165  -4.616 6.0000000000
20706  -6.508  6.293  -4.397 6.0000000000
20707  -6.458  6.734  -5.391 6.0000000000
20711  -6.998  5.189  -9.504 6.0000000000
20712  -6.673  6.366  -8.467 6.0000000000
20713  -6.808  4.707  -8.341 6.0000000000
20714  -6.656  4.234  -7.203 6.0000000000
20715  -6.966  3.139  -8.221 6.0000000000
20716  -7.125  1.654  -8.095 7.0000000000
20717  -7.402  2.160  -9.273 7.0000000000
20718  -9.134  1.230  -12.611 7.0000000000
20719  -8.672  0.614  -11.383 7.0000000000
20720  -9.552  0.081  -12.423 7.0000000000
20721  -10.077  -0.984  -12.258 7.0000000000
20722  -10.613  -0.275  -13.449 7.0000000000
20724  -11.162  0.467  -14.646 6.0000000000
20725  -11.688  2.927  -17.293 7.0000000000
20730  -9.667  7.561  -17.801 6.0000000000
20731  -10.229  6.190  -17.754 6.0000000000
20888  -31.687  -13.195  12.832 7.0000000000
20889  -32.610  -12.771  13.475 7.0000000000
20890  -32.038  -14.075  13.673 7.0000000000
23241  -8.631  -11.103  -0.717 7.0000000000
23256  -11.218  -12.931  2.882 7.0000000000
23257  -11.828  -13.962  2.793 7.0000000000
23258  -11.190  -13.751  2.252 7.0000000000
23259  -11.337  -14.472  1.566 6.0000000000
23524  -38.276  4.800  5.845 6.0000000000
23525  -37.691  4.446  5.166 6.0000000000
24009  -8.251  7.454  -0.203 6.0000000000
24010  -7.873  7.887  -0.830 6.0000000000
24011  -7.541  8.326  -1.525 6.0000000000
24048  -28.645  -11.097  9.427 7.0000000000
24049  -28.948  -12.062  10.148 7.0000000000
24050  -27.803  -12.380  9.641 7.0000000000
24051  -27.044  -13.642  9.792 7.0000000000
24052  -26.372  -14.862  9.882 6.0000000000
25078  -10.727  -11.117  -5.228 6.0000000000
25080  -10.973  -10.426  -6.131 6.0000000000
25081  -11.298  -9.693  -7.060 6.0000000000
25082  -11.695  -8.923  -8.008 6.0000000000
25083  -12.161  -8.124  -8.975 6.0000000000
25084  -10.940  -8.218  -7.960 6.0000000000
25085  -10.282  -7.435  -7.892 7.0000000000
25086  -9.704  -6.574  -7.815 7.0000000000
25128  -18.813  -13.130  6.192 7.0000000000
25129  -19.341  -14.072  6.518 7.0000000000
25130  -18.217  -14.218  6.072 7.0000000000
25131  -17.756  -15.235  5.890 7.0000000000
25132  -17.443  -16.180  5.635 7.0000000000
25929  -36.396  -0.836  7.608 6.0000000000
25930  -36.331  -1.747  8.376 6.0000000000
25931  -35.484  -2.191  7.725 6.0000000000
25932  -34.519  -3.501  7.882 6.0000000000
25933  -33.524  -4.774  8.081 7.0000000000
25934  -32.513  -6.033  8.319 7.0000000000
25935  -32.471  -5.130  7.579 7.0000000000
25936  -31.348  -5.454  7.131 6.0000000000
25937  -30.166  -5.744  6.737 6.0000000000
25941  -34.099  4.162  2.471 6.0000000000
25942  -33.161  2.909  2.803 6.0000000000
25943  -27.117  -0.002  3.262 7.0000000000
25944  -28.439  0.086  3.294 7.0000000000
25945  -27.204  -1.096  3.743 7.0000000000
25946  -27.285  -2.182  4.206 7.0000000000
25947  -27.366  -3.239  4.659 7.0000000000
25948  -27.448  -4.265  5.115 7.0000000000
25949  -26.111  -4.448  5.025 7.0000000000
25950  -24.855  -5.674  5.377 7.0000000000
25951  -23.623  -6.930  5.699 7.0000000000
25952  -22.449  -8.213  5.962 7.0000000000
25953  -22.281  -7.123  5.639 7.0000000000
27382  -7.839  -6.029  1.826 7.0000000000
27383  -7.633  -7.059  1.192 7.0000000000
27384  -7.445  -5.709  1.224 7.0000000000
27385  -7.128  -5.361  0.560 7.0000000000
27386  -6.890  -4.984  -0.161 7.0000000000
27387  -6.512  0.396  -1.972 7.0000000000
27388  -6.500  -1.181  -1.877 7.0000000000
27389  -6.467  -0.732  -2.782 7.0000000000
27390  -6.574  -1.766  -3.665 7.0000000000
27391  -6.839  -2.686  -4.599 7.0000000000
27392  -7.270  -3.476  -5.582 7.0000000000
27393  -7.031  -2.172  -5.633 7.0000000000
27394  -7.273  -1.643  -6.708 7.0000000000
27395  -7.556  -1.103  -7.825 7.0000000000
27401  -6.819  9.129  -10.821 6.0000000000
27402  -6.678  8.625  -9.699 6.0000000000
27403  -7.003  7.342  -10.766 6.0000000000
27404  -7.225  5.679  -10.686 6.0000000000
27405  -7.479  4.128  -10.589 6.0000000000
27406  -7.726  2.679  -10.474 7.0000000000
27407  -8.090  3.213  -11.691 7.0000000000
27408  -8.804  2.455  -12.781 7.0000000000
27409  -9.628  1.865  -13.842 7.0000000000
27410  -10.592  1.456  -14.864 7.0000000000
27411  -10.145  2.516  -15.071 7.0000000000
27412  -10.677  3.190  -16.292 7.0000000000
27413  -11.216  3.897  -17.500 7.0000000000
29269  -9.791  -10.970  -4.233 6.0000000000
29270  -9.114  -10.099  -4.098 6.0000000000
29271  -8.523  -9.141  -3.954 7.0000000000
29304  -14.539  -13.374  4.672 7.0000000000
29305  -15.122  -14.378  4.740 7.0000000000
29306  -14.198  -14.342  4.278 7.0000000000
29307  -14.022  -15.226  3.818 7.0000000000
29308  -14.014  -16.015  3.295 7.0000000000
29309  -12.529  -14.937  2.728 7.0000000000
29310  -13.314  -15.852  2.698 7.0000000000
29927  -37.872  0.991  8.258 6.0000000000
29928  -38.424  3.099  7.446 6.0000000000
29929  -37.889  1.855  7.476 6.0000000000
29930  -37.210  0.534  7.526 6.0000000000
29931  -36.428  0.091  6.860 6.0000000000
29932  -35.537  -0.326  6.267 7.0000000000
29933  -34.551  -0.710  5.745 7.0000000000
29937  -29.420  3.442  1.661 6.0000000000
29938  -28.243  2.254  2.201 6.0000000000
29940  -26.922  2.213  2.203 6.0000000000
29941  -27.023  1.094  2.753 6.0000000000
29942  -25.777  -0.060  3.287 7.0000000000
29943  -24.513  -1.234  3.790 7.0000000000
29944  -23.243  -2.442  4.261 6.0000000000
31059  -7.446  0.394  0.909 6.0000000000
31060  -7.128  0.783  0.251 6.0000000000
31061  -6.881  1.186  -0.475 6.0000000000
31062  -7.430  4.203  -0.214 6.0000000000
31063  -7.004  2.870  -0.681 6.0000000000
31064  -6.696  1.600  -1.266 7.0000000000
31065  -6.564  2.020  -2.122 7.0000000000
31066  -6.484  2.444  -3.038 7.0000000000
31067  -6.455  2.876  -4.008 7.0000000000
31077  -7.459  8.387  -13.096 6.0000000000
31078  -8.087  7.258  -14.268 6.0000000000
31079  -8.872  6.295  -15.436 6.0000000000
31080  -8.419  7.839  -15.452 6.0000000000
31152  -32.877  -9.626  11.519 7.0000000000
31153  -33.040  -10.536  12.371 6.0000000000
31154  -32.106  -10.958  11.785 7.0000000000
31155  -31.379  -12.286  12.020 7.0000000000
31156  -30.709  -13.590  12.209 7.0000000000
31157  -29.294  -13.021  10.874 7.0000000000
31158  -29.683  -13.956  11.603 7.0000000000
31159  -30.114  -14.853  12.348 7.0000000000
33436  -12.694  -7.292  -9.957 6.0000000000
33437  -13.292  -6.422  -10.952 6.0000000000
33528  -23.720  -12.253  7.737 6.0000000000
33529  -24.162  -13.211  8.270 6.0000000000
33530  -22.923  -13.454  7.837 6.0000000000
33531  -22.247  -14.607  7.863 6.0000000000
33533  -19.930  -14.976  6.889 6.0000000000
33539  -15.776  -15.324  4.870 7.0000000000
33540  -16.496  -16.210  5.063 7.0000000000
35099  -9.514  -11.369  1.961 7.0000000000
35100  -9.048  -11.081  1.401 7.0000000000
35101  -9.092  -10.201  2.095 7.0000000000
35102  -8.753  -8.965  2.219 7.0000000000
35103  -8.493  -7.669  2.319 7.0000000000
35104  -9.471  -6.836  3.285 7.0000000000
35105  -8.850  -6.594  2.850 7.0000000000
35106  -8.307  -6.324  2.366 7.0000000000
35107  -8.191  -4.933  2.338 6.0000000000
35192  -34.531  -7.888  11.866 6.0000000000
35196  -36.251  -2.644  9.155 6.0000000000
35197  -36.167  -3.531  9.939 6.0000000000
35199  -35.303  -5.719  10.845 6.0000000000
35200  -34.494  -7.009  11.022 6.0000000000
35201  -33.679  -8.307  11.253 6.0000000000
35202  -32.748  -8.718  10.684 7.0000000000
35203  -31.744  -9.112  10.150 7.0000000000
35204  -30.676  -9.479  9.642 7.0000000000
35205  -31.502  -7.292  8.586 7.0000000000
35206  -30.512  -8.551  8.874 7.0000000000
35207  -29.554  -9.817  9.163 7.0000000000
35208  -28.381  -10.134  8.716 7.0000000000
35209  -27.163  -10.438  8.304 7.0000000000
35210  -25.906  -10.732  7.921 7.0000000000
35213  -36.988  4.107  4.550 7.0000000000
35214  -36.021  4.714  3.293 6.0000000000
35215  -36.176  3.786  4.003 6.0000000000
35216  -36.292  2.868  4.714 7.0000000000
35217  -35.466  1.586  4.887 7.0000000000
35218  -34.521  0.263  5.081 7.0000000000
35219  -33.486  -1.055  5.297 7.0000000000
35220  -31.885  3.719  1.925 6.0000000000
35221  -32.009  2.671  2.553 6.0000000000
35222  -32.115  1.647  3.162 6.0000000000
35223  -29.731  0.215  3.388 7.0000000000
35224  -30.990  0.399  3.537 7.0000000000
35225  -32.209  0.637  3.751 7.0000000000
35226  -32.290  -0.367  4.336 7.0000000000
35227  -32.349  -1.361  4.929 7.0000000000
35228  -32.388  -2.334  5.538 7.0000000000
35229  -31.249  -3.574  5.804 7.0000000000
35230  -30.090  -4.791  6.093 7.0000000000
35231  -28.929  -6.008  6.401 7.0000000000
35232  -27.538  -5.265  5.599 7.0000000000
35233  -27.646  -6.256  6.132 7.0000000000
35234  -27.784  -7.241  6.722 7.0000000000
35235  -26.672  -8.492  7.037 7.0000000000
35236  -25.612  -9.756  7.323 7.0000000000
35237  -24.623  -11.016  7.562 6.0000000000
35238  -23.327  -11.286  7.223 7.0000000000
35239  -22.040  -11.543  6.894 7.0000000000
35240  -20.774  -11.777  6.570 7.0000000000
35241  -21.367  -9.501  6.143 7.0000000000
35242  -20.395  -10.764  6.236 7.0000000000
35243  -19.541  -11.978  6.249 7.0000000000
35244  -18.352  -12.135  5.931 7.0000000000
35245  -17.206  -12.244  5.624 7.0000000000
35246  -16.100  -12.308  5.319 7.0000000000
35254  -15.684  -11.229  5.240 7.0000000000
35255  -15.038  -12.335  4.995 7.0000000000
35256  -14.030  -12.320  4.645 7.0000000000
35257  -13.086  -12.261  4.270 7.0000000000
35258  -12.213  -12.160  3.869 7.0000000000
35260  -11.777  -11.022  3.923 7.0000000000
35261  -11.416  -12.019  3.442 7.0000000000
35262  -10.698  -11.840  2.981 7.0000000000
35263  -10.063  -11.623  2.487 7.0000000000
38126  -8.660  -10.760  0.798 7.0000000000
38127  -8.351  -10.404  0.150 7.0000000000
38128  -8.122  -10.016  -0.545 7.0000000000
38129  -7.583  -8.007  0.449 7.0000000000
38130  -7.694  -8.857  -0.383 7.0000000000
38131  -7.972  -9.592  -1.287 7.0000000000
38132  -7.902  -9.132  -2.079 7.0000000000
38133  -7.913  -8.635  -2.920 7.0000000000
38134  -8.005  -8.102  -3.812 7.0000000000
38135  -6.997  -2.432  0.465 6.0000000000
38136  -6.788  -3.553  -0.197 7.0000000000
38137  -6.728  -4.578  -0.938 7.0000000000
38138  -6.539  -2.699  -1.817 7.0000000000
38139  -6.644  -4.142  -1.773 7.0000000000
38140  -6.830  -5.500  -1.767 7.0000000000
38141  -7.105  -6.307  -2.688 7.0000000000
38142  -7.556  -6.987  -3.690 7.0000000000
38143  -8.177  -7.532  -4.747 7.0000000000
38144  -8.432  -6.926  -5.714 7.0000000000
38145  -8.764  -6.290  -6.714 7.0000000000
38146  -9.167  -5.635  -7.746 7.0000000000
38147  -7.876  -4.124  -6.617 7.0000000000
38148  -8.667  -4.624  -7.698 7.0000000000
38149  -9.632  -4.962  -8.800 7.0000000000
38150  -10.152  -4.266  -9.872 7.0000000000
38151  -10.718  -3.546  -10.958 6.0000000000
38155  -7.254  8.773  -2.281 6.0000000000
38158  -6.860  7.283  -2.811 7.0000000000
38159  -6.602  5.863  -3.450 7.0000000000
38160  -6.474  4.542  -4.189 7.0000000000
38161  -6.475  3.317  -5.029 7.0000000000
38164  -6.453  9.095  -6.584 6.0000000000
38165  -6.571  8.138  -8.588 6.0000000000
38166  -6.494  7.659  -7.495 6.0000000000
38167  -6.454  7.189  -6.427 6.0000000000
38168  -6.487  5.428  -6.254 6.0000000000
38169  -6.543  3.770  -6.097 6.0000000000
38170  -6.615  2.187  -5.960 7.0000000000
38171  -6.893  1.158  -6.947 7.0000000000
38172  -7.310  0.239  -7.958 7.0000000000
38173  -7.882  -0.550  -8.981 7.0000000000
38174  -7.965  1.312  -10.332 7.0000000000
38175  -8.254  0.021  -10.170 7.0000000000
38176  -8.629  -1.188  -10.021 7.0000000000
38177  -9.563  -1.661  -11.079 7.0000000000
38178  -10.677  -1.946  -12.137 6.0000000000
38189  -9.780  5.530  -16.567 7.0000000000
38190  -10.754  4.975  -17.654 7.0000000000
38191  -11.752  4.643  -18.694 6.0000000000
38377  -33.237  -11.439  13.242 6.0000000000
38395  -24.658  -14.165  8.808 6.0000000000
41069  -9.639  -12.546  0.868 7.0000000000
41070  -9.454  -12.380  0.555 7.0000000000
41071  -9.351  -12.024  0.948 7.0000000000
41080  -9.780  -12.328  1.539 7.0000000000
41081  -10.070  -12.853  1.465 7.0000000000
41082  -9.844  -12.704  1.170 7.0000000000
41083  -9.951  -13.052  0.789 7.0000000000
41520  -25.617  -11.846  8.332 7.0000000000
41521  -25.809  -12.331  8.632 7.0000000000
41522  -25.188  -12.469  8.419 6.0000000000
42092  -8.984  -9.032  -4.941 7.0000000000
42093  -9.406  -9.171  -5.471 7.0000000000
42094  -9.103  -8.718  -5.411 7.0000000000
42095  -9.242  -8.394  -5.887 7.0000000000
42096  -8.818  -8.244  -5.348 7.0000000000
42120  -16.053  -13.362  5.255 7.0000000000
42121  -16.324  -13.861  5.325 7.0000000000
42122  -15.810  -13.879  5.120 7.0000000000
42565  -34.042  -1.848  6.177 7.0000000000
42566  -34.043  -2.319  6.521 6.0000000000
42567  -33.514  -2.494  6.279 7.0000000000
42568  -32.975  -3.127  6.391 7.0000000000
42569  -32.967  -2.658  6.056 7.0000000000
42573  -23.959  -2.985  4.427 7.0000000000
42574  -24.636  -2.942  4.407 7.0000000000
42575  -24.001  -3.554  4.617 7.0000000000
42576  -24.043  -4.117  4.803 7.0000000000
42577  -23.367  -4.172  4.818 7.0000000000
42578  -22.736  -4.797  5.006 7.0000000000
42579  -22.693  -4.223  4.837 7.0000000000
43373  -7.491  -2.982  1.422 6.0000000000
43375  -6.477  1.496  -4.367 7.0000000000
43376  -6.497  0.719  -4.305 7.0000000000
43377  -6.537  0.950  -4.824 7.0000000000
43378  -6.635  0.428  -5.296 7.0000000000
43379  -6.591  1.183  -5.354 7.0000000000
43383  -8.113  6.187  -13.655 6.0000000000
43384  -7.947  5.916  -13.052 6.0000000000
43385  -8.307  5.434  -13.626 6.0000000000
43386  -8.502  4.717  -13.583 6.0000000000
43387  -8.700  4.998  -14.194 6.0000000000
43388  -9.117  4.608  -14.755 7.0000000000
43389  -8.901  5.286  -14.802 6.0000000000
43440  -34.193  -8.986  12.418 6.0000000000
43442  -33.834  -9.650  12.545 6.0000000000
44492  -8.770  -11.181  -1.545 6.0000000000
44493  -9.034  -11.434  -2.016 6.0000000000
44494  -8.726  -10.948  -1.932 6.0000000000
44495  -8.702  -10.704  -2.328 6.0000000000
44496  -8.439  -10.441  -1.846 7.0000000000
44520  -12.326  -13.176  3.600 7.0000000000
44521  -12.618  -13.696  3.577 7.0000000000
44522  -12.230  -13.625  3.336 7.0000000000
44965  -37.462  3.391  5.606 6.0000000000
44966  -37.503  2.955  5.982 6.0000000000
44967  -37.143  2.771  5.660 7.0000000000
44968  -36.790  2.138  5.716 7.0000000000
44969  -36.754  2.590  5.354 7.0000000000
45775  -7.195  6.641  -1.587 7.0000000000
45776  -7.108  5.719  -1.445 7.0000000000
45777  -6.993  5.928  -1.841 7.0000000000
45778  -6.825  5.232  -2.123 7.0000000000
45779  -6.889  6.138  -2.253 7.0000000000
45840  -30.334  -10.593  10.171 7.0000000000
45841  -30.455  -11.066  10.560 7.0000000000
45842  -29.912  -11.243  10.297 7.0000000000
45843  -27.207  -15.193  10.469 6.0000000000
45844  -27.763  -15.053  10.760 7.0000000000
47560  -12.774  -9.150  -8.511 6.0000000000
47564  -13.734  -8.582  -9.458 6.0000000000
47565  -14.007  -8.141  -9.931 6.0000000000
47566  -13.272  -8.308  -9.462 6.0000000000
47567  -10.465  -6.284  -8.877 7.0000000000
47568  -11.024  -6.304  -9.418 7.0000000000
47569  -10.731  -5.908  -9.396 7.0000000000
47570  -11.012  -5.526  -9.918 7.0000000000
47571  -10.447  -5.495  -9.373 7.0000000000
47640  -20.597  -12.853  6.773 7.0000000000
47641  -20.840  -13.324  6.974 6.0000000000
47642  -20.241  -13.427  6.766 6.0000000000
47648  -14.798  -16.508  3.636 7.0000000000
47649  -15.184  -16.557  3.948 7.0000000000
47650  -15.224  -16.924  3.695 7.0000000000
48899  -10.124  -8.932  3.423 7.0000000000
48900  -9.781  -8.827  3.212 7.0000000000
48901  -10.001  -8.283  3.453 7.0000000000
48975  -37.501  -0.129  8.671 6.0000000000
48977  -37.122  -0.820  8.696 6.0000000000
48978  -34.020  -5.027  8.735 7.0000000000
48979  -34.487  -4.828  9.025 7.0000000000
48980  -34.021  -5.466  9.120 7.0000000000
48981  -34.026  -5.903  9.509 7.0000000000
48982  -33.551  -6.101  9.225 7.0000000000
48983  -33.079  -6.736  9.341 7.0000000000
48984  -33.055  -6.294  8.954 7.0000000000
48985  -29.660  -6.834  7.229 7.0000000000
48986  -29.721  -7.308  7.575 7.0000000000
48987  -29.115  -7.452  7.383 7.0000000000
48988  -28.578  -8.072  7.538 7.0000000000
48989  -28.496  -7.592  7.204 7.0000000000
48993  -33.777  2.551  3.275 6.0000000000
48994  -34.315  2.699  3.453 6.0000000000
48995  -33.834  2.060  3.593 7.0000000000
48996  -33.885  1.569  3.910 7.0000000000
48997  -33.328  1.417  3.738 7.0000000000
48998  -28.950  1.747  2.510 6.0000000000
48999  -29.594  1.803  2.550 6.0000000000
49000  -28.999  1.210  2.792 6.0000000000
49001  -28.644  -2.554  4.528 7.0000000000
49002  -29.253  -1.952  4.349 7.0000000000
49003  -29.292  -2.461  4.601 7.0000000000
49004  -29.931  -2.358  4.690 7.0000000000
49005  -29.328  -2.963  4.854 7.0000000000
49006  -29.363  -3.458  5.112 7.0000000000
49007  -28.720  -3.564  5.019 7.0000000000
49008  -24.377  -7.349  5.945 7.0000000000
49009  -25.054  -7.234  6.013 7.0000000000
49010  -24.468  -7.869  6.163 7.0000000000
49011  -24.572  -8.384  6.394 7.0000000000
49012  -23.899  -8.508  6.301 7.0000000000
49013  -23.350  -9.149  6.424 7.0000000000
49014  -23.227  -8.629  6.216 7.0000000000
49032  -10.487  -9.028  3.624 6.0000000000
49033  -10.267  -9.566  3.386 7.0000000000
51397  -8.148  -8.032  1.738 7.0000000000
51398  -8.084  -8.517  1.393 7.0000000000
51399  -7.943  -7.876  1.450 7.0000000000
51400  -6.985  -6.141  -0.551 7.0000000000
51401  -7.109  -6.794  -0.579 7.0000000000
51402  -7.038  -6.587  -0.967 7.0000000000
51403  -7.135  -7.006  -1.407 7.0000000000
51404  -6.988  -6.372  -1.369 7.0000000000
51405  -6.700  -0.244  -0.718 7.0000000000
51406  -6.677  -1.045  -0.670 7.0000000000
51407  -6.602  -0.833  -1.070 7.0000000000
51408  -6.858  -3.617  -4.078 7.0000000000
51409  -6.794  -3.871  -3.591 7.0000000000
51410  -6.968  -4.276  -4.068 7.0000000000
51411  -7.098  -4.914  -4.071 7.0000000000
51412  -7.185  -4.647  -4.563 7.0000000000
51413  -7.448  -4.983  -5.074 7.0000000000
51414  -7.290  -4.374  -5.065 7.0000000000
51415  -8.041  -2.077  -8.287 7.0000000000
51416  -8.227  -2.668  -8.251 7.0000000000
51417  -8.423  -2.371  -8.814 7.0000000000
51418  -8.852  -2.625  -9.351 7.0000000000
51419  -8.630  -2.069  -9.385 7.0000000000
51425  -6.522  8.393  -5.093 6.0000000000
51426  -6.495  7.435  -4.992 6.0000000000
51427  -6.468  7.661  -5.488 6.0000000000
51431  -7.099  4.397  -9.450 6.0000000000
51432  -6.899  4.947  -8.919 6.0000000000
51433  -6.988  4.153  -8.863 6.0000000000
51434  -6.886  3.912  -8.281 6.0000000000
51435  -7.079  3.383  -8.805 6.0000000000
51436  -7.169  2.634  -8.745 7.0000000000
51437  -7.303  2.884  -9.336 7.0000000000
51438  -9.576  0.971  -13.130 7.0000000000
51439  -9.329  0.646  -12.517 7.0000000000
51440  -9.803  0.415  -13.032 7.0000000000
51441  -10.060  -0.121  -12.938 7.0000000000
51442  -10.323  0.230  -13.542 7.0000000000
51443  -10.886  0.092  -14.046 6.0000000000
51444  -10.590  0.588  -14.148 7.0000000000
51445  -11.966  3.315  -17.894 6.0000000000
51451  -10.161  7.197  -18.370 6.0000000000
51608  -31.384  -13.843  12.922 7.0000000000
51609  -31.857  -13.639  13.248 7.0000000000
51610  -31.575  -14.280  13.335 7.0000000000
54092  -9.145  -12.018  -0.102 7.0000000000
54094  -9.021  -11.823  -0.447 7.0000000000
54095  -8.917  -11.618  -0.803 7.0000000000
54096  -8.734  -11.306  -0.362 7.0000000000
54120  -10.888  -12.829  2.628 7.0000000000
54121  -11.182  -13.353  2.575 7.0000000000
54122  -10.873  -13.242  2.308 7.0000000000
54123  -10.724  -13.854  1.325 7.0000000000
54124  -10.973  -13.994  1.623 7.0000000000
54568  -37.999  4.621  5.498 6.0000000000
55374  -8.611  8.183  -0.102 6.0000000000
55376  -8.196  8.625  -0.689 6.0000000000
55377  -8.005  8.848  -1.008 6.0000000000
55378  -7.701  8.105  -1.169 6.0000000000
55379  -7.826  9.073  -1.343 6.0000000000
55440  -28.059  -11.254  9.193 7.0000000000
55441  -28.214  -11.739  9.541 7.0000000000
55442  -27.627  -11.894  9.303 7.0000000000
55443  -26.230  -13.300  9.234 7.0000000000
55444  -26.826  -13.160  9.476 7.0000000000
55445  -26.458  -13.781  9.538 7.0000000000
55446  -26.697  -14.259  9.845 6.0000000000
55447  -26.112  -14.391  9.585 6.0000000000
57157  -10.331  -10.739  -5.175 6.0000000000
57158  -10.840  -10.777  -5.676 6.0000000000
57159  -10.446  -10.404  -5.629 6.0000000000
57160  -10.367  -9.323  -6.516 6.0000000000
57161  -10.734  -9.703  -6.556 6.0000000000
57162  -10.907  -9.337  -7.028 6.0000000000
57163  -11.488  -9.312  -7.531 6.0000000000
57164  -11.097  -8.962  -7.504 6.0000000000
57165  -11.305  -8.579  -7.986 6.0000000000
57166  -10.732  -8.593  -7.473 6.0000000000
57167  -9.578  -7.718  -6.856 7.0000000000
57168  -10.071  -7.798  -7.395 7.0000000000
57169  -9.773  -7.370  -7.351 7.0000000000
57170  -9.986  -7.015  -7.854 7.0000000000
57171  -9.490  -6.921  -7.307 7.0000000000
57240  -18.239  -13.201  6.000 7.0000000000
57241  -18.498  -13.682  6.139 7.0000000000
57242  -17.938  -13.746  5.933 7.0000000000
57243  -16.918  -14.819  5.518 7.0000000000
57244  -17.437  -14.783  5.754 7.0000000000
57245  -17.240  -15.275  5.639 7.0000000000
57246  -17.580  -15.717  5.772 7.0000000000
57247  -17.081  -15.748  5.504 7.0000000000
58575  -35.973  -1.057  7.286 6.0000000000
58576  -35.949  -1.518  7.662 6.0000000000
58577  -35.507  -1.733  7.351 6.0000000000
58578  -34.035  -3.241  7.234 6.0000000000
58579  -34.531  -3.051  7.508 6.0000000000
58580  -34.030  -3.693  7.603 6.0000000000
58581  -34.024  -4.141  7.976 7.0000000000
58582  -33.521  -4.327  7.708 7.0000000000
58583  -33.007  -4.956  7.823 7.0000000000
58584  -32.998  -4.505  7.455 6.0000000000
58585  -31.876  -4.371  6.644 6.0000000000
58586  -31.896  -4.835  6.992 6.0000000000
58587  -31.320  -4.988  6.783 6.0000000000
58588  -30.764  -5.603  6.927 6.0000000000
58589  -30.730  -5.132  6.588 6.0000000000
58595  -33.571  4.038  2.308 6.0000000000
58596  -33.646  3.538  2.633 6.0000000000
58597  -33.096  3.412  2.485 6.0000000000
58598  -26.493  -0.586  3.506 7.0000000000
58599  -27.161  -0.549  3.505 7.0000000000
58600  -26.535  -1.139  3.737 7.0000000000
58601  -25.987  -2.842  4.396 7.0000000000
58602  -26.618  -2.240  4.188 7.0000000000
58603  -26.658  -2.782  4.408 7.0000000000
58604  -27.325  -2.715  4.433 7.0000000000
58605  -26.698  -3.316  4.626 7.0000000000
58606  -26.739  -3.842  4.843 7.0000000000
58607  -26.068  -3.921  4.815 7.0000000000
58608  -24.129  -5.222  5.169 7.0000000000
58609  -24.805  -5.143  5.181 7.0000000000
58610  -24.178  -5.764  5.354 7.0000000000
58611  -24.234  -6.298  5.543 7.0000000000
58612  -23.558  -6.392  5.517 7.0000000000
58613  -22.949  -7.029  5.666 7.0000000000
58614  -22.885  -6.482  5.498 7.0000000000
58616  -21.553  -6.645  5.473 7.0000000000
60997  -7.773  -5.336  1.817 7.0000000000
60998  -7.633  -5.872  1.533 7.0000000000
60999  -7.567  -5.177  1.522 7.0000000000
61000  -7.170  -4.121  0.862 7.0000000000
61001  -7.213  -4.839  0.887 7.0000000000
61002  -7.066  -4.659  0.547 7.0000000000
61003  -7.000  -5.176  0.207 7.0000000000
61004  -6.938  -4.472  0.193 7.0000000000
61005  -6.478  0.613  -2.422 7.0000000000
61006  -6.471  -0.179  -2.366 7.0000000000
61007  -6.457  0.043  -2.829 7.0000000000
61008  -6.568  -0.793  -4.203 7.0000000000
61009  -6.527  -1.029  -3.702 7.0000000000
61010  -6.621  -1.526  -4.161 7.0000000000
61011  -6.686  -2.242  -4.126 7.0000000000
61012  -6.755  -1.994  -4.631 7.0000000000
61013  -6.929  -2.430  -5.111 7.0000000000
61014  -6.837  -1.743  -5.148 7.0000000000
61015  -6.944  -0.534  -6.267 7.0000000000
61016  -7.039  -1.231  -6.213 7.0000000000
61017  -7.157  -0.970  -6.761 7.0000000000
61018  -7.409  -1.374  -7.261 7.0000000000
61019  -7.285  -0.707  -7.320 7.0000000000
61028  -6.999  8.474  -11.371 6.0000000000
61029  -6.907  8.218  -10.798 6.0000000000
61030  -7.106  7.595  -11.347 6.0000000000
61031  -7.634  5.393  -11.843 6.0000000000
61032  -7.351  5.928  -11.281 6.0000000000
61033  -7.488  5.139  -11.240 6.0000000000
61034  -7.350  4.890  -10.640 6.0000000000
61035  -7.631  4.382  -11.193 6.0000000000
61036  -7.770  3.651  -11.140 6.0000000000
61037  -7.944  3.912  -11.748 6.0000000000
61038  -8.867  3.380  -13.468 7.0000000000
61039  -8.648  3.095  -12.853 7.0000000000
61040  -9.034  2.749  -13.397 7.0000000000
61041  -9.200  2.138  -13.316 7.0000000000
61042  -9.445  2.446  -13.932 7.0000000000
61043  -9.884  2.188  -14.457 7.0000000000
61044  -9.695  2.758  -14.547 7.0000000000
61045  -10.004  3.973  -15.848 7.0000000000
61046  -10.208  3.398  -15.771 7.0000000000
61047  -10.468  3.730  -16.379 7.0000000000
61048  -10.946  3.539  -16.898 7.0000000000
61049  -10.729  4.070  -16.983 7.0000000000
64365  -10.165  -11.376  -4.297 6.0000000000
64366  -9.737  -11.267  -3.803 6.0000000000
64367  -8.714  -10.188  -3.155 7.0000000000
64368  -9.058  -10.387  -3.660 6.0000000000
64369  -8.751  -9.915  -3.585 7.0000000000
64370  -8.808  -9.631  -4.027 7.0000000000
64371  -8.465  -9.421  -3.509 7.0000000000
64440  -14.062  -13.356  4.469 7.0000000000
64441  -14.348  -13.868  4.484 7.0000000000
64442  -13.890  -13.841  4.264 7.0000000000
64443  -13.267  -14.694  3.550 7.0000000000
64444  -13.670  -14.750  3.805 7.0000000000
64445  -13.623  -15.171  3.551 7.0000000000
64446  -13.997  -15.633  3.564 7.0000000000
64447  -13.617  -15.568  3.281 7.0000000000
64448  -11.839  -14.356  2.482 7.0000000000
64449  -12.168  -14.457  2.757 7.0000000000
64450  -12.202  -14.836  2.445 7.0000000000
64452  -12.991  -15.751  2.396 7.0000000000
64454  -13.737  -16.286  2.701 7.0000000000
65774  -38.173  1.645  8.247 6.0000000000
65775  -38.609  4.121  7.023 6.0000000000
65776  -38.638  3.705  7.430 6.0000000000
65777  -38.401  3.514  7.047 6.0000000000
65778  -37.557  2.083  6.735 6.0000000000
65779  -37.881  2.284  7.090 6.0000000000
65780  -37.568  1.645  7.115 6.0000000000
65781  -37.568  1.204  7.497 6.0000000000
65782  -37.218  0.986  7.146 6.0000000000
65783  -36.834  0.310  7.184 6.0000000000
65784  -36.838  0.770  6.811 6.0000000000
65785  -35.982  0.825  5.843 7.0000000000
65786  -35.993  0.352  6.197 7.0000000000
65787  -35.531  0.152  5.917 7.0000000000
65788  -35.055  -0.522  5.997 7.0000000000
65789  -35.046  -0.040  5.655 7.0000000000
65795  -28.776  3.407  1.630 6.0000000000
65796  -28.838  2.844  1.928 6.0000000000
65797  -28.186  2.814  1.910 6.0000000000
65803  -26.308  1.636  2.500 6.0000000000
65804  -26.974  1.649  2.483 6.0000000000
65805  -26.356  1.074  2.768 6.0000000000
65806  -26.403  0.518  3.023 6.0000000000
65807  -25.732  0.500  3.045 6.0000000000
65809  -24.473  -0.663  3.574 7.0000000000
65810  -23.839  -1.255  3.824 7.0000000000
65811  -23.878  -1.834  4.030 7.0000000000
68200  -7.415  2.265  0.380 6.0000000000
68201  -7.342  1.419  0.493 6.0000000000
68202  -7.191  1.617  0.154 6.0000000000
68203  -6.996  0.983  -0.104 6.0000000000
68204  -7.057  1.819  -0.200 6.0000000000
68207  -7.526  5.098  -0.355 6.0000000000
68208  -6.959  3.937  -1.184 6.0000000000
68209  -7.074  3.733  -0.800 6.0000000000
68210  -6.895  3.075  -1.066 6.0000000000
68211  -6.835  2.227  -0.958 6.0000000000
68212  -6.744  2.434  -1.361 7.0000000000
68213  -6.623  1.809  -1.686 7.0000000000
68214  -6.666  2.641  -1.781 7.0000000000
68215  -6.583  3.904  -2.767 7.0000000000
68216  -6.548  3.060  -2.665 7.0000000000
68217  -6.508  3.271  -3.129 7.0000000000
68218  -6.463  2.659  -3.517 7.0000000000
68219  -6.479  3.485  -3.605 7.0000000000
68240  -7.588  8.663  -13.679 6.0000000000
68241  -7.752  7.805  -13.680 6.0000000000
68242  -7.899  8.085  -14.269 6.0000000000
68243  -8.251  7.545  -14.862 6.0000000000
68244  -8.052  8.373  -14.856 6.0000000000
68400  -32.400  -9.832  11.238 7.0000000000
68401  -32.487  -10.291  11.654 7.0000000000
68402  -32.002  -10.495  11.373 7.0000000000
68403  -30.726  -12.012  11.338 7.0000000000
68404  -31.238  -11.822  11.621 7.0000000000
68405  -30.876  -12.480  11.728 7.0000000000
68406  -31.036  -12.942  12.120 7.0000000000
68407  -30.530  -13.132  11.823 7.0000000000
68408  -28.558  -12.707  10.243 7.0000000000
68409  -29.116  -12.543  10.511 7.0000000000
68410  -28.746  -13.187  10.595 7.0000000000
68411  -28.847  -14.748  11.358 7.0000000000
68412  -29.154  -14.127  11.305 7.0000000000
68413  -29.375  -14.583  11.664 7.0000000000
68414  -29.893  -14.410  11.973 7.0000000000
68415  -29.605  -15.029  12.027 7.0000000000
68416  -29.847  -15.464  12.397 6.0000000000
73582  -11.771  -7.793  -8.964 6.0000000000
73583  -12.420  -7.713  -9.464 6.0000000000
73584  -12.031  -7.388  -9.459 6.0000000000
73585  -12.243  -6.221  -10.465 6.0000000000
73586  -12.601  -6.551  -10.462 6.0000000000
73587  -12.910  -6.118  -10.968 6.0000000000
73800  -23.086  -12.381  7.543 6.0000000000
73801  -23.307  -12.858  7.796 6.0000000000
73802  -22.682  -12.981  7.591 6.0000000000
73803  -21.369  -14.249  7.402 6.0000000000
73804  -21.966  -14.145  7.632 6.0000000000
73805  -21.655  -14.706  7.624 6.0000000000
73808  -19.066  -14.607  6.462 6.0000000000
73809  -19.628  -14.528  6.699 6.0000000000
73810  -19.373  -15.053  6.640 6.0000000000
73823  -14.976  -14.850  4.551 7.0000000000
73824  -15.441  -14.859  4.796 7.0000000000
73825  -15.316  -15.318  4.609 7.0000000000
73826  -16.003  -16.619  4.567 7.0000000000
73827  -16.045  -16.208  4.772 7.0000000000
73828  -16.436  -16.632  4.874 7.0000000000
73829  -16.883  -16.634  5.178 7.0000000000
73830  -16.845  -17.045  4.985 7.0000000000
77579  -9.556  -10.926  2.291 7.0000000000
77580  -9.293  -10.794  2.029 7.0000000000
77581  -9.355  -10.335  2.354 7.0000000000
77582  -9.157  -8.590  2.763 7.0000000000
77583  -9.015  -9.101  2.471 7.0000000000
77584  -8.875  -8.460  2.523 7.0000000000
77585  -8.613  -8.324  2.274 7.0000000000
77586  -8.754  -7.806  2.567 7.0000000000
77590  -9.032  -5.340  3.051 6.0000000000
77591  -9.083  -6.034  3.072 6.0000000000
77592  -8.783  -5.908  2.848 7.0000000000
77593  -8.569  -6.462  2.615 7.0000000000
77594  -8.502  -5.774  2.612 7.0000000000
77595  -8.240  -5.635  2.362 7.0000000000
77596  -8.452  -5.075  2.589 6.0000000000
77813  -35.887  -2.424  8.427 6.0000000000
77814  -36.292  -2.197  8.765 6.0000000000
77815  -35.853  -2.871  8.813 6.0000000000
77816  -35.355  -4.412  9.651 7.0000000000
77817  -35.785  -3.756  9.592 7.0000000000
77818  -35.753  -4.195  9.985 7.0000000000
77820  -35.724  -4.633  10.380 6.0000000000
77822  -35.316  -5.284  10.442 6.0000000000
77823  -34.046  -6.777  10.307 7.0000000000
77824  -34.484  -6.572  10.611 7.0000000000
77825  -34.063  -7.215  10.716 7.0000000000
77826  -34.086  -7.656  11.132 6.0000000000
77827  -33.642  -7.862  10.834 7.0000000000
77828  -33.223  -8.514  10.964 7.0000000000
77829  -33.178  -8.066  10.549 7.0000000000
77830  -32.138  -8.013  9.605 7.0000000000
77831  -32.193  -8.464  10.006 7.0000000000
77832  -31.674  -8.655  9.748 7.0000000000
77833  -31.218  -9.299  9.893 7.0000000000
77834  -31.140  -8.839  9.497 7.0000000000
77835  -31.972  -6.210  8.078 7.0000000000
77836  -32.006  -6.662  8.449 7.0000000000
77837  -31.456  -6.836  8.215 7.0000000000
77838  -29.862  -8.248  8.284 7.0000000000
77839  -30.439  -8.089  8.502 7.0000000000
77840  -29.941  -8.715  8.648 7.0000000000
77841  -30.028  -9.183  9.020 7.0000000000
77842  -29.452  -9.345  8.794 7.0000000000
77843  -28.974  -9.978  8.935 7.0000000000
77844  -28.864  -9.502  8.577 7.0000000000
77845  -27.532  -9.324  7.838 7.0000000000
77846  -27.651  -9.805  8.170 7.0000000000
77847  -27.028  -9.954  7.979 7.0000000000
77848  -26.539  -10.586  8.110 7.0000000000
77849  -26.395  -10.100  7.795 7.0000000000
77856  -37.288  4.726  4.471 6.0000000000
77857  -36.920  4.561  4.179 6.0000000000
77860  -35.573  4.568  3.061 6.0000000000
77861  -35.326  3.007  3.869 6.0000000000
77862  -35.731  3.631  3.757 6.0000000000
77863  -35.795  3.165  4.105 7.0000000000
77864  -36.239  3.326  4.359 7.0000000000
77865  -35.849  2.700  4.452 7.0000000000
77866  -35.895  2.234  4.798 7.0000000000
77867  -35.428  2.061  4.548 7.0000000000
77868  -33.963  0.584  4.545 7.0000000000
77869  -34.496  0.752  4.754 7.0000000000
77870  -33.992  0.092  4.865 7.0000000000
77871  -34.013  -0.399  5.187 7.0000000000
77872  -33.467  -0.564  4.981 7.0000000000
77875  -31.289  3.631  1.834 6.0000000000
77876  -30.852  1.953  2.675 6.0000000000
77877  -31.412  2.570  2.455 6.0000000000
77878  -31.464  2.049  2.760 6.0000000000
77879  -32.064  2.157  2.861 6.0000000000
77880  -31.513  1.533  3.058 6.0000000000
77881  -28.481  -0.451  3.549 7.0000000000
77882  -29.089  0.144  3.334 7.0000000000
77883  -29.131  -0.386  3.594 7.0000000000
77884  -30.450  -0.732  3.992 7.0000000000
77885  -30.408  -0.218  3.725 7.0000000000
77886  -31.034  -0.113  3.813 7.0000000000
77887  -31.606  0.512  3.635 7.0000000000
77888  -31.649  0.005  3.919 7.0000000000
77889  -32.252  0.134  4.043 7.0000000000
77890  -31.689  -0.500  4.202 7.0000000000
77891  -31.177  -2.124  4.922 7.0000000000
77892  -31.756  -1.500  4.775 7.0000000000
77893  -31.782  -1.992  5.066 7.0000000000
77894  -32.371  -1.850  5.230 7.0000000000
77895  -31.804  -2.478  5.363 7.0000000000
77896  -31.823  -2.958  5.668 7.0000000000
77897  -31.227  -3.096  5.501 7.0000000000
77898  -29.432  -4.434  5.653 7.0000000000
77899  -30.058  -4.312  5.791 7.0000000000
77900  -29.469  -4.917  5.942 7.0000000000
77901  -29.509  -5.398  6.245 7.0000000000
77902  -28.880  -5.523  6.098 7.0000000000
77903  -26.827  -4.869  5.288 7.0000000000
77904  -27.492  -4.767  5.352 7.0000000000
77905  -26.876  -5.374  5.521 7.0000000000
77906  -26.396  -6.996  6.187 7.0000000000
77907  -26.989  -6.375  6.023 7.0000000000
77908  -27.058  -6.874  6.295 7.0000000000
77909  -27.711  -6.749  6.420 7.0000000000
77910  -27.136  -7.371  6.582 7.0000000000
77911  -27.222  -7.864  6.882 7.0000000000
77912  -26.570  -7.997  6.741 7.0000000000
77913  -24.818  -9.398  6.898 7.0000000000
77914  -25.479  -9.262  7.037 7.0000000000
77915  -24.958  -9.895  7.169 7.0000000000
77916  -25.108  -10.387  7.450 7.0000000000
77917  -24.456  -10.527  7.287 7.0000000000
77918  -23.975  -11.153  7.390 7.0000000000
77919  -23.802  -10.663  7.131 7.0000000000
77920  -22.325  -10.423  6.617 7.0000000000
77921  -22.497  -10.924  6.831 7.0000000000
77922  -21.850  -11.049  6.684 7.0000000000
77923  -21.404  -11.663  6.732 7.0000000000
77924  -21.210  -11.167  6.538 7.0000000000
77925  -21.786  -8.318  5.906 7.0000000000
77926  -21.895  -8.858  6.063 7.0000000000
77927  -21.240  -8.964  5.992 7.0000000000
77928  -19.606  -10.329  5.987 6.0000000000
77929  -20.231  -10.238  6.093 7.0000000000
77930  -19.770  -10.860  6.111 7.0000000000
77931  -19.953  -11.378  6.252 7.0000000000
77932  -19.340  -11.469  6.109 7.0000000000
77933  -18.941  -12.062  6.089 7.0000000000
77934  -18.738  -11.548  5.968 7.0000000000
77935  -17.378  -11.136  5.621 7.0000000000
77936  -17.568  -11.672  5.691 7.0000000000
77937  -16.997  -11.717  5.555 7.0000000000
77938  -16.648  -12.281  5.473 7.0000000000
77939  -16.435  -11.751  5.418 7.0000000000
77958  -14.956  -10.674  5.079 6.0000000000
77960  -15.141  -11.240  5.101 7.0000000000
77961  -15.343  -11.790  5.128 7.0000000000
77962  -14.815  -11.795  4.972 7.0000000000
77963  -14.526  -12.333  4.823 7.0000000000
77964  -14.302  -11.789  4.810 7.0000000000
77965  -13.114  -11.177  4.470 7.0000000000
77966  -13.322  -11.744  4.465 7.0000000000
77967  -12.858  -11.706  4.281 7.0000000000
77968  -12.640  -12.216  4.073 7.0000000000
77969  -12.412  -11.657  4.092 7.0000000000
77973  -11.183  -10.355  3.759 7.0000000000
77974  -11.590  -10.429  3.951 6.0000000000
77975  -11.369  -10.951  3.726 7.0000000000
77976  -11.577  -11.531  3.692 7.0000000000
77977  -11.188  -11.454  3.481 7.0000000000
77978  -11.047  -11.934  3.216 7.0000000000
77979  -10.820  -11.367  3.260 7.0000000000
77980  -9.942  -10.578  2.845 7.0000000000
77981  -10.145  -11.166  2.792 7.0000000000
77982  -9.840  -11.051  2.546 7.0000000000
77983  -9.778  -11.500  2.228 7.0000000000
85072  -8.827  -10.505  1.475 7.0000000000
85073  -8.844  -10.925  1.105 7.0000000000
85074  -8.623  -10.348  1.182 7.0000000000
85075  -8.074  -9.418  0.638 7.0000000000
85076  -8.275  -10.011  0.560 7.0000000000
85077  -8.130  -9.830  0.232 7.0000000000
85078  -8.227  -10.214  -0.191 7.0000000000
85079  -8.004  -9.641  -0.108 7.0000000000
85080  -7.465  -6.890  0.873 7.0000000000
85081  -7.588  -7.544  0.833 7.0000000000
85082  -7.439  -7.368  0.502 7.0000000000
85083  -7.420  -8.050  -0.681 7.0000000000
85084  -7.509  -8.252  -0.312 7.0000000000
85085  -7.606  -8.653  -0.750 7.0000000000
85086  -7.812  -9.240  -0.827 7.0000000000
85087  -7.745  -9.025  -1.206 7.0000000000
85088  -7.926  -9.367  -1.677 7.0000000000
85089  -7.699  -8.802  -1.597 7.0000000000
85090  -7.458  -7.753  -2.350 7.0000000000
85091  -7.668  -8.329  -2.418 7.0000000000
85092  -7.683  -8.080  -2.848 7.0000000000
85093  -7.949  -8.373  -3.360 7.0000000000
85094  -7.717  -7.821  -3.291 7.0000000000
85095  -7.184  -1.045  0.722 6.0000000000
85096  -7.156  -1.841  0.765 6.0000000000
85097  -7.009  -1.650  0.431 6.0000000000
85098  -6.674  -2.601  -0.605 7.0000000000
85099  -6.765  -2.805  -0.222 7.0000000000
85100  -6.697  -3.350  -0.579 7.0000000000
85101  -6.739  -4.078  -0.557 7.0000000000
85102  -6.667  -3.870  -0.954 7.0000000000
85103  -6.493  -1.722  -2.288 7.0000000000
85104  -6.512  -1.949  -1.845 7.0000000000
85105  -6.524  -2.471  -2.259 7.0000000000
85106  -6.722  -4.364  -2.652 7.0000000000
85107  -6.631  -3.912  -2.213 7.0000000000
85108  -6.714  -4.602  -2.201 7.0000000000
85109  -6.726  -4.831  -1.764 7.0000000000
85110  -6.818  -5.270  -2.201 7.0000000000
85111  -6.946  -5.919  -2.217 7.0000000000
85112  -6.954  -5.680  -2.661 7.0000000000
85113  -7.429  -6.134  -4.116 7.0000000000
85114  -7.359  -6.403  -3.643 7.0000000000
85115  -7.627  -6.715  -4.159 7.0000000000
85116  -7.846  -7.277  -4.213 7.0000000000
85117  -7.940  -6.992  -4.689 7.0000000000
85118  -8.294  -7.233  -5.226 7.0000000000
85119  -8.054  -6.698  -5.173 7.0000000000
85120  -8.114  -5.548  -6.134 7.0000000000
85121  -8.343  -6.088  -6.167 7.0000000000
85122  -8.516  -5.776  -6.677 7.0000000000
85123  -8.957  -5.965  -7.227 7.0000000000
85124  -8.705  -5.459  -7.195 7.0000000000
85125  -7.402  -3.203  -6.104 7.0000000000
85126  -7.551  -3.818  -6.093 7.0000000000
85127  -7.702  -3.536  -6.619 7.0000000000
85128  -8.645  -3.784  -8.226 7.0000000000
85129  -8.440  -4.091  -7.686 7.0000000000
85130  -8.879  -4.310  -8.233 7.0000000000
85131  -9.130  -4.815  -8.248 7.0000000000
85132  -9.363  -4.486  -8.783 7.0000000000
85133  -9.886  -4.617  -9.334 7.0000000000
85134  -9.609  -4.151  -9.324 7.0000000000
85135  -9.850  -2.997  -10.434 7.0000000000
85136  -10.137  -3.464  -10.419 6.0000000000
85137  -10.415  -3.111  -10.973 6.0000000000
85138  -11.014  -3.177  -11.507 6.0000000000
85139  -10.702  -2.752  -11.531 6.0000000000
85154  -6.933  8.244  -2.949 6.0000000000
85155  -6.771  7.501  -3.246 6.0000000000
85156  -6.714  6.562  -3.118 7.0000000000
85157  -6.643  6.777  -3.569 6.0000000000
85158  -6.466  5.622  -4.786 6.0000000000
85159  -6.488  5.405  -4.290 6.0000000000
85160  -6.460  4.759  -4.688 6.0000000000
85161  -6.457  3.918  -4.597 7.0000000000
85162  -6.464  4.139  -5.111 6.0000000000
85170  -6.452  9.334  -7.097 6.0000000000
85171  -6.746  7.719  -9.658 6.0000000000
85172  -6.620  8.380  -9.142 6.0000000000
85173  -6.678  7.476  -9.092 6.0000000000
85174  -6.612  6.128  -7.903 6.0000000000
85175  -6.567  6.996  -7.973 6.0000000000
85176  -6.524  6.758  -7.422 6.0000000000
85177  -6.469  7.423  -6.957 6.0000000000
85178  -6.490  6.524  -6.877 6.0000000000
85179  -6.467  6.293  -6.340 6.0000000000
85180  -6.518  5.658  -6.796 6.0000000000
85181  -6.711  3.437  -7.137 6.0000000000
85182  -6.594  4.001  -6.645 6.0000000000
85183  -6.638  3.202  -6.577 6.0000000000
85184  -6.577  2.970  -6.026 7.0000000000
85185  -6.686  2.422  -6.512 7.0000000000
85186  -6.737  1.659  -6.448 7.0000000000
85187  -6.828  1.900  -7.010 7.0000000000
85188  -7.351  1.194  -8.612 7.0000000000
85189  -7.212  0.938  -8.027 7.0000000000
85190  -7.455  0.501  -8.541 7.0000000000
85191  -7.575  -0.173  -8.468 7.0000000000
85192  -7.738  0.099  -9.055 7.0000000000
85193  -8.030  2.258  -11.014 7.0000000000
85194  -7.843  1.986  -10.406 7.0000000000
85195  -8.159  1.591  -10.940 7.0000000000
85196  -8.859  0.013  -11.296 7.0000000000
85197  -8.457  0.314  -10.774 7.0000000000
85198  -8.639  -0.293  -10.691 7.0000000000
85199  -8.431  -0.594  -10.091 7.0000000000
85200  -8.846  -0.881  -10.614 7.0000000000
85201  -9.073  -1.446  -10.549 7.0000000000
85202  -9.308  -1.126  -11.140 7.0000000000
85203  -10.645  -1.121  -12.777 7.0000000000
85204  -10.369  -1.479  -12.192 7.0000000000
85205  -10.963  -1.581  -12.712 6.0000000000
85206  -11.291  -2.014  -12.658 6.0000000000
85215  -10.863  1.815  -15.474 7.0000000000
85216  -11.134  1.323  -15.360 7.0000000000
85217  -11.410  1.701  -15.965 6.0000000000
85230  -9.067  6.598  -16.033 6.0000000000
85231  -9.314  5.887  -16.007 6.0000000000
85232  -9.524  6.201  -16.603 6.0000000000
85233  -10.736  5.913  -18.302 6.0000000000
85234  -10.500  5.564  -17.711 7.0000000000
85235  -11.003  5.329  -18.248 7.0000000000
85236  -11.251  4.780  -18.181 7.0000000000
85237  -11.509  5.151  -18.774 6.0000000000
85703  -32.686  -11.207  12.498 7.0000000000
85704  -33.135  -10.989  12.803 6.0000000000
85705  -32.798  -11.659  12.927 6.0000000000
85706  -32.761  -13.211  13.915 6.0000000000
85707  -33.048  -12.551  13.805 6.0000000000
85748  -23.790  -13.809  8.312 6.0000000000
85749  -24.403  -13.689  8.539 6.0000000000
85750  -24.052  -14.282  8.572 6.0000000000
92360  -9.289  -12.203  0.232 7.0000000000
92361  -9.002  -11.683  0.315 7.0000000000
92376  -10.292  -12.598  2.098 7.0000000000
92377  -10.585  -13.122  2.034 7.0000000000
92378  -10.317  -12.992  1.753 7.0000000000
92379  -10.385  -13.361  1.393 7.0000000000
93168  -26.856  -11.557  8.749 7.0000000000
93169  -27.031  -12.044  9.073 7.0000000000
93170  -26.424  -12.189  8.849 7.0000000000
93171  -26.014  -12.816  8.933 7.0000000000
93172  -25.626  -13.434  8.998 6.0000000000
94198  -9.613  -9.928  -5.065 6.0000000000
94199  -10.076  -10.014  -5.580 6.0000000000
94200  -9.730  -9.603  -5.527 6.0000000000
94201  -9.867  -9.268  -5.997 6.0000000000
94202  -10.023  -8.923  -6.471 7.0000000000
94203  -10.198  -8.568  -6.951 7.0000000000
94204  -9.702  -8.502  -6.422 7.0000000000
94205  -9.401  -8.060  -6.368 7.0000000000
94206  -9.117  -7.598  -6.313 7.0000000000
94248  -17.124  -13.304  5.626 7.0000000000
94249  -17.388  -13.796  5.730 7.0000000000
94250  -16.850  -13.834  5.528 7.0000000000
94251  -16.612  -14.348  5.413 7.0000000000
94252  -16.412  -14.843  5.280 7.0000000000
95049  -35.051  -1.473  6.697 6.0000000000
95050  -35.041  -1.939  7.057 6.0000000000
95051  -34.552  -2.134  6.780 6.0000000000
95052  -34.040  -2.783  6.873 6.0000000000
95053  -33.519  -3.421  6.977 6.0000000000
95054  -32.990  -4.050  7.092 6.0000000000
95055  -32.983  -3.591  6.736 6.0000000000
95056  -32.428  -3.752  6.513 6.0000000000
95057  -31.858  -3.904  6.307 7.0000000000
95063  -25.230  -1.773  3.978 7.0000000000
95064  -25.905  -1.735  3.965 7.0000000000
95065  -25.271  -2.335  4.189 7.0000000000
95066  -25.312  -2.894  4.396 7.0000000000
95067  -25.353  -3.447  4.599 7.0000000000
95068  -25.394  -3.992  4.800 7.0000000000
95069  -24.719  -4.057  4.796 7.0000000000
95070  -24.085  -4.673  4.986 7.0000000000
95071  -23.455  -5.296  5.166 7.0000000000
95072  -22.831  -5.927  5.334 7.0000000000
95073  -22.782  -5.365  5.170 7.0000000000
95074  -22.111  -5.430  5.178 7.0000000000
96502  -7.699  -3.901  1.754 6.0000000000
96503  -7.522  -4.466  1.496 7.0000000000
96504  -7.496  -3.735  1.461 6.0000000000
96505  -7.312  -3.561  1.153 6.0000000000
96506  -7.147  -3.382  0.831 6.0000000000
96507  -6.450  1.051  -3.367 7.0000000000
96508  -6.456  0.266  -3.307 7.0000000000
96509  -6.470  0.492  -3.799 7.0000000000
96510  -6.527  -0.044  -4.250 7.0000000000
96511  -6.623  -0.554  -4.716 7.0000000000
96512  -6.757  -1.036  -5.191 7.0000000000
96513  -6.690  -0.312  -5.241 7.0000000000
96514  -6.770  -0.067  -5.778 7.0000000000
96515  -6.863  0.181  -6.325 7.0000000000
96521  -7.475  7.264  -12.499 6.0000000000
96522  -7.345  7.002  -11.908 6.0000000000
96523  -7.625  6.441  -12.477 6.0000000000
96524  -7.787  5.651  -12.447 6.0000000000
96525  -7.956  4.897  -12.408 6.0000000000
96526  -8.124  4.176  -12.359 6.0000000000
96527  -8.310  4.444  -12.971 6.0000000000
96528  -8.691  4.034  -13.531 7.0000000000
96529  -9.092  3.669  -14.083 7.0000000000
96530  -9.511  3.348  -14.627 7.0000000000
96531  -9.321  3.964  -14.696 7.0000000000
96532  -9.553  4.266  -15.306 7.0000000000
96533  -9.789  4.578  -15.913 7.0000000000
98521  -9.340  -11.650  -2.492 6.0000000000
98522  -9.335  -11.389  -2.896 6.0000000000
98523  -9.350  -11.119  -3.309 6.0000000000
98524  -9.005  -10.931  -2.817 6.0000000000
98525  -8.698  -10.451  -2.736 7.0000000000
98526  -8.411  -9.950  -2.654 7.0000000000
98568  -13.159  -13.288  4.046 7.0000000000
98569  -13.449  -13.803  4.041 7.0000000000
98570  -13.025  -13.755  3.811 7.0000000000
98571  -12.932  -14.201  3.560 7.0000000000
98572  -12.882  -14.626  3.291 7.0000000000
98573  -11.992  -15.067  1.821 6.0000000000
98574  -12.279  -15.189  2.120 7.0000000000
99369  -38.097  3.751  6.285 6.0000000000
99370  -38.133  3.326  6.677 6.0000000000
99371  -37.833  3.140  6.322 6.0000000000
99372  -37.535  2.519  6.358 6.0000000000
99373  -37.202  1.883  6.398 6.0000000000
99374  -36.833  1.228  6.443 6.0000000000
99375  -36.816  1.685  6.078 6.0000000000
99376  -36.402  1.489  5.776 7.0000000000
99377  -35.962  1.297  5.493 7.0000000000
99388  -25.062  0.487  3.076 6.0000000000
100825  -7.668  2.925  0.576 6.0000000000
100826  -7.497  3.125  0.255 6.0000000000
100828  -7.375  5.304  -0.701 6.0000000000
100829  -7.236  5.511  -1.065 6.0000000000
100830  -7.030  4.818  -1.310 6.0000000000
100831  -6.857  4.143  -1.584 6.0000000000
100832  -6.714  3.487  -1.886 7.0000000000
100833  -6.767  4.349  -2.001 7.0000000000
100834  -6.689  4.557  -2.432 7.0000000000
100835  -6.622  4.766  -2.877 7.0000000000
100944  -31.398  -10.226  10.695 7.0000000000
100945  -31.501  -10.693  11.098 7.0000000000
100946  -30.985  -10.883  10.827 7.0000000000
100947  -30.586  -11.540  10.949 7.0000000000
100948  -30.201  -12.196  11.059 7.0000000000
100949  -27.840  -13.974  10.384 7.0000000000
100950  -28.397  -13.821  10.664 7.0000000000
100951  -28.069  -14.444  10.719 7.0000000000
100952  -28.310  -14.905  11.056 7.0000000000
100953  -28.560  -15.356  11.398 7.0000000000
104040  -12.344  -9.961  -7.578 6.0000000000
104051  -14.296  -7.691  -10.407 6.0000000000
104052  -13.834  -7.431  -10.425 6.0000000000
104053  -11.071  -7.076  -8.928 7.0000000000
104054  -11.669  -7.045  -9.450 6.0000000000
104055  -11.335  -6.683  -9.436 6.0000000000
104056  -11.615  -6.283  -9.948 6.0000000000
104057  -11.912  -5.876  -10.463 6.0000000000
104061  -11.016  -4.745  -10.427 6.0000000000
104184  -21.829  -12.628  7.158 6.0000000000
104185  -22.062  -13.100  7.386 6.0000000000
104186  -21.447  -13.215  7.181 6.0000000000
104187  -21.097  -13.789  7.185 6.0000000000
104188  -20.780  -14.348  7.171 6.0000000000
104189  -18.617  -15.623  6.302 6.0000000000
104190  -19.152  -15.562  6.564 6.0000000000
104191  -18.966  -16.054  6.470 6.0000000000
104198  -14.804  -15.726  4.125 7.0000000000
104199  -15.231  -15.754  4.404 7.0000000000
104200  -15.186  -16.167  4.184 7.0000000000
104201  -15.586  -16.594  4.258 7.0000000000
104202  -16.003  -17.008  4.345 7.0000000000
106451  -9.760  -9.973  2.897 7.0000000000
106452  -9.457  -9.854  2.660 7.0000000000
106453  -9.599  -9.351  2.947 7.0000000000
106454  -9.459  -8.712  2.992 7.0000000000
106455  -9.337  -8.059  3.030 7.0000000000
106592  -34.967  -3.744  8.558 7.0000000000
106593  -35.405  -3.533  8.872 7.0000000000
106594  -34.949  -4.185  8.943 7.0000000000
106595  -34.933  -4.623  9.331 7.0000000000
106596  -34.919  -5.059  9.722 7.0000000000
106597  -34.909  -5.494  10.118 7.0000000000
106598  -34.479  -5.701  9.807 7.0000000000
106599  -34.034  -6.340  9.905 7.0000000000
106600  -33.587  -6.979  10.016 7.0000000000
106601  -33.140  -7.621  10.139 7.0000000000
106602  -33.107  -7.178  9.737 7.0000000000
106603  -32.608  -7.374  9.469 7.0000000000
106604  -32.089  -7.563  9.212 7.0000000000
106605  -30.845  -6.538  7.631 7.0000000000
106606  -30.892  -7.002  7.991 7.0000000000
106607  -30.314  -7.158  7.778 7.0000000000
106608  -29.789  -7.779  7.926 7.0000000000
106609  -29.271  -8.401  8.076 7.0000000000
106610  -28.761  -9.026  8.224 7.0000000000
106611  -28.666  -8.550  7.878 7.0000000000
106612  -28.049  -8.696  7.690 7.0000000000
106613  -27.421  -8.840  7.512 7.0000000000
106619  -34.692  3.809  2.984 6.0000000000
106620  -35.186  3.951  3.187 6.0000000000
106621  -34.766  3.329  3.318 6.0000000000
106622  -34.832  2.851  3.651 6.0000000000
106623  -34.888  2.372  3.984 7.0000000000
106624  -34.936  1.892  4.316 7.0000000000
106625  -34.421  1.727  4.103 7.0000000000
106626  -33.928  1.076  4.227 7.0000000000
106627  -33.411  0.425  4.357 7.0000000000
106628  -30.119  2.943  2.007 6.0000000000
106629  -30.743  3.014  2.068 6.0000000000
106630  -30.176  2.404  2.308 6.0000000000
106631  -30.228  1.872  2.605 6.0000000000
106632  -30.276  1.344  2.896 6.0000000000
106633  -28.563  -1.515  4.043 7.0000000000
106634  -29.173  -0.913  3.848 7.0000000000
106635  -29.213  -1.436  4.099 7.0000000000
106636  -29.856  -1.345  4.171 7.0000000000
106637  -30.490  -1.242  4.258 7.0000000000
106638  -31.113  -1.128  4.363 7.0000000000
106639  -30.527  -1.747  4.526 7.0000000000
106640  -30.560  -2.246  4.797 7.0000000000
106641  -30.590  -2.739  5.072 7.0000000000
106642  -30.618  -3.225  5.353 7.0000000000
106643  -29.996  -3.346  5.223 7.0000000000
106644  -29.397  -3.948  5.377 7.0000000000
106645  -28.795  -4.550  5.534 7.0000000000
106646  -25.588  -6.094  5.628 7.0000000000
106647  -26.262  -5.987  5.689 7.0000000000
106648  -25.653  -6.607  5.854 7.0000000000
106649  -25.728  -7.116  6.093 7.0000000000
106650  -25.813  -7.624  6.346 7.0000000000
106651  -25.910  -8.128  6.613 7.0000000000
106652  -25.243  -8.257  6.498 7.0000000000
106653  -24.689  -8.894  6.639 7.0000000000
106654  -24.154  -9.531  6.769 7.0000000000
106655  -23.639  -10.166  6.883 7.0000000000
106656  -23.488  -9.662  6.647 7.0000000000
106657  -22.825  -9.788  6.530 7.0000000000
106658  -22.166  -9.911  6.417 7.0000000000
106659  -20.485  -8.508  5.798 6.0000000000
106660  -20.594  -9.062  5.921 6.0000000000
106661  -19.958  -9.151  5.850 6.0000000000
106662  -19.459  -9.785  5.877 6.0000000000
106663  -18.991  -10.409  5.881 6.0000000000
106664  -18.554  -11.020  5.864 7.0000000000
106665  -18.387  -10.479  5.775 6.0000000000
106666  -17.791  -10.539  5.669 6.0000000000
106667  -17.204  -10.587  5.561 6.0000000000
106682  -14.096  -11.230  4.801 7.0000000000
106689  -11.017  -9.743  3.789 6.0000000000
106690  -10.796  -10.274  3.557 7.0000000000
106691  -10.614  -10.783  3.304 7.0000000000
106692  -10.430  -10.183  3.346 7.0000000000
106693  -10.085  -10.083  3.126 7.0000000000
110947  -8.447  -9.300  1.616 7.0000000000
110948  -8.423  -9.754  1.256 7.0000000000
110949  -8.244  -9.143  1.327 7.0000000000
110950  -8.059  -8.980  1.026 7.0000000000
110951  -7.893  -8.809  0.712 7.0000000000
110952  -7.185  -6.530  0.190 7.0000000000
110953  -7.309  -7.184  0.156 7.0000000000
110954  -7.199  -6.993  -0.204 7.0000000000
110955  -7.254  -7.430  -0.623 7.0000000000
110956  -7.351  -7.840  -1.064 7.0000000000
110957  -7.491  -8.221  -1.524 7.0000000000
110958  -7.303  -7.622  -1.460 7.0000000000
110959  -7.275  -7.395  -1.869 7.0000000000
110960  -7.266  -7.160  -2.292 7.0000000000
110961  -6.906  -0.654  0.036 6.0000000000
110962  -6.880  -1.454  0.081 6.0000000000
110963  -6.769  -1.252  -0.286 6.0000000000
110964  -6.668  -1.831  -0.634 7.0000000000
110965  -6.602  -2.389  -1.003 7.0000000000
110966  -6.595  -2.728  -3.154 7.0000000000
110967  -6.573  -2.966  -2.687 7.0000000000
110968  -6.663  -3.434  -3.131 7.0000000000
110969  -6.749  -4.120  -3.115 7.0000000000
110970  -6.854  -4.786  -3.111 7.0000000000
110971  -6.983  -5.432  -3.119 7.0000000000
110972  -7.031  -5.176  -3.589 7.0000000000
110973  -7.252  -5.534  -4.086 7.0000000000
110974  -7.518  -5.857  -4.600 7.0000000000
110975  -7.831  -6.145  -5.128 7.0000000000
110976  -7.628  -5.573  -5.095 7.0000000000
110977  -7.757  -5.284  -5.598 7.0000000000
110978  -7.905  -4.990  -6.109 7.0000000000
110979  -7.700  -2.646  -7.175 7.0000000000
110980  -7.866  -3.250  -7.154 7.0000000000
110981  -8.041  -2.961  -7.698 7.0000000000
110982  -8.428  -3.237  -8.232 7.0000000000
110983  -8.861  -3.473  -8.774 7.0000000000
110984  -9.342  -3.665  -9.321 7.0000000000
110985  -9.089  -3.157  -9.330 7.0000000000
110986  -9.327  -2.834  -9.892 7.0000000000
110987  -9.576  -2.506  -10.460 7.0000000000
110997  -6.625  7.941  -4.148 6.0000000000
110998  -6.583  6.993  -4.032 6.0000000000
110999  -6.534  7.213  -4.506 6.0000000000
111000  -6.477  6.512  -4.888 6.0000000000
111001  -6.455  5.842  -5.293 6.0000000000
111007  -6.905  6.006  -9.557 6.0000000000
111008  -6.743  6.606  -9.035 6.0000000000
111009  -6.816  5.765  -8.977 6.0000000000
111010  -6.737  5.525  -8.403 6.0000000000
111011  -6.666  5.287  -7.834 6.0000000000
111012  -6.605  5.051  -7.273 6.0000000000
111013  -6.728  4.469  -7.768 6.0000000000
111014  -6.794  3.673  -7.705 6.0000000000
111015  -6.862  2.898  -7.643 7.0000000000
111016  -6.931  2.143  -7.581 7.0000000000
111017  -7.045  2.387  -8.159 7.0000000000
111018  -7.258  1.905  -8.681 7.0000000000
111019  -7.503  1.454  -9.204 7.0000000000
111020  -8.731  1.532  -12.084 7.0000000000
111021  -8.510  1.234  -11.470 7.0000000000
111022  -8.898  0.919  -11.996 7.0000000000
111023  -9.089  0.326  -11.905 7.0000000000
111024  -9.307  -0.247  -11.816 7.0000000000
111025  -9.551  -0.798  -11.736 7.0000000000
111026  -9.802  -0.463  -12.336 7.0000000000
111027  -10.342  -0.634  -12.852 7.0000000000
111028  -10.925  -0.755  -13.364 6.0000000000
111030  -11.207  -0.380  -13.953 6.0000000000
111033  -11.412  2.549  -16.689 7.0000000000
111034  -11.686  2.084  -16.570 6.0000000000
111042  -9.465  7.231  -17.214 6.0000000000
111043  -9.735  6.523  -17.196 6.0000000000
111044  -9.948  6.855  -17.784 6.0000000000
111045  -10.453  6.535  -18.343 6.0000000000
111326  -32.007  -12.539  12.730 7.0000000000
111327  -32.471  -12.326  13.043 7.0000000000
111328  -32.156  -12.987  13.151 7.0000000000
111329  -32.316  -13.428  13.580 7.0000000000
111330  -32.488  -13.862  14.016 6.0000000000
111354  -23.729  -14.862  8.587 6.0000000000
115670  -8.833  -11.404  -1.169 6.0000000000
115671  -8.547  -10.892  -1.082 7.0000000000
115704  -11.568  -13.022  3.129 7.0000000000
115705  -11.861  -13.545  3.089 7.0000000000
115706  -11.512  -13.454  2.836 7.0000000000
115707  -11.499  -13.862  2.525 7.0000000000
115708  -11.530  -14.245  2.201 7.0000000000
115709  -10.901  -13.631  1.972 7.0000000000
115710  -11.241  -14.125  1.915 7.0000000000
115711  -11.605  -14.603  1.864 7.0000000000
116327  -38.570  4.547  6.614 6.0000000000
116330  -38.326  4.363  6.246 6.0000000000
116331  -38.051  4.182  5.891 6.0000000000
116332  -37.746  4.005  5.552 6.0000000000
116333  -37.411  3.830  5.228 7.0000000000
117462  -8.398  8.404  -0.388 6.0000000000
117463  -8.056  7.670  -0.508 6.0000000000
117464  -7.748  6.941  -0.662 6.0000000000
117465  -7.584  7.154  -1.004 6.0000000000
117466  -7.431  7.368  -1.363 6.0000000000
117467  -7.289  7.585  -1.738 6.0000000000
117552  -29.219  -10.934  9.668 7.0000000000
117553  -29.357  -11.414  10.039 7.0000000000
117554  -28.791  -11.579  9.787 7.0000000000
117555  -28.381  -12.224  9.891 7.0000000000
117556  -27.990  -12.864  9.980 7.0000000000
117557  -27.216  -12.530  9.398 7.0000000000
117558  -27.413  -13.015  9.725 7.0000000000
117559  -27.621  -13.497  10.053 7.0000000000
117560  -27.273  -14.120  10.111 7.0000000000
117561  -26.947  -14.730  10.155 6.0000000000
119959  -11.392  -10.776  -6.172 6.0000000000
119960  -11.543  -10.409  -6.628 6.0000000000
119961  -10.580  -10.059  -6.090 6.0000000000
119962  -11.126  -10.064  -6.593 6.0000000000
119963  -11.714  -10.031  -7.089 6.0000000000
119964  -11.903  -9.644  -7.555 6.0000000000
119965  -12.110  -9.249  -8.026 6.0000000000
119966  -12.334  -8.846  -8.501 6.0000000000
119967  -12.576  -8.437  -8.981 6.0000000000
119968  -11.920  -8.527  -8.489 6.0000000000
119969  -11.529  -8.190  -8.473 6.0000000000
119970  -11.165  -7.835  -8.451 6.0000000000
119971  -10.390  -8.206  -7.437 7.0000000000
119972  -10.599  -7.836  -7.928 7.0000000000
119973  -10.826  -7.460  -8.425 7.0000000000
119974  -10.511  -7.066  -8.395 7.0000000000
119975  -10.217  -6.653  -8.363 7.0000000000
119976  -9.935  -6.221  -8.330 7.0000000000
120072  -19.398  -13.048  6.385 7.0000000000
120073  -19.650  -13.522  6.557 7.0000000000
120074  -19.069  -13.607  6.348 7.0000000000
120075  -18.774  -14.150  6.294 7.0000000000
120076  -18.512  -14.676  6.225 7.0000000000
120077  -17.670  -14.273  5.852 7.0000000000
120078  -17.969  -14.736  5.990 7.0000000000
120079  -18.284  -15.185  6.141 7.0000000000
120080  -18.092  -15.675  6.038 7.0000000000
120081  -17.938  -16.148  5.916 6.0000000000
120082  -17.823  -16.602  5.775 6.0000000000
120084  -15.307  -17.266  3.427 6.0000000000
121941  -36.792  -0.606  7.946 6.0000000000
121942  -36.758  -1.061  8.335 6.0000000000
121943  -36.367  -1.294  7.990 6.0000000000
121944  -35.920  -1.973  8.042 6.0000000000
121945  -35.458  -2.642  8.104 6.0000000000
121946  -35.025  -2.398  7.424 6.0000000000
121947  -35.006  -2.852  7.798 6.0000000000
121948  -34.986  -3.300  8.176 6.0000000000
121949  -34.507  -3.947  8.259 7.0000000000
121950  -34.021  -4.585  8.354 7.0000000000
121951  -33.530  -5.219  8.458 7.0000000000
121952  -33.035  -5.850  8.572 7.0000000000
121953  -33.020  -5.404  8.196 7.0000000000
121954  -32.490  -5.583  7.947 7.0000000000
121955  -31.943  -5.754  7.711 7.0000000000
121956  -32.455  -4.674  7.216 6.0000000000
121957  -31.918  -5.296  7.349 7.0000000000
121958  -31.380  -5.917  7.487 7.0000000000
121959  -30.802  -6.072  7.276 7.0000000000
121960  -30.210  -6.218  7.077 6.0000000000
121961  -29.604  -6.358  6.890 6.0000000000
121969  -34.610  4.292  2.650 6.0000000000
121970  -34.178  3.670  2.799 6.0000000000
121971  -33.714  3.043  2.955 6.0000000000
121972  -33.222  2.410  3.117 6.0000000000
121973  -27.736  0.579  3.014 7.0000000000
121974  -28.394  0.623  3.032 7.0000000000
121975  -27.781  0.038  3.270 7.0000000000
121976  -27.825  -0.504  3.520 7.0000000000
121977  -27.866  -1.045  3.763 7.0000000000
121978  -26.577  -1.691  3.964 7.0000000000
121979  -27.245  -1.641  3.976 7.0000000000
121980  -27.907  -1.583  4.003 7.0000000000
121981  -27.947  -2.115  4.239 7.0000000000
121982  -27.988  -2.639  4.473 7.0000000000
121983  -28.028  -3.155  4.707 7.0000000000
121984  -28.067  -3.663  4.944 7.0000000000
121985  -27.407  -3.756  4.885 7.0000000000
121986  -26.782  -4.359  5.062 7.0000000000
121987  -26.156  -4.966  5.238 7.0000000000
121988  -25.436  -4.529  5.000 7.0000000000
121989  -25.481  -5.058  5.203 7.0000000000
121990  -25.532  -5.579  5.412 7.0000000000
121991  -24.911  -6.198  5.580 7.0000000000
121992  -24.299  -6.826  5.740 7.0000000000
121993  -23.700  -7.461  5.888 7.0000000000
121994  -23.118  -8.102  6.022 7.0000000000
121995  -23.026  -7.569  5.839 7.0000000000
121996  -22.357  -7.672  5.797 7.0000000000
121997  -21.695  -7.770  5.757 7.0000000000
121998  -22.217  -6.566  5.484 7.0000000000
121999  -21.618  -7.212  5.614 7.0000000000
122000  -21.039  -7.860  5.719 6.0000000000
125332  -7.923  -6.709  1.814 7.0000000000
125333  -7.821  -7.221  1.495 7.0000000000
125334  -7.717  -6.553  1.523 7.0000000000
125335  -7.529  -6.391  1.217 7.0000000000
125336  -7.361  -6.222  0.896 7.0000000000
125337  -7.381  -5.012  1.212 7.0000000000
125338  -7.277  -5.538  0.900 7.0000000000
125339  -7.212  -6.045  0.559 7.0000000000
125340  -7.082  -5.861  0.207 7.0000000000
125341  -6.972  -5.670  -0.159 7.0000000000
125342  -6.882  -5.472  -0.539 7.0000000000
125343  -6.560  0.180  -1.538 7.0000000000
125344  -6.543  -0.617  -1.487 7.0000000000
125345  -6.500  -0.399  -1.918 7.0000000000
125346  -6.476  -0.958  -2.322 7.0000000000
125347  -6.489  -1.493  -2.745 7.0000000000
125348  -6.473  -0.505  -3.257 7.0000000000
125349  -6.501  -1.262  -3.216 7.0000000000
125350  -6.541  -2.004  -3.182 7.0000000000
125351  -6.633  -2.486  -3.634 7.0000000000
125352  -6.765  -2.939  -4.098 7.0000000000
125353  -6.938  -3.359  -4.576 7.0000000000
125354  -7.153  -3.746  -5.068 7.0000000000
125355  -7.034  -3.098  -5.084 7.0000000000
125356  -7.144  -2.834  -5.602 7.0000000000
125357  -7.267  -2.566  -6.128 7.0000000000
125358  -6.932  -1.489  -5.675 7.0000000000
125359  -7.146  -1.909  -6.165 7.0000000000
125360  -7.402  -2.295  -6.665 7.0000000000
125361  -7.548  -2.021  -7.212 7.0000000000
125362  -7.704  -1.744  -7.769 7.0000000000
125363  -7.870  -1.463  -8.337 7.0000000000
125377  -6.745  8.875  -10.259 6.0000000000
125378  -6.822  7.966  -10.227 6.0000000000
125379  -6.908  7.093  -10.186 6.0000000000
125380  -7.223  6.747  -11.317 6.0000000000
125381  -7.108  6.496  -10.728 6.0000000000
125382  -7.002  6.250  -10.141 6.0000000000
125383  -7.107  5.433  -10.093 6.0000000000
125384  -7.220  4.642  -10.043 6.0000000000
125385  -7.336  3.877  -9.990 6.0000000000
125386  -7.449  3.137  -9.933 7.0000000000
125387  -7.605  3.393  -10.534 6.0000000000
125388  -7.903  2.945  -11.081 7.0000000000
125389  -8.228  2.534  -11.625 7.0000000000
125390  -8.284  3.483  -12.303 7.0000000000
125391  -8.435  2.813  -12.239 7.0000000000
125392  -8.580  2.163  -12.166 7.0000000000
125393  -8.962  1.833  -12.700 7.0000000000
125394  -9.377  1.546  -13.226 7.0000000000
125395  -9.831  1.302  -13.744 7.0000000000
125396  -10.325  1.104  -14.254 7.0000000000
125397  -10.090  1.638  -14.358 7.0000000000
125398  -10.355  1.978  -14.972 7.0000000000
125399  -10.623  2.323  -15.583 7.0000000000
125400  -9.950  3.074  -15.160 7.0000000000
125401  -10.410  2.849  -15.683 7.0000000000
125402  -10.895  2.674  -16.193 7.0000000000
125403  -11.169  3.033  -16.800 7.0000000000
125404  -11.444  3.400  -17.403 7.0000000000
125405  -11.718  3.777  -18.004 7.0000000000
125627  -30.835  -15.101  13.068 7.0000000000
125628  -31.312  -14.908  13.410 7.0000000000
129914  -10.238  -11.063  -4.731 6.0000000000
129915  -9.865  -10.662  -4.672 6.0000000000
129916  -9.386  -10.837  -3.733 6.0000000000
129917  -9.441  -10.545  -4.167 6.0000000000
129918  -9.517  -10.242  -4.611 6.0000000000
129919  -9.191  -9.800  -4.546 7.0000000000
129920  -8.886  -9.337  -4.479 7.0000000000
129921  -8.600  -8.852  -4.410 7.0000000000
130008  -15.030  -13.381  4.870 7.0000000000
130009  -15.309  -13.886  4.911 7.0000000000
130010  -14.821  -13.883  4.699 7.0000000000
130011  -14.653  -14.366  4.510 7.0000000000
130012  -14.525  -14.828  4.305 7.0000000000
130013  -13.759  -14.306  4.043 7.0000000000
130014  -14.090  -14.795  4.056 7.0000000000
130015  -14.438  -15.269  4.083 7.0000000000
130016  -14.392  -15.685  3.845 7.0000000000
130017  -14.389  -16.078  3.592 7.0000000000
130018  -14.428  -16.447  3.325 7.0000000000
130019  -12.177  -14.053  3.055 7.0000000000
130020  -12.515  -14.547  3.027 7.0000000000
130021  -12.875  -15.026  3.006 7.0000000000
130022  -12.586  -15.301  2.416 7.0000000000
130023  -12.911  -15.402  2.708 7.0000000000
130024  -13.255  -15.491  2.996 7.0000000000
130025  -13.655  -15.940  2.997 7.0000000000
130026  -14.074  -16.373  3.013 7.0000000000
130027  -14.510  -16.790  3.043 6.0000000000
131699  -37.534  0.317  8.276 6.0000000000
131702  -38.435  2.688  7.844 6.0000000000
131703  -38.159  2.905  7.069 6.0000000000
131704  -38.174  2.486  7.460 6.0000000000
131705  -38.179  2.066  7.852 6.0000000000
131706  -37.886  1.424  7.865 6.0000000000
131707  -37.557  0.761  7.884 6.0000000000
131708  -37.191  0.082  7.911 6.0000000000
131709  -36.818  -0.149  7.563 6.0000000000
131710  -36.417  -0.374  7.231 6.0000000000
131711  -35.988  -0.591  6.918 6.0000000000
131712  -36.429  0.558  6.495 6.0000000000
131713  -35.995  -0.121  6.555 6.0000000000
131714  -35.534  -0.800  6.622 6.0000000000
131715  -35.056  -1.000  6.344 7.0000000000
131716  -34.557  -1.191  6.083 7.0000000000
131717  -34.037  -1.371  5.841 7.0000000000
131725  -30.055  3.491  1.704 6.0000000000
131726  -29.483  2.886  1.961 6.0000000000
131727  -28.896  2.291  2.222 6.0000000000
131728  -28.297  1.704  2.486 6.0000000000
131734  -27.528  2.795  1.906 6.0000000000
131735  -27.584  2.228  2.196 6.0000000000
131736  -27.637  1.671  2.478 6.0000000000
131737  -27.688  1.123  2.750 6.0000000000
131738  -27.071  0.545  3.012 7.0000000000
131739  -26.448  -0.034  3.268 7.0000000000
131740  -25.820  -0.618  3.519 7.0000000000
131741  -25.104  -0.078  3.314 7.0000000000
131742  -25.146  -0.643  3.542 7.0000000000
131743  -25.188  -1.208  3.763 7.0000000000
131744  -24.553  -1.806  4.000 7.0000000000
131745  -23.918  -2.411  4.231 7.0000000000
131746  -23.283  -3.024  4.453 7.0000000000
131747  -22.650  -3.643  4.663 6.0000000000
134771  -7.225  -0.235  0.665 6.0000000000
134772  -7.510  1.225  0.815 6.0000000000
134773  -7.278  0.587  0.589 6.0000000000
134774  -7.076  -0.040  0.329 6.0000000000
134775  -6.945  0.159  -0.024 6.0000000000
134776  -6.831  0.362  -0.395 6.0000000000
134777  -6.735  0.569  -0.781 6.0000000000
134779  -7.588  4.000  0.120 6.0000000000
134780  -7.342  3.326  -0.081 6.0000000000
134781  -7.284  4.408  -0.563 6.0000000000
134782  -7.202  3.529  -0.433 6.0000000000
134783  -7.126  2.667  -0.311 6.0000000000
134784  -6.939  2.022  -0.571 6.0000000000
134785  -6.781  1.392  -0.862 6.0000000000
134786  -6.654  0.778  -1.185 7.0000000000
134787  -6.587  0.989  -1.604 7.0000000000
134788  -6.534  1.202  -2.040 7.0000000000
134789  -6.494  1.416  -2.491 7.0000000000
134790  -6.601  2.850  -2.216 7.0000000000
134791  -6.518  2.231  -2.573 7.0000000000
134792  -6.467  1.631  -2.957 7.0000000000
134793  -6.453  1.848  -3.437 7.0000000000
134794  -6.452  2.067  -3.930 7.0000000000
134795  -6.465  2.288  -4.436 7.0000000000
134818  -7.099  8.736  -11.945 6.0000000000
134820  -7.205  9.002  -12.520 6.0000000000
134821  -7.335  8.118  -12.513 6.0000000000
134822  -7.611  7.531  -13.090 6.0000000000
134823  -7.927  6.978  -13.673 6.0000000000
134824  -8.285  6.466  -14.257 6.0000000000
134825  -8.680  6.000  -14.836 6.0000000000
134826  -8.461  6.753  -14.856 6.0000000000
134827  -8.641  7.047  -15.451 6.0000000000
134828  -8.824  7.350  -16.043 6.0000000000
134830  -8.591  8.142  -16.040 6.0000000000
134831  -9.011  7.661  -16.632 6.0000000000
134832  -9.201  7.981  -17.219 6.0000000000
135024  -33.335  -9.415  11.809 6.0000000000
135025  -33.404  -9.867  12.240 6.0000000000
135026  -32.954  -10.081  11.943 7.0000000000
135027  -32.582  -10.750  12.074 7.0000000000
135028  -32.219  -11.419  12.199 7.0000000000
135029  -31.614  -11.159  11.502 7.0000000000
135030  -31.736  -11.624  11.907 7.0000000000
135031  -31.867  -12.084  12.316 7.0000000000
135032  -31.528  -12.744  12.422 7.0000000000
135033  -31.205  -13.396  12.518 7.0000000000
135034  -30.899  -14.039  12.601 7.0000000000
135035  -29.505  -11.894  10.411 7.0000000000
135036  -29.664  -12.373  10.783 7.0000000000
135037  -29.833  -12.848  11.155 7.0000000000
135038  -28.945  -13.661  10.949 7.0000000000
135039  -29.484  -13.492  11.237 7.0000000000
135040  -30.012  -13.316  11.529 7.0000000000
135041  -30.202  -13.777  11.904 7.0000000000
135042  -30.401  -14.228  12.285 7.0000000000
135043  -30.612  -14.670  12.672 7.0000000000
135044  -30.346  -15.286  12.730 7.0000000000
141454  -12.834  -8.019  -9.465 6.0000000000
141455  -13.108  -7.592  -9.951 6.0000000000
141456  -13.397  -7.155  -10.440 6.0000000000
141457  -12.307  -6.974  -9.959 6.0000000000
141458  -12.985  -6.862  -10.453 6.0000000000
141459  -13.702  -6.709  -10.932 6.0000000000
141720  -24.355  -12.121  7.932 6.0000000000
141721  -24.562  -12.603  8.210 6.0000000000
141722  -23.934  -12.732  8.002 6.0000000000
141723  -23.541  -13.334  8.053 6.0000000000
141724  -23.178  -13.925  8.085 6.0000000000
141725  -22.308  -13.569  7.621 6.0000000000
141726  -22.569  -14.037  7.859 6.0000000000
141727  -22.844  -14.503  8.099 6.0000000000
141731  -19.918  -13.985  6.741 6.0000000000
141732  -20.200  -14.441  6.936 6.0000000000
141733  -20.497  -14.892  7.137 6.0000000000
141734  -19.696  -15.494  6.825 6.0000000000
141749  -15.606  -14.379  4.967 7.0000000000
141750  -15.920  -14.857  5.039 7.0000000000
141751  -16.250  -15.319  5.129 7.0000000000
141752  -15.672  -15.770  4.683 7.0000000000
141753  -16.127  -15.774  4.959 7.0000000000
141754  -16.597  -15.767  5.233 7.0000000000
141755  -16.962  -16.201  5.351 7.0000000000
141756  -17.346  -16.623  5.478 7.0000000000
141758  -15.667  -17.326  3.766 6.0000000000
146315  -9.514  -11.787  1.613 7.0000000000
146316  -9.290  -11.640  1.325 7.0000000000
146317  -9.271  -11.229  1.686 7.0000000000
146318  -9.050  -10.653  1.757 7.0000000000
146319  -8.850  -10.060  1.826 7.0000000000
146320  -9.175  -9.726  2.414 7.0000000000
146321  -8.913  -9.592  2.159 7.0000000000
146322  -8.670  -9.449  1.893 7.0000000000
146323  -8.511  -8.823  1.956 7.0000000000
146324  -8.371  -8.181  2.012 7.0000000000
146325  -8.250  -7.526  2.058 7.0000000000
146326  -9.897  -7.620  3.474 6.0000000000
146327  -9.556  -7.511  3.271 7.0000000000
146328  -9.235  -7.394  3.058 7.0000000000
146330  -9.150  -6.718  3.073 7.0000000000
146331  -8.934  -7.270  2.834 7.0000000000
146332  -8.653  -7.140  2.599 7.0000000000
146333  -8.391  -7.002  2.351 7.0000000000
146334  -8.148  -6.859  2.090 7.0000000000
146335  -8.064  -6.179  2.103 7.0000000000
146336  -7.997  -5.488  2.097 7.0000000000
146337  -7.949  -4.784  2.072 7.0000000000
146338  -8.420  -4.362  2.549 6.0000000000
146339  -8.161  -4.215  2.298 6.0000000000
146340  -7.920  -4.062  2.033 6.0000000000
146588  -34.151  -8.541  11.983 6.0000000000
146598  -36.717  -1.512  8.727 6.0000000000
146599  -36.672  -1.961  9.119 6.0000000000
146601  -35.819  -3.314  9.201 7.0000000000
146602  -36.208  -3.088  9.547 7.0000000000
146609  -35.294  -6.155  11.253 6.0000000000
146610  -34.903  -5.929  10.519 6.0000000000
146611  -34.901  -6.365  10.926 6.0000000000
146612  -34.904  -6.802  11.340 6.0000000000
146613  -34.510  -7.448  11.441 6.0000000000
146614  -34.115  -8.098  11.554 6.0000000000
146615  -33.723  -8.753  11.678 6.0000000000
146616  -33.275  -8.963  11.384 7.0000000000
146617  -32.808  -9.171  11.099 7.0000000000
146618  -32.323  -9.374  10.824 7.0000000000
146619  -32.695  -8.268  10.273 7.0000000000
146620  -32.255  -8.918  10.413 7.0000000000
146621  -31.821  -9.571  10.556 7.0000000000
146622  -31.303  -9.761  10.293 7.0000000000
146623  -30.770  -9.945  10.035 7.0000000000
146624  -30.223  -10.121  9.783 7.0000000000
146625  -32.539  -6.481  8.695 7.0000000000
146626  -32.045  -7.113  8.827 7.0000000000
146627  -31.554  -7.746  8.965 7.0000000000
146628  -30.945  -7.463  8.356 7.0000000000
146629  -31.003  -7.922  8.729 7.0000000000
146630  -31.068  -8.380  9.109 7.0000000000
146631  -30.590  -9.014  9.255 7.0000000000
146632  -30.122  -9.651  9.399 7.0000000000
146633  -29.664  -10.291  9.538 7.0000000000
146634  -29.092  -10.455  9.299 7.0000000000
146635  -28.508  -10.615  9.069 7.0000000000
146636  -27.913  -10.770  8.848 7.0000000000
146637  -28.263  -9.655  8.368 7.0000000000
146638  -27.778  -10.287  8.506 7.0000000000
146639  -27.308  -10.922  8.634 7.0000000000
146640  -26.692  -11.071  8.428 7.0000000000
146641  -26.068  -11.217  8.228 7.0000000000
146642  -25.437  -11.361  8.034 6.0000000000
146649  -37.628  4.895  4.780 6.0000000000
146650  -37.353  4.274  4.849 7.0000000000
146651  -37.048  3.658  4.921 7.0000000000
146655  -35.657  4.098  3.408 6.0000000000
146656  -36.103  4.248  3.648 6.0000000000
146657  -36.525  4.402  3.905 6.0000000000
146658  -36.595  3.944  4.268 6.0000000000
146659  -36.656  3.490  4.631 7.0000000000
146660  -36.709  3.040  4.993 7.0000000000
146661  -36.337  2.410  5.067 7.0000000000
146662  -35.933  1.766  5.145 7.0000000000
146663  -35.496  1.109  5.228 7.0000000000
146664  -34.976  1.410  4.648 7.0000000000
146665  -35.007  0.927  4.981 7.0000000000
146666  -35.030  0.443  5.316 7.0000000000
146667  -34.539  -0.224  5.411 7.0000000000
146668  -34.028  -0.887  5.512 7.0000000000
146669  -33.500  -1.540  5.618 7.0000000000
146672  -32.464  3.817  2.034 6.0000000000
146673  -31.354  3.097  2.146 6.0000000000
146674  -31.950  3.191  2.240 6.0000000000
146675  -32.531  3.297  2.353 6.0000000000
146676  -32.593  2.784  2.669 6.0000000000
146677  -32.650  2.277  2.980 6.0000000000
146678  -32.703  1.775  3.285 7.0000000000
146679  -29.045  0.676  3.067 7.0000000000
146680  -29.688  0.741  3.116 7.0000000000
146681  -30.321  0.820  3.180 7.0000000000
146682  -29.773  -0.309  3.652 7.0000000000
146683  -30.365  0.300  3.456 7.0000000000
146684  -30.946  0.914  3.257 7.0000000000
146685  -31.560  1.021  3.349 7.0000000000
146686  -32.163  1.141  3.458 7.0000000000
146687  -32.753  1.274  3.588 7.0000000000
146688  -32.799  0.774  3.888 7.0000000000
146689  -32.840  0.274  4.189 7.0000000000
146690  -32.875  -0.224  4.491 7.0000000000
146691  -31.725  -1.002  4.487 7.0000000000
146692  -32.322  -0.866  4.631 7.0000000000
146693  -32.904  -0.720  4.796 7.0000000000
146694  -32.926  -1.212  5.103 7.0000000000
146695  -32.944  -1.700  5.414 7.0000000000
146696  -32.957  -2.182  5.731 7.0000000000
146697  -32.403  -2.812  5.853 7.0000000000
146698  -31.840  -3.433  5.982 7.0000000000
146699  -31.271  -4.048  6.118 7.0000000000
146700  -30.644  -3.706  5.644 7.0000000000
146701  -30.671  -4.184  5.946 7.0000000000
146702  -30.699  -4.659  6.260 7.0000000000
146703  -30.126  -5.268  6.408 7.0000000000
146704  -29.554  -5.879  6.561 7.0000000000
146705  -28.985  -6.492  6.718 7.0000000000
146706  -28.107  -4.165  5.185 7.0000000000
146707  -28.148  -4.661  5.434 7.0000000000
146708  -28.192  -5.153  5.695 7.0000000000
146709  -26.929  -5.875  5.766 7.0000000000
146710  -27.589  -5.761  5.859 7.0000000000
146711  -28.239  -5.644  5.969 7.0000000000
146712  -28.293  -6.134  6.258 7.0000000000
146713  -28.353  -6.622  6.561 7.0000000000
146714  -28.421  -7.109  6.877 7.0000000000
146715  -27.865  -7.729  7.036 7.0000000000
146716  -27.318  -8.354  7.193 7.0000000000
146717  -26.782  -8.982  7.344 7.0000000000
146718  -26.017  -8.628  6.893 7.0000000000
146719  -26.134  -9.123  7.185 7.0000000000
146720  -26.260  -9.613  7.487 7.0000000000
146721  -25.755  -10.245  7.619 7.0000000000
146722  -25.267  -10.875  7.739 7.0000000000
146723  -24.800  -11.501  7.844 6.0000000000
146724  -24.160  -11.638  7.658 6.0000000000
146725  -23.518  -11.771  7.476 6.0000000000
146726  -22.878  -11.901  7.296 6.0000000000
146727  -23.148  -10.795  6.980 7.0000000000
146728  -22.682  -11.417  7.058 7.0000000000
146729  -22.241  -12.028  7.117 7.0000000000
146730  -21.610  -12.150  6.939 7.0000000000
146731  -20.985  -12.265  6.761 7.0000000000
146732  -20.368  -12.373  6.584 7.0000000000
146733  -22.558  -8.746  6.137 7.0000000000
146734  -22.022  -9.389  6.233 7.0000000000
146735  -21.512  -10.028  6.307 7.0000000000
146736  -20.721  -9.605  6.054 7.0000000000
146737  -20.867  -10.137  6.200 7.0000000000
146738  -21.030  -10.658  6.361 7.0000000000
146739  -20.577  -11.277  6.395 7.0000000000
146740  -20.153  -11.882  6.409 7.0000000000
146741  -19.759  -12.473  6.406 7.0000000000
146742  -19.161  -12.562  6.229 7.0000000000
146743  -18.573  -12.640  6.052 7.0000000000
146744  -17.998  -12.705  5.879 7.0000000000
146745  -18.148  -11.616  5.829 7.0000000000
146746  -17.774  -12.196  5.776 7.0000000000
146747  -17.432  -12.758  5.709 7.0000000000
146748  -16.878  -12.799  5.541 7.0000000000
146749  -16.333  -12.829  5.373 7.0000000000
146750  -15.799  -12.850  5.201 7.0000000000
146774  -16.238  -11.208  5.372 7.0000000000
146775  -15.883  -11.775  5.276 7.0000000000
146776  -15.562  -12.326  5.160 7.0000000000
146777  -15.277  -12.861  5.024 7.0000000000
146778  -14.769  -12.863  4.842 7.0000000000
146779  -14.275  -12.853  4.655 7.0000000000
146780  -13.796  -12.833  4.462 7.0000000000
146781  -13.804  -11.772  4.641 7.0000000000
146782  -13.549  -12.296  4.461 7.0000000000
146783  -13.334  -12.801  4.263 7.0000000000
146784  -12.889  -12.759  4.057 7.0000000000
146785  -12.463  -12.706  3.846 7.0000000000
146786  -12.055  -12.642  3.628 7.0000000000
146791  -12.016  -10.493  4.134 6.0000000000
146792  -12.204  -11.083  4.112 7.0000000000
146793  -11.985  -11.599  3.896 7.0000000000
146794  -11.805  -12.094  3.659 7.0000000000
146795  -11.666  -12.569  3.404 7.0000000000
146796  -11.296  -12.486  3.172 7.0000000000
146797  -10.946  -12.393  2.931 7.0000000000
146798  -10.617  -12.291  2.683 7.0000000000
146799  -10.472  -11.271  3.030 7.0000000000
146800  -10.370  -11.736  2.738 7.0000000000
146801  -10.310  -12.179  2.427 7.0000000000
146802  -10.023  -12.057  2.163 7.0000000000
146803  -9.758  -11.927  1.892 7.0000000000
155336  -9.086  -11.483  1.027 7.0000000000
155337  -8.902  -11.318  0.718 7.0000000000
155338  -8.738  -11.144  0.398 7.0000000000
155339  -8.439  -10.183  0.877 7.0000000000
155340  -8.496  -10.586  0.480 7.0000000000
155341  -8.594  -10.961  0.066 7.0000000000
155342  -8.470  -10.769  -0.276 7.0000000000
155343  -8.366  -10.569  -0.630 7.0000000000
155344  -8.282  -10.360  -0.996 7.0000000000
155345  -7.756  -7.713  1.149 7.0000000000
155346  -7.731  -8.184  0.778 7.0000000000
155347  -7.746  -8.631  0.384 7.0000000000
155348  -7.454  -7.823  0.106 7.0000000000
155349  -7.618  -8.445  0.043 7.0000000000
155350  -7.801  -9.052  -0.029 7.0000000000
155351  -7.898  -9.445  -0.461 7.0000000000
155352  -8.037  -9.809  -0.910 7.0000000000
155353  -8.217  -10.141  -1.372 7.0000000000
155354  -8.173  -9.913  -1.761 7.0000000000
155355  -8.149  -9.676  -2.160 7.0000000000
155356  -8.145  -9.429  -2.572 7.0000000000
155357  -7.674  -8.570  -2.001 7.0000000000
155358  -7.897  -8.888  -2.493 7.0000000000
155359  -8.161  -9.172  -2.997 7.0000000000
155360  -8.198  -8.906  -3.433 7.0000000000
155361  -8.255  -8.631  -3.882 7.0000000000
155362  -8.332  -8.346  -4.341 7.0000000000
155363  -7.321  -2.028  1.081 6.0000000000
155364  -7.143  -2.621  0.799 6.0000000000
155365  -7.002  -3.196  0.495 6.0000000000
155366  -6.869  -2.238  0.115 6.0000000000
155367  -6.874  -3.004  0.144 7.0000000000
155368  -6.897  -3.749  0.171 7.0000000000
155369  -6.829  -4.278  -0.175 7.0000000000
155370  -6.800  -4.785  -0.542 7.0000000000
155371  -6.810  -5.266  -0.933 7.0000000000
155372  -6.539  -1.402  -1.448 7.0000000000
155373  -6.548  -2.171  -1.417 7.0000000000
155374  -6.573  -2.923  -1.390 7.0000000000
155375  -6.569  -3.201  -2.233 7.0000000000
155376  -6.582  -3.431  -1.793 7.0000000000
155377  -6.615  -3.654  -1.366 7.0000000000
155378  -6.676  -4.364  -1.348 7.0000000000
155379  -6.758  -5.053  -1.341 7.0000000000
155380  -6.862  -5.722  -1.347 7.0000000000
155381  -6.957  -6.150  -1.786 7.0000000000
155382  -7.095  -6.549  -2.247 7.0000000000
155383  -7.278  -6.916  -2.730 7.0000000000
155384  -7.134  -6.058  -3.143 7.0000000000
155385  -7.308  -6.664  -3.180 7.0000000000
155386  -7.503  -7.251  -3.231 7.0000000000
155387  -7.772  -7.554  -3.747 7.0000000000
155388  -8.081  -7.821  -4.275 7.0000000000
155389  -8.430  -8.052  -4.810 7.0000000000
155390  -8.549  -7.749  -5.286 7.0000000000
155391  -8.688  -7.436  -5.769 7.0000000000
155392  -8.847  -7.114  -6.260 7.0000000000
155393  -8.189  -6.396  -5.666 7.0000000000
155394  -8.589  -6.611  -6.210 7.0000000000
155395  -9.024  -6.786  -6.758 7.0000000000
155396  -9.219  -6.453  -7.265 7.0000000000
155397  -9.432  -6.114  -7.778 7.0000000000
155398  -9.661  -5.770  -8.298 7.0000000000
155399  -7.413  -4.098  -5.575 7.0000000000
155400  -7.718  -4.414  -6.095 7.0000000000
155401  -8.069  -4.693  -6.628 7.0000000000
155402  -8.048  -3.832  -7.147 7.0000000000
155403  -8.248  -4.394  -7.153 7.0000000000
155404  -8.468  -4.935  -7.170 7.0000000000
155405  -8.911  -5.139  -7.719 7.0000000000
155406  -9.392  -5.301  -8.271 7.0000000000
155407  -9.906  -5.420  -8.823 7.0000000000
155408  -10.166  -5.065  -9.352 7.0000000000
155409  -10.439  -4.703  -9.883 7.0000000000
155410  -10.725  -4.336  -10.417 6.0000000000
155411  -9.867  -3.811  -9.869 7.0000000000
155412  -10.430  -3.910  -10.413 6.0000000000
155413  -11.021  -3.962  -10.953 6.0000000000
155423  -7.658  9.301  -1.694 6.0000000000
155424  -7.392  8.548  -1.895 6.0000000000
155425  -7.159  7.803  -2.128 6.0000000000
155433  -7.040  8.022  -2.532 6.0000000000
155434  -6.960  7.068  -2.389 7.0000000000
155435  -6.796  6.349  -2.679 7.0000000000
155436  -6.665  5.651  -2.995 7.0000000000
155437  -6.566  4.977  -3.336 7.0000000000
155438  -6.549  6.077  -3.917 6.0000000000
155439  -6.522  5.190  -3.807 7.0000000000
155440  -6.499  4.327  -3.702 7.0000000000
155441  -6.462  3.700  -4.095 7.0000000000
155442  -6.459  3.095  -4.513 7.0000000000
155443  -6.490  2.513  -4.955 7.0000000000
155452  -6.465  8.857  -6.079 6.0000000000
155453  -6.570  9.324  -9.180 6.0000000000
155454  -6.530  9.080  -8.636 6.0000000000
155455  -6.498  8.838  -8.096 6.0000000000
155456  -6.618  7.235  -8.530 6.0000000000
155457  -6.529  7.898  -8.039 6.0000000000
155458  -6.473  8.598  -7.561 6.0000000000
155459  -6.456  8.359  -7.031 6.0000000000
155460  -6.449  8.123  -6.509 6.0000000000
155461  -6.453  7.890  -5.994 6.0000000000
155462  -6.450  6.960  -5.904 6.0000000000
155463  -6.455  6.065  -5.812 6.0000000000
155464  -6.466  5.202  -5.721 6.0000000000
155465  -6.553  4.818  -6.718 6.0000000000
155466  -6.512  4.589  -6.172 6.0000000000
155467  -6.482  4.362  -5.636 6.0000000000
155468  -6.503  3.542  -5.558 7.0000000000
155469  -6.527  2.740  -5.485 7.0000000000
155470  -6.556  1.954  -5.418 7.0000000000
155471  -6.658  1.420  -5.896 7.0000000000
155472  -6.795  0.912  -6.386 7.0000000000
155473  -6.968  0.431  -6.883 7.0000000000
155474  -7.004  1.405  -7.516 7.0000000000
155475  -7.084  0.684  -7.450 7.0000000000
155476  -7.177  -0.021  -7.384 7.0000000000
155477  -7.425  -0.442  -7.889 7.0000000000
155478  -7.714  -0.829  -8.399 7.0000000000
155479  -8.046  -1.179  -8.914 7.0000000000
155480  -7.558  2.418  -9.871 7.0000000000
155481  -7.667  1.718  -9.802 7.0000000000
155482  -7.783  1.037  -9.728 7.0000000000
155483  -8.299  0.943  -10.859 7.0000000000
155484  -8.099  0.656  -10.252 7.0000000000
155485  -7.912  0.375  -9.650 7.0000000000
155486  -8.062  -0.267  -9.572 7.0000000000
155487  -8.233  -0.889  -9.499 7.0000000000
155488  -8.423  -1.490  -9.435 7.0000000000
155489  -8.847  -1.761  -9.964 7.0000000000
155490  -9.317  -1.989  -10.497 7.0000000000
155491  -9.833  -2.171  -11.033 7.0000000000
155492  -9.816  -1.326  -11.667 7.0000000000
155493  -10.098  -1.828  -11.610 7.0000000000
155494  -10.395  -2.304  -11.565 6.0000000000
155495  -10.994  -2.387  -12.093 6.0000000000
155507  -10.861  0.952  -14.754 7.0000000000
155508  -11.440  0.849  -15.246 6.0000000000
155525  -9.107  5.582  -15.406 6.0000000000
155526  -9.557  5.215  -15.967 7.0000000000
155527  -10.025  4.897  -16.516 7.0000000000
155528  -10.004  5.855  -17.162 6.0000000000
155529  -10.263  5.226  -17.116 7.0000000000
155530  -10.504  4.632  -17.056 7.0000000000
155531  -10.991  4.420  -17.584 7.0000000000
155532  -11.485  4.265  -18.099 7.0000000000
155533  -11.992  4.165  -18.600 6.0000000000
156091  -33.480  -10.319  12.675 6.0000000000
156092  -33.565  -10.768  13.116 6.0000000000
156094  -32.918  -12.107  13.362 6.0000000000
156095  -33.348  -11.885  13.686 6.0000000000
156100  -31.778  -14.709  13.756 7.0000000000
156145  -24.782  -13.083  8.488 6.0000000000
156146  -25.016  -13.564  8.767 6.0000000000
156147  -25.262  -14.042  9.047 6.0000000000
156148  -24.327  -14.753  8.833 6.0000000000
156149  -24.925  -14.638  9.080 6.0000000000
156150  -25.521  -14.518  9.330 6.0000000000
156151  -25.790  -14.988  9.616 6.0000000000
