#!ascii label  , from subject 40tvs8ref_sym_20 vox2ras=TkReg
435
59  -23.028  6.289  0.449 6.0000000000
397  -14.941  9.075  0.867 6.0000000000
900  -13.835  2.324  3.169 7.0000000000
901  -18.744  7.499  0.823 7.0000000000
1476  -23.622  12.468  -2.658 6.0000000000
1886  -10.605  3.626  2.411 6.0000000000
1888  -19.674  14.254  -2.419 6.0000000000
2819  -20.539  3.868  1.934 6.0000000000
2820  -18.311  4.342  2.103 7.0000000000
2821  -20.825  6.819  0.641 6.0000000000
4142  -14.354  5.625  2.167 7.0000000000
4143  -12.095  2.934  2.900 7.0000000000
4144  -12.670  6.368  1.931 7.0000000000
4147  -23.971  15.736  -4.491 6.0000000000
4148  -21.601  13.311  -2.554 6.0000000000
4149  -22.049  16.711  -4.409 6.0000000000
6227  -15.636  -1.055  4.097 6.0000000000
6228  -13.511  -0.749  3.894 7.0000000000
6229  -15.823  1.825  3.251 7.0000000000
6230  -16.252  4.944  2.213 7.0000000000
6231  -16.772  8.265  0.911 6.0000000000
7283  -25.476  8.721  -1.125 6.0000000000
7284  -23.299  9.292  -0.995 6.0000000000
7285  -25.704  11.740  -2.714 6.0000000000
8272  -11.695  -0.299  3.535 7.0000000000
8273  -10.182  0.276  3.010 6.0000000000
8278  -21.210  10.008  -0.834 6.0000000000
8279  -19.203  10.824  -0.701 6.0000000000
8280  -17.301  11.707  -0.616 6.0000000000
10499  -21.787  5.078  1.208 6.0000000000
10500  -20.658  5.309  1.301 6.0000000000
10501  -21.909  6.533  0.541 6.0000000000
11822  -14.644  7.334  1.545 7.0000000000
11823  -13.482  5.989  2.072 7.0000000000
11824  -13.790  7.731  1.460 6.0000000000
11826  -14.104  9.503  0.801 6.0000000000
11828  -23.000  16.211  -4.462 6.0000000000
14220  -15.696  0.356  3.697 6.0000000000
14221  -16.907  1.617  3.243 6.0000000000
14222  -18.518  5.892  1.489 7.0000000000
14223  -17.263  4.631  2.172 7.0000000000
14224  -17.498  6.229  1.560 7.0000000000
14225  -16.508  6.585  1.597 7.0000000000
14226  -17.744  7.876  0.883 7.0000000000
16019  -26.670  9.941  -1.914 6.0000000000
16020  -25.580  10.208  -1.895 6.0000000000
16021  -26.763  11.429  -2.715 6.0000000000
18187  -13.636  0.756  3.554 7.0000000000
18188  -12.563  -0.541  3.734 7.0000000000
18189  -12.717  1.007  3.426 7.0000000000
18190  -11.318  3.271  2.683 7.0000000000
18191  -11.087  1.595  3.028 7.0000000000
18192  -10.371  1.925  2.750 6.0000000000
18202  -23.461  10.869  -1.797 6.0000000000
18203  -22.245  9.636  -0.914 6.0000000000
18204  -22.424  11.246  -1.734 6.0000000000
18205  -20.625  13.772  -2.489 6.0000000000
18206  -20.407  12.076  -1.604 6.0000000000
18207  -19.435  12.526  -1.542 6.0000000000
18208  -18.239  11.260  -0.652 6.0000000000
18209  -18.489  12.993  -1.484 6.0000000000
23508  -18.147  2.857  2.676 6.0000000000
23509  -19.401  4.086  2.020 6.0000000000
23510  -19.569  5.582  1.398 6.0000000000
23511  -19.771  7.144  0.739 6.0000000000
25888  -14.081  3.951  2.711 7.0000000000
25889  -12.935  2.617  3.061 7.0000000000
25890  -13.193  4.282  2.611 7.0000000000
25891  -12.364  4.630  2.459 7.0000000000
25892  -11.598  4.995  2.254 7.0000000000
25897  -23.789  14.089  -3.565 6.0000000000
25898  -22.601  12.877  -2.611 6.0000000000
25899  -22.789  14.531  -3.528 6.0000000000
25900  -21.813  15.000  -3.473 6.0000000000
25901  -20.860  15.493  -3.404 6.0000000000
29892  -13.462  -2.189  4.198 7.0000000000
29893  -14.538  -0.921  4.016 6.0000000000
29894  -14.630  0.539  3.643 7.0000000000
29895  -14.797  2.059  3.229 7.0000000000
29896  -17.058  3.092  2.730 7.0000000000
29897  -16.016  3.354  2.762 7.0000000000
29898  -15.023  3.640  2.758 7.0000000000
29899  -15.280  5.276  2.213 7.0000000000
29900  -15.553  6.953  1.591 7.0000000000
29901  -15.834  8.662  0.904 6.0000000000
32387  -24.259  7.504  -0.332 6.0000000000
32388  -23.148  7.758  -0.252 6.0000000000
32389  -24.374  8.985  -1.069 6.0000000000
32390  -24.512  10.521  -1.853 6.0000000000
32391  -24.657  12.088  -2.693 6.0000000000
32392  -26.874  12.952  -3.557 6.0000000000
32393  -25.835  13.295  -3.581 6.0000000000
32394  -24.806  13.676  -3.583 6.0000000000
32395  -24.964  15.288  -4.495 6.0000000000
35110  -12.489  -2.021  4.015 7.0000000000
35111  -11.594  -1.818  3.788 7.0000000000
35112  -10.779  -1.582  3.520 6.0000000000
35113  -11.869  1.288  3.252 7.0000000000
35114  -10.902  -0.026  3.295 7.0000000000
35128  -22.069  8.057  -0.159 6.0000000000
35129  -21.015  8.392  -0.065 6.0000000000
35130  -19.983  8.758  0.022 6.0000000000
35131  -21.404  11.649  -1.669 6.0000000000
35132  -20.195  10.405  -0.763 6.0000000000
35133  -18.974  9.148  0.092 6.0000000000
35134  -17.991  9.555  0.141 6.0000000000
35135  -17.037  9.972  0.167 6.0000000000
35136  -16.116  10.399  0.171 6.0000000000
35142  -18.745  14.752  -2.346 6.0000000000
35143  -17.568  13.472  -1.430 6.0000000000
35144  -16.398  12.167  -0.592 6.0000000000
35145  -15.240  10.843  0.153 6.0000000000
41219  -22.408  5.683  0.832 6.0000000000
41220  -21.841  5.796  0.878 6.0000000000
41221  -22.464  6.405  0.494 6.0000000000
42542  -14.792  8.201  1.211 6.0000000000
42543  -14.210  7.531  1.507 7.0000000000
42544  -14.362  8.406  1.177 6.0000000000
42545  -13.947  8.614  1.135 6.0000000000
42546  -14.515  9.287  0.837 6.0000000000
44940  -16.857  0.902  3.485 6.0000000000
44941  -17.470  1.523  3.230 6.0000000000
44942  -18.630  6.689  1.163 7.0000000000
44943  -18.004  6.058  1.528 7.0000000000
44944  -18.122  6.866  1.200 7.0000000000
44945  -17.620  7.048  1.230 7.0000000000
44946  -18.240  7.686  0.856 7.0000000000
46740  -26.713  10.679  -2.309 6.0000000000
46741  -27.297  11.291  -2.705 6.0000000000
48907  -13.728  1.532  3.369 7.0000000000
48908  -13.167  0.878  3.495 7.0000000000
48909  -13.266  1.665  3.317 7.0000000000
48910  -10.954  3.447  2.554 7.0000000000
48911  -10.832  2.596  2.735 7.0000000000
48912  -10.482  2.769  2.590 6.0000000000
48913  -10.038  2.097  2.589 6.0000000000
48922  -23.542  11.666  -2.220 6.0000000000
48923  -22.940  11.054  -1.766 6.0000000000
48924  -23.025  11.859  -2.194 6.0000000000
48925  -20.146  14.011  -2.454 6.0000000000
48926  -20.031  13.151  -2.009 6.0000000000
48927  -19.553  13.387  -1.976 6.0000000000
48928  -18.959  12.758  -1.512 6.0000000000
48929  -19.081  13.627  -1.944 6.0000000000
54540  -19.337  3.363  2.319 6.0000000000
54541  -19.964  3.972  1.977 6.0000000000
54542  -20.737  6.056  0.975 6.0000000000
54543  -20.109  5.440  1.350 6.0000000000
54544  -20.198  6.201  1.025 6.0000000000
54545  -19.668  6.355  1.074 6.0000000000
54546  -20.294  6.977  0.691 6.0000000000
58507  -14.215  4.783  2.449 7.0000000000
58508  -13.630  4.114  2.668 7.0000000000
58509  -13.768  4.955  2.407 7.0000000000
58510  -13.068  6.177  2.008 7.0000000000
58511  -12.916  5.311  2.285 7.0000000000
58512  -12.513  5.494  2.205 7.0000000000
58513  -11.973  4.810  2.363 7.0000000000
58514  -12.126  5.681  2.113 7.0000000000
58516  -12.287  6.562  1.844 6.0000000000
58522  -23.878  14.909  -4.027 6.0000000000
58523  -23.286  14.307  -3.549 6.0000000000
58524  -23.382  15.136  -4.014 6.0000000000
58525  -22.522  16.458  -4.438 6.0000000000
58526  -22.407  15.608  -3.970 6.0000000000
58527  -21.928  15.853  -3.940 6.0000000000
58528  -21.334  15.244  -3.440 6.0000000000
58529  -21.454  16.104  -3.906 6.0000000000
65699  -15.063  -1.688  4.234 6.0000000000
65700  -14.517  -1.627  4.185 6.0000000000
65701  -15.078  -0.992  4.062 6.0000000000
65702  -15.750  1.083  3.479 7.0000000000
65703  -15.154  0.443  3.674 7.0000000000
65704  -15.219  1.184  3.464 7.0000000000
65705  -14.704  1.291  3.442 7.0000000000
65706  -15.302  1.938  3.245 7.0000000000
65707  -18.222  3.591  2.394 7.0000000000
65708  -17.596  2.971  2.705 7.0000000000
65709  -17.683  3.719  2.428 7.0000000000
65710  -16.753  4.785  2.197 7.0000000000
65711  -16.638  3.995  2.480 7.0000000000
65712  -16.131  4.142  2.496 7.0000000000
65713  -15.513  3.494  2.765 7.0000000000
65714  -15.634  4.294  2.501 7.0000000000
65715  -15.149  4.452  2.496 7.0000000000
65716  -15.761  5.107  2.219 7.0000000000
65717  -16.640  7.421  1.262 7.0000000000
65718  -16.026  6.768  1.599 7.0000000000
65719  -16.161  7.611  1.263 7.0000000000
65720  -15.693  7.804  1.254 7.0000000000
65721  -16.298  8.462  0.911 6.0000000000
71099  -24.870  8.113  -0.728 6.0000000000
71100  -24.312  8.236  -0.696 6.0000000000
71101  -24.921  8.847  -1.100 6.0000000000
71102  -25.641  10.971  -2.298 6.0000000000
71103  -25.044  10.360  -1.876 6.0000000000
71104  -25.111  11.132  -2.284 6.0000000000
71105  -24.585  11.302  -2.266 6.0000000000
71106  -25.179  11.910  -2.705 6.0000000000
71108  -27.396  12.795  -3.537 6.0000000000
71111  -26.417  13.895  -4.011 6.0000000000
71112  -25.903  14.080  -4.026 6.0000000000
71113  -25.320  13.481  -3.584 6.0000000000
71114  -25.392  14.275  -4.035 6.0000000000
71115  -24.884  14.478  -4.038 6.0000000000
71116  -25.467  15.076  -4.487 6.0000000000
77602  -13.478  -1.477  4.052 7.0000000000
77603  -12.966  -2.109  4.112 7.0000000000
77604  -12.988  -1.388  3.970 7.0000000000
77605  -12.119  -0.424  3.640 7.0000000000
77606  -12.065  -1.183  3.775 7.0000000000
77607  -11.634  -1.067  3.663 7.0000000000
77608  -11.176  -1.704  3.659 6.0000000000
77609  -11.223  -0.944  3.542 7.0000000000
77610  -12.508  2.773  2.988 7.0000000000
77611  -12.391  1.951  3.177 7.0000000000
77612  -11.977  2.104  3.087 7.0000000000
77613  -10.622  0.933  3.036 7.0000000000
77614  -10.989  0.777  3.170 7.0000000000
77615  -10.534  0.122  3.158 7.0000000000
77616  -10.459  -0.674  3.268 6.0000000000
77617  -10.106  -0.527  3.116 6.0000000000
77647  -23.221  8.518  -0.617 6.0000000000
77648  -22.605  7.902  -0.206 6.0000000000
77649  -22.686  8.675  -0.574 6.0000000000
77650  -21.725  9.819  -0.874 6.0000000000
77651  -21.632  9.015  -0.484 6.0000000000
77652  -21.112  9.196  -0.441 6.0000000000
77653  -20.496  8.572  -0.020 6.0000000000
77654  -20.598  9.384  -0.400 6.0000000000
77655  -22.098  13.091  -2.584 6.0000000000
77656  -22.004  12.265  -2.137 6.0000000000
77657  -21.501  12.477  -2.106 6.0000000000
77658  -19.806  11.453  -1.146 6.0000000000
77659  -20.300  11.238  -1.177 6.0000000000
77660  -19.696  10.612  -0.730 6.0000000000
77661  -19.586  9.778  -0.328 6.0000000000
77662  -19.088  9.983  -0.298 6.0000000000
77663  -18.479  9.350  0.119 6.0000000000
77664  -18.598  10.192  -0.272 6.0000000000
77665  -17.766  11.482  -0.633 6.0000000000
77666  -17.638  10.619  -0.233 6.0000000000
77667  -17.169  10.836  -0.221 6.0000000000
77668  -16.572  10.184  0.171 6.0000000000
77669  -16.708  11.055  -0.212 6.0000000000
77686  -18.156  14.116  -1.879 6.0000000000
77691  -15.817  11.507  -0.207 6.0000000000
92627  -21.164  4.473  1.576 6.0000000000
92628  -20.591  4.580  1.621 6.0000000000
92629  -21.217  5.188  1.254 6.0000000000
92630  -21.284  5.921  0.926 6.0000000000
92631  -21.363  6.671  0.591 6.0000000000
95008  -14.498  6.476  1.864 7.0000000000
95009  -13.911  5.805  2.125 7.0000000000
95010  -14.059  6.664  1.824 7.0000000000
95011  -13.635  6.856  1.774 7.0000000000
95012  -13.226  7.052  1.713 7.0000000000
95013  -12.832  7.250  1.641 6.0000000000
95014  -13.386  7.934  1.404 6.0000000000
95017  -24.068  16.567  -4.952 6.0000000000
95018  -23.483  15.970  -4.480 6.0000000000
95019  -23.588  16.809  -4.943 6.0000000000
99323  -16.224  -0.424  3.923 6.0000000000
99324  -15.658  -0.357  3.904 6.0000000000
99325  -16.252  0.275  3.711 6.0000000000
99326  -16.297  0.989  3.485 6.0000000000
99327  -16.358  1.718  3.250 7.0000000000
99328  -18.410  5.108  1.801 7.0000000000
99329  -17.782  4.482  2.140 7.0000000000
99330  -17.890  5.262  1.840 7.0000000000
99331  -17.378  5.423  1.873 7.0000000000
99332  -16.875  5.589  1.899 7.0000000000
99333  -16.379  5.759  1.914 7.0000000000
99334  -16.999  6.406  1.583 7.0000000000
99335  -17.126  7.233  1.251 7.0000000000
99336  -17.254  8.069  0.901 7.0000000000
102563  -26.076  9.330  -1.521 6.0000000000
102564  -25.524  9.457  -1.505 6.0000000000
102565  -26.122  10.068  -1.909 6.0000000000
102566  -26.175  10.819  -2.307 6.0000000000
102567  -26.232  11.580  -2.717 6.0000000000
106465  -13.563  -0.005  3.728 7.0000000000
106466  -13.027  -0.650  3.819 7.0000000000
106467  -13.087  0.106  3.661 7.0000000000
106468  -12.631  0.225  3.585 7.0000000000
106469  -12.193  0.352  3.498 7.0000000000
106470  -11.699  3.100  2.799 7.0000000000
106471  -11.579  2.263  2.984 7.0000000000
106472  -11.197  2.427  2.866 7.0000000000
106473  -10.721  1.758  2.896 7.0000000000
106474  -10.272  1.094  2.889 6.0000000000
106492  -23.379  10.077  -1.388 6.0000000000
106493  -22.770  9.460  -0.955 6.0000000000
106494  -22.855  10.254  -1.353 6.0000000000
106495  -22.335  10.438  -1.316 6.0000000000
106496  -21.818  10.629  -1.280 6.0000000000
106497  -21.110  13.539  -2.522 6.0000000000
106498  -21.005  12.696  -2.075 6.0000000000
106499  -20.514  12.921  -2.042 6.0000000000
106500  -19.918  12.299  -1.573 6.0000000000
106501  -19.319  11.672  -1.116 6.0000000000
106502  -18.718  11.041  -0.675 6.0000000000
106503  -18.838  11.896  -1.089 6.0000000000
106504  -18.363  12.123  -1.064 6.0000000000
106505  -17.895  12.353  -1.041 6.0000000000
116294  -18.773  3.472  2.357 6.0000000000
116295  -18.850  4.209  2.062 6.0000000000
116296  -20.030  4.698  1.667 6.0000000000
116297  -19.480  4.825  1.713 6.0000000000
116298  -18.940  4.962  1.758 6.0000000000
116299  -19.039  5.733  1.445 6.0000000000
116300  -19.145  6.519  1.121 6.0000000000
116301  -19.255  7.319  0.783 6.0000000000
121846  -13.954  3.130  2.950 7.0000000000
121847  -13.377  2.467  3.122 7.0000000000
121848  -13.500  3.284  2.906 7.0000000000
121849  -13.060  3.443  2.848 7.0000000000
121850  -12.635  3.607  2.776 7.0000000000
121851  -13.335  5.131  2.352 7.0000000000
121852  -12.771  4.454  2.542 7.0000000000
121853  -12.224  3.776  2.691 7.0000000000
121854  -11.830  3.950  2.592 7.0000000000
121855  -11.452  4.127  2.479 7.0000000000
121856  -11.090  4.309  2.353 6.0000000000
121867  -23.704  13.275  -3.107 6.0000000000
121868  -23.110  12.669  -2.636 6.0000000000
121869  -23.196  13.485  -3.088 6.0000000000
121870  -22.693  13.701  -3.066 6.0000000000
121871  -22.195  13.923  -3.040 6.0000000000
121872  -22.892  15.369  -3.994 6.0000000000
121873  -22.298  14.763  -3.503 6.0000000000
121874  -21.704  14.153  -3.010 6.0000000000
121875  -21.219  14.388  -2.978 6.0000000000
121876  -20.740  14.630  -2.943 6.0000000000
121877  -20.266  14.876  -2.906 6.0000000000
131605  -13.976  -2.259  4.273 6.0000000000
131606  -13.988  -1.557  4.124 7.0000000000
131607  -14.015  -0.840  3.960 7.0000000000
131608  -15.108  -0.282  3.874 6.0000000000
131609  -14.574  -0.198  3.835 7.0000000000
131610  -14.059  -0.106  3.786 7.0000000000
131611  -14.123  0.643  3.603 7.0000000000
131612  -14.207  1.408  3.410 7.0000000000
131613  -14.308  2.187  3.204 7.0000000000
131614  -17.525  2.239  2.972 7.0000000000
131615  -16.974  2.347  2.991 7.0000000000
131616  -16.437  2.462  3.006 7.0000000000
131617  -17.155  3.854  2.457 7.0000000000
131618  -16.531  3.220  2.749 7.0000000000
131619  -15.912  2.582  3.013 7.0000000000
131620  -15.401  2.708  3.012 7.0000000000
131621  -14.904  2.842  3.002 7.0000000000
131622  -14.422  2.982  2.982 7.0000000000
131623  -14.545  3.792  2.741 7.0000000000
131624  -14.675  4.615  2.479 7.0000000000
131625  -14.811  5.448  2.196 7.0000000000
131626  -15.892  5.933  1.918 7.0000000000
131627  -15.415  6.110  1.912 7.0000000000
131628  -14.950  6.291  1.893 7.0000000000
131629  -15.092  7.142  1.573 7.0000000000
131630  -15.236  8.001  1.237 6.0000000000
131631  -15.381  8.867  0.889 6.0000000000
138419  -23.645  6.896  0.061 6.0000000000
138420  -23.083  7.015  0.103 6.0000000000
138421  -23.699  7.625  -0.294 6.0000000000
138422  -23.763  8.371  -0.658 6.0000000000
138423  -23.834  9.133  -1.034 6.0000000000
138424  -24.980  9.597  -1.482 6.0000000000
138425  -24.441  9.747  -1.454 6.0000000000
138426  -23.908  9.907  -1.423 6.0000000000
138427  -23.985  10.691  -1.826 6.0000000000
138428  -24.061  11.480  -2.244 6.0000000000
138429  -24.139  12.274  -2.677 6.0000000000
138430  -27.344  12.039  -3.117 6.0000000000
138431  -26.817  12.188  -3.132 6.0000000000
138432  -26.292  12.347  -3.139 6.0000000000
138434  -26.354  13.119  -3.572 6.0000000000
138435  -25.769  12.516  -3.142 6.0000000000
138436  -25.249  12.693  -3.140 6.0000000000
138437  -24.731  12.879  -3.133 6.0000000000
138438  -24.216  13.074  -3.122 6.0000000000
138439  -24.296  13.879  -3.576 6.0000000000
138440  -24.378  14.690  -4.035 6.0000000000
138441  -24.465  15.508  -4.496 6.0000000000
138444  -24.554  16.332  -4.954 6.0000000000
146347  -12.516  -1.290  3.878 7.0000000000
146348  -12.031  -1.924  3.906 7.0000000000
146353  -12.820  1.805  3.253 7.0000000000
146354  -12.285  1.144  3.345 7.0000000000
146355  -11.774  0.487  3.400 7.0000000000
146356  -11.470  1.438  3.147 7.0000000000
146357  -11.373  0.628  3.291 7.0000000000
146358  -11.289  -0.166  3.420 7.0000000000
146359  -10.832  -0.813  3.410 7.0000000000
146398  -22.530  7.145  0.149 6.0000000000
146399  -21.986  7.286  0.197 6.0000000000
146400  -21.448  7.438  0.246 6.0000000000
146401  -22.156  8.841  -0.529 6.0000000000
146402  -21.539  8.220  -0.112 6.0000000000
146403  -20.918  7.599  0.295 6.0000000000
146404  -20.395  7.769  0.343 6.0000000000
146405  -19.877  7.946  0.388 6.0000000000
146406  -19.365  8.130  0.429 6.0000000000
146407  -22.512  12.059  -2.166 6.0000000000
146408  -21.911  11.444  -1.702 6.0000000000
146409  -21.307  10.826  -1.244 6.0000000000
146410  -20.902  11.859  -1.637 6.0000000000
146411  -20.801  11.029  -1.210 6.0000000000
146412  -20.700  10.204  -0.797 6.0000000000
146413  -20.089  9.578  -0.362 6.0000000000
146414  -19.475  8.950  0.059 6.0000000000
146415  -18.859  8.320  0.465 6.0000000000
146416  -18.360  8.514  0.496 6.0000000000
146417  -17.867  8.712  0.520 6.0000000000
146418  -17.382  8.913  0.536 6.0000000000
146419  -18.115  10.404  -0.250 6.0000000000
146420  -17.510  9.762  0.157 6.0000000000
146421  -16.904  9.115  0.545 6.0000000000
146422  -16.435  9.320  0.546 6.0000000000
146423  -15.975  9.528  0.541 6.0000000000
146424  -15.527  9.739  0.530 6.0000000000
146431  -20.985  16.360  -3.869 6.0000000000
146432  -20.390  15.747  -3.365 6.0000000000
146433  -19.798  15.127  -2.868 6.0000000000
146441  -19.334  15.382  -2.829 6.0000000000
146442  -19.206  14.502  -2.383 6.0000000000
146443  -18.616  13.870  -1.911 6.0000000000
146444  -18.025  13.231  -1.456 6.0000000000
146445  -17.434  12.586  -1.019 6.0000000000
146447  -16.982  12.822  -1.000 6.0000000000
146448  -16.845  11.935  -0.602 6.0000000000
146449  -16.257  11.279  -0.207 6.0000000000
146450  -15.672  10.619  0.165 6.0000000000
146451  -15.091  9.955  0.513 6.0000000000
146452  -14.669  10.176  0.490 6.0000000000
