#!ascii label  , from subject 40tvs8ref_sym_20 vox2ras=TkReg
425
105  29.727  12.864  52.267 6.0000000000
485  26.310  -0.860  42.932 6.0000000000
1059  28.077  12.503  46.485 7.0000000000
1060  26.862  5.729  42.228 6.0000000000
1061  28.068  5.808  47.509 7.0000000000
1100  29.289  19.602  50.631 6.0000000000
2979  28.885  12.681  49.356 7.0000000000
2980  28.096  9.161  47.058 7.0000000000
2981  28.964  9.310  49.930 7.0000000000
3018  30.232  16.451  54.463 6.0000000000
3019  29.975  19.854  53.593 6.0000000000
3020  29.527  16.246  51.544 6.0000000000
3021  28.729  16.027  48.608 7.0000000000
4617  26.609  2.432  42.565 6.0000000000
4619  26.022  -0.749  40.652 6.0000000000
4623  28.864  2.618  50.826 6.0000000000
6515  27.421  9.056  44.316 6.0000000000
6516  27.318  5.726  44.748 7.0000000000
6517  27.138  2.413  45.134 6.0000000000
6590  28.580  19.284  47.672 6.0000000000
7506  30.406  13.041  55.151 6.0000000000
7507  29.814  9.473  52.830 6.0000000000
8870  28.959  5.941  50.382 6.0000000000
8871  27.937  2.492  47.925 6.0000000000
8872  26.869  -0.885  45.545 6.0000000000
10659  29.315  12.772  50.812 6.0000000000
10660  28.935  10.997  49.665 7.0000000000
10661  29.372  11.083  51.116 6.0000000000
10698  30.013  14.652  53.384 6.0000000000
10699  29.903  16.351  53.011 6.0000000000
10700  29.639  14.555  51.926 6.0000000000
10701  29.232  14.458  50.463 7.0000000000
12297  26.466  0.786  42.741 6.0000000000
12298  26.299  0.824  41.566 6.0000000000
12299  26.134  -0.817  41.747 6.0000000000
12301  25.963  -2.452  41.952 6.0000000000
14694  27.756  12.411  45.098 6.0000000000
14695  27.469  10.702  44.061 6.0000000000
14696  27.738  10.765  45.398 6.0000000000
14697  28.091  7.482  47.294 7.0000000000
14698  27.700  7.427  45.895 7.0000000000
14699  27.663  5.755  46.108 7.0000000000
14700  27.239  4.066  44.944 6.0000000000
14701  27.601  4.093  46.311 6.0000000000
14816  29.647  19.733  52.119 6.0000000000
14821  28.851  21.054  48.597 6.0000000000
14822  28.923  19.455  49.144 7.0000000000
14823  28.414  14.258  47.557 7.0000000000
14824  28.358  15.904  47.159 7.0000000000
14825  28.059  14.148  46.136 6.0000000000
16494  30.642  13.121  56.560 6.0000000000
16495  30.450  11.336  55.446 6.0000000000
16626  30.582  14.831  56.238 6.0000000000
19622  29.824  7.778  53.068 6.0000000000
19623  29.413  7.699  51.614 6.0000000000
19624  29.403  6.013  51.837 6.0000000000
19625  28.301  0.908  49.599 6.0000000000
19626  28.395  2.552  49.367 6.0000000000
19627  27.831  0.845  48.145 6.0000000000
19628  27.394  0.792  46.718 6.0000000000
19629  27.258  -0.855  46.948 6.0000000000
19988  28.302  20.631  45.702 6.0000000000
23793  28.463  12.592  47.910 7.0000000000
23794  28.090  10.837  46.791 7.0000000000
23795  28.498  10.915  48.219 7.0000000000
23796  28.519  9.233  48.486 7.0000000000
23797  28.524  7.550  48.720 7.0000000000
23864  30.382  18.256  55.487 6.0000000000
23865  30.254  19.963  55.036 6.0000000000
23866  30.107  18.157  54.055 6.0000000000
23867  29.773  18.048  52.592 6.0000000000
23868  29.404  17.933  51.115 6.0000000000
23869  29.019  17.810  49.635 7.0000000000
23870  29.128  16.138  50.073 7.0000000000
23871  28.815  14.359  49.004 7.0000000000
26741  26.741  4.080  42.397 6.0000000000
26742  26.609  4.108  41.252 6.0000000000
26743  26.457  2.466  41.404 6.0000000000
26744  26.201  0.884  40.484 6.0000000000
26751  29.374  4.341  52.062 6.0000000000
30559  27.132  7.379  43.254 6.0000000000
30560  27.721  9.100  45.661 7.0000000000
30561  27.375  7.393  44.541 6.0000000000
30562  27.049  5.722  43.448 6.0000000000
30563  26.951  4.065  43.632 6.0000000000
30564  26.835  2.414  43.814 6.0000000000
30565  26.703  0.766  44.000 6.0000000000
30735  28.543  20.848  47.128 6.0000000000
30736  28.292  19.087  46.231 6.0000000000
30737  28.645  17.675  48.164 7.0000000000
30738  28.313  17.515  46.716 6.0000000000
32988  30.096  12.954  53.716 6.0000000000
32989  29.784  11.169  52.567 6.0000000000
32990  30.149  11.254  54.013 6.0000000000
32991  30.176  9.554  54.277 6.0000000000
33155  30.494  16.543  55.884 6.0000000000
33156  30.333  14.745  54.825 6.0000000000
36854  29.404  9.391  51.380 6.0000000000
36855  28.973  7.623  50.163 6.0000000000
36856  28.507  5.873  48.937 6.0000000000
36857  28.923  4.271  50.600 6.0000000000
36858  28.465  4.206  49.149 6.0000000000
36859  28.017  4.145  47.716 6.0000000000
36860  27.510  2.440  46.510 6.0000000000
36861  27.014  0.764  45.330 6.0000000000
36862  26.553  -0.883  44.201 6.0000000000
41379  29.525  12.818  51.540 6.0000000000
41380  29.347  11.928  50.970 6.0000000000
41381  29.558  11.972  51.696 6.0000000000
41418  29.879  13.756  52.830 6.0000000000
41419  29.832  14.604  52.656 6.0000000000
41420  29.687  13.710  52.102 6.0000000000
41421  29.485  13.663  51.372 6.0000000000
43017  26.390  -0.037  42.834 6.0000000000
43018  26.295  -0.020  42.233 6.0000000000
43019  26.214  -0.842  42.329 6.0000000000
43020  26.049  -1.636  41.846 6.0000000000
43021  26.130  -1.662  42.430 6.0000000000
45414  27.906  12.457  45.785 6.0000000000
45415  27.747  11.592  45.253 6.0000000000
45416  27.906  11.631  45.942 6.0000000000
45417  28.083  6.644  47.403 7.0000000000
45418  27.877  6.615  46.699 7.0000000000
45419  27.860  5.780  46.805 7.0000000000
45420  27.636  4.923  46.211 7.0000000000
45421  27.835  4.947  46.908 6.0000000000
45536  29.471  19.669  51.375 6.0000000000
45537  29.592  20.567  51.859 6.0000000000
45538  29.418  20.498  51.114 6.0000000000
45540  29.240  20.424  50.367 6.0000000000
45541  29.060  20.346  49.621 7.0000000000
45542  29.105  19.531  49.887 7.0000000000
45543  28.247  13.379  47.024 7.0000000000
45544  28.229  14.205  46.842 7.0000000000
45545  28.068  13.329  46.316 6.0000000000
45546  27.907  13.276  45.618 6.0000000000
47346  30.705  14.014  57.094 6.0000000000
50327  26.919  6.550  42.141 6.0000000000
50329  26.799  5.734  41.652 6.0000000000
50342  29.823  6.932  53.183 6.0000000000
50343  29.622  6.893  52.454 6.0000000000
50344  29.616  6.051  52.567 6.0000000000
50346  28.063  0.876  48.869 6.0000000000
50347  27.770  0.022  48.264 6.0000000000
50348  27.543  -0.007  47.543 6.0000000000
50708  28.190  19.754  45.275 6.0000000000
50709  28.211  20.518  45.011 6.0000000000
55014  28.671  12.636  48.632 7.0000000000
55015  28.482  11.755  48.070 7.0000000000
55016  28.695  11.797  48.791 7.0000000000
55017  28.952  10.154  49.802 7.0000000000
55018  28.730  10.114  49.078 7.0000000000
55019  28.740  9.271  49.207 7.0000000000
55020  28.524  8.391  48.606 7.0000000000
55021  28.747  8.428  49.327 7.0000000000
55133  30.315  17.354  54.983 6.0000000000
55134  30.253  18.208  54.776 6.0000000000
55135  30.172  17.305  54.265 6.0000000000
55136  29.719  16.299  52.278 6.0000000000
55137  29.839  17.200  52.808 6.0000000000
55138  29.656  17.146  52.073 6.0000000000
55139  29.592  17.991  51.854 6.0000000000
55140  29.466  17.090  51.336 6.0000000000
55141  29.271  17.034  50.598 6.0000000000
55142  29.329  16.192  50.808 6.0000000000
55143  29.065  13.568  49.913 7.0000000000
55144  29.023  14.408  49.733 7.0000000000
55145  28.852  13.521  49.186 7.0000000000
55146  28.643  13.474  48.461 7.0000000000
59927  26.676  3.256  42.480 6.0000000000
59928  26.595  3.270  41.892 6.0000000000
59929  26.524  2.447  41.973 6.0000000000
59930  26.156  0.032  41.098 6.0000000000
59931  26.241  0.851  41.014 6.0000000000
59932  26.112  0.067  40.565 6.0000000000
67122  27.444  9.882  44.193 6.0000000000
67123  27.336  9.859  43.548 6.0000000000
67124  27.304  9.039  43.669 6.0000000000
67125  27.171  8.204  43.151 6.0000000000
67126  27.273  8.214  43.781 6.0000000000
67127  28.094  10.000  46.929 7.0000000000
67128  27.903  9.965  46.226 7.0000000000
67129  27.901  9.129  46.355 7.0000000000
67130  27.507  6.572  45.318 7.0000000000
67131  27.528  7.407  45.211 7.0000000000
67132  27.348  6.560  44.646 7.0000000000
67133  27.210  6.554  43.990 6.0000000000
67134  27.173  5.722  44.089 6.0000000000
67135  27.002  4.893  43.540 6.0000000000
67136  27.132  4.891  44.185 7.0000000000
67137  27.191  3.239  45.039 6.0000000000
67138  27.034  3.236  44.373 6.0000000000
67139  26.977  2.411  44.466 6.0000000000
67140  26.771  1.590  43.906 6.0000000000
67141  26.915  1.586  44.560 6.0000000000
67486  30.122  19.910  54.319 6.0000000000
67503  28.715  20.169  48.139 6.0000000000
67504  28.690  20.954  47.858 6.0000000000
67505  28.558  20.071  47.406 6.0000000000
67506  28.416  19.968  46.683 6.0000000000
67507  28.427  19.188  46.946 6.0000000000
67508  28.877  16.917  49.125 7.0000000000
67509  28.829  17.745  48.898 7.0000000000
67510  28.686  16.854  48.392 7.0000000000
67511  28.193  15.834  46.446 7.0000000000
67512  28.333  16.714  46.943 7.0000000000
67513  28.179  16.634  46.232 6.0000000000
67514  28.171  17.425  46.007 6.0000000000
72519  30.260  12.998  54.436 6.0000000000
72520  30.127  12.104  53.869 6.0000000000
72521  30.288  12.147  54.588 6.0000000000
72522  30.463  10.484  55.583 6.0000000000
72523  30.323  10.444  54.868 6.0000000000
72524  30.333  9.593  54.998 6.0000000000
72525  30.182  8.704  54.401 6.0000000000
72916  30.547  17.443  56.390 6.0000000000
72917  30.596  16.584  56.580 6.0000000000
72918  30.504  13.935  55.701 6.0000000000
72919  30.467  14.789  55.536 6.0000000000
72920  30.373  13.893  54.992 6.0000000000
72921  30.224  13.848  54.276 6.0000000000
81902  29.802  10.321  52.703 6.0000000000
81903  29.602  10.279  51.978 6.0000000000
81904  29.614  9.432  52.105 6.0000000000
81905  29.192  6.818  50.999 6.0000000000
81906  29.195  7.661  50.888 6.0000000000
81907  28.969  6.781  50.273 6.0000000000
81908  28.743  6.745  49.550 6.0000000000
81909  28.733  5.907  49.658 6.0000000000
81910  29.126  3.477  51.444 6.0000000000
81911  29.151  4.306  51.330 6.0000000000
81912  28.896  3.443  50.712 6.0000000000
81913  28.163  2.521  48.643 6.0000000000
81914  28.433  3.378  49.257 6.0000000000
81915  28.204  3.347  48.536 6.0000000000
81916  28.238  4.175  48.430 6.0000000000
81917  27.980  3.317  47.820 6.0000000000
81918  27.764  3.290  47.111 6.0000000000
81919  27.718  2.464  47.214 6.0000000000
81920  27.128  -0.050  46.126 6.0000000000
81921  27.196  0.774  46.018 6.0000000000
81922  26.944  -0.060  45.434 6.0000000000
81923  26.778  -0.063  44.758 6.0000000000
81924  26.702  -0.887  44.864 6.0000000000
92913  29.101  12.727  50.083 7.0000000000
92914  28.913  11.840  49.516 7.0000000000
92915  29.131  11.884  50.243 7.0000000000
92916  29.155  11.040  50.390 7.0000000000
92917  29.173  10.195  50.527 6.0000000000
92984  30.131  15.550  53.929 6.0000000000
92985  30.074  16.402  53.740 6.0000000000
92986  29.961  15.501  53.203 6.0000000000
92987  29.779  15.451  52.473 6.0000000000
92988  29.586  15.401  51.740 6.0000000000
92989  29.386  15.350  51.007 6.0000000000
92990  29.438  14.507  51.195 6.0000000000
92991  29.277  13.616  50.643 6.0000000000
95861  26.539  1.609  42.651 6.0000000000
95862  26.450  1.625  42.056 6.0000000000
95863  26.374  0.802  42.142 6.0000000000
95864  26.217  0.003  41.654 6.0000000000
95865  26.070  -0.786  41.188 6.0000000000
95866  25.933  -1.564  40.745 6.0000000000
95867  25.983  -1.603  41.284 6.0000000000
95868  25.896  -2.418  41.387 6.0000000000
100178  27.609  11.552  44.579 6.0000000000
100179  27.592  10.733  44.721 6.0000000000
100180  27.576  9.906  44.855 6.0000000000
100181  28.095  8.321  47.179 7.0000000000
100182  27.896  8.290  46.475 7.0000000000
100183  27.889  7.452  46.590 7.0000000000
100184  27.684  6.590  46.003 7.0000000000
100185  27.482  5.737  45.422 7.0000000000
100186  27.281  4.895  44.847 7.0000000000
100187  27.450  4.905  45.523 7.0000000000
100188  27.412  4.076  45.622 6.0000000000
100189  27.367  3.248  45.719 6.0000000000
100396  29.816  19.795  52.858 6.0000000000
100398  29.758  20.633  52.602 6.0000000000
100406  29.021  21.149  49.341 6.0000000000
100407  28.884  20.261  48.878 6.0000000000
100408  28.746  19.373  48.405 7.0000000000
100409  28.575  15.140  48.085 7.0000000000
100410  28.538  15.967  47.880 7.0000000000
100411  28.386  15.084  47.364 7.0000000000
100412  28.210  15.024  46.649 7.0000000000
100413  28.051  14.958  45.945 6.0000000000
100415  27.908  14.086  45.440 6.0000000000
100416  27.767  13.221  44.934 6.0000000000
103416  30.534  13.082  55.859 6.0000000000
103417  30.432  12.188  55.302 6.0000000000
103418  30.557  12.229  56.010 6.0000000000
103654  30.639  15.726  56.760 6.0000000000
103655  30.676  14.869  56.931 6.0000000000
103656  30.615  13.976  56.403 6.0000000000
109046  29.821  8.625  52.951 6.0000000000
109047  29.621  8.585  52.225 6.0000000000
109048  29.623  7.738  52.341 6.0000000000
109049  29.410  6.855  51.726 6.0000000000
109050  29.184  5.977  51.109 6.0000000000
109051  28.588  1.762  50.211 6.0000000000
109052  28.629  2.584  50.095 6.0000000000
109053  28.350  1.729  49.480 6.0000000000
109054  28.116  1.698  48.754 6.0000000000
109055  27.887  1.668  48.033 6.0000000000
109056  27.666  1.640  47.318 6.0000000000
109057  27.607  0.816  47.427 6.0000000000
109058  27.328  -0.032  46.829 6.0000000000
109059  27.055  -0.874  46.240 6.0000000000
116955  28.264  12.548  47.194 7.0000000000
116956  28.084  11.672  46.643 7.0000000000
116957  28.277  11.713  47.353 7.0000000000
116958  28.288  10.875  47.502 7.0000000000
116959  28.297  10.036  47.640 7.0000000000
116960  28.715  10.956  48.940 7.0000000000
116961  28.510  10.074  48.357 7.0000000000
116962  28.303  9.196  47.769 7.0000000000
116963  28.306  8.355  47.890 7.0000000000
116964  28.304  7.515  48.004 7.0000000000
116965  28.298  6.676  48.113 7.0000000000
117124  30.319  19.111  55.269 6.0000000000
117125  30.187  19.061  54.555 6.0000000000
117126  30.040  19.008  53.831 6.0000000000
117127  30.012  17.253  53.539 6.0000000000
117128  29.946  18.104  53.326 6.0000000000
117129  29.879  18.952  53.100 6.0000000000
117130  29.708  18.893  52.363 6.0000000000
117131  29.529  18.833  51.622 6.0000000000
117132  29.344  18.770  50.880 6.0000000000
117133  29.156  18.706  50.138 7.0000000000
117134  29.212  17.872  50.374 7.0000000000
117135  29.073  16.976  49.860 7.0000000000
117136  28.927  16.083  49.339 7.0000000000
117137  29.182  15.299  50.273 7.0000000000
117138  28.976  15.247  49.542 7.0000000000
117139  28.773  15.194  48.812 7.0000000000
117140  28.611  14.309  48.279 7.0000000000
117141  28.440  13.427  47.740 7.0000000000
123833  26.802  4.905  42.313 6.0000000000
123834  26.733  4.914  41.733 6.0000000000
123835  26.665  4.092  41.813 6.0000000000
123836  26.534  3.287  41.327 6.0000000000
123837  26.409  2.490  40.859 6.0000000000
123838  26.379  1.645  41.483 6.0000000000
123839  26.325  1.670  40.934 6.0000000000
123855  29.605  5.211  52.680 6.0000000000
133410  27.043  7.374  42.641 6.0000000000
133411  26.995  6.551  42.736 6.0000000000
133412  27.905  10.800  46.089 7.0000000000
133413  27.730  9.934  45.534 6.0000000000
133414  27.561  9.076  44.981 6.0000000000
133415  27.712  8.264  45.781 7.0000000000
133416  27.545  8.242  45.099 6.0000000000
133417  27.398  8.226  44.431 6.0000000000
133418  27.242  7.385  43.888 6.0000000000
133419  27.092  6.552  43.353 6.0000000000
133420  26.945  5.725  42.827 6.0000000000
133421  26.892  4.898  42.916 6.0000000000
133422  26.836  4.071  43.003 6.0000000000
133423  26.776  3.246  43.091 6.0000000000
133424  27.085  4.063  44.280 6.0000000000
133425  26.895  3.239  43.723 6.0000000000
133426  26.712  2.422  43.179 6.0000000000
133427  26.646  1.598  43.269 6.0000000000
133428  26.575  0.774  43.361 6.0000000000
133429  26.501  -0.050  43.456 6.0000000000
133892  28.413  20.741  46.409 6.0000000000
133893  28.293  19.862  45.972 6.0000000000
133894  28.176  18.984  45.529 6.0000000000
133895  28.969  18.637  49.396 7.0000000000
133896  28.785  18.565  48.658 7.0000000000
133897  28.609  18.485  47.924 7.0000000000
133898  28.503  16.788  47.664 7.0000000000
133899  28.472  17.599  47.436 7.0000000000
133900  28.446  18.398  47.197 6.0000000000
133901  28.299  18.305  46.479 6.0000000000
133902  28.170  18.207  45.773 6.0000000000
140154  29.918  12.909  52.993 6.0000000000
140155  29.759  12.017  52.422 6.0000000000
140156  29.950  12.061  53.147 6.0000000000
140157  29.974  11.212  53.291 6.0000000000
140158  29.991  10.363  53.426 6.0000000000
140159  30.309  11.296  54.731 6.0000000000
140160  30.165  10.404  54.148 6.0000000000
140161  30.002  9.514  53.554 6.0000000000
140162  30.009  8.665  53.677 6.0000000000
140163  30.012  7.817  53.795 6.0000000000
140639  30.491  18.300  56.188 6.0000000000
140640  30.441  17.400  55.692 6.0000000000
140641  30.372  16.499  55.178 6.0000000000
140642  30.541  15.687  56.066 6.0000000000
140643  30.423  15.644  55.362 6.0000000000
140644  30.285  15.598  54.649 6.0000000000
140645  30.181  14.699  54.107 6.0000000000
140646  30.058  13.803  53.555 6.0000000000
151481  26.684  4.926  41.176 6.0000000000
151526  29.583  11.126  51.842 6.0000000000
151527  29.391  10.237  51.252 6.0000000000
151528  29.186  9.350  50.654 6.0000000000
151529  29.411  8.545  51.499 6.0000000000
151530  29.193  8.505  50.774 6.0000000000
151531  28.971  8.466  50.050 6.0000000000
151532  28.748  7.586  49.440 6.0000000000
151533  28.519  6.710  48.829 6.0000000000
151534  28.285  5.840  48.220 6.0000000000
151535  29.391  5.175  51.949 6.0000000000
151536  29.170  5.139  51.219 6.0000000000
151537  28.944  5.104  50.491 6.0000000000
151538  28.665  3.410  49.983 6.0000000000
151539  28.694  4.238  49.873 6.0000000000
151540  28.717  5.071  49.765 6.0000000000
151541  28.489  5.038  49.043 6.0000000000
151542  28.265  5.006  48.325 6.0000000000
151543  28.046  4.975  47.613 6.0000000000
151544  27.803  4.117  47.010 6.0000000000
151545  27.559  3.266  46.410 6.0000000000
151546  27.316  2.423  45.816 6.0000000000
151547  27.455  1.616  46.612 6.0000000000
151548  27.259  1.598  45.916 6.0000000000
151549  27.078  1.589  45.231 6.0000000000
151550  26.849  0.762  44.657 6.0000000000
151551  26.630  -0.059  44.098 6.0000000000
151552  26.423  -0.874  43.557 6.0000000000
151578  26.341  -1.697  43.664 6.0000000000
151579  26.227  -1.682  43.036 6.0000000000
