#!ascii label  , from subject 40tvs8ref_sym_20 vox2ras=TkReg
779
7  16.369  -55.103  -11.409 6.0000000000
209  20.535  -44.124  -13.628 6.0000000000
210  19.862  -40.632  -18.889 7.0000000000
450  20.781  -36.956  -23.688 6.0000000000
569  19.075  -58.854  -5.279 6.0000000000
689  17.640  -50.355  -12.571 6.0000000000
690  17.288  -49.392  -15.340 7.0000000000
691  16.012  -55.478  -13.603 7.0000000000
988  20.384  -38.693  -21.056 6.0000000000
1260  19.911  -64.180  -4.156 6.0000000000
1529  19.900  -42.475  -16.521 7.0000000000
2009  20.494  -34.901  -26.603 6.0000000000
2345  17.272  -56.928  -8.742 7.0000000000
2609  16.798  -53.086  -12.011 6.0000000000
2610  16.514  -52.862  -13.300 7.0000000000
2611  16.068  -55.342  -12.414 7.0000000000
3504  22.329  -40.966  -13.943 6.0000000000
3505  21.825  -40.061  -15.450 6.0000000000
3506  20.178  -43.307  -15.128 6.0000000000
3507  16.645  -52.227  -15.763 7.0000000000
3508  17.399  -48.785  -16.567 7.0000000000
4400  20.634  -37.853  -22.322 6.0000000000
4401  20.957  -35.489  -21.545 6.0000000000
4402  20.898  -34.721  -22.846 6.0000000000
4403  20.973  -32.237  -23.109 6.0000000000
4406  20.741  -35.973  -25.140 6.0000000000
4408  21.178  -41.050  -26.328 6.0000000000
5219  18.104  -57.909  -7.065 6.0000000000
5220  17.215  -59.511  -8.232 6.0000000000
5221  18.184  -60.532  -6.484 7.0000000000
5847  18.949  -47.310  -13.149 6.0000000000
5848  18.658  -46.647  -14.632 6.0000000000
5849  17.371  -49.884  -13.988 7.0000000000
5850  16.462  -52.620  -14.576 7.0000000000
6384  20.105  -39.620  -19.937 7.0000000000
6876  19.261  -61.442  -4.596 6.0000000000
6877  20.318  -62.204  -2.641 6.0000000000
7405  19.780  -41.590  -17.774 7.0000000000
7406  18.507  -45.961  -16.010 7.0000000000
7407  18.511  -45.163  -17.255 7.0000000000
7408  18.740  -44.221  -18.333 6.0000000000
8606  20.892  -38.393  -25.807 6.0000000000
8607  20.579  -37.141  -27.261 7.0000000000
9594  16.030  -57.106  -11.224 7.0000000000
9595  16.461  -58.385  -9.813 7.0000000000
9598  18.807  -63.265  -6.096 6.0000000000
9831  22.836  -41.913  -12.359 6.0000000000
9834  20.971  -44.979  -12.045 6.0000000000
10081  15.861  -57.789  -12.346 6.0000000000
10289  16.534  -54.241  -11.704 6.0000000000
10290  16.371  -54.193  -12.288 7.0000000000
10291  16.201  -55.225  -11.858 7.0000000000
11184  21.414  -42.533  -13.804 6.0000000000
11185  21.202  -42.090  -14.566 6.0000000000
11186  20.344  -43.716  -14.392 6.0000000000
12079  20.442  -38.920  -19.105 6.0000000000
12080  20.725  -37.417  -22.994 6.0000000000
12081  20.788  -36.202  -22.617 6.0000000000
12082  20.809  -35.782  -23.302 6.0000000000
12083  20.853  -34.330  -23.537 6.0000000000
12084  20.799  -35.342  -24.007 6.0000000000
12086  20.790  -36.472  -24.406 6.0000000000
12899  18.578  -58.390  -6.181 6.0000000000
12900  18.076  -59.211  -6.752 7.0000000000
12901  18.579  -59.685  -5.846 6.0000000000
13584  18.253  -48.859  -12.865 6.0000000000
13585  18.096  -48.570  -13.601 7.0000000000
13586  17.483  -50.114  -13.286 7.0000000000
13587  16.197  -54.161  -13.515 7.0000000000
13588  16.459  -52.756  -13.943 7.0000000000
13589  16.206  -54.106  -14.130 7.0000000000
13590  16.276  -54.002  -14.729 7.0000000000
13591  16.087  -55.467  -14.192 6.0000000000
15300  20.156  -60.930  -2.983 6.0000000000
15301  20.637  -61.252  -2.019 6.0000000000
16272  20.806  -41.223  -16.022 6.0000000000
16274  20.645  -40.784  -16.705 6.0000000000
16275  20.525  -40.340  -17.353 6.0000000000
16276  19.813  -42.040  -17.167 7.0000000000
16277  17.900  -47.998  -15.020 7.0000000000
16278  18.564  -46.312  -15.336 7.0000000000
16279  17.864  -47.694  -15.691 7.0000000000
16280  17.529  -48.409  -17.122 6.0000000000
16281  17.924  -46.985  -16.929 7.0000000000
16282  18.031  -46.559  -17.487 6.0000000000
16283  18.596  -44.708  -17.813 7.0000000000
16284  18.204  -46.087  -18.002 6.0000000000
18955  20.246  -39.137  -20.478 6.0000000000
18956  20.563  -37.912  -20.183 6.0000000000
18957  20.633  -37.441  -20.736 6.0000000000
18958  21.157  -34.149  -21.711 6.0000000000
18978  20.936  -38.979  -25.065 6.0000000000
18979  21.097  -40.298  -25.346 6.0000000000
18981  20.875  -39.048  -26.813 6.0000000000
18982  20.630  -38.397  -27.534 6.0000000000
18983  20.301  -36.492  -27.966 6.0000000000
18984  20.298  -37.727  -28.245 6.0000000000
21419  16.935  -56.442  -9.524 7.0000000000
21420  16.501  -57.156  -10.019 7.0000000000
21421  16.803  -57.689  -9.266 7.0000000000
21422  17.403  -60.839  -8.038 6.0000000000
21423  16.953  -60.266  -8.859 6.0000000000
21427  19.532  -62.793  -4.345 6.0000000000
21428  18.981  -62.356  -5.319 6.0000000000
21429  19.362  -63.746  -5.139 6.0000000000
22018  22.125  -43.904  -11.404 6.0000000000
22636  16.020  -58.303  -11.095 7.0000000000
22637  15.897  -57.493  -11.773 6.0000000000
23127  17.153  -51.777  -12.289 6.0000000000
23128  16.989  -51.590  -12.972 7.0000000000
23129  16.630  -52.961  -12.653 7.0000000000
23130  16.252  -54.180  -12.897 7.0000000000
23131  16.004  -55.431  -13.004 7.0000000000
24740  22.075  -40.507  -14.706 6.0000000000
24741  20.997  -41.657  -15.306 6.0000000000
24742  20.028  -42.896  -15.840 6.0000000000
24743  16.861  -50.808  -15.593 7.0000000000
24744  17.318  -49.107  -15.973 7.0000000000
24745  16.967  -50.536  -16.179 7.0000000000
24746  17.127  -50.217  -16.725 6.0000000000
26350  20.516  -38.273  -21.673 6.0000000000
26351  20.695  -37.014  -21.326 6.0000000000
26352  20.747  -36.609  -21.954 6.0000000000
26353  20.930  -35.103  -22.179 6.0000000000
26354  21.059  -33.782  -22.341 6.0000000000
26355  21.140  -32.596  -22.449 6.0000000000
26356  20.961  -33.420  -23.006 6.0000000000
26357  20.849  -33.042  -23.701 6.0000000000
26362  20.641  -35.451  -25.876 6.0000000000
27827  17.665  -57.419  -7.921 7.0000000000
27828  17.173  -58.210  -8.468 7.0000000000
27829  17.602  -58.718  -7.629 7.0000000000
27830  17.681  -60.035  -7.378 7.0000000000
27831  17.900  -61.379  -7.174 6.0000000000
29001  19.711  -45.722  -13.408 6.0000000000
29002  19.537  -45.350  -14.169 6.0000000000
29003  18.787  -46.976  -13.900 6.0000000000
29004  17.978  -48.286  -14.321 7.0000000000
29005  17.306  -49.648  -14.675 7.0000000000
29006  16.876  -51.420  -13.650 7.0000000000
29007  16.819  -51.243  -14.317 7.0000000000
29008  16.814  -51.043  -14.969 7.0000000000
29009  16.523  -52.446  -15.188 7.0000000000
30251  19.449  -41.898  -19.143 7.0000000000
30252  19.969  -40.129  -19.415 7.0000000000
30253  19.642  -41.388  -19.652 6.0000000000
30262  20.814  -38.214  -24.020 6.0000000000
31404  19.104  -60.133  -4.913 6.0000000000
31405  19.638  -60.552  -3.955 6.0000000000
31406  19.800  -61.848  -3.620 6.0000000000
31407  20.070  -63.185  -3.360 6.0000000000
31408  20.803  -62.501  -1.674 6.0000000000
31409  20.593  -63.520  -2.375 6.0000000000
31410  20.453  -64.557  -3.162 6.0000000000
32712  20.453  -39.884  -17.965 6.0000000000
32713  19.797  -41.121  -18.346 7.0000000000
32714  19.392  -44.980  -14.905 6.0000000000
32715  19.277  -44.602  -15.612 7.0000000000
32716  19.188  -44.209  -16.291 7.0000000000
32717  17.871  -47.360  -16.328 7.0000000000
32718  18.486  -45.580  -16.652 7.0000000000
32719  19.134  -43.795  -16.935 7.0000000000
32720  19.132  -43.354  -17.537 7.0000000000
32721  19.187  -42.889  -18.100 7.0000000000
32722  19.292  -42.403  -18.631 7.0000000000
32723  18.939  -43.712  -18.834 6.0000000000
36047  20.493  -38.417  -19.646 6.0000000000
36050  20.977  -35.894  -20.950 6.0000000000
36074  20.832  -37.700  -24.753 6.0000000000
36075  20.791  -37.157  -25.497 7.0000000000
36076  20.694  -36.580  -26.236 7.0000000000
36077  21.029  -39.684  -26.083 6.0000000000
36078  20.776  -37.776  -26.542 7.0000000000
36079  20.531  -35.979  -26.958 6.0000000000
36080  20.299  -35.360  -27.664 6.0000000000
39018  16.168  -55.997  -11.342 7.0000000000
39019  16.280  -56.603  -10.718 7.0000000000
39020  16.197  -57.776  -10.541 7.0000000000
39021  16.248  -59.013  -10.385 6.0000000000
39022  16.804  -58.961  -9.043 6.0000000000
39023  16.563  -59.660  -9.641 6.0000000000
39028  18.714  -61.003  -5.555 6.0000000000
39029  18.430  -61.884  -6.266 7.0000000000
39728  22.578  -41.440  -13.161 6.0000000000
39729  21.640  -42.982  -13.019 6.0000000000
39736  23.098  -42.391  -11.543 6.0000000000
39737  21.880  -43.437  -12.216 6.0000000000
39738  20.745  -44.542  -12.843 6.0000000000
39739  19.909  -46.111  -12.630 6.0000000000
40477  15.985  -56.315  -11.853 7.0000000000
40478  15.893  -56.544  -12.415 7.0000000000
40479  15.887  -56.708  -12.999 6.0000000000
40482  15.957  -56.810  -13.580 6.0000000000
41009  16.435  -54.730  -11.545 6.0000000000
41010  16.352  -54.723  -11.805 6.0000000000
41011  16.286  -55.161  -11.608 6.0000000000
41904  20.968  -43.327  -13.721 6.0000000000
41905  20.866  -43.113  -14.106 6.0000000000
41906  20.436  -43.920  -14.013 6.0000000000
42797  20.126  -40.013  -18.730 7.0000000000
42798  20.430  -39.166  -18.828 6.0000000000
42799  20.152  -39.766  -19.002 7.0000000000
42800  20.758  -37.190  -23.339 6.0000000000
42801  20.771  -36.580  -23.157 6.0000000000
42802  20.788  -36.357  -23.504 7.0000000000
42803  20.809  -35.565  -23.652 6.0000000000
42804  20.795  -36.127  -23.857 7.0000000000
42805  20.789  -35.892  -24.215 7.0000000000
42806  20.793  -36.717  -24.045 6.0000000000
43619  18.824  -58.625  -5.732 6.0000000000
43620  18.563  -59.036  -6.009 6.0000000000
43621  18.816  -59.267  -5.553 6.0000000000
44304  17.933  -49.614  -12.718 7.0000000000
44305  17.850  -49.480  -13.083 7.0000000000
44306  17.556  -50.232  -12.929 7.0000000000
44307  16.089  -54.817  -13.574 7.0000000000
44308  16.194  -54.139  -13.823 7.0000000000
44309  16.102  -54.808  -13.877 7.0000000000
44310  16.130  -54.785  -14.176 7.0000000000
44311  16.042  -55.481  -13.900 6.0000000000
46992  20.337  -41.839  -16.281 6.0000000000
46993  20.721  -41.004  -16.367 6.0000000000
46994  20.269  -41.622  -16.618 6.0000000000
46995  20.211  -41.403  -16.947 7.0000000000
46996  19.851  -42.259  -16.849 7.0000000000
46997  17.574  -48.691  -15.188 7.0000000000
46998  17.877  -47.849  -15.360 7.0000000000
46999  17.566  -48.547  -15.519 7.0000000000
47000  17.616  -48.198  -17.384 6.0000000000
47001  17.770  -47.486  -17.309 6.0000000000
47002  17.852  -47.264  -17.571 6.0000000000
47003  18.109  -46.328  -17.749 6.0000000000
47004  17.952  -47.030  -17.824 6.0000000000
49675  20.315  -38.911  -20.762 6.0000000000
49676  20.443  -38.275  -20.613 6.0000000000
49677  20.494  -38.052  -20.900 6.0000000000
49701  20.799  -39.389  -27.301 6.0000000000
49702  20.652  -39.057  -27.661 6.0000000000
49703  20.474  -38.064  -27.891 6.0000000000
52139  17.096  -56.684  -9.139 7.0000000000
52140  16.853  -57.063  -9.392 7.0000000000
52141  17.022  -57.315  -9.001 7.0000000000
52142  17.552  -61.513  -7.956 6.0000000000
52143  17.312  -61.226  -8.373 6.0000000000
52147  19.708  -63.482  -4.244 6.0000000000
52148  19.434  -63.270  -4.735 6.0000000000
52149  19.637  -63.969  -4.650 6.0000000000
52540  17.550  -56.527  -8.487 7.0000000000
52542  17.367  -56.288  -8.888 6.0000000000
53357  15.975  -58.530  -11.381 6.0000000000
53904  16.962  -52.447  -12.152 6.0000000000
53905  16.872  -52.365  -12.483 6.0000000000
53906  16.709  -53.018  -12.331 6.0000000000
53907  16.204  -54.761  -12.370 7.0000000000
53908  16.304  -54.185  -12.591 7.0000000000
53909  16.150  -54.783  -12.666 7.0000000000
53910  16.112  -54.802  -12.967 7.0000000000
53911  16.026  -55.391  -12.707 7.0000000000
56589  22.788  -40.207  -13.996 6.0000000000
56590  22.648  -39.974  -14.381 6.0000000000
56591  22.203  -40.734  -14.327 6.0000000000
56592  20.675  -42.689  -14.856 6.0000000000
56593  21.099  -41.873  -14.939 6.0000000000
56594  20.585  -42.478  -15.222 6.0000000000
56595  20.497  -42.266  -15.582 6.0000000000
56596  20.101  -43.102  -15.487 6.0000000000
56597  16.728  -51.518  -15.690 7.0000000000
56598  16.907  -50.677  -15.891 7.0000000000
56599  16.793  -51.389  -15.975 7.0000000000
59275  20.578  -38.065  -21.994 6.0000000000
59276  20.637  -37.426  -21.820 6.0000000000
59277  20.679  -37.220  -22.145 6.0000000000
59278  20.849  -35.437  -22.740 6.0000000000
59279  20.848  -35.635  -22.404 6.0000000000
59280  20.915  -34.912  -22.509 6.0000000000
59281  21.001  -34.422  -22.268 6.0000000000
59282  20.969  -34.237  -22.597 6.0000000000
59283  21.011  -33.602  -22.670 6.0000000000
59284  20.936  -34.052  -22.934 6.0000000000
59285  20.819  -34.125  -23.891 6.0000000000
59286  20.857  -33.670  -23.627 6.0000000000
59292  20.735  -35.412  -24.942 6.0000000000
59294  20.688  -35.167  -25.309 6.0000000000
59296  20.697  -35.715  -25.509 6.0000000000
61739  17.879  -57.665  -7.497 7.0000000000
61740  17.617  -58.068  -7.771 7.0000000000
61741  17.840  -58.315  -7.342 7.0000000000
61742  18.113  -59.868  -6.612 7.0000000000
61743  17.864  -59.623  -7.059 7.0000000000
61744  17.928  -60.287  -6.935 7.0000000000
61745  17.772  -60.703  -7.270 7.0000000000
61746  18.027  -60.957  -6.824 7.0000000000
62140  18.393  -57.500  -6.799 6.0000000000
62142  18.167  -57.257  -7.232 6.0000000000
62143  17.951  -57.013  -7.659 7.0000000000
63789  19.322  -46.519  -13.282 6.0000000000
63790  19.235  -46.341  -13.663 6.0000000000
63791  18.864  -47.141  -13.527 6.0000000000
63792  17.715  -49.221  -13.802 7.0000000000
63793  18.032  -48.428  -13.963 7.0000000000
63794  17.663  -49.092  -14.156 7.0000000000
63795  17.622  -48.961  -14.505 7.0000000000
63796  17.333  -49.768  -14.333 7.0000000000
63797  16.730  -52.222  -13.147 7.0000000000
63798  16.925  -51.504  -13.312 7.0000000000
63799  16.680  -52.155  -13.479 7.0000000000
63800  16.453  -52.692  -14.261 7.0000000000
63801  16.624  -52.011  -14.134 7.0000000000
63802  16.617  -51.930  -14.457 7.0000000000
63803  16.810  -51.147  -14.646 7.0000000000
63804  16.624  -51.842  -14.777 7.0000000000
63805  16.644  -51.745  -15.090 7.0000000000
63806  16.486  -52.538  -14.885 7.0000000000
63807  16.236  -54.696  -14.758 6.0000000000
63808  16.335  -53.931  -15.018 6.0000000000
66467  19.299  -42.541  -19.244 6.0000000000
66468  19.542  -41.642  -19.397 7.0000000000
66469  19.413  -42.286  -19.497 6.0000000000
68940  19.598  -59.920  -4.148 6.0000000000
68941  19.860  -60.122  -3.668 6.0000000000
68942  20.223  -61.561  -2.802 6.0000000000
68943  19.968  -61.384  -3.290 6.0000000000
68944  20.062  -62.033  -3.130 6.0000000000
68945  19.921  -62.512  -3.481 6.0000000000
68946  20.184  -62.692  -2.989 6.0000000000
68951  20.844  -63.664  -1.887 6.0000000000
68953  20.513  -64.037  -2.759 6.0000000000
71862  20.134  -40.957  -17.575 7.0000000000
71863  20.483  -40.114  -17.664 6.0000000000
71864  20.114  -40.729  -17.875 7.0000000000
71865  20.107  -40.495  -18.167 7.0000000000
71866  19.783  -41.358  -18.064 7.0000000000
71867  19.082  -45.991  -14.410 6.0000000000
71868  19.460  -45.166  -14.541 6.0000000000
71869  19.018  -45.816  -14.774 6.0000000000
71870  18.531  -46.140  -15.677 7.0000000000
71871  18.915  -45.459  -15.480 7.0000000000
71872  18.876  -45.275  -15.822 7.0000000000
71873  19.229  -44.408  -15.955 7.0000000000
71874  18.844  -45.085  -16.156 7.0000000000
71875  17.352  -48.951  -16.275 7.0000000000
71876  17.584  -48.239  -16.154 7.0000000000
71877  17.612  -48.070  -16.458 7.0000000000
71878  18.212  -46.074  -17.097 7.0000000000
71879  18.186  -46.279  -16.801 7.0000000000
71880  18.492  -45.376  -16.959 7.0000000000
71881  18.807  -44.685  -16.799 7.0000000000
71882  18.805  -44.474  -17.106 7.0000000000
71883  19.126  -43.578  -17.241 7.0000000000
71884  18.818  -44.255  -17.402 7.0000000000
71885  18.661  -44.468  -18.077 7.0000000000
71886  18.889  -43.793  -17.961 7.0000000000
71887  18.945  -43.552  -18.227 7.0000000000
71888  19.233  -42.649  -18.369 7.0000000000
71889  19.014  -43.306  -18.487 7.0000000000
71890  19.097  -43.054  -18.741 7.0000000000
71891  18.832  -43.969  -18.585 6.0000000000
79900  20.035  -39.874  -19.675 7.0000000000
79901  20.232  -39.263  -19.535 7.0000000000
79902  20.283  -39.007  -19.800 6.0000000000
79903  20.781  -37.104  -20.290 6.0000000000
79904  20.763  -37.350  -20.018 6.0000000000
79908  20.834  -36.228  -21.442 6.0000000000
79909  20.825  -36.432  -21.140 6.0000000000
79910  20.968  -35.688  -21.243 6.0000000000
79930  21.057  -32.418  -22.774 6.0000000000
79931  21.160  -32.038  -22.487 6.0000000000
79932  21.059  -31.861  -22.811 6.0000000000
79967  20.855  -38.863  -24.175 6.0000000000
79968  20.831  -37.960  -24.384 6.0000000000
79969  20.873  -38.603  -24.542 6.0000000000
79970  20.922  -38.691  -25.437 6.0000000000
79971  20.863  -38.057  -25.285 6.0000000000
79972  20.836  -37.770  -25.657 7.0000000000
79973  20.750  -36.873  -25.868 7.0000000000
79974  20.793  -37.473  -26.027 7.0000000000
79976  21.159  -40.672  -25.843 6.0000000000
79977  21.104  -40.358  -26.209 6.0000000000
79978  20.725  -38.081  -27.042 7.0000000000
79979  20.824  -38.401  -26.681 7.0000000000
79980  20.688  -37.460  -26.903 7.0000000000
79981  20.652  -36.861  -26.757 7.0000000000
79982  20.554  -36.549  -27.115 7.0000000000
79983  20.423  -35.671  -27.313 6.0000000000
79984  20.436  -36.233  -27.469 6.0000000000
79985  20.134  -36.162  -28.315 6.0000000000
79986  20.147  -35.589  -28.167 6.0000000000
87300  16.364  -56.043  -10.812 6.0000000000
87301  16.455  -56.301  -10.482 6.0000000000
87302  16.464  -57.765  -9.912 7.0000000000
87303  16.332  -57.477  -10.276 7.0000000000
87304  16.318  -58.086  -10.182 7.0000000000
87305  16.205  -58.387  -10.460 7.0000000000
87306  16.339  -58.708  -10.096 6.0000000000
87307  17.176  -58.857  -8.344 7.0000000000
87308  16.972  -58.592  -8.752 7.0000000000
87309  17.001  -59.240  -8.643 6.0000000000
87310  16.868  -60.625  -9.178 6.0000000000
87311  16.749  -59.967  -9.255 6.0000000000
87312  16.670  -60.311  -9.565 6.0000000000
87313  16.489  -59.987  -9.944 6.0000000000
87322  19.167  -60.783  -4.747 6.0000000000
87323  18.896  -60.565  -5.224 6.0000000000
87324  18.987  -61.226  -5.079 6.0000000000
87325  18.881  -62.813  -5.703 6.0000000000
87326  18.704  -62.124  -5.796 7.0000000000
87327  18.604  -62.571  -6.175 6.0000000000
87328  18.330  -62.320  -6.637 7.0000000000
89073  23.193  -40.926  -12.818 6.0000000000
89074  22.706  -41.677  -12.762 6.0000000000
89075  22.105  -42.207  -13.095 6.0000000000
89076  22.228  -42.439  -12.695 6.0000000000
89094  23.227  -42.636  -11.132 6.0000000000
89095  21.538  -44.435  -11.731 6.0000000000
89096  22.002  -43.669  -11.811 6.0000000000
89097  21.418  -44.207  -12.134 6.0000000000
89098  21.301  -43.982  -12.536 6.0000000000
89099  20.856  -44.759  -12.445 6.0000000000
89100  20.318  -45.327  -12.741 6.0000000000
89101  20.427  -45.537  -12.345 6.0000000000
90946  16.085  -56.538  -11.287 7.0000000000
90947  16.064  -56.171  -11.589 7.0000000000
90948  15.991  -56.730  -11.546 7.0000000000
90949  15.868  -57.651  -12.058 6.0000000000
90950  15.879  -57.038  -12.099 7.0000000000
90951  15.859  -57.161  -12.386 6.0000000000
90952  15.880  -56.633  -12.706 6.0000000000
90953  15.860  -57.267  -12.676 6.0000000000
92247  16.656  -53.687  -11.861 6.0000000000
92248  16.568  -53.635  -12.168 6.0000000000
92249  16.448  -54.207  -11.992 6.0000000000
92250  16.272  -54.739  -12.081 7.0000000000
92251  16.126  -55.287  -12.129 7.0000000000
93858  21.869  -41.744  -13.879 6.0000000000
93859  21.754  -41.515  -14.262 6.0000000000
93860  21.307  -42.310  -14.188 6.0000000000
93861  20.769  -42.901  -14.484 6.0000000000
93862  20.258  -43.512  -14.763 6.0000000000
95470  20.683  -37.638  -22.656 6.0000000000
95471  20.716  -37.011  -22.477 6.0000000000
95472  20.747  -36.798  -22.814 6.0000000000
95473  20.801  -35.994  -22.957 6.0000000000
95474  20.846  -35.236  -23.082 6.0000000000
95475  20.878  -34.528  -23.189 6.0000000000
95476  20.837  -35.032  -23.429 6.0000000000
95477  20.820  -34.821  -23.781 6.0000000000
95478  20.793  -34.604  -24.138 6.0000000000
95481  20.770  -35.654  -24.577 6.0000000000
95482  20.773  -36.224  -24.772 6.0000000000
96947  18.337  -58.151  -6.626 6.0000000000
96948  18.073  -58.559  -6.904 7.0000000000
96949  18.315  -58.799  -6.459 6.0000000000
96950  18.325  -59.450  -6.302 7.0000000000
96951  18.368  -60.107  -6.157 7.0000000000
98178  18.592  -48.090  -13.010 6.0000000000
98179  18.508  -47.933  -13.384 6.0000000000
98180  18.170  -48.713  -13.235 7.0000000000
98181  17.777  -49.349  -13.444 7.0000000000
98182  17.421  -49.999  -13.639 7.0000000000
98183  16.338  -53.508  -13.424 7.0000000000
98184  16.479  -52.811  -13.623 7.0000000000
98185  16.318  -53.473  -13.738 7.0000000000
98186  16.314  -53.429  -14.051 7.0000000000
98187  16.325  -53.375  -14.362 7.0000000000
98188  16.351  -53.311  -14.668 7.0000000000
98189  16.233  -54.061  -14.432 7.0000000000
98190  16.175  -54.748  -14.471 6.0000000000
101268  20.116  -60.311  -3.185 6.0000000000
101270  20.402  -61.098  -2.499 6.0000000000
101271  20.470  -61.722  -2.317 6.0000000000
103016  21.303  -40.629  -15.744 6.0000000000
103018  21.202  -40.408  -16.098 6.0000000000
103019  21.108  -40.187  -16.444 6.0000000000
103020  21.024  -39.965  -16.781 6.0000000000
103022  20.579  -40.563  -17.033 6.0000000000
103023  20.166  -41.182  -17.265 7.0000000000
103024  19.790  -41.817  -17.475 7.0000000000
103025  18.263  -47.316  -14.835 7.0000000000
103026  18.606  -46.481  -14.988 7.0000000000
103027  18.225  -47.159  -15.183 7.0000000000
103028  18.197  -46.998  -15.523 7.0000000000
103029  18.179  -46.831  -15.855 7.0000000000
103030  17.457  -48.604  -16.850 7.0000000000
103031  17.651  -47.890  -16.752 7.0000000000
103032  17.703  -47.695  -17.036 7.0000000000
103033  17.970  -46.778  -17.213 7.0000000000
103034  18.252  -45.858  -17.381 7.0000000000
103035  18.546  -44.940  -17.539 7.0000000000
103036  18.309  -45.631  -17.655 7.0000000000
103037  18.381  -45.394  -17.917 6.0000000000
103038  18.468  -45.149  -18.172 6.0000000000
103039  18.571  -44.897  -18.421 6.0000000000
103040  18.315  -45.837  -18.250 6.0000000000
107845  20.175  -39.374  -20.204 6.0000000000
107846  20.336  -38.755  -20.065 6.0000000000
107847  20.390  -38.509  -20.335 6.0000000000
107848  20.599  -37.670  -20.456 6.0000000000
107849  20.798  -36.868  -20.566 6.0000000000
107850  21.064  -34.797  -21.635 6.0000000000
107851  21.095  -34.991  -21.333 6.0000000000
107886  20.933  -39.256  -24.694 6.0000000000
107888  21.010  -39.632  -25.209 6.0000000000
107889  20.993  -39.335  -25.580 6.0000000000
107890  21.086  -40.729  -26.692 6.0000000000
107891  21.025  -40.039  -26.575 6.0000000000
107892  20.924  -39.716  -26.939 6.0000000000
107893  20.763  -38.724  -27.175 6.0000000000
107894  20.605  -37.757  -27.400 6.0000000000
107895  20.450  -36.819  -27.615 6.0000000000
107896  20.463  -37.430  -27.756 6.0000000000
107897  20.301  -37.098  -28.108 6.0000000000
107898  20.120  -36.761  -28.458 6.0000000000
112283  16.790  -56.201  -9.896 6.0000000000
112284  16.568  -56.557  -10.134 7.0000000000
112285  16.702  -56.811  -9.770 7.0000000000
112286  16.643  -57.424  -9.649 7.0000000000
112287  16.616  -58.045  -9.536 7.0000000000
112288  17.291  -60.172  -8.130 6.0000000000
112289  17.068  -59.895  -8.544 6.0000000000
112290  17.172  -60.557  -8.454 6.0000000000
112291  17.083  -60.930  -8.780 6.0000000000
112297  19.383  -62.113  -4.462 6.0000000000
112298  19.108  -61.898  -4.948 6.0000000000
112299  19.258  -62.579  -4.834 6.0000000000
112300  19.158  -63.046  -5.222 6.0000000000
112301  19.085  -63.510  -5.622 6.0000000000
113359  22.858  -43.632  -10.654 6.0000000000
113360  22.731  -43.387  -11.066 6.0000000000
113361  22.249  -44.142  -10.995 6.0000000000
113362  21.659  -44.666  -11.326 6.0000000000
113363  21.089  -45.202  -11.643 6.0000000000
113364  20.541  -45.751  -11.947 6.0000000000
114472  16.008  -57.695  -11.159 7.0000000000
114473  15.950  -57.312  -11.494 7.0000000000
114474  15.944  -57.913  -11.438 6.0000000000
114475  15.907  -58.107  -11.722 6.0000000000
114476  15.893  -58.277  -12.010 6.0000000000
115401  17.378  -51.078  -12.427 6.0000000000
115402  17.292  -50.967  -12.778 7.0000000000
115403  17.065  -51.680  -12.630 7.0000000000
115404  16.794  -52.291  -12.815 7.0000000000
115405  16.565  -52.911  -12.976 7.0000000000
115406  16.490  -53.597  -12.478 7.0000000000
115407  16.425  -53.566  -12.792 7.0000000000
115408  16.373  -53.538  -13.108 7.0000000000
115409  16.217  -54.173  -13.206 7.0000000000
115410  16.092  -54.814  -13.271 7.0000000000
115411  16.000  -55.461  -13.304 7.0000000000
119164  21.948  -40.283  -15.081 6.0000000000
119165  21.639  -41.291  -14.641 6.0000000000
119166  21.524  -41.069  -15.014 6.0000000000
119167  21.411  -40.850  -15.383 6.0000000000
119168  20.899  -41.441  -15.668 6.0000000000
119169  20.414  -42.054  -15.935 6.0000000000
119170  19.960  -42.687  -16.185 7.0000000000
119171  17.049  -50.099  -15.476 7.0000000000
119172  17.296  -49.253  -15.661 7.0000000000
119173  17.075  -49.964  -15.786 7.0000000000
119174  17.116  -49.820  -16.086 7.0000000000
119175  17.170  -49.667  -16.376 7.0000000000
119176  16.873  -51.249  -16.250 7.0000000000
119177  17.041  -50.383  -16.457 7.0000000000
119178  17.236  -49.501  -16.657 7.0000000000
119179  17.315  -49.321  -16.927 6.0000000000
122920  20.451  -38.482  -21.360 6.0000000000
122921  20.543  -37.839  -21.197 6.0000000000
122922  20.591  -37.631  -21.504 6.0000000000
122923  20.722  -36.810  -21.635 6.0000000000
122924  20.840  -36.029  -21.753 6.0000000000
122925  20.769  -36.407  -22.282 6.0000000000
122926  20.845  -35.832  -22.074 6.0000000000
122927  20.944  -35.295  -21.857 6.0000000000
122928  21.033  -34.608  -21.946 6.0000000000
122929  21.108  -33.964  -22.021 6.0000000000
122930  21.171  -33.355  -22.083 6.0000000000
122932  21.106  -33.176  -22.401 6.0000000000
122933  21.040  -32.998  -22.728 6.0000000000
122934  20.973  -32.817  -23.064 6.0000000000
122935  20.899  -33.864  -23.278 6.0000000000
122936  20.907  -33.234  -23.350 6.0000000000
122937  20.904  -32.631  -23.408 6.0000000000
122950  20.574  -35.180  -26.241 6.0000000000
126371  17.462  -57.173  -8.336 7.0000000000
126372  17.206  -57.567  -8.601 7.0000000000
126373  17.405  -57.818  -8.191 7.0000000000
126374  17.381  -58.466  -8.053 7.0000000000
126375  17.394  -59.118  -7.926 7.0000000000
126376  17.835  -58.967  -7.195 7.0000000000
126377  17.624  -59.374  -7.497 7.0000000000
126378  17.442  -59.777  -7.810 7.0000000000
126379  17.527  -60.441  -7.705 6.0000000000
126380  17.647  -61.113  -7.611 6.0000000000
126381  17.802  -61.792  -7.528 6.0000000000
126382  20.142  -64.885  -4.079 6.0000000000
126383  19.868  -64.677  -4.575 6.0000000000
126937  17.745  -56.770  -8.077 7.0000000000
129183  20.115  -44.922  -13.524 6.0000000000
129184  20.021  -44.727  -13.908 6.0000000000
129185  19.621  -45.535  -13.791 6.0000000000
129186  19.155  -46.165  -14.039 6.0000000000
129187  18.718  -46.811  -14.269 6.0000000000
129188  18.433  -47.778  -13.754 6.0000000000
129189  18.367  -47.625  -14.119 7.0000000000
129190  18.310  -47.471  -14.480 7.0000000000
129191  17.934  -48.143  -14.674 7.0000000000
129192  17.593  -48.828  -14.850 7.0000000000
129193  17.291  -49.523  -15.011 7.0000000000
129194  17.218  -50.863  -13.128 7.0000000000
129195  17.156  -50.762  -13.475 7.0000000000
129196  17.107  -50.662  -13.819 7.0000000000
129197  16.644  -52.085  -13.808 7.0000000000
129198  16.841  -51.333  -13.985 7.0000000000
129199  17.071  -50.560  -14.160 7.0000000000
129200  17.047  -50.454  -14.497 7.0000000000
129201  17.035  -50.343  -14.830 7.0000000000
129202  17.036  -50.225  -15.157 7.0000000000
129203  16.831  -50.930  -15.285 7.0000000000
129204  16.678  -51.637  -15.395 7.0000000000
129205  16.576  -52.342  -15.480 7.0000000000
129206  16.391  -53.235  -14.967 7.0000000000
129207  16.447  -53.147  -15.258 7.0000000000
129208  16.520  -53.046  -15.538 6.0000000000
132575  19.636  -41.261  -19.026 7.0000000000
132576  19.911  -40.382  -19.153 7.0000000000
132577  19.708  -41.008  -19.284 7.0000000000
132578  19.788  -40.753  -19.541 7.0000000000
132579  19.873  -40.500  -19.799 7.0000000000
132582  19.959  -40.253  -20.063 7.0000000000
132583  20.047  -40.015  -20.333 6.0000000000
132584  20.134  -39.787  -20.614 6.0000000000
132601  20.671  -38.281  -22.819 6.0000000000
132602  20.721  -38.053  -23.159 6.0000000000
132603  20.762  -37.819  -23.506 6.0000000000
132604  20.790  -37.577  -23.859 6.0000000000
132605  20.783  -38.462  -23.663 6.0000000000
135707  19.329  -59.078  -4.819 6.0000000000
135708  19.073  -59.492  -5.092 6.0000000000
135709  19.334  -59.710  -4.623 6.0000000000
135710  19.371  -60.346  -4.437 6.0000000000
135711  19.438  -60.993  -4.265 6.0000000000
135712  19.901  -60.747  -3.470 6.0000000000
135713  19.706  -61.194  -3.778 6.0000000000
135714  19.532  -61.650  -4.109 6.0000000000
135715  19.654  -62.318  -3.972 6.0000000000
135716  19.802  -62.996  -3.853 6.0000000000
135717  19.978  -63.682  -3.749 6.0000000000
135719  20.706  -61.870  -1.836 6.0000000000
135720  20.566  -62.359  -2.155 6.0000000000
135721  20.929  -63.144  -1.530 6.0000000000
135722  20.691  -63.007  -2.012 6.0000000000
135723  20.441  -62.857  -2.499 6.0000000000
135724  20.334  -63.361  -2.867 6.0000000000
135725  20.247  -63.867  -3.254 6.0000000000
135726  20.182  -64.376  -3.659 6.0000000000
139355  20.435  -39.649  -18.260 6.0000000000
139356  20.111  -40.256  -18.452 7.0000000000
139357  19.824  -40.879  -18.620 7.0000000000
139358  19.933  -44.533  -14.287 6.0000000000
139359  19.852  -44.339  -14.659 6.0000000000
139360  19.779  -44.143  -15.023 6.0000000000
139361  18.962  -45.639  -15.131 7.0000000000
139362  19.331  -44.792  -15.262 6.0000000000
139363  19.711  -43.945  -15.381 6.0000000000
139364  19.648  -43.746  -15.732 7.0000000000
139365  19.591  -43.544  -16.076 7.0000000000
139366  19.540  -43.338  -16.412 7.0000000000
139367  17.569  -48.397  -15.841 7.0000000000
139368  17.862  -47.532  -16.014 7.0000000000
139369  18.171  -46.657  -16.179 7.0000000000
139370  17.892  -47.179  -16.634 7.0000000000
139371  18.173  -46.473  -16.495 7.0000000000
139372  18.492  -45.774  -16.336 7.0000000000
139373  18.820  -44.889  -16.482 7.0000000000
139374  19.156  -44.005  -16.617 7.0000000000
139375  19.499  -43.127  -16.740 7.0000000000
139376  19.469  -42.912  -17.057 7.0000000000
139377  19.454  -42.691  -17.364 7.0000000000
139378  19.452  -42.466  -17.661 7.0000000000
139379  18.846  -44.027  -17.686 7.0000000000
139380  19.153  -43.125  -17.823 7.0000000000
139381  19.464  -42.235  -17.949 7.0000000000
139382  19.489  -41.999  -18.228 7.0000000000
139383  19.526  -41.758  -18.500 7.0000000000
139384  19.575  -41.512  -18.765 7.0000000000
139385  19.364  -42.152  -18.888 7.0000000000
139386  19.193  -42.798  -18.993 6.0000000000
149117  20.188  -39.516  -19.270 7.0000000000
149118  20.463  -38.670  -19.377 6.0000000000
149120  20.527  -38.163  -19.914 6.0000000000
149126  20.665  -37.223  -21.026 6.0000000000
149127  20.813  -36.644  -20.849 6.0000000000
149128  20.982  -36.112  -20.665 6.0000000000
149198  20.804  -37.329  -24.219 6.0000000000
149199  20.804  -37.077  -24.584 6.0000000000
149200  20.788  -36.820  -24.954 6.0000000000
149201  20.876  -38.335  -24.912 6.0000000000
149202  20.818  -37.433  -25.124 6.0000000000
149203  20.759  -36.557  -25.325 6.0000000000
149204  20.718  -36.286  -25.695 6.0000000000
149205  20.663  -36.007  -26.063 6.0000000000
149206  20.594  -35.721  -26.428 6.0000000000
149208  21.073  -39.995  -25.715 6.0000000000
149209  20.957  -39.030  -25.949 6.0000000000
149210  20.963  -39.368  -26.449 6.0000000000
149211  20.901  -38.718  -26.316 7.0000000000
149212  20.844  -38.087  -26.176 7.0000000000
149213  20.732  -37.170  -26.394 7.0000000000
149214  20.621  -36.282  -26.599 7.0000000000
149215  20.511  -35.430  -26.788 6.0000000000
149216  20.411  -35.132  -27.144 6.0000000000
149217  20.296  -34.830  -27.497 6.0000000000
149219  20.301  -35.913  -27.819 6.0000000000
149220  20.157  -35.044  -28.012 6.0000000000
158009  16.405  -55.282  -11.191 6.0000000000
158010  16.269  -55.501  -11.385 6.0000000000
158011  16.301  -55.779  -11.116 6.0000000000
158012  16.208  -56.311  -11.042 7.0000000000
158013  16.139  -56.870  -10.965 7.0000000000
158014  16.379  -56.883  -10.376 7.0000000000
158015  16.223  -57.181  -10.627 7.0000000000
158016  16.100  -57.451  -10.888 7.0000000000
158017  16.093  -58.051  -10.814 7.0000000000
158018  16.122  -58.668  -10.744 6.0000000000
158019  16.187  -59.298  -10.678 6.0000000000
158020  16.980  -57.950  -8.872 7.0000000000
158021  16.785  -58.321  -9.150 7.0000000000
158022  16.623  -58.677  -9.433 6.0000000000
158023  16.859  -59.610  -8.947 6.0000000000
158024  16.668  -59.318  -9.340 6.0000000000
158025  16.494  -59.017  -9.723 6.0000000000
158026  16.395  -59.342  -10.017 6.0000000000
158027  16.327  -59.651  -10.315 6.0000000000
158038  18.839  -59.913  -5.383 6.0000000000
158039  18.630  -60.340  -5.694 6.0000000000
158040  18.446  -60.771  -6.024 7.0000000000
158041  18.832  -61.675  -5.429 6.0000000000
158042  18.558  -61.443  -5.903 7.0000000000
158043  18.289  -61.204  -6.369 7.0000000000
158044  18.161  -61.635  -6.725 7.0000000000
158045  18.062  -62.061  -7.088 6.0000000000
158047  19.592  -64.453  -5.066 6.0000000000
158048  19.315  -64.217  -5.550 6.0000000000
158049  19.038  -63.968  -6.025 6.0000000000
160137  22.925  -40.445  -13.608 6.0000000000
160139  23.059  -40.685  -13.215 6.0000000000
160140  22.453  -41.203  -13.555 6.0000000000
160141  21.985  -41.975  -13.489 6.0000000000
160142  21.525  -42.757  -13.414 6.0000000000
160143  21.075  -43.542  -13.330 6.0000000000
160164  22.968  -42.150  -11.952 6.0000000000
160165  22.605  -43.145  -11.476 6.0000000000
160166  22.479  -42.907  -11.885 6.0000000000
160167  22.353  -42.672  -12.291 6.0000000000
160168  21.759  -43.208  -12.619 6.0000000000
160169  21.187  -43.760  -12.935 6.0000000000
160170  20.638  -44.331  -13.238 6.0000000000
160171  20.214  -45.122  -13.134 6.0000000000
160172  19.807  -45.914  -13.021 6.0000000000
160173  19.416  -46.702  -12.898 6.0000000000
160174  20.017  -46.314  -12.236 6.0000000000
160175  19.517  -46.891  -12.510 6.0000000000
160176  19.042  -47.483  -12.768 6.0000000000
160177  18.684  -48.253  -12.632 6.0000000000
160194  16.896  -53.169  -11.692 6.0000000000
160195  16.750  -53.760  -11.557 6.0000000000
162385  16.165  -55.642  -11.613 7.0000000000
162386  16.078  -55.756  -11.869 7.0000000000
162387  16.011  -55.854  -12.143 7.0000000000
162388  15.923  -56.895  -11.818 7.0000000000
162389  15.928  -56.438  -12.130 7.0000000000
162390  15.963  -55.937  -12.427 7.0000000000
162391  15.936  -56.008  -12.718 7.0000000000
162392  15.928  -56.066  -13.013 7.0000000000
162393  15.939  -56.112  -13.309 6.0000000000
162399  15.877  -57.908  -12.634 6.0000000000
162400  15.881  -57.356  -12.966 6.0000000000
162401  15.913  -56.768  -13.291 6.0000000000
162402  15.968  -56.142  -13.604 6.0000000000
162403  16.013  -56.156  -13.894 6.0000000000
