#!ascii label  , from subject 40tvs8ref_sym_20 vox2ras=TkReg
653
512  -8.231  63.281  -35.557 6.0000000000
513  -1.925  56.714  -40.086 6.0000000000
528  -14.932  64.380  -19.920 7.0000000000
529  -12.637  65.549  -28.348 6.0000000000
1164  -18.911  67.481  -20.580 6.0000000000
1166  -16.480  69.469  -29.256 7.0000000000
1167  -14.422  69.086  -32.931 7.0000000000
1168  -10.901  64.872  -32.274 6.0000000000
2182  -5.021  60.636  -37.987 6.0000000000
2229  -17.813  68.996  -25.142 6.0000000000
2230  -13.828  65.440  -24.256 6.0000000000
3088  -13.082  68.582  -34.655 6.0000000000
4816  -5.562  59.788  -36.517 6.0000000000
4817  -6.646  62.090  -36.849 6.0000000000
4936  -19.276  70.755  -25.282 6.0000000000
4937  -18.693  71.237  -27.506 6.0000000000
4938  -14.614  67.522  -28.838 7.0000000000
4939  -15.326  67.514  -26.861 7.0000000000
4940  -13.278  65.616  -26.337 6.0000000000
4941  -11.699  63.560  -23.650 6.0000000000
5422  -2.998  56.356  -38.862 6.0000000000
5424  -1.853  53.966  -39.916 6.0000000000
6633  -9.869  65.568  -35.942 6.0000000000
6634  -8.066  64.465  -37.254 6.0000000000
6703  -17.815  64.997  -18.342 6.0000000000
6704  -17.090  65.948  -20.343 6.0000000000
6706  -17.973  71.438  -29.512 6.0000000000
6707  -17.035  71.423  -31.357 6.0000000000
6708  -15.552  69.368  -31.121 7.0000000000
6709  -13.746  67.350  -30.763 7.0000000000
6710  -11.866  65.308  -30.340 6.0000000000
6711  -12.698  66.998  -32.636 7.0000000000
6712  -11.421  66.418  -34.391 6.0000000000
9107  -4.253  58.265  -37.724 6.0000000000
9108  -3.420  58.867  -39.050 6.0000000000
9249  -19.747  69.997  -22.879 6.0000000000
9250  -18.350  68.354  -22.851 6.0000000000
9251  -16.495  66.715  -22.527 7.0000000000
9252  -17.211  69.373  -27.284 7.0000000000
9253  -15.931  67.243  -24.768 7.0000000000
9254  -14.360  65.030  -22.055 7.0000000000
9255  -12.128  63.233  -21.487 6.0000000000
9256  -9.908  61.299  -20.901 6.0000000000
9840  -0.847  51.160  -40.855 6.0000000000
12495  -7.505  62.144  -35.362 6.0000000000
12496  -6.789  61.565  -36.041 6.0000000000
12497  -7.449  62.718  -36.227 6.0000000000
12618  -13.624  66.539  -28.604 6.0000000000
12619  -13.983  66.579  -27.612 6.0000000000
12620  -12.973  65.605  -27.344 6.0000000000
12621  -12.260  64.650  -26.044 6.0000000000
12622  -11.978  64.625  -27.059 6.0000000000
12624  -11.671  64.555  -28.078 6.0000000000
12625  -8.978  63.777  -34.830 6.0000000000
13102  -2.501  56.537  -39.496 6.0000000000
13103  -2.411  55.222  -39.403 6.0000000000
13104  -1.861  55.349  -40.018 6.0000000000
14895  -10.702  66.693  -36.104 6.0000000000
14896  -9.806  66.193  -36.809 6.0000000000
15010  -19.244  66.976  -19.490 6.0000000000
15011  -18.771  65.719  -18.432 6.0000000000
15012  -18.396  66.239  -19.440 6.0000000000
15013  -17.435  65.494  -19.316 6.0000000000
15014  -18.053  66.717  -20.494 6.0000000000
15018  -15.189  70.138  -33.042 7.0000000000
15019  -15.795  70.285  -32.156 7.0000000000
15020  -15.012  69.252  -32.032 7.0000000000
15021  -14.673  68.361  -30.951 7.0000000000
15022  -14.152  68.228  -31.880 7.0000000000
15023  -13.248  67.199  -31.709 7.0000000000
15024  -13.582  68.044  -32.792 7.0000000000
15026  -12.273  67.503  -34.530 6.0000000000
15027  -11.524  67.132  -35.341 6.0000000000
15028  -10.681  66.025  -35.199 6.0000000000
20208  -5.331  60.215  -37.270 6.0000000000
20209  -4.906  59.067  -37.132 6.0000000000
20210  -4.601  59.433  -37.846 6.0000000000
20211  -3.878  58.568  -38.407 6.0000000000
20212  -4.213  59.794  -38.523 6.0000000000
20568  -18.610  69.873  -25.255 6.0000000000
20569  -18.874  69.556  -24.095 6.0000000000
20570  -18.089  68.706  -24.004 6.0000000000
20571  -17.468  67.534  -22.714 7.0000000000
20572  -17.196  67.859  -23.849 7.0000000000
20573  -17.287  70.445  -29.415 6.0000000000
20574  -17.675  70.405  -28.443 6.0000000000
20575  -16.868  69.450  -28.287 7.0000000000
20576  -14.608  66.495  -25.591 6.0000000000
20577  -15.636  67.413  -25.838 7.0000000000
20578  -14.894  66.350  -24.529 7.0000000000
20579  -15.174  66.146  -23.425 7.0000000000
20580  -14.093  65.263  -23.161 7.0000000000
20581  -13.245  64.148  -21.778 6.0000000000
20582  -12.999  64.356  -22.872 6.0000000000
20584  -10.830  62.456  -22.263 6.0000000000
20595  -11.412  65.116  -31.318 6.0000000000
22036  -0.695  52.636  -40.989 6.0000000000
23984  -19.647  68.243  -20.577 6.0000000000
23989  -14.531  69.937  -33.913 6.0000000000
23990  -13.780  68.865  -33.809 7.0000000000
27101  -6.214  60.439  -35.871 6.0000000000
27102  -6.061  60.923  -36.672 6.0000000000
27103  -5.834  61.399  -37.432 6.0000000000
27318  -18.998  71.032  -26.425 6.0000000000
27319  -18.323  70.124  -26.371 6.0000000000
27320  -15.577  68.497  -29.058 7.0000000000
27321  -15.961  68.500  -28.084 7.0000000000
27322  -14.989  67.545  -27.857 7.0000000000
27323  -14.308  66.571  -26.611 6.0000000000
27324  -13.559  65.561  -25.314 6.0000000000
27325  -12.758  64.510  -23.959 6.0000000000
27326  -12.516  64.613  -25.016 6.0000000000
27327  -11.485  63.647  -24.711 6.0000000000
30837  -9.028  64.428  -35.755 6.0000000000
30838  -8.191  63.883  -36.424 6.0000000000
30839  -8.993  65.047  -36.623 6.0000000000
31001  -17.156  63.732  -17.298 6.0000000000
31002  -16.756  64.260  -18.192 6.0000000000
31004  -16.042  65.174  -20.146 7.0000000000
31008  -17.534  71.453  -30.452 6.0000000000
31009  -16.845  70.436  -30.351 7.0000000000
31011  -16.347  70.383  -31.260 7.0000000000
31012  -16.041  69.440  -30.199 7.0000000000
31013  -15.148  68.449  -30.012 7.0000000000
31014  -14.200  67.457  -29.806 7.0000000000
31015  -13.232  66.457  -29.587 6.0000000000
31016  -12.271  65.452  -29.349 6.0000000000
31017  -12.802  66.332  -30.561 6.0000000000
31018  -12.326  66.160  -31.522 6.0000000000
31019  -11.795  65.940  -32.464 7.0000000000
31020  -12.957  67.805  -33.678 7.0000000000
31021  -12.090  66.741  -33.533 7.0000000000
31022  -11.205  65.661  -33.374 7.0000000000
31023  -10.548  65.316  -34.234 6.0000000000
31024  -9.819  64.905  -35.029 6.0000000000
37564  -3.613  57.367  -38.300 6.0000000000
37565  -3.175  57.607  -38.957 6.0000000000
37566  -2.654  57.844  -39.569 6.0000000000
37567  -7.318  63.277  -37.045 6.0000000000
37568  -6.424  62.608  -37.626 6.0000000000
37991  -19.367  68.735  -21.739 6.0000000000
37992  -19.523  70.409  -24.091 6.0000000000
37993  -19.118  69.175  -22.916 6.0000000000
37994  -18.616  67.943  -21.705 6.0000000000
37995  -17.747  67.151  -21.590 7.0000000000
37996  -16.780  66.358  -21.418 7.0000000000
37997  -15.735  65.558  -21.206 7.0000000000
37998  -18.356  71.370  -28.531 6.0000000000
37999  -18.015  70.303  -27.431 6.0000000000
38000  -17.520  69.222  -26.238 6.0000000000
38001  -16.304  68.445  -27.088 7.0000000000
38002  -16.616  68.320  -26.056 7.0000000000
38003  -16.912  68.122  -24.972 7.0000000000
38004  -16.217  67.010  -23.653 7.0000000000
38005  -15.451  65.884  -22.306 7.0000000000
38006  -14.636  64.736  -20.966 7.0000000000
38007  -13.504  63.882  -20.705 7.0000000000
38008  -12.359  62.989  -20.429 6.0000000000
38009  -11.211  62.054  -20.145 6.0000000000
38010  -11.910  63.421  -22.568 6.0000000000
38011  -11.014  62.281  -21.191 6.0000000000
39756  -1.257  54.043  -40.517 6.0000000000
39757  -1.329  52.602  -40.398 6.0000000000
43215  -7.859  62.711  -35.458 6.0000000000
43216  -7.486  62.433  -35.802 6.0000000000
43217  -7.844  63.008  -35.898 6.0000000000
43334  -14.361  63.970  -19.798 6.0000000000
43338  -13.129  66.045  -28.479 6.0000000000
43339  -13.307  66.074  -27.980 6.0000000000
43340  -12.808  65.582  -27.846 6.0000000000
43341  -12.473  65.116  -27.202 6.0000000000
43342  -12.315  65.089  -27.708 6.0000000000
43343  -11.828  64.595  -27.569 6.0000000000
43344  -12.150  65.053  -28.214 6.0000000000
43345  -8.609  63.538  -35.201 6.0000000000
43346  -8.580  63.215  -34.727 6.0000000000
43347  -8.223  62.972  -35.100 6.0000000000
43348  -7.856  62.408  -35.002 6.0000000000
43822  -2.223  56.625  -39.795 6.0000000000
43823  -2.177  55.958  -39.760 6.0000000000
43824  -1.886  56.032  -40.054 6.0000000000
45730  -19.072  67.233  -20.030 6.0000000000
45731  -18.834  66.608  -19.476 6.0000000000
45732  -18.661  66.859  -20.006 6.0000000000
45733  -18.220  66.483  -19.961 6.0000000000
45734  -18.496  67.099  -20.547 6.0000000000
45738  -14.816  69.610  -32.991 7.0000000000
45739  -15.122  69.695  -32.546 7.0000000000
45740  -14.723  69.176  -32.484 7.0000000000
45741  -14.589  68.740  -31.959 7.0000000000
45742  -14.305  68.659  -32.414 7.0000000000
45743  -13.874  68.143  -32.339 7.0000000000
45744  -14.009  68.565  -32.865 7.0000000000
45746  -11.930  67.682  -35.405 6.0000000000
45747  -11.526  67.475  -35.794 6.0000000000
45748  -11.122  66.920  -35.729 6.0000000000
50928  -5.186  60.426  -37.632 6.0000000000
50929  -4.966  59.834  -37.561 6.0000000000
50930  -4.802  60.030  -37.912 6.0000000000
50931  -4.418  59.614  -38.189 6.0000000000
50932  -4.616  60.225  -38.257 6.0000000000
51288  -18.226  69.434  -25.208 6.0000000000
51289  -18.364  69.290  -24.637 6.0000000000
51290  -17.953  68.859  -24.577 6.0000000000
51291  -17.654  68.282  -23.933 6.0000000000
51292  -17.516  68.428  -24.501 6.0000000000
51293  -16.897  69.955  -29.342 7.0000000000
51294  -17.098  69.947  -28.861 7.0000000000
51295  -16.680  69.466  -28.775 7.0000000000
51296  -14.224  65.971  -24.932 6.0000000000
51297  -14.752  66.431  -25.066 7.0000000000
51298  -14.362  65.898  -24.396 6.0000000000
51299  -14.500  65.810  -23.850 7.0000000000
51300  -13.960  65.358  -23.712 6.0000000000
51301  -13.546  64.812  -23.019 6.0000000000
51302  -13.419  64.901  -23.567 6.0000000000
51315  -11.164  65.001  -31.800 6.0000000000
55333  -19.801  67.982  -20.006 6.0000000000
60527  -6.538  60.741  -35.532 6.0000000000
60528  -6.727  61.829  -36.450 6.0000000000
60529  -6.426  61.252  -36.362 6.0000000000
60530  -6.343  61.503  -36.758 6.0000000000
60531  -5.958  61.161  -37.056 6.0000000000
60532  -6.241  61.753  -37.145 6.0000000000
60888  -18.981  71.708  -27.510 6.0000000000
60889  -19.135  71.607  -26.971 6.0000000000
60890  -18.849  71.143  -26.974 6.0000000000
60891  -18.678  70.577  -26.410 6.0000000000
60892  -18.527  70.682  -26.952 6.0000000000
60893  -15.101  68.010  -28.950 7.0000000000
60894  -15.297  68.023  -28.463 7.0000000000
60895  -14.807  67.539  -28.349 7.0000000000
60896  -13.639  66.101  -26.980 6.0000000000
60897  -14.150  66.583  -27.113 6.0000000000
60898  -13.793  66.095  -26.477 6.0000000000
60899  -13.941  66.071  -25.970 6.0000000000
60900  -13.421  65.597  -25.829 6.0000000000
60901  -13.036  65.088  -25.167 6.0000000000
60902  -12.904  65.120  -25.683 6.0000000000
60903  -11.756  64.162  -25.895 6.0000000000
60904  -11.880  64.156  -25.382 6.0000000000
60905  -11.373  63.666  -25.232 6.0000000000
62347  -3.216  56.262  -38.523 6.0000000000
62350  -2.128  54.609  -39.663 6.0000000000
67725  -9.446  65.000  -35.851 6.0000000000
67726  -9.023  64.741  -36.194 6.0000000000
67727  -9.438  65.315  -36.290 6.0000000000
67729  -9.334  65.921  -37.139 6.0000000000
68073  -18.307  65.360  -18.396 6.0000000000
68074  -18.504  65.089  -17.918 6.0000000000
68075  -18.013  64.731  -17.874 6.0000000000
68077  -17.495  64.369  -17.813 6.0000000000
68078  -16.954  64.002  -17.739 6.0000000000
68079  -17.297  64.631  -18.274 6.0000000000
68080  -17.258  65.727  -19.823 6.0000000000
68081  -16.919  65.119  -19.233 6.0000000000
68082  -16.742  65.346  -19.734 6.0000000000
68083  -16.207  64.963  -19.636 6.0000000000
68084  -16.575  65.563  -20.249 6.0000000000
68090  -17.292  71.443  -30.908 6.0000000000
68091  -17.205  70.941  -30.409 6.0000000000
68092  -16.962  70.925  -30.864 6.0000000000
68096  -15.695  69.826  -31.647 7.0000000000
68097  -16.078  70.340  -31.709 7.0000000000
68098  -15.962  69.874  -31.195 7.0000000000
68099  -16.216  69.910  -30.740 7.0000000000
68100  -15.803  69.409  -30.661 7.0000000000
68101  -15.604  68.944  -30.108 7.0000000000
68102  -15.369  68.909  -30.575 7.0000000000
68103  -14.214  67.856  -30.859 7.0000000000
68104  -14.452  67.910  -30.386 7.0000000000
68105  -13.978  67.408  -30.286 7.0000000000
68106  -13.717  66.958  -29.699 7.0000000000
68107  -13.500  66.905  -30.183 7.0000000000
68108  -13.022  66.400  -30.076 6.0000000000
68109  -13.274  66.842  -30.664 7.0000000000
68110  -12.980  67.105  -32.175 7.0000000000
68111  -12.787  66.681  -31.618 7.0000000000
68112  -12.524  66.582  -32.088 7.0000000000
68113  -12.068  66.057  -31.996 7.0000000000
68114  -12.247  66.471  -32.552 7.0000000000
68115  -13.438  68.732  -34.236 6.0000000000
68116  -13.376  68.335  -33.746 7.0000000000
68117  -13.038  68.197  -34.175 7.0000000000
68118  -11.851  66.962  -34.462 6.0000000000
68119  -12.197  67.128  -34.040 7.0000000000
68120  -11.763  66.589  -33.968 7.0000000000
68121  -11.648  66.204  -33.456 7.0000000000
68122  -11.325  66.045  -33.892 7.0000000000
68123  -10.886  65.497  -33.811 6.0000000000
68124  -10.985  65.869  -34.316 6.0000000000
68125  -10.284  65.805  -35.579 6.0000000000
68126  -10.251  65.467  -35.118 6.0000000000
68127  -9.856  65.242  -35.493 6.0000000000
68128  -9.430  64.675  -35.400 6.0000000000
83663  -5.650  59.571  -36.122 6.0000000000
83665  -5.340  59.235  -36.444 6.0000000000
83666  -4.579  58.677  -37.430 6.0000000000
83667  -4.721  58.506  -37.065 6.0000000000
83668  -4.412  58.110  -37.365 6.0000000000
83670  -4.106  57.690  -37.661 6.0000000000
83671  -3.803  57.243  -37.953 6.0000000000
83672  -3.931  57.829  -38.014 6.0000000000
83673  -3.660  58.718  -38.733 6.0000000000
83674  -3.523  58.101  -38.684 6.0000000000
83675  -3.289  58.234  -39.001 6.0000000000
83676  -2.925  57.725  -39.268 6.0000000000
83677  -3.033  58.369  -39.310 6.0000000000
83678  -8.140  64.177  -36.842 6.0000000000
83679  -7.758  63.588  -36.740 6.0000000000
83680  -7.684  63.872  -37.149 6.0000000000
83684  -5.973  62.249  -37.901 6.0000000000
84740  -19.860  69.768  -22.271 6.0000000000
84741  -19.691  69.130  -21.716 6.0000000000
84742  -19.568  69.365  -22.313 6.0000000000
84743  -19.554  71.198  -25.255 6.0000000000
84744  -19.677  71.026  -24.655 6.0000000000
84745  -19.404  70.590  -24.691 6.0000000000
84746  -18.624  68.955  -23.478 6.0000000000
84747  -18.997  69.374  -23.506 6.0000000000
84748  -18.750  68.765  -22.895 6.0000000000
84749  -18.876  68.559  -22.313 6.0000000000
84750  -18.481  68.156  -22.276 6.0000000000
84751  -18.195  67.547  -21.656 6.0000000000
84752  -18.056  67.753  -22.221 6.0000000000
84753  -16.992  67.125  -22.625 7.0000000000
84754  -17.131  66.947  -22.064 7.0000000000
84755  -16.635  66.544  -21.969 7.0000000000
84756  -16.266  65.960  -21.316 7.0000000000
84757  -16.121  66.138  -21.864 7.0000000000
84759  -18.462  71.909  -29.044 6.0000000000
84760  -18.171  71.412  -29.027 6.0000000000
84761  -17.462  69.891  -27.873 6.0000000000
84762  -17.850  70.363  -27.942 6.0000000000
84763  -17.627  69.837  -27.365 6.0000000000
84764  -17.784  69.765  -26.845 6.0000000000
84765  -17.368  69.307  -26.767 6.0000000000
84766  -15.656  68.010  -27.478 7.0000000000
84767  -16.137  68.481  -27.589 7.0000000000
84768  -15.822  67.981  -26.977 7.0000000000
84769  -15.785  67.336  -25.309 7.0000000000
84770  -16.134  67.867  -25.951 7.0000000000
84771  -16.284  67.784  -25.419 7.0000000000
84772  -16.766  68.230  -25.520 7.0000000000
84773  -16.430  67.684  -24.874 7.0000000000
84774  -16.574  67.567  -24.318 7.0000000000
84775  -16.075  67.134  -24.214 7.0000000000
84776  -14.773  65.591  -22.740 7.0000000000
84777  -15.313  66.023  -22.865 7.0000000000
84778  -14.910  65.460  -22.184 7.0000000000
84779  -15.049  65.313  -21.633 7.0000000000
84780  -14.496  64.891  -21.506 7.0000000000
84781  -14.073  64.313  -20.838 7.0000000000
84782  -13.936  64.461  -21.375 7.0000000000
84783  -12.686  63.696  -21.634 6.0000000000
84784  -12.807  63.576  -21.098 6.0000000000
84785  -12.241  63.119  -20.954 6.0000000000
84786  -11.785  62.527  -20.288 6.0000000000
84787  -11.676  62.652  -20.810 6.0000000000
84788  -12.227  64.038  -23.805 6.0000000000
84789  -12.340  63.971  -23.265 6.0000000000
84790  -11.804  63.497  -23.110 6.0000000000
84791  -10.376  61.883  -21.576 6.0000000000
84792  -10.921  62.375  -21.725 6.0000000000
84793  -10.460  61.793  -21.045 6.0000000000
84794  -10.547  61.690  -20.520 6.0000000000
84795  -9.985  61.200  -20.377 6.0000000000
84825  -12.074  65.386  -29.846 6.0000000000
84826  -11.799  64.948  -29.224 6.0000000000
84827  -11.609  64.878  -29.725 6.0000000000
89146  -1.240  54.758  -40.560 6.0000000000
89148  -0.765  51.897  -40.926 6.0000000000
89149  -1.021  52.619  -40.698 6.0000000000
89150  -1.083  51.888  -40.629 6.0000000000
96219  -7.172  61.582  -35.269 6.0000000000
96220  -6.833  61.298  -35.618 6.0000000000
96221  -7.149  61.863  -35.708 6.0000000000
96222  -7.108  62.139  -36.132 6.0000000000
96223  -7.049  62.412  -36.543 6.0000000000
96439  -18.819  71.791  -28.034 6.0000000000
96440  -14.121  67.031  -28.723 7.0000000000
96441  -14.309  67.053  -28.231 7.0000000000
96442  -13.808  66.564  -28.109 6.0000000000
96443  -13.477  66.093  -27.480 6.0000000000
96444  -13.129  65.618  -26.841 6.0000000000
96445  -12.767  65.134  -26.192 6.0000000000
96446  -12.624  65.132  -26.697 6.0000000000
96447  -12.122  64.644  -26.552 6.0000000000
96448  -11.626  64.153  -26.406 6.0000000000
96453  -9.337  63.999  -34.444 6.0000000000
97312  -2.759  56.448  -39.186 6.0000000000
97313  -2.701  55.804  -39.135 6.0000000000
97314  -2.449  55.882  -39.455 6.0000000000
97315  -2.146  55.287  -39.717 6.0000000000
97316  -1.850  54.661  -39.973 6.0000000000
100539  -10.289  66.132  -36.027 6.0000000000
100540  -9.853  65.885  -36.380 6.0000000000
100541  -10.262  66.450  -36.464 6.0000000000
100746  -19.423  66.709  -18.959 6.0000000000
100747  -19.205  66.076  -18.447 6.0000000000
100748  -19.017  66.347  -18.956 6.0000000000
100749  -18.580  65.984  -18.930 6.0000000000
100750  -18.114  65.619  -18.885 6.0000000000
100751  -17.622  65.251  -18.823 6.0000000000
100752  -17.929  65.868  -19.386 6.0000000000
100753  -17.751  66.105  -19.899 6.0000000000
100754  -17.583  66.333  -20.425 6.0000000000
100761  -15.850  70.749  -32.646 7.0000000000
100762  -15.498  70.218  -32.600 7.0000000000
100763  -15.415  69.766  -32.098 7.0000000000
100764  -15.288  69.316  -31.577 7.0000000000
100765  -15.121  68.864  -31.039 7.0000000000
100766  -14.861  68.808  -31.500 7.0000000000
100767  -14.419  68.300  -31.417 7.0000000000
100768  -13.964  67.791  -31.329 7.0000000000
100769  -13.503  67.280  -31.238 7.0000000000
100770  -13.704  67.714  -31.797 7.0000000000
100771  -13.430  67.625  -32.259 7.0000000000
100772  -13.144  67.523  -32.716 7.0000000000
100773  -12.710  68.416  -35.065 6.0000000000
100774  -12.685  68.042  -34.595 6.0000000000
100775  -12.316  67.871  -35.005 6.0000000000
100776  -11.908  67.326  -34.941 6.0000000000
100777  -11.488  66.780  -34.873 6.0000000000
100778  -11.060  66.230  -34.802 6.0000000000
100779  -11.107  66.580  -35.272 6.0000000000
100780  -10.707  66.364  -35.657 6.0000000000
110102  -5.455  60.003  -36.899 6.0000000000
110103  -5.234  59.437  -36.828 6.0000000000
110104  -5.109  59.636  -37.199 6.0000000000
110105  -4.763  59.251  -37.494 6.0000000000
110106  -4.418  58.845  -37.785 6.0000000000
110107  -4.076  58.418  -38.071 6.0000000000
110108  -4.238  59.012  -38.128 6.0000000000
110109  -4.037  59.177  -38.462 6.0000000000
110110  -3.814  59.342  -38.788 6.0000000000
110750  -18.961  70.313  -25.281 6.0000000000
110751  -19.093  70.156  -24.698 6.0000000000
110752  -18.745  69.723  -24.679 6.0000000000
110753  -18.497  69.130  -24.060 6.0000000000
110754  -18.220  68.537  -23.428 6.0000000000
110755  -17.922  67.944  -22.790 6.0000000000
110756  -17.789  68.121  -23.362 6.0000000000
110757  -17.333  67.704  -23.281 7.0000000000
110758  -16.854  67.288  -23.190 7.0000000000
110759  -17.646  70.939  -29.472 6.0000000000
110760  -17.846  70.919  -28.989 6.0000000000
110761  -17.488  70.431  -28.933 6.0000000000
110762  -17.286  69.926  -28.372 7.0000000000
110763  -17.044  69.420  -27.790 7.0000000000
110764  -14.976  67.009  -26.233 7.0000000000
110765  -15.484  67.473  -26.354 7.0000000000
110766  -15.126  66.956  -25.718 7.0000000000
110767  -15.273  66.885  -25.192 7.0000000000
110768  -15.418  66.799  -24.653 7.0000000000
110769  -15.561  66.697  -24.102 7.0000000000
110770  -15.034  66.256  -23.981 7.0000000000
110771  -14.636  65.707  -23.297 7.0000000000
110772  -14.226  65.154  -22.608 7.0000000000
110773  -13.804  64.593  -21.919 7.0000000000
110774  -13.674  64.710  -22.468 7.0000000000
110775  -13.121  64.259  -22.324 6.0000000000
110776  -12.568  63.800  -22.176 6.0000000000
110777  -11.173  63.075  -23.495 6.0000000000
110778  -11.271  63.015  -22.956 6.0000000000
110779  -10.740  62.524  -22.803 6.0000000000
110799  -11.646  65.218  -30.831 6.0000000000
110800  -11.407  64.795  -30.224 6.0000000000
113394  -0.428  51.907  -41.216 6.0000000000
117402  -19.621  67.343  -19.480 6.0000000000
117403  -19.453  67.607  -20.031 6.0000000000
117404  -19.295  67.862  -20.591 6.0000000000
117414  -14.867  70.045  -33.480 6.0000000000
117415  -14.498  69.511  -33.431 7.0000000000
117416  -14.108  68.982  -33.373 7.0000000000
117417  -14.167  69.398  -33.865 6.0000000000
117418  -13.821  69.270  -34.292 6.0000000000
124674  -5.957  59.890  -35.791 6.0000000000
124675  -5.889  60.122  -36.198 6.0000000000
124676  -6.491  60.998  -35.954 6.0000000000
124677  -6.147  60.683  -36.278 6.0000000000
124678  -5.801  60.351  -36.592 6.0000000000
124679  -5.696  60.578  -36.975 6.0000000000
124680  -5.572  60.803  -37.347 6.0000000000
124681  -5.427  61.027  -37.712 6.0000000000
125179  -19.423  71.353  -25.843 6.0000000000
125181  -19.283  71.489  -26.415 6.0000000000
125182  -19.141  70.902  -25.861 6.0000000000
125183  -18.822  70.454  -25.853 6.0000000000
125184  -18.469  70.007  -25.820 6.0000000000
125185  -18.083  69.562  -25.767 6.0000000000
125186  -16.038  68.983  -29.161 7.0000000000
125187  -16.237  68.985  -28.678 7.0000000000
125188  -15.775  68.505  -28.573 7.0000000000
125189  -15.481  68.023  -27.972 7.0000000000
125190  -15.162  67.537  -27.361 7.0000000000
125191  -14.489  67.063  -27.737 7.0000000000
125192  -14.659  67.062  -27.240 7.0000000000
125193  -14.821  67.044  -26.739 7.0000000000
125194  -14.460  66.542  -26.105 6.0000000000
125195  -14.084  66.030  -25.456 6.0000000000
125196  -13.694  65.508  -24.790 6.0000000000
125197  -13.292  64.978  -24.110 6.0000000000
125198  -13.165  65.040  -24.643 6.0000000000
125199  -12.638  64.569  -24.492 6.0000000000
125200  -12.114  64.093  -24.338 6.0000000000
125201  -12.390  64.640  -25.533 6.0000000000
125202  -11.999  64.133  -24.864 6.0000000000
125203  -11.593  63.611  -24.184 6.0000000000
125204  -11.075  63.121  -24.031 6.0000000000
134169  -8.621  63.854  -35.656 6.0000000000
134170  -8.221  63.585  -35.997 6.0000000000
134171  -8.615  64.164  -36.096 6.0000000000
134172  -8.587  64.467  -36.523 6.0000000000
134173  -8.535  64.763  -36.944 6.0000000000
134174  -9.402  65.622  -36.719 6.0000000000
134175  -8.935  65.345  -37.044 6.0000000000
134176  -8.456  65.052  -37.358 6.0000000000
134616  -16.593  63.361  -17.219 6.0000000000
134619  -17.104  64.881  -18.746 6.0000000000
134624  -15.493  64.781  -20.036 7.0000000000
134632  -17.760  71.452  -29.987 6.0000000000
134633  -17.433  70.945  -29.945 6.0000000000
134634  -17.073  70.446  -29.887 6.0000000000
134635  -16.683  69.951  -29.815 7.0000000000
134639  -16.149  70.811  -32.205 6.0000000000
134640  -16.435  70.861  -31.761 6.0000000000
134641  -16.706  70.899  -31.315 6.0000000000
134642  -16.603  70.415  -30.808 7.0000000000
134643  -16.456  69.936  -30.280 7.0000000000
134644  -16.267  69.460  -29.731 7.0000000000
134645  -15.827  68.969  -29.637 7.0000000000
134646  -15.368  68.478  -29.537 7.0000000000
134647  -14.895  67.987  -29.432 7.0000000000
134648  -14.917  68.410  -30.483 7.0000000000
134649  -14.679  67.954  -29.911 7.0000000000
134650  -14.412  67.494  -29.324 7.0000000000
134651  -13.923  67.000  -29.212 7.0000000000
134652  -13.432  66.503  -29.097 6.0000000000
134653  -12.943  66.005  -28.976 6.0000000000
134654  -12.458  65.506  -28.850 6.0000000000
134655  -12.749  65.955  -29.471 6.0000000000
134656  -12.545  65.894  -29.963 6.0000000000
134657  -12.332  65.820  -30.453 6.0000000000
134658  -13.037  66.767  -31.143 7.0000000000
134659  -12.570  66.252  -31.044 6.0000000000
134660  -12.106  65.736  -30.940 6.0000000000
134661  -11.867  65.639  -31.422 6.0000000000
134662  -11.614  65.530  -31.900 6.0000000000
134663  -11.346  65.407  -32.372 6.0000000000
134664  -13.699  68.457  -33.309 7.0000000000
134665  -13.277  67.932  -33.239 7.0000000000
134666  -12.843  67.406  -33.165 7.0000000000
134667  -12.623  67.663  -34.109 7.0000000000
134668  -12.527  67.275  -33.607 7.0000000000
134669  -12.401  66.877  -33.089 7.0000000000
134670  -11.955  66.345  -33.009 7.0000000000
134671  -11.508  65.809  -32.924 7.0000000000
134672  -11.063  65.269  -32.834 6.0000000000
134674  -10.447  64.946  -33.722 6.0000000000
134675  -10.112  64.760  -34.142 6.0000000000
134676  -10.627  65.676  -34.725 6.0000000000
134677  -10.192  65.118  -34.640 6.0000000000
134678  -9.760  64.559  -34.546 6.0000000000
134679  -9.393  64.341  -34.932 6.0000000000
134680  -9.012  64.107  -35.302 6.0000000000
153646  -5.031  58.881  -36.758 6.0000000000
153653  -3.507  56.768  -38.240 6.0000000000
153654  -3.302  56.877  -38.583 6.0000000000
153655  -3.737  57.966  -38.355 6.0000000000
153656  -3.404  57.488  -38.635 6.0000000000
153657  -3.078  56.983  -38.912 6.0000000000
153658  -2.834  57.086  -39.228 6.0000000000
153659  -2.569  57.189  -39.532 6.0000000000
153660  -2.285  57.293  -39.828 6.0000000000
153661  -7.811  63.300  -36.324 6.0000000000
153662  -7.394  62.999  -36.640 6.0000000000
153663  -6.971  62.682  -36.945 6.0000000000
153664  -7.221  63.552  -37.446 6.0000000000
153665  -6.873  62.951  -37.341 6.0000000000
153666  -6.546  62.350  -37.240 6.0000000000
153667  -6.118  62.001  -37.525 6.0000000000
153668  -5.689  61.635  -37.802 6.0000000000
153669  -5.260  61.250  -38.071 6.0000000000
153678  -4.832  60.845  -38.335 6.0000000000
153679  -4.407  60.420  -38.595 6.0000000000
153680  -3.986  59.975  -38.852 6.0000000000
153681  -3.568  59.508  -39.107 6.0000000000
153684  -3.157  59.019  -39.360 6.0000000000
154935  -19.822  68.883  -21.123 6.0000000000
154936  -19.502  68.495  -21.155 6.0000000000
154937  -19.147  68.106  -21.160 6.0000000000
154940  -19.636  70.211  -23.486 6.0000000000
154941  -19.217  69.982  -24.106 6.0000000000
154942  -19.335  69.792  -23.510 6.0000000000
154943  -19.451  69.586  -22.912 6.0000000000
154944  -19.240  68.962  -22.326 6.0000000000
154945  -19.008  68.339  -21.734 6.0000000000
154946  -18.759  67.718  -21.139 6.0000000000
154947  -18.341  67.329  -21.098 6.0000000000
154948  -17.896  66.940  -21.037 6.0000000000
154949  -17.425  66.550  -20.962 7.0000000000
154950  -17.605  67.350  -22.149 7.0000000000
154951  -17.274  66.755  -21.510 7.0000000000
154952  -16.931  66.159  -20.875 7.0000000000
154953  -16.416  65.768  -20.777 7.0000000000
154954  -15.885  65.373  -20.670 7.0000000000
154955  -15.338  64.973  -20.557 7.0000000000
154957  -18.646  71.858  -28.545 6.0000000000
154958  -18.530  71.312  -28.025 6.0000000000
154959  -18.032  70.886  -28.497 6.0000000000
154960  -18.207  70.836  -27.993 6.0000000000
154961  -18.371  70.769  -27.479 6.0000000000
154962  -18.172  70.223  -26.908 6.0000000000
154963  -17.936  69.673  -26.313 6.0000000000
154964  -17.668  69.118  -25.696 6.0000000000
154965  -16.425  68.975  -28.190 7.0000000000
154966  -16.601  68.950  -27.694 7.0000000000
154967  -16.768  68.909  -27.191 7.0000000000
154968  -15.981  67.933  -26.470 7.0000000000
154969  -16.463  68.392  -26.578 7.0000000000
154970  -16.927  68.849  -26.677 7.0000000000
154971  -17.079  68.771  -26.152 7.0000000000
154972  -17.228  68.674  -25.613 7.0000000000
154973  -17.374  68.559  -25.062 7.0000000000
154974  -17.055  67.998  -24.414 7.0000000000
154975  -16.716  67.435  -23.755 7.0000000000
154976  -16.357  66.870  -23.089 7.0000000000
154977  -15.702  66.580  -23.543 7.0000000000
154978  -15.842  66.449  -22.981 7.0000000000
154979  -15.981  66.301  -22.420 7.0000000000
154980  -15.591  65.729  -21.752 7.0000000000
154981  -15.191  65.151  -21.089 7.0000000000
154982  -14.781  64.566  -20.437 7.0000000000
154983  -14.214  64.149  -20.312 7.0000000000
154984  -13.640  63.724  -20.183 7.0000000000
154986  -13.373  64.023  -21.238 7.0000000000
154987  -12.932  63.441  -20.569 6.0000000000
154992  -12.878  64.439  -23.418 6.0000000000
154993  -12.453  63.892  -22.721 6.0000000000
154994  -12.017  63.334  -22.026 6.0000000000
154995  -11.368  62.942  -22.415 6.0000000000
154996  -11.468  62.858  -21.875 6.0000000000
154997  -11.570  62.762  -21.339 6.0000000000
154998  -11.111  62.175  -20.664 6.0000000000
154999  -10.638  61.573  -20.003 6.0000000000
155037  -11.979  65.006  -28.720 6.0000000000
160224  -1.558  55.410  -40.309 6.0000000000
160225  -1.554  54.711  -40.271 6.0000000000
160226  -1.564  54.006  -40.222 6.0000000000
160227  -0.971  53.350  -40.756 6.0000000000
160228  -1.287  53.324  -40.463 6.0000000000
160229  -1.586  53.296  -40.160 6.0000000000
