#!ascii label  , from subject 40tvs8ref_sym_20 vox2ras=TkReg
811
0  -3.036  3.089  57.459 7.0000000000
165  -4.803  -2.304  53.184 6.0000000000
169  3.610  4.036  60.527 6.0000000000
642  -5.386  4.787  55.096 6.0000000000
645  -3.857  0.538  55.526 7.0000000000
646  -6.467  2.218  52.471 7.0000000000
647  -0.799  -0.310  57.944 7.0000000000
649  -0.335  3.430  59.108 7.0000000000
650  3.028  -0.192  60.093 7.0000000000
852  -11.051  -4.033  48.497 6.0000000000
1447  -6.078  -4.711  51.334 6.0000000000
1448  -8.663  -2.477  48.399 6.0000000000
1449  -7.519  -0.341  49.946 6.0000000000
2562  -4.173  3.878  56.483 7.0000000000
2563  -4.506  5.731  56.183 6.0000000000
2564  -3.231  4.625  57.468 7.0000000000
2565  -3.439  1.918  56.614 7.0000000000
2566  -4.754  2.674  55.335 7.0000000000
2567  -2.064  1.537  57.724 7.0000000000
2568  -2.399  -0.033  56.793 7.0000000000
2569  -1.906  3.241  58.300 7.0000000000
2570  -0.518  1.543  58.741 7.0000000000
2571  -1.836  5.011  58.232 7.0000000000
3370  -5.393  -3.638  52.051 6.0000000000
3371  -6.816  -2.642  50.482 7.0000000000
3372  -6.188  -1.360  51.613 7.0000000000
3373  -7.126  4.507  52.087 6.0000000000
3374  -7.580  3.226  50.720 6.0000000000
3382  -3.878  -4.474  53.604 6.0000000000
3383  -4.515  -5.659  52.728 6.0000000000
3388  4.825  -2.036  60.472 6.0000000000
5762  -6.552  5.765  53.425 6.0000000000
5767  -4.293  -0.895  54.348 6.0000000000
5768  -5.672  -0.054  52.805 7.0000000000
5769  -5.219  1.318  54.088 7.0000000000
5770  -5.985  3.556  53.820 6.0000000000
5774  -2.795  -1.551  55.729 6.0000000000
5775  1.548  3.690  59.857 6.0000000000
5776  3.316  1.923  60.557 6.0000000000
5777  1.289  1.687  59.680 7.0000000000
5778  1.015  -0.332  59.042 7.0000000000
5781  -0.088  5.366  58.854 6.0000000000
7213  -7.065  -5.551  51.271 6.0000000000
7214  -8.414  -4.429  49.888 7.0000000000
7215  -7.466  -3.636  49.912 7.0000000000
7218  -6.907  0.935  51.176 7.0000000000
7219  -8.124  1.982  49.437 6.0000000000
7232  -5.493  -6.536  52.546 6.0000000000
7238  5.147  0.080  61.078 6.0000000000
8082  -9.629  -3.232  48.370 7.0000000000
10242  -3.566  3.452  57.044 7.0000000000
10243  -3.763  4.326  57.003 7.0000000000
10244  -3.146  3.805  57.512 7.0000000000
10245  -3.229  2.561  57.091 7.0000000000
10246  -3.861  2.904  56.541 7.0000000000
10247  -2.605  2.388  57.596 7.0000000000
10248  -2.761  1.659  57.183 7.0000000000
10249  -2.547  3.162  57.864 7.0000000000
10250  -1.951  2.378  58.084 7.0000000000
10251  -2.573  3.982  57.948 7.0000000000
11050  -5.093  -2.977  52.625 6.0000000000
11051  -5.805  -2.513  51.822 6.0000000000
11052  -5.508  -1.846  52.417 7.0000000000
11054  -7.647  5.004  51.159 6.0000000000
11060  -4.060  -2.715  53.922 6.0000000000
11062  -4.353  -3.404  53.391 6.0000000000
11063  -4.651  -4.080  52.839 6.0000000000
13442  -5.976  5.268  54.292 6.0000000000
13443  -6.187  6.317  54.030 6.0000000000
13444  -5.596  5.802  54.884 6.0000000000
13445  -3.912  6.089  56.614 6.0000000000
13450  -4.070  -0.175  54.945 7.0000000000
13451  -4.771  0.208  54.216 7.0000000000
13452  -4.551  0.909  54.830 7.0000000000
13453  -5.106  3.744  55.234 7.0000000000
13454  -5.382  3.105  54.608 7.0000000000
13455  -5.709  4.198  54.473 6.0000000000
13456  -6.291  4.668  53.649 6.0000000000
13457  -0.086  -1.267  58.049 6.0000000000
13459  -0.970  -1.172  57.471 6.0000000000
13460  -3.140  0.219  56.178 7.0000000000
13461  -2.588  -0.794  56.268 6.0000000000
13462  -3.343  -0.512  55.627 6.0000000000
13463  -3.558  -1.248  55.060 6.0000000000
13464  0.575  3.550  59.488 7.0000000000
13465  1.414  2.686  59.838 7.0000000000
13466  0.462  2.579  59.423 7.0000000000
13467  -0.646  0.597  58.378 7.0000000000
13468  0.228  0.617  58.900 7.0000000000
13469  0.080  -0.347  58.498 7.0000000000
13470  0.853  -1.303  58.620 6.0000000000
13472  -2.423  6.667  57.271 6.0000000000
13473  -1.101  4.242  58.718 7.0000000000
13474  -0.999  5.184  58.554 6.0000000000
13475  -0.231  4.384  59.064 7.0000000000
13476  0.710  4.542  59.397 6.0000000000
15865  -6.524  -5.140  51.240 6.0000000000
15866  -7.233  -4.601  50.559 7.0000000000
15867  -6.798  -4.187  50.631 6.0000000000
15868  -7.183  -1.508  50.192 7.0000000000
15869  -7.476  -2.107  49.701 7.0000000000
15870  -7.824  -0.974  49.383 6.0000000000
15873  -6.083  1.079  52.638 7.0000000000
15874  -6.306  0.426  52.003 7.0000000000
15875  -6.684  1.564  51.810 7.0000000000
15876  -8.143  3.752  49.792 6.0000000000
15877  -7.830  2.604  50.059 6.0000000000
15878  -8.424  3.128  49.159 6.0000000000
15905  -5.312  -5.205  52.028 6.0000000000
15906  -4.948  -6.114  52.556 6.0000000000
15907  -5.760  -5.645  51.902 6.0000000000
15908  -6.308  -6.063  51.917 6.0000000000
15917  3.176  0.868  60.375 7.0000000000
15918  4.221  1.009  60.830 6.0000000000
15919  4.072  -0.068  60.596 6.0000000000
15921  5.943  -1.934  61.048 6.0000000000
17733  -8.499  -3.452  49.114 7.0000000000
17734  -9.033  -3.836  49.145 7.0000000000
17735  -9.081  -2.853  48.347 6.0000000000
17737  -10.190  -1.640  46.726 6.0000000000
23042  -4.782  4.322  55.831 6.0000000000
23043  -4.993  5.301  55.673 6.0000000000
23044  -4.380  4.812  56.384 6.0000000000
23045  -3.874  5.192  56.874 6.0000000000
23046  -3.257  5.485  57.293 7.0000000000
23047  -3.647  1.240  56.088 7.0000000000
23048  -4.331  1.600  55.428 7.0000000000
23049  -4.104  2.272  56.002 7.0000000000
23050  -4.488  3.310  55.925 7.0000000000
23051  -1.461  0.631  57.840 7.0000000000
23052  -1.624  -0.209  57.378 7.0000000000
23053  -2.223  0.741  57.284 7.0000000000
23054  -2.946  0.945  56.703 7.0000000000
23055  -1.167  3.327  58.713 7.0000000000
23056  -0.422  2.492  58.994 7.0000000000
23057  -1.228  2.424  58.549 7.0000000000
23058  -1.323  1.515  58.244 7.0000000000
23059  -2.537  5.728  57.646 7.0000000000
23060  -2.584  4.833  57.874 7.0000000000
23061  -1.887  4.111  58.348 7.0000000000
24496  -5.711  -4.221  51.596 6.0000000000
24497  -6.438  -3.715  50.858 6.0000000000
24498  -6.117  -3.155  51.262 6.0000000000
24499  -6.504  -2.022  51.005 7.0000000000
24500  -6.860  -0.858  50.781 7.0000000000
24501  -6.816  3.363  52.292 6.0000000000
24502  -7.039  2.709  51.614 6.0000000000
24503  -7.361  3.858  51.403 6.0000000000
24504  -7.883  4.374  50.466 6.0000000000
24520  -4.176  -5.118  53.095 6.0000000000
24521  -4.955  -4.693  52.342 6.0000000000
24527  2.869  -1.227  59.738 6.0000000000
24528  3.915  -1.124  60.279 6.0000000000
24529  3.747  -2.139  59.906 6.0000000000
24530  4.659  -3.030  60.098 6.0000000000
28807  -5.128  6.266  55.406 6.0000000000
28813  -4.536  -1.614  53.751 6.0000000000
28814  -5.242  -1.184  52.988 7.0000000000
28815  -4.999  -0.495  53.593 7.0000000000
28816  -5.443  0.628  53.444 7.0000000000
28817  -5.858  1.755  53.300 7.0000000000
28818  -4.993  2.003  54.721 7.0000000000
28819  -5.627  2.435  53.961 7.0000000000
28820  -6.234  2.889  53.148 6.0000000000
28821  -6.566  4.024  52.976 6.0000000000
28822  -6.857  5.153  52.767 6.0000000000
28828  -1.801  -1.015  56.880 6.0000000000
28831  -3.024  -2.312  55.181 6.0000000000
28832  -3.796  -1.990  54.485 6.0000000000
28833  2.569  3.853  60.207 6.0000000000
28834  3.456  2.973  60.615 6.0000000000
28835  2.421  2.818  60.238 6.0000000000
28836  2.283  1.793  60.127 7.0000000000
28837  2.147  0.757  59.897 7.0000000000
28838  0.353  1.604  59.219 7.0000000000
28839  1.160  0.673  59.406 7.0000000000
28840  2.001  -0.279  59.574 7.0000000000
28841  1.842  -1.287  59.183 6.0000000000
28847  -1.729  5.945  57.953 6.0000000000
28848  -0.844  6.158  58.231 6.0000000000
28851  1.708  4.717  59.718 6.0000000000
32191  -7.698  -5.977  51.369 7.0000000000
32192  -8.394  -5.423  50.690 7.0000000000
32193  -7.764  -5.003  50.597 7.0000000000
32194  -7.887  -4.036  49.852 7.0000000000
32195  -8.085  -3.064  49.168 7.0000000000
32196  -7.123  -3.181  50.114 7.0000000000
32197  -7.759  -2.626  49.355 7.0000000000
32202  -5.911  -0.710  52.206 7.0000000000
32203  -6.553  -0.208  51.398 7.0000000000
32204  -7.191  0.305  50.554 7.0000000000
32205  -7.251  2.078  50.952 6.0000000000
32206  -7.511  1.456  50.312 6.0000000000
32207  -7.826  0.827  49.699 6.0000000000
32246  -6.947  -6.494  52.014 6.0000000000
32260  6.265  0.229  61.574 6.0000000000
32261  4.987  -0.997  60.806 6.0000000000
32262  6.104  -0.869  61.341 6.0000000000
34554  -9.052  -4.841  49.971 6.0000000000
34555  -9.684  -4.241  49.214 6.0000000000
34556  -10.298  -3.631  48.423 6.0000000000
34557  -9.643  -2.247  47.552 6.0000000000
34558  -10.209  -2.620  47.564 6.0000000000
40962  -3.276  3.253  57.281 7.0000000000
40963  -3.377  3.659  57.282 7.0000000000
40964  -3.089  3.414  57.493 7.0000000000
40965  -3.125  2.856  57.301 7.0000000000
40966  -3.418  3.008  57.061 7.0000000000
40967  -2.846  2.777  57.526 7.0000000000
40968  -2.917  2.447  57.346 7.0000000000
40969  -2.823  3.124  57.646 7.0000000000
40970  -2.560  2.768  57.754 7.0000000000
40971  -2.843  3.505  57.709 7.0000000000
41770  -4.946  -2.640  52.909 6.0000000000
41771  -5.302  -2.413  52.522 6.0000000000
41772  -5.159  -2.079  52.805 6.0000000000
41780  -4.436  -2.516  53.556 6.0000000000
41781  -4.204  -3.061  53.656 6.0000000000
41782  -4.580  -2.857  53.287 6.0000000000
41783  -4.728  -3.196  53.014 6.0000000000
41786  4.058  3.598  60.757 6.0000000000
44162  -5.683  5.026  54.702 6.0000000000
44163  -5.796  5.544  54.596 6.0000000000
44164  -5.500  5.297  55.002 6.0000000000
44165  -3.574  6.248  56.801 6.0000000000
44170  -3.963  0.183  55.238 7.0000000000
44171  -4.315  0.366  54.887 7.0000000000
44172  -4.207  0.718  55.184 7.0000000000
44173  -5.255  4.269  55.172 6.0000000000
44174  -5.410  3.969  54.862 6.0000000000
44175  -5.555  4.501  54.789 6.0000000000
44176  -5.850  4.736  54.390 6.0000000000
44177  -0.449  -0.787  57.996 6.0000000000
44178  -0.534  -1.227  57.761 6.0000000000
44179  -0.883  -0.746  57.711 6.0000000000
44180  -3.501  0.371  55.857 7.0000000000
44181  -3.240  -0.146  55.905 6.0000000000
44182  -3.604  0.011  55.577 7.0000000000
44183  -3.709  -0.350  55.292 6.0000000000
44184  0.111  3.488  59.299 7.0000000000
44185  0.517  3.063  59.474 7.0000000000
44186  0.060  3.010  59.274 7.0000000000
44187  -0.720  0.137  58.167 7.0000000000
44188  -0.288  0.127  58.439 7.0000000000
44189  -0.366  -0.336  58.222 7.0000000000
44190  -0.001  -0.812  58.278 6.0000000000
44192  -2.828  6.535  57.127 6.0000000000
44193  -0.722  3.841  58.923 7.0000000000
44194  -0.676  4.311  58.893 7.0000000000
44195  -0.286  3.904  59.107 7.0000000000
44196  0.168  3.971  59.286 7.0000000000
46585  -6.290  -4.931  51.268 6.0000000000
46586  -6.654  -4.669  50.925 6.0000000000
46587  -6.444  -4.453  50.984 6.0000000000
46588  -7.355  -0.926  50.067 7.0000000000
46589  -7.509  -1.243  49.788 7.0000000000
46590  -7.677  -0.662  49.656 6.0000000000
46591  -7.988  -0.393  49.245 6.0000000000
46592  -7.836  -0.076  49.529 6.0000000000
46593  -6.279  1.648  52.556 7.0000000000
46594  -6.389  1.317  52.226 7.0000000000
46595  -6.577  1.887  52.137 7.0000000000
46597  -8.282  3.440  49.470 6.0000000000
46625  -5.700  -4.962  51.681 6.0000000000
46626  -5.524  -5.431  51.944 6.0000000000
46627  -5.913  -5.185  51.607 6.0000000000
46628  -6.149  -5.397  51.572 6.0000000000
46637  3.103  0.337  60.245 7.0000000000
46638  3.624  0.399  60.488 7.0000000000
46639  3.549  -0.134  60.347 7.0000000000
48453  -8.571  -2.966  48.747 7.0000000000
48454  -8.793  -3.154  48.734 7.0000000000
48455  -8.857  -2.668  48.360 6.0000000000
53762  -4.478  4.097  56.169 7.0000000000
53763  -4.593  4.580  56.115 6.0000000000
53764  -4.288  4.349  56.443 7.0000000000
53765  -3.512  4.492  57.243 7.0000000000
53766  -3.827  4.757  56.953 7.0000000000
53767  -3.554  4.914  57.184 7.0000000000
53768  -3.579  5.347  57.092 6.0000000000
53769  -3.252  5.049  57.398 7.0000000000
53770  -3.543  1.583  56.357 7.0000000000
53771  -3.883  1.755  56.044 7.0000000000
53772  -3.773  2.087  56.315 7.0000000000
53773  -4.032  3.396  56.513 7.0000000000
53774  -4.175  3.103  56.242 7.0000000000
53775  -4.339  3.605  56.209 7.0000000000
53776  -4.646  3.821  55.883 7.0000000000
53777  -1.771  1.090  57.784 7.0000000000
53778  -1.848  0.675  57.565 7.0000000000
53779  -2.140  1.134  57.511 7.0000000000
53780  -3.101  1.773  56.903 7.0000000000
53781  -2.852  1.303  56.950 7.0000000000
53782  -3.199  1.431  56.658 7.0000000000
53783  -3.299  1.083  56.401 7.0000000000
53784  -1.549  3.282  58.509 7.0000000000
53785  -1.195  2.876  58.650 7.0000000000
53786  -1.570  2.840  58.434 7.0000000000
53787  -1.999  1.952  57.918 7.0000000000
53788  -1.643  1.955  58.168 7.0000000000
53789  -1.701  1.517  57.987 7.0000000000
53790  -1.388  1.067  58.052 7.0000000000
53791  -2.924  5.167  57.596 7.0000000000
53792  -2.921  4.735  57.678 7.0000000000
53793  -2.240  3.622  58.140 7.0000000000
53794  -2.243  4.048  58.153 7.0000000000
53795  -1.897  3.673  58.345 7.0000000000
53796  -1.529  3.726  58.543 7.0000000000
56185  -5.548  -3.942  51.801 6.0000000000
56186  -5.914  -3.699  51.418 6.0000000000
56187  -5.757  -3.401  51.656 6.0000000000
56188  -6.000  -1.938  51.717 7.0000000000
56189  -6.156  -2.271  51.414 7.0000000000
56190  -6.344  -1.692  51.306 7.0000000000
56191  -6.686  -1.441  50.892 7.0000000000
56192  -6.525  -1.110  51.199 7.0000000000
56193  -6.976  3.935  52.194 6.0000000000
56194  -7.094  3.607  51.852 6.0000000000
56195  -7.248  4.181  51.745 6.0000000000
56197  -7.764  4.686  50.812 6.0000000000
56224  -4.026  -4.807  53.341 6.0000000000
56225  -5.025  -3.864  52.446 6.0000000000
56226  -4.800  -4.399  52.573 6.0000000000
56227  -5.176  -4.176  52.186 6.0000000000
56228  -5.335  -4.462  51.968 6.0000000000
56237  2.785  -1.730  59.540 6.0000000000
56238  3.307  -1.688  59.821 6.0000000000
56240  4.015  -3.542  59.594 6.0000000000
56241  4.108  -3.069  59.797 6.0000000000
56242  4.571  -3.511  59.902 6.0000000000
63362  -6.835  6.018  52.970 6.0000000000
63370  -4.763  5.527  55.937 6.0000000000
63371  -5.070  5.784  55.555 6.0000000000
63372  -4.819  5.998  55.804 6.0000000000
63385  -4.412  -1.256  54.048 6.0000000000
63386  -4.769  -1.056  53.671 7.0000000000
63387  -4.650  -0.701  53.976 7.0000000000
63388  -5.000  0.762  54.151 7.0000000000
63389  -5.111  0.414  53.835 7.0000000000
63390  -5.331  0.973  53.767 7.0000000000
63391  -5.655  1.191  53.372 7.0000000000
63392  -5.542  1.533  53.699 7.0000000000
63393  -4.550  2.136  55.381 7.0000000000
63394  -4.666  1.797  55.081 7.0000000000
63395  -4.876  2.342  55.031 7.0000000000
63396  -5.686  3.328  54.221 6.0000000000
63397  -5.507  2.772  54.287 7.0000000000
63398  -5.813  2.996  53.893 7.0000000000
63399  -5.934  2.660  53.561 7.0000000000
63400  -6.112  3.225  53.486 6.0000000000
63401  -6.406  3.457  53.065 6.0000000000
63402  -6.278  3.788  53.404 6.0000000000
63403  -6.427  5.219  53.545 6.0000000000
63404  -6.575  4.909  53.215 6.0000000000
63405  -6.710  5.465  53.101 6.0000000000
63406  -6.990  5.715  52.644 6.0000000000
63415  -2.017  -0.131  57.089 7.0000000000
63416  -1.711  -0.616  57.133 6.0000000000
63417  -2.106  -0.524  56.836 6.0000000000
63418  -2.689  -1.172  56.000 6.0000000000
63419  -2.297  -1.299  56.314 6.0000000000
63420  -2.401  -1.683  56.050 6.0000000000
63424  -2.906  -1.931  55.456 6.0000000000
63425  -3.929  -1.078  54.710 6.0000000000
63426  -3.674  -1.619  54.773 6.0000000000
63427  -4.047  -1.444  54.416 6.0000000000
63428  -4.170  -1.809  54.122 6.0000000000
63429  2.055  3.769  60.035 6.0000000000
63430  2.493  3.333  60.242 6.0000000000
63431  1.981  3.256  60.056 6.0000000000
63432  1.351  2.188  59.775 7.0000000000
63433  1.845  2.244  59.988 7.0000000000
63434  1.780  1.737  59.905 7.0000000000
63435  2.216  1.277  60.025 7.0000000000
63436  1.714  1.226  59.792 7.0000000000
63437  -0.467  2.019  58.884 7.0000000000
63438  -0.039  2.054  59.112 7.0000000000
63439  -0.091  1.570  58.982 7.0000000000
63440  0.617  0.144  58.972 7.0000000000
63441  0.687  0.642  59.155 7.0000000000
63442  1.090  0.167  59.233 7.0000000000
63443  1.577  0.198  59.491 7.0000000000
63444  1.502  -0.310  59.310 7.0000000000
63445  1.923  -0.788  59.385 6.0000000000
63446  1.423  -0.810  59.112 6.0000000000
63458  -2.191  5.376  57.951 7.0000000000
63459  -2.143  5.838  57.804 6.0000000000
63460  -1.790  5.474  58.112 7.0000000000
63461  -0.552  5.273  58.706 6.0000000000
63462  -0.929  5.666  58.411 6.0000000000
63463  -0.471  5.766  58.552 6.0000000000
63467  0.391  5.461  59.000 6.0000000000
63468  1.124  4.119  59.638 6.0000000000
63469  1.203  4.628  59.560 6.0000000000
63470  1.624  4.201  59.808 6.0000000000
63471  2.135  4.287  59.973 6.0000000000
70630  -7.370  -5.761  51.315 7.0000000000
70631  -7.725  -5.490  50.982 7.0000000000
70632  -7.421  -5.281  50.939 7.0000000000
70633  -7.341  -4.122  50.226 7.0000000000
70634  -7.566  -4.321  50.210 7.0000000000
70635  -7.665  -3.839  49.866 7.0000000000
70636  -7.977  -3.552  49.500 7.0000000000
70637  -7.781  -3.352  49.543 7.0000000000
70638  -6.626  -3.188  50.657 6.0000000000
70639  -6.786  -3.451  50.487 7.0000000000
70640  -6.968  -2.923  50.277 7.0000000000
70641  -7.787  -1.832  49.307 6.0000000000
70642  -7.615  -2.377  49.508 7.0000000000
70643  -7.920  -2.098  49.118 6.0000000000
70644  -8.058  -2.342  48.968 7.0000000000
70653  -5.459  -0.619  52.895 7.0000000000
70654  -5.581  -0.951  52.599 7.0000000000
70655  -5.789  -0.385  52.500 7.0000000000
70656  -6.609  0.677  51.594 7.0000000000
70657  -6.423  0.108  51.700 7.0000000000
70658  -6.731  0.364  51.287 7.0000000000
70659  -6.871  0.047  50.979 7.0000000000
70660  -7.040  0.622  50.865 7.0000000000
70661  -7.310  2.965  51.173 6.0000000000
70662  -7.143  2.391  51.281 6.0000000000
70663  -7.418  2.652  50.838 6.0000000000
70664  -7.973  2.293  49.743 6.0000000000
70665  -7.671  2.030  50.187 6.0000000000
70666  -7.819  1.719  49.874 6.0000000000
70667  -7.664  1.143  50.002 6.0000000000
70668  -7.975  1.406  49.570 6.0000000000
70669  -8.135  1.093  49.273 6.0000000000
70670  -8.279  1.672  49.139 6.0000000000
70750  -4.106  -5.867  53.082 6.0000000000
70752  -4.303  -6.108  52.959 6.0000000000
70753  -5.207  -6.326  52.534 6.0000000000
70760  -6.694  -5.812  51.597 6.0000000000
70761  -6.617  -6.276  51.959 6.0000000000
70762  -7.001  -6.023  51.640 6.0000000000
70763  -7.330  -6.240  51.695 6.0000000000
70787  3.386  2.447  60.603 6.0000000000
70788  3.907  2.529  60.795 6.0000000000
70789  3.837  1.998  60.762 6.0000000000
70790  4.680  0.546  60.955 6.0000000000
70792  5.227  0.626  61.184 6.0000000000
70794  5.704  0.155  61.321 6.0000000000
70795  4.364  -1.581  60.372 6.0000000000
70796  4.445  -1.061  60.543 6.0000000000
70797  4.906  -1.522  60.645 6.0000000000
70799  6.023  -1.407  61.201 6.0000000000
70801  6.665  -0.804  61.620 6.0000000000
76233  -8.398  -4.924  50.288 7.0000000000
76234  -8.727  -5.135  50.335 6.0000000000
76235  -8.720  -4.633  49.926 7.0000000000
76236  -9.333  -3.535  48.762 7.0000000000
76237  -9.345  -4.036  49.177 7.0000000000
76238  -9.650  -3.734  48.790 7.0000000000
76239  -9.993  -3.937  48.823 6.0000000000
76240  -9.950  -3.429  48.394 7.0000000000
76242  -9.410  -2.066  47.565 6.0000000000
76244  -10.465  -1.820  46.722 6.0000000000
76245  -10.189  -2.126  47.141 6.0000000000
76246  -10.493  -2.313  47.149 6.0000000000
92162  -3.869  3.663  56.776 7.0000000000
92163  -3.983  4.121  56.749 7.0000000000
92164  -3.678  3.892  57.030 7.0000000000
92165  -3.454  4.074  57.273 7.0000000000
92166  -3.195  4.211  57.505 7.0000000000
92167  -3.335  2.244  56.859 7.0000000000
92168  -3.662  2.409  56.574 7.0000000000
92169  -3.545  2.719  56.824 7.0000000000
92170  -3.724  3.194  56.798 7.0000000000
92171  -2.342  1.970  57.662 7.0000000000
92172  -2.416  1.582  57.456 7.0000000000
92173  -2.676  2.019  57.400 7.0000000000
92174  -3.006  2.111  57.134 7.0000000000
92175  -2.239  3.201  58.084 7.0000000000
92176  -1.921  2.809  58.212 7.0000000000
92177  -2.251  2.783  57.985 7.0000000000
92178  -2.285  2.371  57.842 7.0000000000
92179  -2.904  4.316  57.724 7.0000000000
92180  -2.876  3.906  57.734 7.0000000000
92181  -2.557  3.569  57.927 7.0000000000
93616  -5.242  -3.313  52.333 6.0000000000
93617  -5.603  -3.082  51.931 6.0000000000
93618  -5.451  -2.749  52.227 6.0000000000
93619  -5.653  -2.178  52.124 6.0000000000
93620  -5.850  -1.605  52.020 7.0000000000
93621  -7.267  5.077  51.971 6.0000000000
93622  -7.392  4.753  51.629 6.0000000000
93623  -7.527  5.325  51.503 6.0000000000
93634  -3.675  -2.898  54.281 6.0000000000
93636  -3.817  -3.253  54.016 6.0000000000
93637  -3.967  -3.599  53.759 6.0000000000
93638  -4.120  -3.943  53.497 6.0000000000
93639  -4.270  -4.283  53.225 6.0000000000
93640  -4.503  -3.745  53.118 6.0000000000
93641  -4.876  -3.534  52.730 6.0000000000
97922  -6.266  5.514  53.866 6.0000000000
97923  -6.379  6.049  53.736 6.0000000000
97924  -6.089  5.794  54.173 6.0000000000
97925  -5.893  6.058  54.465 6.0000000000
97926  -5.676  6.304  54.737 6.0000000000
97927  -4.223  5.918  56.408 6.0000000000
97928  -4.540  6.196  56.032 6.0000000000
97929  -4.234  6.380  56.241 6.0000000000
97936  -4.179  -0.534  54.648 6.0000000000
97937  -4.535  -0.344  54.281 7.0000000000
97938  -4.424  0.012  54.586 7.0000000000
97939  -4.661  0.559  54.525 7.0000000000
97940  -4.889  1.109  54.465 7.0000000000
97941  -4.939  3.211  55.287 7.0000000000
97942  -5.071  2.887  54.979 7.0000000000
97943  -5.249  3.430  54.924 7.0000000000
97944  -5.553  3.654  54.545 6.0000000000
97945  -5.851  3.882  54.150 6.0000000000
97946  -6.144  4.114  53.740 6.0000000000
97947  -6.002  4.431  54.069 6.0000000000
97948  -6.140  4.976  53.976 6.0000000000
97953  -1.061  -1.589  57.226 6.0000000000
97954  -2.773  0.084  56.489 7.0000000000
97955  -2.492  -0.415  56.533 6.0000000000
97956  -2.870  -0.289  56.223 6.0000000000
97957  -2.969  -0.660  55.952 6.0000000000
97958  -3.072  -1.032  55.677 6.0000000000
97959  -3.180  -1.406  55.400 6.0000000000
97960  -3.448  -0.879  55.345 6.0000000000
97961  -3.817  -0.713  55.002 6.0000000000
97962  1.054  3.617  59.674 7.0000000000
97963  1.479  3.186  59.866 7.0000000000
97964  0.990  3.121  59.671 7.0000000000
97965  0.930  2.630  59.632 7.0000000000
97966  0.871  2.138  59.557 7.0000000000
97967  -0.578  1.067  58.571 7.0000000000
97968  -0.150  1.084  58.824 7.0000000000
97969  -0.216  0.602  58.641 7.0000000000
97970  0.157  0.130  58.707 7.0000000000
97971  0.541  -0.345  58.771 7.0000000000
97972  0.936  -0.823  58.836 6.0000000000
97973  0.461  -0.824  58.558 6.0000000000
97974  0.377  -1.292  58.335 6.0000000000
97978  -2.001  6.794  57.406 6.0000000000
97979  -1.473  4.632  58.488 7.0000000000
97980  -1.428  5.097  58.397 7.0000000000
97981  -1.056  4.709  58.657 7.0000000000
97982  -0.620  4.789  58.821 7.0000000000
97983  -0.166  4.872  58.980 6.0000000000
97984  0.305  4.958  59.136 6.0000000000
97985  0.231  4.461  59.232 6.0000000000
97986  0.638  4.043  59.463 6.0000000000
102283  -6.782  -5.345  51.243 6.0000000000
102284  -7.141  -5.077  50.910 7.0000000000
102285  -6.885  -4.875  50.902 6.0000000000
102286  -7.004  -4.399  50.578 7.0000000000
102287  -7.139  -3.914  50.274 7.0000000000
102288  -7.003  -2.081  50.328 7.0000000000
102289  -7.152  -2.377  50.092 7.0000000000
102290  -7.333  -1.816  49.931 7.0000000000
102291  -7.652  -1.546  49.532 6.0000000000
102292  -7.959  -1.273  49.131 6.0000000000
102297  -5.880  0.512  52.720 7.0000000000
102298  -5.994  0.182  52.406 7.0000000000
102299  -6.194  0.749  52.315 7.0000000000
102300  -6.497  0.994  51.906 7.0000000000
102301  -6.791  1.247  51.490 7.0000000000
102302  -7.856  3.490  50.258 6.0000000000
102303  -7.699  2.915  50.385 6.0000000000
102304  -7.988  3.178  49.928 6.0000000000
102305  -8.128  2.867  49.608 6.0000000000
102306  -8.274  2.556  49.300 6.0000000000
102307  -8.422  2.247  49.000 6.0000000000
102355  -4.917  -5.437  52.377 6.0000000000
102356  -4.717  -5.894  52.619 6.0000000000
102357  -5.125  -5.667  52.281 6.0000000000
102358  -5.359  -5.884  52.229 6.0000000000
102359  -5.621  -6.095  52.216 6.0000000000
102360  -5.908  -6.304  52.233 6.0000000000
102361  -6.022  -5.854  51.895 6.0000000000
102362  -6.409  -5.604  51.571 6.0000000000
102377  3.247  1.397  60.480 7.0000000000
102378  3.768  1.468  60.698 7.0000000000
102379  3.697  0.934  60.606 7.0000000000
102380  4.148  0.470  60.724 6.0000000000
102381  4.603  0.005  60.838 6.0000000000
102382  5.301  -2.494  60.584 6.0000000000
102383  5.381  -1.985  60.758 6.0000000000
105645  -8.447  -3.938  49.496 7.0000000000
105646  -8.727  -4.134  49.521 7.0000000000
105647  -8.750  -3.642  49.122 7.0000000000
105648  -9.047  -3.342  48.741 7.0000000000
105649  -9.339  -3.040  48.353 7.0000000000
105653  -10.459  -1.337  46.301 6.0000000000
115202  -5.085  4.553  55.473 6.0000000000
115203  -5.200  5.055  55.392 6.0000000000
115204  -4.897  4.815  55.764 6.0000000000
115205  -4.687  5.055  56.040 6.0000000000
115206  -4.452  5.271  56.299 6.0000000000
115207  -4.072  4.569  56.706 7.0000000000
115208  -4.140  5.015  56.638 6.0000000000
115209  -4.191  5.463  56.540 6.0000000000
115210  -3.902  5.635  56.762 6.0000000000
115211  -3.586  5.792  56.965 6.0000000000
115212  -3.244  5.935  57.150 6.0000000000
115213  -3.752  0.891  55.810 7.0000000000
115214  -4.100  1.067  55.476 7.0000000000
115215  -3.992  1.414  55.764 7.0000000000
115216  -4.219  1.940  55.719 7.0000000000
115217  -4.431  2.469  55.676 7.0000000000
115218  -3.986  2.595  56.277 7.0000000000
115219  -4.307  2.792  55.964 7.0000000000
115220  -4.625  2.998  55.634 7.0000000000
115221  -4.799  3.524  55.589 7.0000000000
115222  -4.952  4.042  55.537 6.0000000000
115223  -1.137  0.163  57.893 7.0000000000
115224  -1.218  -0.268  57.663 7.0000000000
115225  -1.540  0.206  57.615 7.0000000000
115226  -1.931  0.269  57.332 7.0000000000
115227  -2.309  0.353  57.044 7.0000000000
115228  -2.499  1.204  57.234 7.0000000000
115229  -2.588  0.831  56.997 7.0000000000
115230  -2.679  0.458  56.748 7.0000000000
115231  -3.042  0.583  56.445 7.0000000000
115232  -3.399  0.729  56.133 7.0000000000
115233  -0.761  3.377  58.913 7.0000000000
115234  -0.379  2.961  59.070 7.0000000000
115235  -0.798  2.916  58.862 7.0000000000
115236  -0.835  2.455  58.774 7.0000000000
115237  -0.878  1.991  58.651 7.0000000000
115238  -1.599  2.397  58.319 7.0000000000
115239  -1.270  1.969  58.413 7.0000000000
115240  -0.929  1.524  58.496 7.0000000000
115241  -0.991  1.061  58.314 7.0000000000
115242  -1.061  0.606  58.111 7.0000000000
115243  -2.877  6.067  57.320 6.0000000000
115244  -2.909  5.611  57.477 7.0000000000
115245  -2.569  5.275  57.780 7.0000000000
115246  -2.222  4.924  58.058 7.0000000000
115247  -2.585  4.403  57.930 7.0000000000
115248  -2.239  4.481  58.126 7.0000000000
115249  -1.867  4.557  58.311 7.0000000000
115250  -1.505  4.175  58.536 7.0000000000
115251  -1.137  3.781  58.736 7.0000000000
118594  -5.886  -4.477  51.442 6.0000000000
118595  -6.254  -4.222  51.083 6.0000000000
118596  -6.079  -3.972  51.227 6.0000000000
118597  -6.275  -3.447  51.037 6.0000000000
118598  -6.470  -2.902  50.871 6.0000000000
118599  -5.960  -2.842  51.529 6.0000000000
118600  -6.314  -2.595  51.127 7.0000000000
118601  -6.662  -2.341  50.727 7.0000000000
118602  -6.848  -1.767  50.598 7.0000000000
118603  -7.024  -1.186  50.478 7.0000000000
118604  -7.192  -0.601  50.363 7.0000000000
118605  -6.647  2.790  52.384 6.0000000000
118606  -6.758  2.460  52.046 6.0000000000
118607  -6.931  3.033  51.951 6.0000000000
118608  -7.205  3.283  51.511 6.0000000000
118609  -7.470  3.540  51.060 6.0000000000
118610  -7.509  4.431  51.286 6.0000000000
118611  -7.621  4.113  50.941 6.0000000000
118612  -7.735  3.800  50.597 6.0000000000
118613  -8.009  4.063  50.125 6.0000000000
118649  -3.932  -5.603  53.254 6.0000000000
118650  -4.336  -5.402  52.887 6.0000000000
118651  -4.417  -4.609  52.958 6.0000000000
118652  -4.569  -4.912  52.718 6.0000000000
118653  -4.733  -5.187  52.522 6.0000000000
118654  -5.124  -4.960  52.159 6.0000000000
118655  -5.509  -4.723  51.800 6.0000000000
118667  2.950  -0.714  59.923 6.0000000000
118668  3.471  -0.662  60.187 6.0000000000
118669  3.391  -1.180  60.010 6.0000000000
118670  3.832  -1.637  60.098 6.0000000000
118671  4.281  -2.088  60.189 6.0000000000
118672  3.659  -2.629  59.705 6.0000000000
118673  4.196  -2.584  59.997 6.0000000000
118674  4.743  -2.539  60.289 6.0000000000
118675  5.219  -2.992  60.403 6.0000000000
128653  -5.297  5.550  55.287 6.0000000000
128654  -5.374  6.042  55.155 6.0000000000
128656  -4.854  6.473  55.636 6.0000000000
128671  -4.666  -1.964  53.462 6.0000000000
128672  -5.023  -1.746  53.085 6.0000000000
128673  -4.894  -1.405  53.372 6.0000000000
128674  -5.118  -0.843  53.286 7.0000000000
128675  -5.340  -0.279  53.202 7.0000000000
128676  -4.884  -0.144  53.904 7.0000000000
128677  -5.224  0.066  53.517 7.0000000000
128678  -5.557  0.285  53.122 7.0000000000
128679  -5.767  0.850  53.044 7.0000000000
128680  -5.971  1.416  52.968 7.0000000000
128681  -6.167  1.984  52.890 7.0000000000
128682  -4.442  1.256  55.132 7.0000000000
128683  -4.778  1.455  54.775 7.0000000000
128684  -5.107  1.662  54.407 7.0000000000
128685  -5.195  2.554  54.666 7.0000000000
128686  -5.314  2.216  54.348 7.0000000000
128687  -5.429  1.875  54.025 7.0000000000
128688  -5.744  2.096  53.631 7.0000000000
128689  -6.052  2.322  53.225 7.0000000000
128690  -6.353  2.553  52.809 7.0000000000
128691  -6.529  3.123  52.724 6.0000000000
128692  -6.694  3.694  52.634 6.0000000000
128693  -6.849  4.264  52.536 6.0000000000
128694  -6.432  4.350  53.315 6.0000000000
128695  -6.716  4.590  52.877 6.0000000000
128696  -6.995  4.833  52.428 6.0000000000
128697  -7.133  5.400  52.309 6.0000000000
128710  -1.303  -0.689  57.424 6.0000000000
128711  -1.392  -1.101  57.178 6.0000000000
128712  -1.485  -1.507  56.926 6.0000000000
128713  -2.200  -0.913  56.577 6.0000000000
128714  -1.896  -1.410  56.623 6.0000000000
128722  -3.294  -1.781  55.120 6.0000000000
128723  -3.414  -2.157  54.838 6.0000000000
128724  -3.541  -2.532  54.556 6.0000000000
128725  -3.925  -2.357  54.199 6.0000000000
128726  -4.300  -2.168  53.834 6.0000000000
128727  3.087  3.941  60.370 6.0000000000
128728  3.530  3.502  60.591 6.0000000000
128729  3.010  3.414  60.420 6.0000000000
128730  2.937  2.892  60.430 6.0000000000
128731  2.867  2.374  60.404 6.0000000000
128732  1.911  2.749  60.040 7.0000000000
128733  2.351  2.306  60.199 7.0000000000
128734  2.797  1.855  60.345 7.0000000000
128735  2.728  1.334  60.255 7.0000000000
128736  2.658  0.809  60.138 7.0000000000
128737  2.586  0.283  59.997 7.0000000000
128738  0.011  2.533  59.210 7.0000000000
128739  0.408  2.094  59.337 7.0000000000
128740  0.813  1.642  59.451 7.0000000000
128741  0.294  1.110  59.072 7.0000000000
128742  0.752  1.143  59.316 7.0000000000
128743  1.226  1.181  59.556 7.0000000000
128744  1.647  0.712  59.653 7.0000000000
128745  2.076  0.237  59.746 7.0000000000
128746  2.511  -0.240  59.835 7.0000000000
128747  2.433  -0.755  59.656 6.0000000000
128748  2.352  -1.262  59.462 6.0000000000
128750  1.341  -1.301  58.902 6.0000000000
128765  -2.489  6.192  57.476 6.0000000000
128766  -2.080  6.311  57.622 6.0000000000
128767  -1.652  6.427  57.759 6.0000000000
128768  -1.369  5.570  58.265 6.0000000000
128769  -1.295  6.051  58.095 6.0000000000
128777  0.791  5.048  59.290 6.0000000000
128781  2.651  4.378  60.130 6.0000000000
137845  -8.044  -6.197  51.430 6.0000000000
137846  -8.399  -5.922  51.093 6.0000000000
137847  -8.052  -5.704  51.034 7.0000000000
137848  -8.067  -5.211  50.640 7.0000000000
137849  -8.094  -4.719  50.247 7.0000000000
137850  -7.485  -4.801  50.568 7.0000000000
137851  -7.817  -4.519  50.219 7.0000000000
137852  -8.136  -4.231  49.862 7.0000000000
137853  -8.198  -3.746  49.487 7.0000000000
137854  -8.279  -3.261  49.127 7.0000000000
137855  -8.378  -2.772  48.787 7.0000000000
137856  -6.611  -3.961  50.723 6.0000000000
137857  -6.955  -3.692  50.360 7.0000000000
137858  -7.287  -3.418  49.993 7.0000000000
137859  -7.298  -2.652  49.894 7.0000000000
137860  -7.447  -2.906  49.737 7.0000000000
137861  -7.607  -3.138  49.620 7.0000000000
137862  -7.913  -2.854  49.243 7.0000000000
137863  -8.209  -2.566  48.859 7.0000000000
137874  -5.371  -1.516  52.701 7.0000000000
137875  -5.710  -1.277  52.311 7.0000000000
137876  -6.043  -1.032  51.914 7.0000000000
137877  -6.110  -0.142  52.103 7.0000000000
137878  -6.234  -0.461  51.806 7.0000000000
137879  -6.372  -0.783  51.506 7.0000000000
137880  -6.700  -0.530  51.091 7.0000000000
137881  -7.028  -0.275  50.669 7.0000000000
137882  -7.353  -0.017  50.246 6.0000000000
137883  -6.865  2.135  51.713 6.0000000000
137884  -6.969  1.818  51.386 6.0000000000
137885  -7.080  1.506  51.065 6.0000000000
137886  -7.537  2.341  50.509 6.0000000000
137887  -7.372  1.767  50.629 6.0000000000
137888  -7.207  1.195  50.748 6.0000000000
137889  -7.351  0.881  50.435 6.0000000000
137890  -7.510  0.565  50.126 6.0000000000
137891  -7.675  0.244  49.824 6.0000000000
137892  -7.988  0.510  49.402 6.0000000000
137995  -4.528  -6.332  52.884 6.0000000000
138004  -6.218  -6.518  52.272 6.0000000000
138005  -6.549  -6.738  52.326 6.0000000000
138006  -6.897  -6.963  52.390 6.0000000000
138038  3.980  3.061  60.794 6.0000000000
138047  3.994  -0.600  60.446 6.0000000000
138048  4.524  -0.532  60.700 6.0000000000
138049  5.067  -0.462  60.951 6.0000000000
138050  5.461  -1.465  60.920 6.0000000000
138051  5.541  -0.933  61.070 6.0000000000
138052  5.623  -0.392  61.204 6.0000000000
138053  6.185  -0.323  61.465 6.0000000000
138054  6.744  -0.251  61.737 6.0000000000
144690  -8.742  -5.639  50.746 6.0000000000
144691  -9.077  -5.348  50.388 6.0000000000
144692  -9.405  -5.051  50.020 6.0000000000
144693  -9.036  -4.336  49.556 7.0000000000
144694  -9.371  -4.542  49.597 6.0000000000
144695  -9.728  -4.750  49.642 6.0000000000
144696  -10.045  -4.447  49.255 6.0000000000
144697  -10.358  -4.142  48.860 6.0000000000
144698  -10.667  -3.834  48.457 6.0000000000
144699  -9.136  -2.367  47.966 6.0000000000
144700  -9.364  -2.551  47.953 6.0000000000
144701  -9.626  -2.736  47.957 6.0000000000
144702  -9.918  -1.943  47.143 6.0000000000
144703  -9.909  -2.431  47.553 6.0000000000
144704  -9.921  -2.927  47.971 6.0000000000
144705  -10.247  -3.123  47.991 6.0000000000
