#!ascii label  , from subject 40tvs8ref_sym_20 vox2ras=TkReg
865
273  -6.876  17.162  -6.103 6.0000000000
275  -4.004  41.382  -12.695 6.0000000000
753  -8.512  32.659  -6.270 6.0000000000
1188  -3.614  43.404  -16.445 6.0000000000
1645  -7.086  26.376  -6.607 6.0000000000
1646  -5.761  29.047  -9.194 7.0000000000
1647  -4.903  31.566  -12.452 7.0000000000
1648  -4.924  38.738  -9.712 6.0000000000
1891  -13.898  26.843  -5.683 6.0000000000
2257  -7.333  28.387  -25.947 6.0000000000
2258  -4.517  33.789  -16.253 6.0000000000
2259  -4.584  35.721  -20.433 6.0000000000
3697  -10.915  25.408  -4.560 6.0000000000
3698  -9.697  22.408  -3.892 6.0000000000
3699  -9.767  26.764  -4.973 7.0000000000
3701  -7.732  29.595  -6.170 6.0000000000
3702  -6.833  31.051  -7.026 6.0000000000
3703  -6.374  27.721  -7.813 7.0000000000
3704  -6.036  32.503  -8.084 6.0000000000
3705  -5.361  33.914  -9.338 6.0000000000
4981  -6.976  11.748  -4.175 6.0000000000
4982  -6.652  12.752  -5.889 6.0000000000
5001  -6.937  27.306  -23.805 6.0000000000
5002  -4.407  36.529  -12.400 7.0000000000
5003  -4.649  32.722  -14.295 6.0000000000
5004  -4.117  37.686  -14.180 6.0000000000
5005  -3.542  44.154  -18.516 6.0000000000
5006  -3.894  39.630  -18.162 6.0000000000
5007  -3.880  40.424  -20.300 6.0000000000
5008  -4.663  36.517  -22.594 6.0000000000
6732  -6.497  18.272  -7.721 6.0000000000
6733  -6.466  13.772  -7.727 6.0000000000
6746  -3.753  42.487  -14.488 6.0000000000
6748  -3.647  47.647  -17.243 6.0000000000
7677  -8.709  28.161  -5.501 7.0000000000
7678  -7.883  25.030  -5.567 6.0000000000
7680  -6.468  22.954  -7.724 7.0000000000
7681  -5.996  24.177  -9.265 7.0000000000
7682  -5.616  25.397  -10.966 6.0000000000
7683  -5.344  26.583  -12.795 6.0000000000
7684  -5.272  30.336  -10.749 7.0000000000
7685  -4.821  35.264  -10.781 7.0000000000
7686  -4.393  40.120  -11.103 7.0000000000
8289  -12.399  28.258  -5.656 6.0000000000
9331  -7.611  29.408  -28.057 6.0000000000
9332  -5.197  27.717  -14.738 6.0000000000
9333  -5.180  28.802  -16.766 6.0000000000
9334  -5.303  29.848  -18.845 6.0000000000
9335  -3.961  38.720  -16.109 6.0000000000
9336  -4.511  34.790  -18.307 6.0000000000
9337  -5.526  30.890  -20.966 6.0000000000
9338  -5.772  31.848  -23.112 6.0000000000
9339  -5.958  32.704  -25.258 6.0000000000
11377  -10.952  27.545  -5.181 6.0000000000
11378  -10.329  26.081  -4.752 6.0000000000
11379  -10.328  28.245  -5.318 6.0000000000
11383  -6.421  31.781  -7.529 6.0000000000
12661  -6.945  14.403  -5.183 6.0000000000
12662  -6.764  14.929  -6.002 6.0000000000
12682  -4.164  38.975  -12.502 7.0000000000
12683  -4.245  37.122  -13.271 7.0000000000
12684  -4.011  39.564  -13.367 6.0000000000
12686  -3.660  42.320  -19.343 6.0000000000
15060  -6.336  18.837  -8.571 6.0000000000
15086  -3.795  49.270  -16.806 6.0000000000
15087  -3.771  49.571  -17.823 6.0000000000
15088  -3.620  47.944  -18.276 6.0000000000
16860  -9.105  31.902  -6.085 6.0000000000
16861  -9.147  29.676  -5.679 6.0000000000
16862  -8.589  30.405  -5.905 6.0000000000
16863  -7.435  28.008  -6.305 6.0000000000
16864  -7.869  27.309  -5.858 6.0000000000
16865  -7.475  25.703  -6.067 6.0000000000
16867  -7.072  24.049  -6.450 6.0000000000
16868  -6.737  22.343  -7.007 6.0000000000
16869  -6.739  24.690  -7.081 6.0000000000
16870  -6.054  28.387  -8.481 7.0000000000
16871  -6.147  25.972  -8.455 7.0000000000
16872  -5.886  26.609  -9.205 7.0000000000
16873  -5.794  24.788  -10.096 7.0000000000
16874  -5.653  27.242  -9.998 7.0000000000
16875  -5.447  27.865  -10.830 7.0000000000
16876  -5.501  29.699  -9.952 7.0000000000
16877  -5.107  36.331  -9.496 6.0000000000
16878  -5.074  34.598  -10.036 6.0000000000
16879  -4.820  37.028  -10.175 6.0000000000
16880  -4.568  37.704  -10.905 7.0000000000
16881  -4.640  39.442  -10.382 6.0000000000
18227  -13.717  24.806  -4.922 6.0000000000
18229  -12.981  25.485  -4.940 6.0000000000
18230  -12.274  26.168  -4.990 6.0000000000
18231  -13.134  27.549  -5.653 6.0000000000
20764  -8.174  26.900  -27.360 6.0000000000
20765  -8.349  27.470  -28.412 6.0000000000
20766  -7.493  28.904  -27.008 6.0000000000
20767  -5.124  29.072  -12.591 6.0000000000
20768  -5.255  27.157  -13.753 6.0000000000
20769  -5.006  29.652  -13.520 6.0000000000
20770  -4.567  33.267  -15.261 6.0000000000
20771  -4.861  30.765  -15.466 6.0000000000
20772  -4.837  31.293  -16.472 6.0000000000
20773  -5.225  29.325  -17.801 6.0000000000
20774  -4.848  31.807  -17.497 6.0000000000
20775  -3.674  42.971  -15.449 6.0000000000
20776  -3.811  40.635  -15.229 6.0000000000
20777  -3.749  41.106  -16.217 6.0000000000
20778  -4.180  37.689  -19.231 6.0000000000
20779  -4.176  37.238  -18.173 6.0000000000
20780  -4.543  35.272  -19.362 6.0000000000
20781  -4.957  32.824  -19.595 6.0000000000
20782  -5.036  33.307  -20.664 6.0000000000
20783  -5.652  31.383  -22.036 6.0000000000
20784  -5.118  33.758  -21.739 6.0000000000
20785  -4.686  36.869  -23.676 6.0000000000
20786  -5.250  34.571  -23.895 6.0000000000
20787  -5.290  34.942  -24.967 6.0000000000
20788  -6.013  33.106  -26.318 6.0000000000
25089  -10.300  23.924  -4.153 6.0000000000
25090  -9.771  24.581  -4.433 6.0000000000
25091  -9.266  25.248  -4.743 7.0000000000
25095  -7.271  30.321  -6.574 6.0000000000
25096  -7.017  28.710  -6.799 6.0000000000
25097  -6.718  27.050  -7.189 6.0000000000
25098  -6.622  29.413  -7.339 6.0000000000
25099  -6.251  30.111  -7.925 6.0000000000
25100  -5.906  30.802  -8.558 6.0000000000
25101  -5.593  31.484  -9.238 7.0000000000
25102  -5.682  33.214  -8.688 6.0000000000
25103  -5.431  35.618  -8.865 6.0000000000
25913  -14.480  24.131  -4.931 6.0000000000
25914  -14.688  26.142  -5.742 6.0000000000
27399  -6.794  12.248  -5.016 6.0000000000
27435  -7.142  27.856  -24.875 6.0000000000
27436  -4.666  34.057  -12.386 7.0000000000
27437  -4.761  32.154  -13.357 7.0000000000
27438  -4.508  34.649  -13.271 7.0000000000
27439  -4.380  35.216  -14.190 6.0000000000
27440  -4.284  35.757  -15.142 6.0000000000
27441  -3.570  43.794  -17.470 6.0000000000
27442  -3.705  41.538  -17.236 6.0000000000
27443  -3.676  41.944  -18.281 6.0000000000
27444  -3.883  40.048  -19.224 6.0000000000
27445  -4.195  38.104  -20.305 6.0000000000
27446  -4.629  36.135  -21.512 6.0000000000
27447  -4.209  38.482  -21.387 6.0000000000
31068  -6.675  17.716  -6.899 6.0000000000
31069  -6.613  15.457  -6.853 6.0000000000
31070  -6.485  15.989  -7.730 6.0000000000
31099  -3.957  43.713  -12.990 6.0000000000
31100  -3.861  41.955  -13.567 6.0000000000
31101  -3.818  44.258  -13.878 6.0000000000
31102  -3.715  44.756  -14.813 6.0000000000
31103  -3.639  45.200  -15.784 6.0000000000
31105  -3.692  47.301  -16.234 6.0000000000
31106  -3.583  45.590  -16.786 6.0000000000
31107  -3.545  45.934  -17.814 6.0000000000
33453  -9.727  28.955  -5.485 7.0000000000
33454  -9.227  27.458  -5.223 7.0000000000
33455  -8.782  25.926  -5.083 6.0000000000
33456  -8.212  28.874  -5.814 6.0000000000
33457  -8.318  26.613  -5.453 6.0000000000
33458  -8.307  24.362  -5.104 6.0000000000
33463  -6.492  20.601  -7.718 6.0000000000
33464  -6.285  21.188  -8.517 6.0000000000
33465  -6.432  25.332  -7.749 7.0000000000
33466  -6.221  23.566  -8.475 7.0000000000
33467  -6.096  21.775  -9.353 6.0000000000
33468  -5.929  22.365  -10.226 6.0000000000
33469  -5.787  22.955  -11.136 6.0000000000
33470  -5.667  23.541  -12.076 6.0000000000
33471  -5.576  24.118  -13.042 6.0000000000
33472  -5.465  25.995  -11.866 6.0000000000
33473  -5.270  28.475  -11.694 7.0000000000
33474  -5.073  30.959  -11.583 7.0000000000
33475  -5.315  32.153  -9.963 7.0000000000
33476  -5.069  32.806  -10.732 7.0000000000
33477  -4.853  33.441  -11.540 7.0000000000
33478  -4.599  35.909  -11.570 7.0000000000
33479  -4.350  38.354  -11.681 7.0000000000
33480  -4.182  40.768  -11.873 7.0000000000
33486  -4.874  41.116  -9.986 6.0000000000
33487  -4.591  41.818  -10.655 6.0000000000
33489  -4.133  43.123  -12.155 6.0000000000
35161  -11.529  24.741  -4.398 6.0000000000
35162  -11.599  26.855  -5.071 6.0000000000
35166  -14.918  28.143  -6.487 6.0000000000
35168  -15.175  30.136  -7.172 6.0000000000
35169  -14.110  28.873  -6.383 6.0000000000
38162  -6.545  13.260  -6.794 6.0000000000
38233  -7.681  29.902  -29.094 6.0000000000
38234  -5.519  24.686  -14.032 6.0000000000
38235  -5.496  25.244  -15.044 6.0000000000
38237  -4.918  30.217  -14.481 6.0000000000
38238  -5.171  28.266  -15.744 6.0000000000
38241  -5.738  27.413  -19.197 6.0000000000
38242  -5.873  27.959  -20.249 6.0000000000
38243  -3.895  40.119  -14.277 6.0000000000
38244  -4.025  38.220  -15.126 6.0000000000
38245  -4.221  36.272  -16.125 6.0000000000
38246  -3.919  39.187  -17.122 6.0000000000
38247  -4.187  36.763  -17.137 6.0000000000
38248  -4.500  34.294  -17.270 6.0000000000
38249  -4.891  32.317  -18.539 6.0000000000
38250  -5.406  30.374  -19.901 6.0000000000
38251  -6.029  28.502  -21.311 6.0000000000
38252  -6.196  29.035  -22.376 6.0000000000
38253  -6.364  29.551  -23.447 6.0000000000
38254  -6.522  30.044  -24.524 6.0000000000
38255  -5.192  34.179  -22.817 6.0000000000
38256  -5.878  32.287  -24.189 6.0000000000
38257  -6.657  30.516  -25.595 6.0000000000
38258  -6.759  30.972  -26.654 6.0000000000
38259  -6.824  31.415  -27.702 6.0000000000
42098  -10.637  27.893  -5.246 6.0000000000
43381  -6.919  15.770  -5.652 6.0000000000
43382  -6.821  16.039  -6.053 6.0000000000
43402  -4.070  40.185  -12.586 6.0000000000
43403  -4.083  39.274  -12.929 7.0000000000
43404  -3.992  40.481  -13.014 6.0000000000
45806  -3.860  50.353  -17.644 6.0000000000
45808  -3.767  49.701  -18.341 6.0000000000
47580  -8.805  32.280  -6.172 6.0000000000
47581  -8.826  31.158  -5.986 6.0000000000
47582  -8.541  31.530  -6.092 6.0000000000
47583  -7.266  27.198  -6.435 6.0000000000
47584  -7.470  26.854  -6.182 6.0000000000
47585  -7.278  26.039  -6.331 6.0000000000
47586  -7.269  24.882  -6.236 6.0000000000
47587  -7.085  25.211  -6.524 6.0000000000
47588  -6.903  24.369  -6.761 6.0000000000
47589  -6.907  25.540  -6.822 6.0000000000
47590  -5.903  28.718  -8.831 7.0000000000
47591  -5.962  27.505  -8.821 7.0000000000
47592  -5.827  27.829  -9.192 7.0000000000
47593  -5.766  26.926  -9.596 7.0000000000
47594  -5.700  28.151  -9.575 7.0000000000
47595  -5.580  28.471  -9.968 7.0000000000
47596  -5.627  29.374  -9.568 7.0000000000
47597  -5.001  37.537  -9.596 6.0000000000
47598  -4.959  36.682  -9.829 6.0000000000
47599  -4.854  37.889  -9.927 6.0000000000
47600  -4.715  38.237  -10.271 6.0000000000
47601  -4.778  39.093  -10.041 6.0000000000
48947  -13.804  25.825  -5.310 6.0000000000
48948  -13.345  25.145  -4.927 6.0000000000
48949  -13.425  26.171  -5.303 6.0000000000
48950  -13.053  26.518  -5.304 6.0000000000
48951  -13.513  27.196  -5.664 6.0000000000
51482  -7.653  27.346  -26.123 6.0000000000
51483  -8.071  26.612  -26.831 6.0000000000
51484  -7.751  27.621  -26.656 6.0000000000
51485  -7.842  27.894  -27.185 6.0000000000
51486  -7.418  28.647  -26.479 6.0000000000
51487  -5.014  30.319  -12.512 7.0000000000
51488  -5.061  29.364  -13.051 6.0000000000
51489  -4.946  30.613  -12.967 7.0000000000
51490  -4.538  33.531  -15.754 6.0000000000
51491  -4.690  32.282  -15.850 6.0000000000
51492  -4.675  32.542  -16.352 6.0000000000
51493  -4.839  31.552  -16.983 6.0000000000
51494  -4.668  32.798  -16.860 6.0000000000
51495  -3.642  43.194  -15.943 6.0000000000
51496  -3.698  42.047  -15.817 6.0000000000
51497  -3.670  42.267  -16.317 6.0000000000
51498  -4.367  36.707  -19.817 6.0000000000
51499  -4.354  36.486  -19.282 6.0000000000
51500  -4.563  35.501  -19.896 6.0000000000
51501  -4.773  34.287  -20.001 6.0000000000
51502  -4.804  34.516  -20.537 6.0000000000
51503  -5.077  33.536  -21.201 6.0000000000
51504  -4.835  34.736  -21.075 6.0000000000
51505  -4.694  37.036  -24.217 6.0000000000
51506  -4.972  35.898  -24.312 6.0000000000
51507  -4.983  36.071  -24.851 6.0000000000
51508  -5.303  35.122  -25.503 6.0000000000
57172  -10.891  24.341  -4.234 6.0000000000
57173  -10.575  23.599  -4.025 6.0000000000
57174  -10.603  24.671  -4.341 6.0000000000
57175  -10.045  26.422  -4.859 6.0000000000
57176  -10.046  25.336  -4.576 6.0000000000
57177  -9.777  25.672  -4.705 7.0000000000
57178  -9.516  24.913  -4.585 7.0000000000
57179  -9.514  26.010  -4.841 7.0000000000
57185  -7.049  30.686  -6.794 6.0000000000
57186  -7.149  29.522  -6.667 6.0000000000
57187  -6.937  29.880  -6.909 6.0000000000
57188  -6.817  29.062  -7.063 6.0000000000
57189  -6.732  30.238  -7.163 6.0000000000
57190  -6.225  32.143  -7.800 6.0000000000
57191  -6.340  30.953  -7.708 6.0000000000
57192  -6.153  31.307  -7.999 6.0000000000
57193  -6.075  30.457  -8.236 6.0000000000
57194  -5.974  31.659  -8.302 6.0000000000
57195  -5.802  32.009  -8.617 6.0000000000
57196  -5.855  32.860  -8.380 6.0000000000
57198  -5.606  35.255  -8.569 6.0000000000
57200  -5.325  36.817  -8.972 6.0000000000
58550  -14.581  25.138  -5.344 6.0000000000
58551  -15.091  25.792  -5.779 6.0000000000
61023  -6.783  13.575  -5.521 6.0000000000
61024  -6.868  13.318  -5.102 6.0000000000
61025  -6.719  12.500  -5.448 6.0000000000
61026  -6.658  11.440  -5.369 6.0000000000
61027  -6.601  11.688  -5.823 6.0000000000
61085  -7.440  26.784  -25.054 6.0000000000
61086  -7.041  27.583  -24.339 6.0000000000
61087  -4.538  35.296  -12.383 7.0000000000
61088  -4.583  34.356  -12.824 7.0000000000
61089  -4.453  35.595  -12.816 7.0000000000
61090  -4.177  37.408  -13.720 6.0000000000
61091  -4.307  36.175  -13.711 7.0000000000
61092  -4.246  36.455  -14.172 6.0000000000
61093  -4.328  35.490  -14.662 6.0000000000
61094  -4.194  36.727  -14.642 6.0000000000
61095  -3.555  43.978  -17.991 6.0000000000
61096  -3.609  42.875  -17.860 6.0000000000
61097  -3.597  43.063  -18.385 6.0000000000
61098  -3.757  41.379  -19.805 6.0000000000
61099  -3.762  41.196  -19.269 6.0000000000
61100  -3.882  40.242  -19.761 6.0000000000
61101  -4.025  39.081  -19.748 6.0000000000
61102  -4.028  39.274  -20.287 6.0000000000
61103  -4.203  38.298  -20.846 6.0000000000
61104  -4.030  39.458  -20.827 6.0000000000
68220  -6.583  17.993  -7.307 6.0000000000
68221  -6.566  16.850  -7.298 6.0000000000
68222  -6.492  17.123  -7.726 6.0000000000
68288  -3.883  43.992  -13.428 6.0000000000
68293  -3.675  44.985  -15.294 6.0000000000
68297  -3.907  49.870  -16.144 6.0000000000
68298  -3.718  48.471  -17.007 6.0000000000
68299  -3.738  48.302  -16.504 6.0000000000
68300  -3.667  47.481  -16.735 6.0000000000
68301  -3.629  46.457  -16.493 6.0000000000
68302  -3.606  46.635  -16.999 6.0000000000
68303  -3.562  45.767  -17.297 6.0000000000
68304  -3.587  46.800  -17.511 6.0000000000
68306  -3.559  47.102  -18.552 6.0000000000
73605  -9.949  22.090  -3.718 6.0000000000
73607  -9.632  21.327  -3.626 6.0000000000
73621  -10.023  29.690  -5.647 6.0000000000
73622  -9.716  30.054  -5.720 6.0000000000
73623  -8.915  28.923  -5.577 7.0000000000
73624  -9.187  28.565  -5.456 7.0000000000
73625  -8.966  27.808  -5.358 7.0000000000
73626  -9.004  26.696  -5.134 7.0000000000
73627  -8.757  27.042  -5.292 7.0000000000
73630  -7.970  29.234  -5.986 6.0000000000
73631  -7.891  26.168  -5.710 6.0000000000
73632  -8.092  26.960  -5.650 6.0000000000
73633  -8.108  25.826  -5.489 6.0000000000
73634  -8.327  25.486  -5.277 6.0000000000
73635  -8.093  24.695  -5.332 6.0000000000
73645  -6.599  22.648  -7.361 7.0000000000
73646  -6.603  21.475  -7.344 6.0000000000
73647  -6.482  21.774  -7.719 6.0000000000
73648  -6.386  20.894  -8.113 6.0000000000
73649  -6.366  22.074  -8.103 6.0000000000
73650  -6.543  27.386  -7.496 6.0000000000
73651  -6.568  26.198  -7.447 6.0000000000
73652  -6.408  26.526  -7.775 7.0000000000
73653  -6.061  25.079  -8.840 7.0000000000
73654  -6.185  24.766  -8.461 7.0000000000
73655  -6.106  23.871  -8.865 7.0000000000
73656  -6.148  22.672  -8.896 6.0000000000
73657  -6.047  22.971  -9.307 6.0000000000
73658  -6.010  22.070  -9.785 6.0000000000
73659  -5.952  23.271  -9.728 6.0000000000
73660  -5.702  25.093  -10.527 7.0000000000
73661  -5.779  23.871  -10.599 6.0000000000
73662  -5.701  24.170  -11.048 6.0000000000
73663  -5.724  23.249  -11.603 6.0000000000
73664  -5.629  24.468  -11.505 6.0000000000
73665  -5.564  24.763  -11.969 6.0000000000
73666  -5.537  25.697  -11.413 6.0000000000
73667  -5.361  29.101  -10.782 7.0000000000
73668  -5.355  28.172  -11.258 7.0000000000
73669  -5.263  29.411  -11.202 7.0000000000
73670  -5.173  29.717  -11.630 7.0000000000
73671  -5.168  30.649  -11.161 7.0000000000
73672  -5.484  32.700  -9.281 6.0000000000
73673  -5.449  31.820  -9.595 7.0000000000
73674  -5.338  33.041  -9.631 7.0000000000
73675  -4.944  34.933  -10.403 7.0000000000
73676  -5.071  33.710  -10.364 7.0000000000
73677  -4.950  34.037  -10.748 7.0000000000
73678  -4.957  33.126  -11.131 7.0000000000
73679  -4.836  34.360  -11.141 7.0000000000
73680  -4.730  34.678  -11.545 7.0000000000
73681  -4.706  35.589  -11.171 7.0000000000
73682  -4.466  38.916  -10.995 7.0000000000
73683  -4.455  38.032  -11.288 7.0000000000
73684  -4.355  39.245  -11.375 7.0000000000
73685  -4.252  39.566  -11.767 7.0000000000
73686  -4.284  40.448  -11.482 7.0000000000
73703  -4.728  41.471  -10.314 6.0000000000
73708  -4.234  42.812  -11.758 6.0000000000
77732  -12.332  27.213  -5.331 6.0000000000
77733  -11.932  26.511  -5.027 6.0000000000
77734  -11.983  27.562  -5.355 6.0000000000
77735  -11.641  27.911  -5.387 6.0000000000
77743  -15.331  27.779  -6.548 6.0000000000
77744  -15.458  28.769  -6.909 6.0000000000
77751  -14.634  29.512  -6.771 6.0000000000
77753  -13.716  29.239  -6.341 6.0000000000
85148  -7.180  12.549  -3.891 6.0000000000
85149  -7.305  12.295  -3.503 6.0000000000
85150  -7.083  11.500  -3.767 6.0000000000
85163  -6.524  14.610  -7.276 6.0000000000
85164  -6.579  14.350  -6.827 6.0000000000
85165  -6.503  13.515  -7.258 6.0000000000
85337  -7.989  28.431  -28.236 6.0000000000
85338  -8.419  27.752  -28.934 6.0000000000
85339  -8.043  28.696  -28.757 6.0000000000
85341  -7.652  29.656  -28.577 6.0000000000
85342  -5.458  25.345  -12.915 6.0000000000
85343  -5.543  24.403  -13.534 6.0000000000
85344  -5.417  25.632  -13.399 6.0000000000
85345  -5.222  27.438  -14.243 6.0000000000
85346  -5.360  26.197  -14.386 6.0000000000
85347  -5.343  26.475  -14.887 6.0000000000
85348  -5.496  25.520  -15.556 6.0000000000
85349  -5.334  26.751  -15.393 6.0000000000
85350  -4.701  32.441  -13.822 6.0000000000
85351  -4.830  31.188  -13.900 6.0000000000
85352  -4.783  31.470  -14.378 6.0000000000
85353  -5.005  29.782  -16.102 6.0000000000
85354  -5.014  29.514  -15.597 6.0000000000
85355  -5.171  28.536  -16.253 6.0000000000
85356  -5.343  27.296  -16.416 6.0000000000
85357  -5.361  27.563  -16.933 6.0000000000
85359  -5.388  27.829  -17.452 6.0000000000
85360  -5.260  29.586  -18.322 6.0000000000
85361  -5.467  28.358  -18.494 6.0000000000
85362  -5.518  28.624  -19.017 6.0000000000
85363  -5.803  27.685  -19.722 6.0000000000
85364  -5.575  28.892  -19.543 6.0000000000
85365  -3.803  42.227  -14.022 6.0000000000
85366  -3.863  41.046  -13.905 6.0000000000
85367  -3.812  41.313  -14.368 6.0000000000
85368  -3.877  39.684  -15.651 6.0000000000
85369  -3.911  39.436  -15.162 6.0000000000
85370  -3.990  38.475  -15.613 6.0000000000
85371  -4.115  37.251  -15.607 6.0000000000
85372  -4.086  37.502  -16.102 6.0000000000
85373  -3.788  40.589  -17.682 6.0000000000
85374  -3.804  40.373  -17.163 6.0000000000
85375  -3.904  39.411  -17.639 6.0000000000
85376  -4.337  36.019  -18.226 6.0000000000
85377  -4.179  37.003  -17.652 6.0000000000
85378  -4.335  35.777  -17.705 6.0000000000
85379  -4.338  35.532  -17.190 6.0000000000
85380  -4.502  34.543  -17.786 6.0000000000
85381  -4.680  33.303  -17.890 6.0000000000
85382  -4.696  33.555  -18.412 6.0000000000
85383  -5.227  31.850  -20.274 6.0000000000
85384  -5.178  31.597  -19.741 6.0000000000
85385  -5.465  30.635  -20.433 6.0000000000
85386  -5.706  29.427  -20.602 6.0000000000
85387  -5.777  29.690  -21.135 6.0000000000
85388  -6.112  28.770  -21.844 6.0000000000
85389  -5.851  29.950  -21.668 6.0000000000
85390  -5.713  31.619  -22.573 6.0000000000
85391  -5.998  30.452  -22.738 6.0000000000
85392  -6.069  30.694  -23.276 6.0000000000
85393  -6.445  29.800  -23.985 6.0000000000
85394  -6.138  30.929  -23.815 6.0000000000
85395  -4.648  36.330  -22.053 6.0000000000
85396  -4.894  35.153  -22.154 6.0000000000
85397  -4.919  35.349  -22.695 6.0000000000
85398  -5.590  33.624  -24.571 6.0000000000
85399  -5.559  33.425  -24.035 6.0000000000
85400  -5.921  32.498  -24.725 6.0000000000
85401  -6.258  31.383  -24.890 6.0000000000
85402  -6.308  31.603  -25.423 6.0000000000
85403  -6.713  30.746  -26.126 6.0000000000
85404  -6.350  31.818  -25.953 6.0000000000
85405  -6.030  33.303  -26.847 6.0000000000
85406  -6.410  32.240  -27.008 6.0000000000
85407  -6.429  32.447  -27.533 6.0000000000
85408  -6.844  31.633  -28.223 6.0000000000
94207  -10.933  26.476  -4.876 6.0000000000
94208  -10.618  25.744  -4.652 6.0000000000
94209  -10.628  26.818  -4.955 6.0000000000
94210  -10.329  27.162  -5.041 6.0000000000
94211  -10.035  27.509  -5.134 7.0000000000
94217  -6.623  31.416  -7.271 6.0000000000
94220  -6.101  33.333  -7.902 6.0000000000
94221  -5.910  33.697  -8.179 6.0000000000
96519  -6.851  14.666  -5.588 6.0000000000
96520  -6.707  13.833  -5.948 6.0000000000
96555  -6.833  27.025  -23.273 6.0000000000
96556  -4.279  37.756  -12.440 7.0000000000
96557  -4.322  36.829  -12.830 7.0000000000
96558  -4.196  38.056  -12.868 7.0000000000
96559  -4.121  38.348  -13.307 6.0000000000
96560  -4.055  38.632  -13.755 6.0000000000
96561  -3.532  44.322  -19.045 6.0000000000
96562  -3.587  43.244  -18.914 6.0000000000
96563  -3.579  43.414  -19.447 6.0000000000
96564  -3.653  42.491  -19.880 6.0000000000
96565  -3.752  41.551  -20.344 6.0000000000
96566  -3.877  40.597  -20.840 6.0000000000
100836  -6.414  18.554  -8.142 6.0000000000
100837  -6.423  17.398  -8.160 6.0000000000
100882  -3.884  50.046  -16.636 6.0000000000
100883  -3.869  50.207  -17.136 6.0000000000
100884  -3.781  49.428  -17.311 6.0000000000
100885  -3.703  48.626  -17.517 6.0000000000
100886  -3.632  47.801  -17.756 6.0000000000
100887  -3.692  48.768  -18.033 6.0000000000
100888  -3.685  48.898  -18.555 6.0000000000
104067  -9.452  22.728  -4.075 6.0000000000
104068  -9.390  21.642  -3.823 6.0000000000
104076  -9.410  31.527  -6.008 6.0000000000
104077  -9.414  30.420  -5.800 6.0000000000
104078  -9.117  30.788  -5.889 6.0000000000
104079  -8.865  30.039  -5.787 6.0000000000
104080  -8.649  29.282  -5.706 7.0000000000
104081  -7.588  28.807  -6.218 6.0000000000
104082  -7.814  28.451  -6.012 6.0000000000
104083  -7.650  27.658  -6.076 6.0000000000
104084  -7.679  26.511  -5.941 6.0000000000
104085  -7.677  25.366  -5.812 6.0000000000
104087  -7.458  24.553  -5.957 6.0000000000
104088  -7.248  23.728  -6.147 6.0000000000
104091  -6.893  23.202  -6.707 6.0000000000
104092  -6.740  23.514  -7.041 6.0000000000
104093  -6.593  23.827  -7.382 7.0000000000
104094  -6.211  28.054  -8.141 7.0000000000
104095  -6.253  26.853  -8.113 7.0000000000
104096  -6.104  27.179  -8.461 7.0000000000
104097  -6.013  26.291  -8.824 7.0000000000
104098  -5.942  25.390  -9.230 7.0000000000
104099  -5.892  24.482  -9.675 7.0000000000
104100  -5.830  25.702  -9.630 7.0000000000
104101  -5.724  26.013  -10.042 7.0000000000
104102  -5.625  26.323  -10.463 7.0000000000
104103  -5.532  26.630  -10.892 7.0000000000
104104  -5.547  27.555  -10.410 7.0000000000
104105  -5.467  28.787  -10.370 7.0000000000
104106  -5.383  30.019  -10.346 7.0000000000
104107  -5.231  35.124  -9.410 6.0000000000
104108  -5.213  34.258  -9.681 6.0000000000
104109  -5.083  35.471  -9.747 6.0000000000
104110  -4.944  35.815  -10.097 6.0000000000
104111  -4.813  36.153  -10.460 6.0000000000
104112  -4.690  36.486  -10.834 7.0000000000
104113  -4.690  37.368  -10.534 6.0000000000
104114  -4.586  38.580  -10.627 6.0000000000
104115  -4.512  39.784  -10.736 6.0000000000
106537  -13.634  23.785  -4.519 6.0000000000
106539  -13.270  24.118  -4.536 6.0000000000
106540  -12.914  24.451  -4.561 6.0000000000
106541  -12.565  24.786  -4.594 6.0000000000
106542  -12.223  25.122  -4.635 6.0000000000
106543  -12.624  25.826  -4.961 6.0000000000
106544  -12.689  26.865  -5.313 6.0000000000
106545  -12.763  27.903  -5.651 6.0000000000
110993  -6.804  10.951  -4.487 6.0000000000
111106  -8.267  27.186  -27.888 6.0000000000
111107  -7.921  28.164  -27.712 6.0000000000
111108  -7.558  29.158  -27.534 6.0000000000
111109  -5.233  27.826  -12.686 6.0000000000
111110  -5.296  26.871  -13.271 6.0000000000
111111  -5.178  28.117  -13.154 6.0000000000
111112  -5.130  28.403  -13.629 6.0000000000
111113  -5.089  28.685  -14.112 6.0000000000
111114  -4.604  32.997  -14.774 6.0000000000
111115  -4.744  31.746  -14.863 6.0000000000
111116  -4.713  32.016  -15.353 6.0000000000
111117  -4.845  31.032  -15.967 6.0000000000
111118  -5.006  30.046  -16.611 6.0000000000
111119  -5.198  29.064  -17.282 6.0000000000
111120  -5.015  30.306  -17.124 6.0000000000
111121  -5.033  30.564  -17.641 6.0000000000
111122  -5.059  30.822  -18.161 6.0000000000
111123  -3.711  42.736  -14.964 6.0000000000
111124  -3.768  41.570  -14.842 6.0000000000
111125  -3.731  41.815  -15.325 6.0000000000
111126  -3.778  40.876  -15.719 6.0000000000
111127  -3.848  39.923  -16.147 6.0000000000
111128  -4.024  38.664  -18.679 6.0000000000
111129  -4.028  38.442  -18.151 6.0000000000
111130  -4.176  37.467  -18.699 6.0000000000
111131  -4.344  36.256  -18.751 6.0000000000
111132  -4.525  35.034  -18.832 6.0000000000
111133  -4.718  33.805  -18.938 6.0000000000
111134  -4.744  34.050  -19.468 6.0000000000
111135  -4.995  33.069  -20.128 6.0000000000
111136  -5.278  32.097  -20.808 6.0000000000
111137  -5.589  31.140  -21.501 6.0000000000
111138  -5.330  32.336  -21.344 6.0000000000
111139  -5.381  32.568  -21.881 6.0000000000
111140  -5.431  32.793  -22.419 6.0000000000
111141  -4.676  36.696  -23.135 6.0000000000
111142  -4.940  35.538  -23.235 6.0000000000
111143  -4.958  35.721  -23.774 6.0000000000
111144  -5.272  34.759  -24.432 6.0000000000
111145  -5.617  33.818  -25.105 6.0000000000
111146  -5.989  32.906  -25.789 6.0000000000
111147  -5.638  34.009  -25.637 6.0000000000
111148  -5.653  34.197  -26.169 6.0000000000
119980  -10.262  22.848  -3.852 6.0000000000
119981  -10.000  23.170  -4.002 6.0000000000
119982  -10.321  25.002  -4.454 6.0000000000
119983  -10.032  24.252  -4.289 6.0000000000
119984  -9.744  23.493  -4.161 6.0000000000
119985  -9.494  23.819  -4.329 6.0000000000
119986  -9.250  24.148  -4.504 7.0000000000
119987  -9.012  24.479  -4.686 6.0000000000
119989  -8.262  31.904  -6.211 6.0000000000
119995  -7.499  29.958  -6.366 6.0000000000
119996  -7.366  29.164  -6.436 6.0000000000
119997  -7.223  28.359  -6.546 6.0000000000
119998  -7.066  27.542  -6.698 6.0000000000
119999  -6.899  26.713  -6.893 6.0000000000
120000  -6.872  27.887  -6.973 6.0000000000
120001  -6.683  28.231  -7.259 6.0000000000
120002  -6.500  28.574  -7.555 6.0000000000
120003  -6.532  30.596  -7.430 6.0000000000
120004  -6.433  29.763  -7.626 6.0000000000
120005  -6.324  28.915  -7.863 6.0000000000
120006  -6.153  29.255  -8.182 7.0000000000
120007  -5.989  29.594  -8.513 7.0000000000
120008  -5.833  29.931  -8.855 7.0000000000
120009  -5.685  30.266  -9.209 7.0000000000
120010  -5.745  31.144  -8.892 7.0000000000
120011  -5.638  32.356  -8.943 6.0000000000
120012  -5.517  33.566  -9.007 6.0000000000
120013  -5.728  34.058  -8.469 6.0000000000
120014  -5.554  34.417  -8.770 6.0000000000
120015  -5.388  34.772  -9.084 6.0000000000
120016  -5.264  35.976  -9.174 6.0000000000
120017  -5.158  37.179  -9.278 6.0000000000
120018  -5.081  38.379  -9.396 6.0000000000
121905  -14.004  23.453  -4.508 6.0000000000
121906  -14.095  24.468  -4.924 6.0000000000
121907  -14.189  25.481  -5.324 6.0000000000
121908  -14.290  26.492  -5.709 6.0000000000
125369  -7.048  14.140  -4.786 6.0000000000
125370  -6.962  13.061  -4.691 6.0000000000
125371  -6.880  11.997  -4.591 6.0000000000
125372  -6.726  11.195  -4.924 6.0000000000
125456  -7.548  27.068  -25.589 6.0000000000
125457  -7.240  28.124  -25.412 6.0000000000
125458  -4.788  32.813  -12.410 7.0000000000
125459  -4.829  31.863  -12.900 7.0000000000
125460  -4.708  33.111  -12.852 7.0000000000
125461  -4.636  33.404  -13.304 7.0000000000
125462  -4.571  33.690  -13.764 7.0000000000
125463  -4.376  35.888  -13.259 7.0000000000
125464  -4.440  34.935  -13.726 7.0000000000
125465  -4.514  33.971  -14.232 6.0000000000
125466  -4.465  34.246  -14.707 6.0000000000
125467  -4.424  34.514  -15.189 6.0000000000
125468  -4.391  34.777  -15.679 6.0000000000
125469  -3.590  43.603  -16.955 6.0000000000
125470  -3.646  42.478  -16.825 6.0000000000
125471  -3.626  42.680  -17.339 6.0000000000
125472  -3.689  41.744  -17.756 6.0000000000
125473  -3.776  40.799  -18.206 6.0000000000
125474  -3.667  42.137  -18.810 6.0000000000
125475  -3.768  41.002  -18.735 6.0000000000
125476  -3.887  39.843  -18.691 6.0000000000
125477  -4.023  38.877  -19.211 6.0000000000
125478  -4.187  37.901  -19.766 6.0000000000
125479  -4.381  36.918  -20.355 6.0000000000
125480  -4.607  35.932  -20.972 6.0000000000
125481  -4.396  37.121  -20.895 6.0000000000
125482  -4.409  37.315  -21.435 6.0000000000
125483  -4.420  37.500  -21.977 6.0000000000
125484  -4.030  39.632  -21.369 6.0000000000
125485  -4.212  38.658  -21.929 6.0000000000
125486  -4.427  37.678  -22.518 6.0000000000
125487  -4.433  37.847  -23.060 6.0000000000
125488  -4.438  38.010  -23.604 6.0000000000
129941  -8.504  33.792  -6.440 6.0000000000
134796  -6.772  17.439  -6.498 6.0000000000
134797  -6.731  16.309  -6.461 6.0000000000
134798  -6.646  16.579  -6.877 6.0000000000
134799  -6.546  15.722  -7.289 6.0000000000
134800  -6.476  14.872  -7.731 6.0000000000
134801  -6.428  16.258  -8.177 6.0000000000
134802  -6.432  15.135  -8.191 6.0000000000
134881  -3.967  42.560  -12.828 6.0000000000
134882  -3.928  41.674  -13.124 6.0000000000
134883  -3.892  42.845  -13.262 6.0000000000
134884  -3.827  43.120  -13.708 6.0000000000
134885  -3.770  43.384  -14.166 6.0000000000
134887  -3.763  44.514  -14.341 6.0000000000
134888  -3.722  43.636  -14.636 6.0000000000
134889  -3.680  43.875  -15.115 6.0000000000
134890  -3.643  44.101  -15.603 6.0000000000
134891  -3.612  44.312  -16.099 6.0000000000
134895  -3.817  49.099  -16.308 6.0000000000
134898  -3.657  46.267  -15.994 6.0000000000
134899  -3.609  45.401  -16.282 6.0000000000
134900  -3.584  44.512  -16.602 6.0000000000
134901  -3.562  44.701  -17.112 6.0000000000
134902  -3.543  44.880  -17.628 6.0000000000
134903  -3.528  45.051  -18.149 6.0000000000
134904  -3.572  46.955  -18.029 6.0000000000
134905  -3.531  46.092  -18.335 6.0000000000
134906  -3.516  45.214  -18.674 6.0000000000
141502  -10.025  28.599  -5.398 7.0000000000
141503  -9.747  27.859  -5.234 7.0000000000
141504  -9.434  29.314  -5.578 7.0000000000
141505  -9.464  28.211  -5.342 7.0000000000
141506  -9.495  27.110  -5.094 7.0000000000
141507  -9.257  26.352  -4.984 7.0000000000
141508  -9.021  25.586  -4.910 7.0000000000
141509  -8.778  24.812  -4.876 6.0000000000
141510  -8.319  30.772  -6.032 6.0000000000
141511  -8.388  29.644  -5.846 7.0000000000
141512  -8.458  28.517  -5.653 7.0000000000
141513  -8.044  28.096  -5.817 6.0000000000
141514  -8.278  27.743  -5.632 6.0000000000
141515  -8.515  27.391  -5.458 6.0000000000
141516  -8.548  26.268  -5.264 6.0000000000
141517  -8.550  25.148  -5.073 6.0000000000
141529  -6.699  18.862  -6.923 6.0000000000
141530  -6.595  19.147  -7.318 6.0000000000
141531  -6.730  21.177  -6.976 6.0000000000
141532  -6.602  20.308  -7.330 6.0000000000
141533  -6.496  19.433  -7.718 6.0000000000
141534  -6.402  19.720  -8.126 6.0000000000
141535  -6.312  20.009  -8.543 6.0000000000
141536  -6.226  20.298  -8.968 6.0000000000
141537  -6.734  25.869  -7.130 6.0000000000
141538  -6.583  25.011  -7.410 7.0000000000
141539  -6.451  24.141  -7.732 7.0000000000
141540  -6.287  25.653  -8.097 7.0000000000
141541  -6.316  24.454  -8.092 7.0000000000
141542  -6.342  23.260  -8.095 7.0000000000
141543  -6.255  22.373  -8.495 6.0000000000
141544  -6.188  21.481  -8.931 6.0000000000
141549  -5.862  23.571  -10.159 6.0000000000
141550  -5.855  22.660  -10.677 6.0000000000
141556  -5.617  23.831  -12.556 6.0000000000
141557  -5.507  25.055  -12.439 6.0000000000
141558  -5.401  26.290  -12.327 6.0000000000
141559  -5.446  26.934  -11.329 7.0000000000
141560  -5.367  27.234  -11.774 7.0000000000
141561  -5.296  27.532  -12.226 6.0000000000
141562  -5.193  28.775  -12.138 7.0000000000
141563  -5.090  30.020  -12.067 7.0000000000
141564  -4.984  31.265  -12.013 7.0000000000
141565  -5.545  30.598  -9.574 7.0000000000
141566  -5.414  30.926  -9.950 7.0000000000
141567  -5.291  31.251  -10.336 7.0000000000
141568  -5.201  33.378  -9.992 7.0000000000
141569  -5.188  32.482  -10.342 7.0000000000
141570  -5.176  31.572  -10.732 7.0000000000
141571  -5.068  31.888  -11.138 7.0000000000
141572  -4.967  32.201  -11.553 7.0000000000
141573  -4.874  32.509  -11.977 7.0000000000
141574  -4.756  33.752  -11.958 7.0000000000
141575  -4.630  34.990  -11.959 7.0000000000
141576  -4.500  36.222  -11.980 7.0000000000
141577  -4.576  36.814  -11.219 7.0000000000
141578  -4.470  37.135  -11.615 7.0000000000
141579  -4.371  37.449  -12.022 7.0000000000
141580  -4.253  38.669  -12.086 7.0000000000
141581  -4.157  39.880  -12.171 7.0000000000
141582  -4.089  41.080  -12.278 6.0000000000
141591  -5.038  39.572  -9.527 6.0000000000
141600  -4.882  39.933  -9.842 6.0000000000
141601  -4.736  40.288  -10.169 6.0000000000
141602  -4.599  40.637  -10.510 6.0000000000
141603  -4.472  40.979  -10.863 6.0000000000
141605  -4.463  42.158  -11.009 6.0000000000
141606  -4.354  41.313  -11.229 6.0000000000
141607  -4.245  41.639  -11.609 7.0000000000
141608  -4.144  41.956  -12.002 6.0000000000
141609  -4.051  42.263  -12.408 6.0000000000
141610  -4.040  43.424  -12.565 6.0000000000
146499  -11.218  25.074  -4.475 6.0000000000
146500  -11.889  25.460  -4.684 6.0000000000
146501  -11.563  25.798  -4.741 6.0000000000
146502  -11.244  26.136  -4.805 6.0000000000
146503  -11.272  27.199  -5.122 6.0000000000
146504  -11.306  28.262  -5.425 6.0000000000
146512  -15.208  26.787  -6.172 6.0000000000
146513  -14.800  27.143  -6.122 6.0000000000
146514  -14.397  27.501  -6.077 6.0000000000
146520  -15.591  29.758  -7.253 6.0000000000
146521  -15.043  29.140  -6.838 6.0000000000
146522  -14.511  28.507  -6.431 6.0000000000
146523  -14.000  27.859  -6.040 6.0000000000
146524  -13.609  28.219  -6.010 6.0000000000
146525  -13.225  28.579  -5.987 6.0000000000
146526  -12.848  28.939  -5.973 6.0000000000
155444  -6.685  15.192  -6.424 6.0000000000
155445  -6.639  14.091  -6.383 6.0000000000
155446  -6.595  13.006  -6.338 6.0000000000
155447  -6.483  12.438  -7.232 6.0000000000
155448  -6.514  12.187  -6.755 6.0000000000
155449  -6.553  11.937  -6.285 6.0000000000
155660  -5.675  23.189  -13.671 6.0000000000
155661  -5.660  23.471  -14.178 6.0000000000
155662  -5.654  23.751  -14.689 6.0000000000
155663  -5.385  25.916  -13.889 6.0000000000
155664  -5.503  24.966  -14.536 6.0000000000
155669  -4.884  30.903  -13.430 6.0000000000
155670  -4.959  29.936  -13.997 6.0000000000
155671  -5.056  28.965  -14.601 6.0000000000
155672  -4.886  30.493  -14.971 6.0000000000
155673  -5.031  29.242  -15.097 6.0000000000
155674  -5.180  27.993  -15.238 6.0000000000
155675  -5.335  27.025  -15.903 6.0000000000
155681  -5.423  28.093  -17.972 6.0000000000
155686  -6.193  27.052  -20.961 6.0000000000
155687  -3.923  40.768  -13.454 6.0000000000
155688  -3.948  39.846  -13.817 6.0000000000
155689  -3.999  38.909  -14.214 6.0000000000
155690  -3.850  40.382  -14.748 6.0000000000
155691  -3.951  39.177  -14.684 6.0000000000
155692  -4.067  37.957  -14.648 6.0000000000
155693  -4.150  36.993  -15.120 6.0000000000
155694  -4.249  36.018  -15.630 6.0000000000
155695  -4.366  35.033  -16.177 6.0000000000
155696  -3.725  41.326  -16.723 6.0000000000
155697  -3.824  40.152  -16.651 6.0000000000
155698  -3.937  38.957  -16.612 6.0000000000
155699  -4.035  38.215  -17.629 6.0000000000
155700  -4.047  37.983  -17.113 6.0000000000
155701  -4.064  37.745  -16.604 6.0000000000
155702  -4.201  36.520  -16.628 6.0000000000
155703  -4.348  35.284  -16.680 6.0000000000
155704  -4.505  34.043  -16.758 6.0000000000
155705  -4.670  33.051  -17.373 6.0000000000
155706  -4.866  32.062  -18.016 6.0000000000
155707  -5.093  31.080  -18.685 6.0000000000
155708  -4.921  32.572  -19.065 6.0000000000
155709  -5.133  31.339  -19.211 6.0000000000
155710  -5.352  30.111  -19.372 6.0000000000
155711  -5.639  29.160  -20.071 6.0000000000
155712  -5.949  28.231  -20.779 6.0000000000
155713  -6.280  27.330  -21.493 6.0000000000
155714  -6.371  27.606  -22.025 6.0000000000
155715  -6.464  27.880  -22.557 6.0000000000
155716  -6.559  28.153  -23.089 6.0000000000
155717  -5.925  30.204  -22.202 6.0000000000
155718  -6.281  29.296  -22.910 6.0000000000
155719  -6.653  28.421  -23.623 6.0000000000
155720  -6.746  28.685  -24.160 6.0000000000
155721  -6.836  28.943  -24.698 6.0000000000
155722  -6.922  29.196  -25.235 6.0000000000
155723  -4.866  34.948  -21.615 6.0000000000
155724  -5.157  33.972  -22.278 6.0000000000
155725  -5.478  33.010  -22.958 6.0000000000
155726  -5.224  34.378  -23.357 6.0000000000
155727  -5.521  33.221  -23.497 6.0000000000
155728  -5.828  32.070  -23.651 6.0000000000
155729  -6.201  31.159  -24.353 6.0000000000
155730  -6.593  30.282  -25.061 6.0000000000
155731  -7.001  29.444  -25.770 6.0000000000
155732  -7.071  29.689  -26.302 6.0000000000
155733  -7.131  29.930  -26.830 6.0000000000
155734  -7.181  30.168  -27.356 6.0000000000
155735  -6.384  32.030  -26.482 6.0000000000
155736  -6.796  31.194  -27.179 6.0000000000
155737  -7.220  30.402  -27.878 6.0000000000
155738  -7.250  30.635  -28.399 6.0000000000
