#!ascii label  , from subject 40tvs8ref_sym_20 vox2ras=TkReg
595
218  -5.032  59.979  33.334 6.0000000000
1003  -10.501  46.612  36.913 7.0000000000
1009  -11.279  57.726  29.589 6.0000000000
1011  -4.065  65.062  28.777 7.0000000000
1539  -9.165  39.749  43.801 6.0000000000
1540  -8.933  45.336  41.752 6.0000000000
1542  -8.721  56.534  34.197 6.0000000000
1543  -5.487  54.676  37.873 6.0000000000
2026  -12.893  36.637  36.522 6.0000000000
2035  -8.615  61.670  29.772 6.0000000000
2923  -10.481  49.433  35.221 6.0000000000
2924  -10.893  46.895  34.052 7.0000000000
2925  -11.001  49.714  32.428 6.0000000000
2926  -11.346  49.887  29.546 6.0000000000
2927  -11.324  52.569  30.762 6.0000000000
3524  -7.652  44.331  43.592 6.0000000000
3525  -7.563  47.218  42.169 6.0000000000
3526  -8.805  48.185  40.182 6.0000000000
4465  -7.079  58.318  33.937 6.0000000000
6413  -11.052  44.127  35.618 6.0000000000
6424  -2.662  61.642  32.557 6.0000000000
6426  -2.068  64.197  30.283 7.0000000000
6427  -1.406  66.760  28.075 7.0000000000
7426  -10.517  37.893  42.676 6.0000000000
7427  -10.239  40.573  41.944 7.0000000000
7429  -9.027  42.522  42.956 6.0000000000
7430  -10.034  43.295  40.876 7.0000000000
7431  -9.878  46.097  39.504 7.0000000000
7432  -9.764  48.935  37.829 6.0000000000
7436  -7.177  55.680  36.149 6.0000000000
7437  -5.293  57.378  35.613 6.0000000000
7439  -3.414  56.331  37.166 6.0000000000
7440  -3.107  59.026  34.872 6.0000000000
8677  -10.104  57.206  32.000 6.0000000000
8679  -10.146  62.410  27.674 6.0000000000
8680  -6.565  63.384  29.398 6.0000000000
8681  -8.313  64.215  27.531 6.0000000000
8682  -9.832  65.043  25.470 6.0000000000
10604  -10.764  49.595  33.842 6.0000000000
10605  -10.869  51.004  32.993 6.0000000000
10606  -11.139  51.142  31.608 6.0000000000
11206  -7.482  48.661  41.302 6.0000000000
12145  -6.100  59.155  33.665 6.0000000000
14523  -10.582  45.206  37.695 6.0000000000
14525  -10.788  45.382  36.307 6.0000000000
14526  -11.027  46.966  32.559 6.0000000000
14527  -11.046  45.577  33.338 6.0000000000
14532  -11.205  47.072  29.582 6.0000000000
14546  -2.378  62.923  31.410 6.0000000000
14549  -0.439  66.346  28.820 6.0000000000
16320  -9.850  38.836  43.269 7.0000000000
16321  -10.368  39.234  42.350 6.0000000000
16322  -9.742  40.200  42.925 7.0000000000
16326  -8.333  44.863  42.727 6.0000000000
16327  -8.366  43.442  43.330 6.0000000000
16328  -8.979  43.921  42.396 6.0000000000
16329  -9.573  42.941  41.967 7.0000000000
16330  -9.510  44.337  41.359 7.0000000000
16331  -9.953  44.689  40.225 7.0000000000
16332  -9.449  45.749  40.675 6.0000000000
16334  -9.318  48.590  39.044 6.0000000000
16342  -6.349  55.199  37.034 6.0000000000
16343  -6.281  56.544  35.919 6.0000000000
16344  -5.394  56.042  36.746 6.0000000000
16349  -2.456  55.778  37.913 6.0000000000
16350  -2.297  57.167  36.780 6.0000000000
16351  -3.269  57.689  36.022 6.0000000000
19151  -10.016  55.866  33.036 6.0000000000
19152  -9.435  56.892  33.127 6.0000000000
19157  -9.407  62.048  28.743 6.0000000000
19158  -4.376  63.804  29.905 6.0000000000
19159  -5.620  62.969  30.243 6.0000000000
19160  -5.360  64.228  29.111 7.0000000000
19162  -7.210  65.068  27.364 7.0000000000
19164  -9.101  64.638  26.524 6.0000000000
23691  -10.465  48.024  36.082 7.0000000000
23692  -10.720  46.781  35.511 7.0000000000
23693  -10.712  48.186  34.685 7.0000000000
23694  -10.916  48.298  33.241 7.0000000000
23695  -11.079  48.375  31.777 6.0000000000
23696  -11.206  48.437  30.309 6.0000000000
23697  -11.192  49.805  30.994 6.0000000000
23698  -11.359  51.256  30.194 6.0000000000
23699  -11.575  52.706  29.361 6.0000000000
23701  -11.543  53.982  29.876 6.0000000000
23702  -11.408  55.202  30.290 6.0000000000
23703  -11.135  56.373  30.602 6.0000000000
24770  -8.514  39.210  44.568 6.0000000000
24774  -7.618  45.772  42.933 6.0000000000
24775  -8.288  46.294  42.030 6.0000000000
24776  -8.876  46.760  41.016 6.0000000000
24777  -8.221  47.728  41.228 6.0000000000
26427  -11.591  37.217  41.015 6.0000000000
26429  -11.928  37.449  39.893 6.0000000000
26430  -12.191  37.625  38.676 6.0000000000
26467  -7.955  57.451  34.120 6.0000000000
26468  -8.739  57.850  33.117 6.0000000000
26469  -7.927  58.743  33.008 6.0000000000
26472  -3.714  66.322  27.654 6.0000000000
26473  -5.043  65.482  27.979 7.0000000000
30320  -10.939  45.503  34.847 6.0000000000
30321  -11.145  44.210  34.106 6.0000000000
30322  -11.359  42.926  33.310 6.0000000000
30346  -3.883  60.807  32.960 6.0000000000
30347  -4.858  61.263  32.186 6.0000000000
30348  -3.649  62.094  31.807 6.0000000000
30349  -3.375  63.367  30.665 6.0000000000
30350  -3.066  64.633  29.540 7.0000000000
30351  -0.766  65.048  29.914 6.0000000000
30352  -1.741  65.475  29.174 7.0000000000
30353  -2.730  65.900  28.425 7.0000000000
32769  -10.978  38.240  41.711 6.0000000000
32770  -10.806  39.555  41.323 6.0000000000
32771  -10.655  40.879  40.857 6.0000000000
32773  -7.746  40.037  44.974 6.0000000000
32774  -8.453  40.627  44.256 6.0000000000
32776  -8.404  42.034  43.842 6.0000000000
32777  -9.089  41.135  43.426 7.0000000000
32778  -9.649  41.564  42.491 7.0000000000
32779  -10.128  41.924  41.453 7.0000000000
32780  -10.522  42.222  40.311 6.0000000000
32781  -10.406  43.588  39.689 6.0000000000
32782  -10.308  44.976  39.002 7.0000000000
32783  -10.225  46.384  38.247 7.0000000000
32784  -9.382  47.168  39.904 6.0000000000
32785  -9.810  47.516  38.702 6.0000000000
32786  -10.168  47.802  37.424 6.0000000000
32787  -10.150  49.216  36.552 6.0000000000
32796  -7.968  56.128  35.206 6.0000000000
32797  -7.135  57.014  35.051 6.0000000000
32798  -6.200  57.862  34.798 6.0000000000
32799  -5.174  58.687  34.477 6.0000000000
32802  -4.594  54.116  38.662 6.0000000000
32804  -3.548  54.945  38.299 6.0000000000
32805  -4.482  55.506  37.539 6.0000000000
32806  -4.362  56.865  36.400 6.0000000000
32807  -4.230  58.197  35.257 6.0000000000
32808  -4.075  59.509  34.112 6.0000000000
32809  -2.908  60.343  33.715 6.0000000000
36284  -10.605  56.137  31.845 6.0000000000
36293  -6.757  62.123  30.529 6.0000000000
36294  -7.649  62.532  29.620 6.0000000000
36295  -6.309  64.643  28.266 7.0000000000
36296  -7.466  63.795  28.492 6.0000000000
36297  -8.496  62.934  28.651 6.0000000000
36298  -9.289  63.332  27.635 6.0000000000
36299  -10.025  63.721  26.579 6.0000000000
41324  -10.714  50.924  33.674 6.0000000000
41326  -10.939  51.708  32.563 6.0000000000
42865  -5.576  59.568  33.506 6.0000000000
42866  -6.041  59.795  33.095 6.0000000000
42867  -5.506  60.208  32.933 6.0000000000
45243  -10.537  45.908  37.311 6.0000000000
45244  -10.693  45.301  37.011 6.0000000000
45245  -10.649  46.001  36.622 6.0000000000
45246  -11.081  46.993  31.810 6.0000000000
45252  -11.168  47.043  30.319 6.0000000000
45260  -11.460  57.161  29.463 6.0000000000
45269  0.357  67.456  28.115 6.0000000000
47038  -9.209  39.052  43.952 6.0000000000
47039  -9.563  38.605  43.688 6.0000000000
47040  -9.511  39.296  43.543 6.0000000000
47041  -9.794  39.519  43.108 7.0000000000
47042  -9.463  39.985  43.376 7.0000000000
47046  -8.643  45.107  42.253 6.0000000000
47047  -8.663  44.397  42.575 6.0000000000
47048  -8.957  44.627  42.085 6.0000000000
47049  -9.255  44.137  41.890 6.0000000000
47050  -9.229  44.842  41.568 6.0000000000
47051  -9.480  45.041  41.027 6.0000000000
47052  -9.202  45.550  41.226 6.0000000000
47060  -5.961  54.253  38.016 6.0000000000
47061  -6.382  54.515  37.589 6.0000000000
47062  -5.922  54.943  37.459 6.0000000000
47063  -5.882  55.624  36.899 6.0000000000
47064  -5.441  55.363  37.311 6.0000000000
47071  -2.214  57.852  36.207 6.0000000000
49806  -12.825  36.577  37.194 6.0000000000
49870  -9.064  56.051  34.196 6.0000000000
49871  -9.407  56.225  33.652 6.0000000000
49872  -9.083  56.719  33.669 6.0000000000
49877  -9.017  61.862  29.263 6.0000000000
49878  -4.226  64.433  29.340 7.0000000000
49879  -4.871  64.017  29.513 6.0000000000
49880  -4.720  64.645  28.948 7.0000000000
54843  -10.466  48.730  35.654 7.0000000000
54844  -10.594  48.113  35.390 7.0000000000
54845  -10.604  48.817  34.965 7.0000000000
54846  -10.888  49.659  33.138 6.0000000000
54847  -10.846  48.952  33.553 7.0000000000
54848  -10.951  49.004  32.835 6.0000000000
54849  -11.002  48.339  32.511 6.0000000000
54850  -11.045  49.048  32.112 6.0000000000
54851  -11.128  49.087  31.386 6.0000000000
54852  -11.102  49.762  31.713 6.0000000000
54853  -11.226  51.856  31.190 6.0000000000
54854  -11.255  51.201  30.905 6.0000000000
54855  -11.350  51.922  30.490 6.0000000000
54856  -11.462  51.983  29.782 6.0000000000
54857  -11.455  52.639  30.065 6.0000000000
54858  -11.570  53.353  29.630 6.0000000000
54859  -11.430  53.277  30.324 6.0000000000
54861  -11.306  54.507  30.765 6.0000000000
54862  -11.198  55.104  30.946 6.0000000000
54863  -11.290  55.794  30.459 6.0000000000
54864  -11.056  55.689  31.100 6.0000000000
56642  -8.162  38.909  44.910 6.0000000000
56646  -7.206  46.941  42.598 6.0000000000
56647  -7.234  46.215  42.983 6.0000000000
56648  -7.594  46.495  42.565 6.0000000000
56649  -7.963  46.040  42.495 6.0000000000
56650  -7.935  46.760  42.117 6.0000000000
56651  -8.257  47.011  41.642 6.0000000000
56652  -7.901  47.480  41.713 6.0000000000
59403  -11.473  37.867  40.833 6.0000000000
59404  -11.769  37.341  40.467 6.0000000000
59409  -12.296  37.697  38.035 6.0000000000
59470  -7.530  57.890  34.041 6.0000000000
59471  -7.944  58.101  33.567 6.0000000000
59472  -7.507  58.535  33.481 6.0000000000
66611  -10.812  46.844  34.787 7.0000000000
66612  -10.833  46.145  35.190 6.0000000000
66613  -10.907  46.197  34.452 6.0000000000
66614  -11.121  44.916  32.957 6.0000000000
66615  -11.086  44.890  33.724 6.0000000000
66616  -11.176  44.237  33.336 6.0000000000
66617  -11.250  43.566  33.713 6.0000000000
66618  -11.269  43.587  32.936 6.0000000000
66619  -11.365  42.943  32.530 6.0000000000
66633  -11.268  49.159  29.929 6.0000000000
66634  -11.260  48.471  29.577 6.0000000000
66670  -3.280  61.224  32.760 6.0000000000
66671  -3.771  61.452  32.383 6.0000000000
66672  -3.154  61.868  32.183 6.0000000000
66673  -2.225  63.560  30.844 6.0000000000
66674  -2.875  63.145  31.039 6.0000000000
66675  -2.724  63.780  30.473 7.0000000000
66676  -3.224  64.000  30.101 7.0000000000
66677  -2.566  64.416  29.913 7.0000000000
66681  -0.921  66.553  28.449 6.0000000000
66682  -1.086  65.906  28.995 6.0000000000
66683  -1.574  66.116  28.624 7.0000000000
66684  -2.235  65.688  28.802 7.0000000000
66685  -2.065  66.326  28.249 7.0000000000
66686  -2.555  66.535  27.871 6.0000000000
66687  -1.892  66.967  27.699 6.0000000000
71996  -11.075  37.580  41.878 6.0000000000
71997  -10.757  38.077  42.207 6.0000000000
71998  -10.301  39.903  42.157 7.0000000000
71999  -10.597  39.404  41.850 6.0000000000
72000  -10.525  40.067  41.642 6.0000000000
72001  -10.728  40.215  41.100 6.0000000000
72002  -10.457  40.734  41.414 6.0000000000
72009  -8.108  40.342  44.630 6.0000000000
72010  -8.086  41.053  44.450 6.0000000000
72014  -8.702  42.987  43.156 6.0000000000
72015  -8.384  42.737  43.598 6.0000000000
72016  -8.725  42.287  43.413 6.0000000000
72017  -8.751  41.589  43.646 6.0000000000
72018  -9.056  41.828  43.203 7.0000000000
72019  -9.379  41.359  42.971 7.0000000000
72020  -9.342  42.048  42.734 7.0000000000
72021  -9.814  43.126  41.434 7.0000000000
72022  -9.854  42.436  41.720 7.0000000000
72023  -10.079  42.607  41.174 7.0000000000
72024  -10.336  42.081  40.894 7.0000000000
72025  -10.282  42.762  40.603 7.0000000000
72026  -10.462  42.902  40.009 6.0000000000
72027  -10.231  43.450  40.294 7.0000000000
72028  -9.915  45.391  39.874 7.0000000000
72029  -10.141  44.840  39.624 7.0000000000
72030  -10.100  45.542  39.264 7.0000000000
72031  -10.264  45.678  38.633 7.0000000000
72032  -10.062  46.248  38.886 7.0000000000
72033  -8.841  47.473  40.611 6.0000000000
72034  -9.139  46.971  40.472 6.0000000000
72035  -9.104  47.683  40.058 6.0000000000
72036  -9.549  48.771  38.445 6.0000000000
72037  -9.574  48.061  38.888 6.0000000000
72038  -9.783  48.227  38.272 6.0000000000
72039  -9.997  47.667  38.071 6.0000000000
72040  -9.976  48.377  37.640 6.0000000000
72041  -10.153  48.510  36.992 6.0000000000
72042  -9.964  49.084  37.197 6.0000000000
72058  -7.197  55.004  36.694 6.0000000000
72060  -7.590  55.234  36.226 6.0000000000
72061  -7.974  55.455  35.742 6.0000000000
72062  -7.578  55.909  35.686 6.0000000000
72063  -7.564  56.576  35.142 6.0000000000
72064  -7.157  56.351  35.601 6.0000000000
72065  -5.797  56.964  35.774 6.0000000000
72066  -6.242  57.207  35.360 6.0000000000
72067  -5.750  57.624  35.210 6.0000000000
72068  -5.697  58.277  34.644 6.0000000000
72069  -5.236  58.035  35.045 6.0000000000
72077  -4.138  53.825  39.040 6.0000000000
72081  -2.935  56.057  37.543 6.0000000000
72082  -3.007  55.360  38.107 6.0000000000
72083  -3.482  55.642  37.735 6.0000000000
72084  -4.017  55.228  37.923 6.0000000000
72085  -3.954  55.918  37.356 6.0000000000
72086  -4.423  56.190  36.971 6.0000000000
72087  -3.890  56.600  36.786 6.0000000000
72088  -3.191  58.360  35.448 6.0000000000
72089  -3.752  57.945  35.641 6.0000000000
72090  -3.676  58.609  35.068 6.0000000000
72091  -4.156  58.855  34.685 6.0000000000
72092  -3.592  59.269  34.493 6.0000000000
72093  -3.500  59.924  33.917 6.0000000000
72094  -3.013  59.687  34.295 6.0000000000
80319  -12.782  37.398  34.133 6.0000000000
80320  -12.771  37.350  34.856 6.0000000000
80488  -10.062  56.539  32.522 6.0000000000
80489  -10.317  56.006  32.448 6.0000000000
80490  -10.371  56.680  31.935 6.0000000000
80491  -10.665  56.812  31.335 6.0000000000
80492  -10.419  57.348  31.415 6.0000000000
80511  -6.097  63.178  29.828 6.0000000000
80512  -6.203  62.547  30.394 6.0000000000
80513  -6.668  62.753  29.964 6.0000000000
80514  -7.209  62.328  30.082 6.0000000000
80515  -7.123  62.958  29.518 6.0000000000
80516  -5.520  65.692  27.562 6.0000000000
80517  -5.687  65.063  28.129 7.0000000000
80518  -6.155  65.273  27.700 7.0000000000
80519  -7.778  64.645  27.456 6.0000000000
80520  -7.347  64.431  27.928 6.0000000000
80521  -7.897  64.004  28.018 6.0000000000
80522  -7.997  63.367  28.580 6.0000000000
80523  -8.414  63.572  28.091 6.0000000000
80524  -8.900  63.133  28.148 6.0000000000
80525  -8.817  63.778  27.591 6.0000000000
80526  -9.474  64.844  26.003 6.0000000000
80527  -9.578  64.185  26.560 6.0000000000
80528  -9.938  64.383  26.027 6.0000000000
80529  -10.372  63.910  26.035 6.0000000000
80530  -10.284  64.574  25.484 6.0000000000
80532  -10.178  65.236  24.927 6.0000000000
92811  -10.509  50.135  34.785 6.0000000000
92812  -10.628  49.520  34.537 6.0000000000
92813  -10.665  50.223  34.106 6.0000000000
92814  -10.810  50.300  33.418 6.0000000000
92815  -10.943  50.367  32.722 6.0000000000
92816  -11.064  50.427  32.020 6.0000000000
92817  -11.010  51.076  32.304 6.0000000000
92818  -11.089  51.785  31.881 6.0000000000
92819  -11.179  52.492  31.450 6.0000000000
92820  -11.277  53.197  31.009 6.0000000000
93895  -7.171  47.668  42.185 6.0000000000
93896  -7.525  47.941  41.748 6.0000000000
93897  -7.129  48.392  41.748 6.0000000000
95587  -6.601  58.739  33.810 6.0000000000
95588  -7.043  58.960  33.372 6.0000000000
95589  -6.554  59.379  33.242 6.0000000000
99867  -10.634  44.509  38.064 6.0000000000
99869  -10.746  44.604  37.387 6.0000000000
99870  -10.841  44.687  36.690 6.0000000000
99871  -10.921  44.756  35.972 6.0000000000
99872  -10.964  46.935  33.307 7.0000000000
99873  -10.971  46.238  33.704 6.0000000000
99874  -11.027  46.269  32.949 6.0000000000
99908  -2.524  62.285  31.981 6.0000000000
99909  -1.885  62.702  31.781 6.0000000000
99910  -1.732  63.340  31.215 6.0000000000
99911  -1.575  63.979  30.653 6.0000000000
99913  0.037  66.139  29.193 6.0000000000
99914  0.199  66.796  28.653 6.0000000000
99915  -0.277  66.999  28.278 6.0000000000
99916  -0.757  67.202  27.904 6.0000000000
103102  -10.185  38.369  42.979 6.0000000000
103103  -10.439  38.565  42.522 6.0000000000
103104  -10.119  39.046  42.823 7.0000000000
103105  -10.057  39.721  42.646 7.0000000000
103106  -10.000  40.396  42.447 7.0000000000
103112  -8.002  44.604  43.173 6.0000000000
103113  -8.017  43.890  43.476 6.0000000000
103114  -8.350  44.151  43.039 6.0000000000
103115  -8.682  43.690  42.876 6.0000000000
103116  -9.002  43.220  42.687 6.0000000000
103117  -9.310  42.740  42.474 7.0000000000
103118  -9.281  43.436  42.193 7.0000000000
103119  -9.540  43.636  41.673 7.0000000000
103120  -9.777  43.821  41.128 7.0000000000
103121  -9.992  43.990  40.559 7.0000000000
103122  -9.743  44.521  40.803 7.0000000000
103123  -9.709  45.225  40.461 7.0000000000
103124  -9.674  45.931  40.100 6.0000000000
103126  -9.070  48.395  39.623 6.0000000000
103141  -6.794  54.765  37.148 6.0000000000
103142  -6.768  55.444  36.598 6.0000000000
103143  -6.741  56.117  36.046 6.0000000000
103144  -6.316  55.875  36.477 6.0000000000
103145  -5.841  56.298  36.337 6.0000000000
103146  -5.345  56.714  36.180 6.0000000000
103155  -2.377  56.476  37.349 6.0000000000
103156  -2.861  56.746  36.974 6.0000000000
103157  -3.343  57.013  36.595 6.0000000000
103158  -2.784  57.430  36.402 6.0000000000
103159  -2.704  58.107  35.828 6.0000000000
103160  -2.618  58.779  35.251 6.0000000000
108198  -9.703  55.714  33.609 6.0000000000
108199  -9.740  56.388  33.094 6.0000000000
108200  -9.776  57.054  32.570 6.0000000000
108209  -9.783  62.230  28.213 6.0000000000
108210  -4.515  63.173  30.471 6.0000000000
108211  -5.134  62.756  30.647 6.0000000000
108212  -5.009  63.388  30.079 6.0000000000
108213  -5.497  63.599  29.677 6.0000000000
108214  -5.976  63.807  29.261 6.0000000000
108216  -6.611  65.488  27.256 7.0000000000
108217  -7.054  65.707  26.798 6.0000000000
108218  -7.639  65.288  26.892 7.0000000000
108219  -8.193  64.862  26.971 6.0000000000
108220  -8.715  64.428  27.034 6.0000000000
108221  -8.594  65.080  26.473 6.0000000000
108222  -8.980  65.293  25.963 6.0000000000
116715  -10.477  47.318  36.503 7.0000000000
116716  -10.617  46.704  36.221 7.0000000000
116717  -10.599  47.408  35.809 7.0000000000
116718  -10.709  47.483  35.101 7.0000000000
116719  -10.807  47.545  34.379 7.0000000000
116720  -10.731  48.890  34.264 7.0000000000
116721  -10.819  48.247  33.967 7.0000000000
116722  -10.896  47.595  33.648 7.0000000000
116723  -10.975  47.635  32.909 7.0000000000
116724  -11.044  47.668  32.168 6.0000000000
116725  -11.105  47.697  31.426 6.0000000000
116726  -11.158  47.724  30.686 6.0000000000
116727  -11.146  48.406  31.043 6.0000000000
116728  -11.202  49.123  30.658 6.0000000000
116729  -11.273  49.846  30.271 6.0000000000
116730  -11.172  50.480  31.312 6.0000000000
116731  -11.269  50.529  30.597 6.0000000000
116732  -11.357  50.576  29.878 6.0000000000
116733  -11.454  51.308  29.478 6.0000000000
116740  -11.382  53.899  30.558 6.0000000000
116741  -11.491  54.598  30.096 6.0000000000
116744  -11.377  56.480  29.964 6.0000000000
116745  -11.210  57.052  30.098 6.0000000000
119233  -8.888  38.785  44.334 6.0000000000
119234  -8.849  39.491  44.198 6.0000000000
119242  -7.637  45.050  43.275 6.0000000000
119243  -7.985  45.321  42.847 6.0000000000
119244  -8.313  45.577  42.391 6.0000000000
119245  -8.620  45.819  41.907 6.0000000000
119246  -8.907  46.047  41.397 6.0000000000
119247  -8.592  46.534  41.536 6.0000000000
119248  -8.559  47.249  41.139 6.0000000000
119249  -8.523  47.963  40.717 6.0000000000
119250  -7.862  48.199  41.282 6.0000000000
119251  -8.182  48.444  40.790 6.0000000000
119252  -8.485  48.677  40.273 6.0000000000
119265  -5.532  53.980  38.429 6.0000000000
123102  -12.070  36.808  40.087 6.0000000000
123103  -12.219  36.907  39.503 6.0000000000
123105  -12.068  37.543  39.296 6.0000000000
123106  -12.350  36.993  38.896 6.0000000000
123107  -12.463  37.068  38.267 6.0000000000
123108  -12.558  37.135  37.619 6.0000000000
123109  -12.637  37.195  36.952 6.0000000000
123193  -8.352  57.001  34.172 6.0000000000
123194  -8.732  57.196  33.661 6.0000000000
123195  -8.352  57.656  33.627 6.0000000000
123196  -8.348  58.303  33.075 6.0000000000
123204  -3.894  65.691  28.216 7.0000000000
123205  -4.558  65.273  28.384 7.0000000000
123206  -4.383  65.901  27.820 6.0000000000
132758  -10.747  46.080  35.914 6.0000000000
132759  -10.870  45.449  35.585 6.0000000000
132760  -10.988  44.813  35.236 6.0000000000
132761  -10.997  45.545  34.097 6.0000000000
132762  -11.042  44.857  34.485 6.0000000000
132763  -11.104  44.174  34.869 6.0000000000
132786  -11.206  47.753  29.949 6.0000000000
132787  -11.251  47.787  29.217 6.0000000000
132832  -4.467  60.392  33.151 6.0000000000
132833  -4.949  60.621  32.760 6.0000000000
132834  -4.371  61.036  32.576 6.0000000000
132835  -4.264  61.678  32.001 6.0000000000
132836  -4.146  62.317  31.427 6.0000000000
132837  -3.019  62.508  31.609 6.0000000000
132838  -3.517  62.732  31.234 6.0000000000
132840  -3.876  63.587  30.288 6.0000000000
132841  -3.726  64.218  29.724 7.0000000000
132842  -3.566  64.849  29.162 7.0000000000
132845  -1.414  64.619  30.096 7.0000000000
132846  -0.602  65.695  29.365 6.0000000000
132847  -1.251  65.261  29.544 6.0000000000
132848  -1.906  64.835  29.726 7.0000000000
132849  -2.402  65.051  29.356 7.0000000000
132850  -2.901  65.266  28.982 7.0000000000
132851  -3.399  65.479  28.602 7.0000000000
132852  -3.224  66.111  28.044 6.0000000000
139515  -11.394  37.076  41.537 6.0000000000
139516  -11.283  37.733  41.370 6.0000000000
139517  -11.180  38.386  41.187 6.0000000000
139518  -10.674  38.741  42.038 6.0000000000
139519  -10.889  38.898  41.526 6.0000000000
139526  -7.385  38.982  45.406 6.0000000000
139529  -7.768  39.314  45.110 6.0000000000
139530  -8.134  39.628  44.783 6.0000000000
139531  -8.482  39.921  44.425 6.0000000000
139532  -8.813  40.192  44.039 6.0000000000
139536  -8.031  43.179  43.756 6.0000000000
139537  -8.047  42.470  44.013 6.0000000000
139538  -8.065  41.762  44.245 6.0000000000
139539  -8.427  41.331  44.062 6.0000000000
139540  -8.780  40.891  43.855 6.0000000000
139541  -9.125  40.443  43.625 6.0000000000
139542  -9.419  40.672  43.185 7.0000000000
139543  -9.693  40.882  42.719 7.0000000000
139544  -9.947  41.072  42.227 7.0000000000
139545  -9.609  42.250  42.240 7.0000000000
139546  -9.899  41.752  41.985 7.0000000000
139547  -10.181  41.246  41.709 7.0000000000
139548  -10.395  41.405  41.165 6.0000000000
139549  -10.587  41.548  40.594 6.0000000000
139553  -10.560  43.711  39.064 6.0000000000
139554  -10.185  44.142  39.967 7.0000000000
139555  -10.355  44.279  39.353 6.0000000000
139556  -10.505  44.401  38.719 6.0000000000
139557  -10.454  45.098  38.358 6.0000000000
139558  -10.409  45.800  37.982 7.0000000000
139559  -10.371  46.506  37.589 7.0000000000
139560  -9.172  46.260  40.861 6.0000000000
139561  -9.416  46.458  40.301 6.0000000000
139562  -9.640  46.639  39.718 6.0000000000
139563  -9.348  47.879  39.484 6.0000000000
139564  -9.606  47.350  39.313 6.0000000000
139565  -9.843  46.806  39.113 6.0000000000
139566  -10.027  46.957  38.488 7.0000000000
139567  -10.193  47.093  37.843 7.0000000000
139568  -10.342  47.213  37.181 7.0000000000
139569  -10.323  47.921  36.760 7.0000000000
139570  -10.316  48.628  36.330 6.0000000000
139571  -10.322  49.332  35.893 6.0000000000
139573  -10.158  49.918  36.105 6.0000000000
139574  -10.340  50.034  35.451 6.0000000000
139587  -8.710  55.864  34.727 6.0000000000
139595  -8.347  55.665  35.242 6.0000000000
139596  -8.349  56.337  34.710 6.0000000000
139597  -7.962  56.794  34.666 6.0000000000
139598  -7.549  57.237  34.594 6.0000000000
139599  -7.109  57.670  34.496 6.0000000000
139600  -6.712  56.783  35.491 6.0000000000
139601  -6.680  57.442  34.935 6.0000000000
139602  -6.643  58.094  34.375 6.0000000000
139603  -6.152  58.512  34.233 6.0000000000
139604  -5.640  58.924  34.076 6.0000000000
139605  -5.107  59.335  33.906 6.0000000000
139613  -5.094  53.699  38.828 6.0000000000
139614  -5.044  54.400  38.274 6.0000000000
139619  -3.078  54.656  38.667 6.0000000000
139620  -3.614  54.240  38.857 6.0000000000
139621  -4.078  54.531  38.485 6.0000000000
139622  -4.538  54.815  38.104 6.0000000000
139623  -4.993  55.093  37.713 6.0000000000
139624  -4.941  55.778  37.147 6.0000000000
139625  -4.887  56.455  36.579 6.0000000000
139626  -4.830  57.125  36.009 6.0000000000
139627  -3.823  57.276  36.214 6.0000000000
139628  -4.298  57.534  35.829 6.0000000000
139629  -4.770  57.788  35.440 6.0000000000
139630  -4.704  58.445  34.870 6.0000000000
139631  -4.633  59.097  34.299 6.0000000000
139632  -4.555  59.746  33.726 6.0000000000
139633  -3.984  60.159  33.536 6.0000000000
139634  -3.396  60.576  33.339 6.0000000000
139635  -2.791  60.995  33.135 6.0000000000
149613  -12.698  37.250  36.267 6.0000000000
149621  -12.743  37.301  35.568 6.0000000000
149622  -12.944  36.694  35.835 6.0000000000
149826  -10.807  55.577  31.730 6.0000000000
149827  -10.878  56.259  31.230 6.0000000000
149828  -10.945  56.936  30.722 6.0000000000
149830  -9.102  57.380  33.134 6.0000000000
149831  -9.461  57.552  32.593 6.0000000000
149855  -7.719  61.902  30.184 6.0000000000
149856  -8.146  62.103  29.705 6.0000000000
149857  -5.208  64.855  28.545 7.0000000000
149858  -5.839  64.435  28.695 7.0000000000
149859  -6.445  64.013  28.832 6.0000000000
149860  -6.766  64.853  27.822 7.0000000000
149861  -6.903  64.221  28.387 6.0000000000
149862  -7.022  63.589  28.953 6.0000000000
149863  -7.566  63.162  29.056 6.0000000000
149864  -8.079  62.734  29.142 6.0000000000
149865  -8.562  62.301  29.211 6.0000000000
149866  -8.965  62.495  28.705 6.0000000000
149867  -9.356  62.687  28.189 6.0000000000
149868  -9.732  62.876  27.663 6.0000000000
149869  -9.205  63.983  27.081 6.0000000000
149870  -9.664  63.528  27.112 6.0000000000
149871  -10.094  63.064  27.127 6.0000000000
149872  -10.441  63.247  26.581 6.0000000000
