#!ascii label  , from subject 40tvs8ref_sym_20 vox2ras=TkReg
537
615  -11.591  -2.695  -60.541 6.0000000000
623  -15.593  -17.107  -54.844 7.0000000000
624  -8.548  -16.737  -51.945 6.0000000000
1394  -14.215  -9.464  -58.003 6.0000000000
1395  -15.646  -1.926  -62.736 7.0000000000
2478  -15.669  5.503  -66.707 6.0000000000
2505  -11.956  -25.174  -50.989 6.0000000000
2506  -11.855  -17.015  -53.444 7.0000000000
3313  -19.473  -5.325  -61.773 6.0000000000
3314  -17.241  -5.535  -61.236 7.0000000000
3315  -17.795  -1.668  -63.474 6.0000000000
5549  -15.161  8.997  -68.540 6.0000000000
5550  -13.079  8.503  -67.812 6.0000000000
5551  -13.608  5.055  -65.891 6.0000000000
5618  -13.819  -21.094  -52.802 7.0000000000
5619  -12.007  -21.070  -52.227 7.0000000000
5620  -13.576  -17.086  -54.226 7.0000000000
5621  -13.045  -5.906  -59.324 6.0000000000
7115  -17.199  -13.200  -57.086 6.0000000000
7116  -15.014  -13.214  -56.466 7.0000000000
7117  -16.271  -9.414  -58.841 7.0000000000
7118  -15.077  -5.743  -60.418 7.0000000000
7119  -13.517  -2.296  -61.714 6.0000000000
7160  -8.842  -20.619  -50.595 6.0000000000
9990  -17.896  2.069  -65.457 6.0000000000
9991  -15.862  1.856  -64.805 6.0000000000
9992  -13.753  1.418  -63.900 7.0000000000
9993  -11.663  0.738  -62.846 6.0000000000
10072  -10.332  -25.138  -50.434 6.0000000000
10073  -10.428  -20.925  -51.452 7.0000000000
10074  -10.179  -16.828  -52.594 7.0000000000
10075  -13.128  -13.187  -55.639 7.0000000000
10076  -11.369  -13.132  -54.721 7.0000000000
10077  -9.723  -13.193  -53.970 6.0000000000
10994  -18.666  -3.482  -62.659 6.0000000000
10995  -18.847  -1.575  -63.712 6.0000000000
13229  -12.707  10.152  -68.723 6.0000000000
13230  -11.654  9.760  -68.360 6.0000000000
13231  -12.032  8.124  -67.421 6.0000000000
13232  -10.597  9.302  -67.963 6.0000000000
13296  -15.827  -19.103  -54.044 6.0000000000
13297  -14.878  -21.110  -53.044 6.0000000000
13298  -14.719  -19.092  -53.794 7.0000000000
13299  -13.715  -19.079  -53.509 7.0000000000
13300  -14.534  -17.098  -54.554 7.0000000000
13301  -12.349  -4.253  -59.934 6.0000000000
15698  -17.905  -11.247  -58.269 6.0000000000
15699  -16.759  -11.294  -57.976 7.0000000000
15700  -17.381  -9.356  -59.175 7.0000000000
15701  -16.483  -3.711  -62.030 7.0000000000
15702  -16.146  -5.646  -60.859 7.0000000000
15703  -15.400  -3.845  -61.601 7.0000000000
15704  -14.337  -3.979  -61.102 6.0000000000
15705  -14.571  -2.099  -62.258 7.0000000000
22406  -15.452  7.271  -67.639 6.0000000000
22408  -16.675  5.619  -67.047 6.0000000000
22410  -16.819  3.814  -66.115 6.0000000000
22411  -16.888  1.979  -65.170 6.0000000000
22412  -15.810  3.698  -65.764 6.0000000000
22413  -12.564  4.697  -65.455 6.0000000000
22414  -13.737  3.257  -64.909 6.0000000000
22415  -12.680  2.907  -64.444 6.0000000000
22416  -12.692  1.091  -63.395 7.0000000000
22615  -11.109  -25.173  -50.741 6.0000000000
22616  -11.964  -19.037  -52.837 7.0000000000
22617  -11.202  -21.022  -51.870 7.0000000000
22618  -11.158  -18.962  -52.427 7.0000000000
22619  -10.351  -18.844  -51.987 7.0000000000
22620  -11.023  -16.924  -53.004 7.0000000000
22621  -14.653  -11.320  -57.256 7.0000000000
22622  -14.040  -13.206  -56.080 7.0000000000
22623  -13.695  -11.317  -56.805 7.0000000000
22625  -11.880  -11.308  -55.829 6.0000000000
22627  -10.533  -13.152  -54.327 7.0000000000
24395  -19.066  -7.290  -60.647 6.0000000000
24396  -17.921  -7.392  -60.376 6.0000000000
24397  -18.356  -5.425  -61.544 6.0000000000
24398  -17.576  -3.589  -62.386 6.0000000000
24399  -16.726  -1.783  -63.145 7.0000000000
28420  -13.761  10.459  -69.069 6.0000000000
28421  -14.126  8.794  -68.190 6.0000000000
28422  -14.423  7.083  -67.263 6.0000000000
28423  -14.645  5.323  -66.315 6.0000000000
28424  -13.383  6.805  -66.861 6.0000000000
28425  -12.341  6.438  -66.447 6.0000000000
28542  -15.016  -23.142  -52.290 6.0000000000
28543  -13.898  -23.128  -52.095 6.0000000000
28544  -12.896  -23.119  -51.870 7.0000000000
28545  -12.000  -23.116  -51.614 6.0000000000
28546  -12.871  -21.084  -52.531 7.0000000000
28547  -12.808  -19.067  -53.194 7.0000000000
28548  -12.695  -17.066  -53.859 7.0000000000
28549  -13.677  -7.650  -58.689 6.0000000000
28550  -13.252  -9.474  -57.485 6.0000000000
28551  -12.719  -7.697  -58.132 6.0000000000
31961  -16.424  -15.146  -55.944 6.0000000000
31962  -15.324  -15.144  -55.656 7.0000000000
31963  -16.070  -13.214  -56.800 7.0000000000
31964  -15.671  -11.314  -57.645 7.0000000000
31965  -15.217  -9.446  -58.457 7.0000000000
31966  -16.801  -7.486  -60.045 7.0000000000
31967  -15.719  -7.561  -59.661 7.0000000000
31968  -14.680  -7.611  -59.213 6.0000000000
31969  -14.040  -5.824  -59.901 6.0000000000
31970  -13.310  -4.113  -60.527 6.0000000000
31971  -12.514  -2.495  -61.116 6.0000000000
32066  -8.702  -18.595  -51.242 6.0000000000
40207  -17.896  0.217  -64.492 6.0000000000
40208  -16.862  0.114  -64.190 6.0000000000
40209  -15.807  -0.019  -63.803 7.0000000000
40210  -14.782  3.519  -65.355 6.0000000000
40211  -14.815  1.676  -64.375 6.0000000000
40212  -14.737  -0.203  -63.349 7.0000000000
40213  -13.670  -0.443  -62.842 7.0000000000
40214  -12.628  -0.718  -62.284 6.0000000000
40215  -11.653  -0.983  -61.699 6.0000000000
40223  -10.708  0.410  -62.275 6.0000000000
40224  -10.746  -1.251  -61.142 6.0000000000
40453  -11.178  -23.094  -51.311 6.0000000000
40454  -10.411  -23.025  -50.944 6.0000000000
40456  -9.646  -20.784  -51.005 6.0000000000
40457  -9.525  -18.710  -51.579 6.0000000000
40458  -9.350  -16.768  -52.245 6.0000000000
40459  -14.312  -15.135  -55.321 7.0000000000
40460  -13.388  -15.120  -54.943 7.0000000000
40461  -12.515  -15.087  -54.515 7.0000000000
40462  -12.772  -11.304  -56.308 7.0000000000
40463  -12.241  -13.153  -55.166 7.0000000000
40464  -11.655  -15.026  -54.063 7.0000000000
40465  -10.798  -14.970  -53.641 7.0000000000
40466  -9.966  -14.957  -53.273 7.0000000000
40467  -9.160  -14.969  -52.945 6.0000000000
40468  -8.914  -13.231  -53.661 6.0000000000
41714  -19.301  -2.482  -63.288 6.0000000000
43949  -11.440  10.563  -68.810 6.0000000000
43950  -10.911  10.338  -68.624 6.0000000000
43951  -11.127  9.538  -68.168 6.0000000000
44016  -15.714  -18.101  -54.442 6.0000000000
44017  -15.262  -19.098  -53.923 6.0000000000
44018  -15.160  -18.097  -54.312 7.0000000000
44019  -14.631  -18.091  -54.172 7.0000000000
44020  -15.051  -17.103  -54.704 7.0000000000
44021  -11.979  -3.461  -60.238 6.0000000000
44022  -11.899  -4.330  -59.658 6.0000000000
44023  -11.535  -3.555  -59.966 6.0000000000
44025  -11.149  -2.806  -60.273 6.0000000000
44093  -8.461  -15.849  -52.301 6.0000000000
46419  -17.650  -10.299  -58.725 7.0000000000
46420  -17.953  -9.317  -59.327 6.0000000000
46421  -16.074  -2.813  -62.395 7.0000000000
46422  -15.940  -3.777  -61.824 7.0000000000
46423  -15.533  -2.886  -62.176 7.0000000000
46424  -14.995  -2.963  -61.940 7.0000000000
46425  -15.107  -2.009  -62.505 7.0000000000
53126  -15.570  6.392  -67.175 6.0000000000
53127  -16.075  6.458  -67.349 6.0000000000
53128  -16.174  5.567  -66.885 6.0000000000
53129  -16.756  4.720  -66.582 6.0000000000
53130  -16.255  4.668  -66.418 6.0000000000
53131  -16.316  3.762  -65.948 6.0000000000
53132  -15.749  4.605  -66.237 6.0000000000
53133  -12.038  4.486  -65.232 6.0000000000
53134  -12.636  3.807  -64.952 6.0000000000
53135  -12.107  3.599  -64.721 6.0000000000
53136  -12.149  2.704  -64.202 7.0000000000
53137  -11.575  3.375  -64.481 6.0000000000
53334  -11.063  -26.216  -50.449 6.0000000000
53335  -11.522  -25.176  -50.871 6.0000000000
53336  -11.919  -18.024  -53.141 7.0000000000
53337  -11.558  -19.006  -52.638 7.0000000000
53338  -11.511  -17.987  -52.930 7.0000000000
53339  -11.103  -17.938  -52.710 7.0000000000
53340  -11.440  -16.973  -53.224 7.0000000000
53341  -14.446  -10.387  -57.636 7.0000000000
53342  -14.168  -11.320  -57.038 7.0000000000
53343  -13.962  -10.389  -57.401 6.0000000000
56018  -19.287  -6.304  -61.217 6.0000000000
56019  -18.720  -6.354  -61.101 6.0000000000
56020  -18.916  -5.373  -61.669 6.0000000000
56021  -18.238  -2.571  -63.077 6.0000000000
56022  -18.122  -3.533  -62.533 6.0000000000
56023  -17.701  -2.624  -62.939 6.0000000000
56024  -17.160  -2.681  -62.778 6.0000000000
56025  -17.263  -1.722  -63.321 6.0000000000
62726  -12.901  9.333  -68.274 6.0000000000
62727  -13.427  9.494  -68.458 6.0000000000
62728  -13.603  8.660  -68.003 6.0000000000
62729  -14.284  7.945  -67.731 6.0000000000
62730  -13.762  7.814  -67.537 6.0000000000
62731  -13.904  6.956  -67.064 6.0000000000
62732  -13.240  7.661  -67.340 6.0000000000
62734  -12.196  7.288  -66.937 6.0000000000
62927  -15.607  -23.146  -52.378 6.0000000000
62928  -15.530  -22.131  -52.766 6.0000000000
62929  -14.334  -21.102  -52.927 7.0000000000
62930  -14.391  -22.117  -52.563 6.0000000000
62931  -13.861  -22.109  -52.450 7.0000000000
62932  -13.382  -23.122  -51.987 7.0000000000
62933  -13.360  -22.103  -52.329 7.0000000000
62934  -12.887  -22.099  -52.202 7.0000000000
62935  -13.332  -21.088  -52.670 7.0000000000
62936  -13.651  -18.080  -53.866 7.0000000000
62937  -13.251  -19.073  -53.355 7.0000000000
62938  -13.196  -18.074  -53.701 7.0000000000
62939  -12.758  -18.065  -53.527 7.0000000000
62940  -13.128  -17.079  -54.048 7.0000000000
62941  -13.370  -6.767  -59.011 6.0000000000
62942  -13.190  -7.671  -58.409 6.0000000000
62943  -12.890  -6.801  -58.726 6.0000000000
70134  -16.253  -14.176  -56.372 7.0000000000
70135  -16.627  -13.209  -56.948 7.0000000000
70136  -16.522  -10.350  -58.413 7.0000000000
70137  -16.207  -11.306  -57.816 7.0000000000
70138  -15.979  -10.366  -58.241 7.0000000000
70139  -15.452  -10.376  -58.056 7.0000000000
70140  -15.737  -9.432  -58.656 7.0000000000
70141  -17.590  -6.460  -60.813 6.0000000000
70142  -17.357  -7.441  -60.217 7.0000000000
70143  -17.034  -6.512  -60.644 7.0000000000
70144  -15.607  -5.697  -60.647 7.0000000000
70145  -15.943  -6.608  -60.262 7.0000000000
70146  -15.410  -6.647  -60.048 7.0000000000
70147  -15.195  -7.589  -59.447 7.0000000000
70148  -14.887  -6.680  -59.817 6.0000000000
70149  -14.372  -6.710  -59.566 6.0000000000
70150  -14.554  -5.785  -60.170 6.0000000000
70151  -13.936  -3.125  -61.416 6.0000000000
70152  -13.818  -4.046  -60.823 6.0000000000
70153  -13.420  -3.209  -61.126 6.0000000000
70154  -12.919  -3.292  -60.824 6.0000000000
70155  -13.006  -2.397  -61.418 6.0000000000
70358  -8.777  -19.589  -50.906 6.0000000000
90258  -15.669  9.072  -68.696 6.0000000000
90270  -18.412  1.186  -65.094 6.0000000000
90271  -18.407  0.259  -64.610 6.0000000000
90272  -17.907  1.147  -64.979 6.0000000000
90273  -16.378  1.923  -64.997 6.0000000000
90274  -16.888  1.050  -64.686 6.0000000000
90275  -16.371  0.992  -64.508 6.0000000000
90276  -16.337  0.053  -64.006 6.0000000000
90277  -15.848  0.922  -64.311 6.0000000000
90278  -14.128  5.201  -66.105 6.0000000000
90279  -14.725  4.426  -65.836 6.0000000000
90280  -14.207  4.306  -65.622 6.0000000000
90281  -13.759  2.342  -64.409 6.0000000000
90282  -14.287  2.483  -64.643 6.0000000000
90283  -14.285  1.557  -64.142 7.0000000000
90284  -14.789  0.740  -63.869 7.0000000000
90285  -14.255  0.623  -63.629 7.0000000000
90286  -14.202  -0.317  -63.102 7.0000000000
90287  -13.722  0.489  -63.379 7.0000000000
90288  -12.171  0.913  -63.126 6.0000000000
90289  -12.668  0.183  -62.848 6.0000000000
90290  -12.156  0.026  -62.565 6.0000000000
90291  -12.130  -0.853  -61.990 6.0000000000
90292  -11.664  -0.126  -62.276 6.0000000000
90314  -10.736  -0.418  -61.709 6.0000000000
90886  -12.009  -22.092  -51.921 7.0000000000
90887  -11.581  -23.109  -51.469 6.0000000000
90888  -11.596  -22.080  -51.764 6.0000000000
90889  -10.813  -20.980  -51.667 7.0000000000
90890  -10.809  -22.021  -51.402 6.0000000000
90891  -10.429  -21.973  -51.197 6.0000000000
90892  -10.040  -22.971  -50.735 6.0000000000
90893  -10.051  -21.912  -50.978 6.0000000000
90895  -10.040  -20.859  -51.228 7.0000000000
90896  -10.274  -17.822  -52.279 7.0000000000
90897  -9.939  -18.777  -51.775 7.0000000000
90898  -9.856  -17.766  -52.082 7.0000000000
90899  -9.439  -17.718  -51.903 6.0000000000
90900  -9.761  -16.793  -52.412 6.0000000000
90901  -15.174  -14.175  -56.062 7.0000000000
90902  -14.806  -15.140  -55.494 7.0000000000
90903  -14.667  -14.171  -55.889 7.0000000000
90904  -13.579  -13.198  -55.866 7.0000000000
90905  -13.719  -14.158  -55.506 7.0000000000
90906  -13.269  -14.148  -55.295 7.0000000000
90907  -12.948  -15.107  -54.735 7.0000000000
90908  -12.828  -14.133  -55.071 7.0000000000
90909  -12.784  -9.481  -57.220 6.0000000000
90910  -13.019  -10.387  -56.892 6.0000000000
90912  -11.632  -12.218  -55.271 7.0000000000
90913  -12.068  -12.217  -55.495 7.0000000000
90914  -11.801  -13.138  -54.936 7.0000000000
90915  -11.955  -14.087  -54.609 7.0000000000
90916  -11.520  -14.064  -54.386 7.0000000000
90917  -11.225  -14.994  -53.845 7.0000000000
90918  -11.090  -14.049  -54.177 7.0000000000
90919  -10.127  -13.172  -54.144 7.0000000000
90920  -10.257  -14.054  -53.797 7.0000000000
90921  -9.852  -14.067  -53.621 6.0000000000
90922  -9.561  -14.962  -53.104 6.0000000000
90923  -9.449  -14.081  -53.455 6.0000000000
90924  -9.046  -14.093  -53.300 6.0000000000
90925  -9.319  -13.213  -53.808 6.0000000000
90927  -9.004  -11.530  -54.526 6.0000000000
93515  -19.625  -4.356  -62.316 6.0000000000
93516  -19.078  -4.400  -62.223 6.0000000000
93517  -19.206  -3.436  -62.763 6.0000000000
93518  -18.772  -2.524  -63.194 6.0000000000
93519  -18.323  -1.619  -63.605 6.0000000000
97539  -12.497  10.961  -69.158 6.0000000000
97540  -11.968  10.771  -68.987 6.0000000000
97541  -12.180  9.965  -68.544 6.0000000000
97542  -12.376  9.150  -68.087 6.0000000000
97543  -12.555  8.324  -67.618 6.0000000000
97544  -11.851  8.948  -67.897 6.0000000000
97546  -10.798  8.494  -67.489 6.0000000000
97660  -15.935  -20.110  -53.648 6.0000000000
97661  -15.447  -21.117  -53.152 6.0000000000
97662  -15.357  -20.105  -53.537 6.0000000000
97663  -14.802  -20.098  -53.418 7.0000000000
97664  -14.272  -20.090  -53.290 7.0000000000
97665  -13.771  -20.083  -53.154 7.0000000000
97666  -14.204  -19.085  -53.655 7.0000000000
97667  -14.128  -18.085  -54.023 7.0000000000
97668  -14.043  -17.092  -54.394 7.0000000000
97669  -12.704  -5.068  -59.630 6.0000000000
97670  -12.574  -5.954  -59.038 6.0000000000
97671  -12.244  -5.130  -59.349 6.0000000000
101984  -17.561  -12.226  -57.674 6.0000000000
101985  -16.985  -12.243  -57.533 7.0000000000
101986  -17.326  -11.274  -58.126 7.0000000000
101987  -17.079  -10.328  -58.573 7.0000000000
101988  -16.820  -9.388  -59.013 7.0000000000
101989  -16.873  -4.619  -61.642 7.0000000000
101990  -16.691  -5.592  -61.056 7.0000000000
101991  -16.326  -4.680  -61.450 7.0000000000
101992  -15.784  -4.740  -61.240 7.0000000000
101993  -15.248  -4.798  -61.013 7.0000000000
101994  -14.718  -4.853  -60.769 6.0000000000
101995  -14.865  -3.912  -61.361 7.0000000000
101996  -14.462  -3.043  -61.688 7.0000000000
101997  -14.040  -2.195  -61.995 7.0000000000
102119  -8.890  -21.674  -50.314 6.0000000000
114058  -15.315  8.140  -68.095 6.0000000000
114059  -15.822  8.211  -68.259 6.0000000000
114060  -15.958  7.339  -67.808 6.0000000000
114061  -16.576  6.511  -67.507 6.0000000000
114064  -17.255  4.763  -66.729 6.0000000000
114065  -17.319  3.857  -66.264 6.0000000000
114066  -17.365  2.946  -65.796 6.0000000000
114067  -17.393  2.027  -65.324 6.0000000000
114068  -16.864  2.900  -65.645 6.0000000000
114069  -16.358  2.846  -65.475 6.0000000000
114070  -15.848  2.781  -65.288 6.0000000000
114071  -13.087  4.887  -65.674 6.0000000000
114072  -13.686  4.162  -65.402 6.0000000000
114073  -13.162  3.995  -65.179 6.0000000000
114074  -13.209  3.092  -64.678 6.0000000000
114075  -13.228  2.180  -64.170 7.0000000000
114076  -13.221  1.262  -63.652 7.0000000000
114077  -12.697  2.000  -63.925 7.0000000000
114078  -12.169  1.807  -63.671 7.0000000000
114079  -11.650  1.610  -63.405 6.0000000000
114434  -10.662  -26.211  -50.319 6.0000000000
114435  -10.713  -25.162  -50.596 6.0000000000
114436  -11.993  -20.052  -52.532 7.0000000000
114437  -11.598  -21.052  -52.056 7.0000000000
114438  -11.586  -20.028  -52.348 7.0000000000
114439  -11.190  -19.991  -52.148 7.0000000000
114440  -10.797  -19.942  -51.934 7.0000000000
114441  -10.403  -19.881  -51.713 7.0000000000
114442  -10.757  -18.908  -52.207 7.0000000000
114443  -10.691  -17.882  -52.491 7.0000000000
114444  -10.601  -16.873  -52.792 7.0000000000
114445  -14.841  -12.263  -56.865 7.0000000000
114446  -14.517  -13.211  -56.280 7.0000000000
114447  -14.352  -12.261  -56.664 7.0000000000
114448  -13.879  -12.256  -56.448 7.0000000000
114449  -13.417  -12.248  -56.217 7.0000000000
114454  -11.207  -12.230  -55.062 7.0000000000
114455  -10.946  -13.137  -54.519 7.0000000000
114456  -10.793  -12.251  -54.863 7.0000000000
114457  -10.386  -12.278  -54.672 7.0000000000
114458  -9.981  -12.306  -54.490 6.0000000000
114459  -9.576  -12.333  -54.321 6.0000000000
118361  -18.813  -8.281  -60.063 6.0000000000
118362  -18.235  -8.330  -59.927 6.0000000000
118363  -18.492  -7.341  -60.520 6.0000000000
118364  -18.153  -6.407  -60.966 6.0000000000
118365  -17.797  -5.480  -61.399 6.0000000000
118366  -18.527  -4.450  -62.109 6.0000000000
118367  -17.974  -4.503  -61.973 6.0000000000
118368  -17.422  -4.560  -61.817 6.0000000000
118369  -17.029  -3.648  -62.217 7.0000000000
118370  -16.617  -2.744  -62.596 7.0000000000
118371  -16.186  -1.851  -62.950 7.0000000000
127752  -14.473  9.747  -68.809 6.0000000000
127753  -13.234  10.316  -68.899 6.0000000000
127754  -13.952  9.632  -68.637 6.0000000000
127755  -14.646  8.905  -68.370 6.0000000000
127756  -14.802  8.052  -67.918 6.0000000000
127757  -14.940  7.187  -67.456 6.0000000000
127758  -15.059  6.310  -66.988 6.0000000000
127759  -15.159  5.423  -66.516 6.0000000000
127760  -14.544  6.209  -66.790 6.0000000000
127761  -14.026  6.084  -66.586 6.0000000000
127762  -13.506  5.937  -66.378 6.0000000000
127763  -12.718  7.485  -67.140 6.0000000000
127764  -12.862  6.632  -66.655 6.0000000000
127765  -12.986  5.766  -66.166 6.0000000000
127766  -12.465  5.574  -65.953 6.0000000000
127767  -11.941  5.363  -65.736 6.0000000000
128035  -15.076  -24.159  -51.910 6.0000000000
128036  -14.493  -24.155  -51.827 6.0000000000
128037  -14.950  -22.125  -52.668 6.0000000000
128038  -14.444  -23.135  -52.196 6.0000000000
128039  -13.932  -24.149  -51.737 6.0000000000
128040  -13.400  -24.144  -51.640 6.0000000000
128041  -12.899  -24.142  -51.536 6.0000000000
128042  -12.427  -24.142  -51.424 6.0000000000
128043  -11.981  -24.143  -51.303 6.0000000000
128044  -12.437  -23.118  -51.746 7.0000000000
128045  -12.439  -22.097  -52.066 7.0000000000
128046  -12.431  -21.079  -52.384 7.0000000000
128047  -13.296  -20.078  -53.012 7.0000000000
128048  -12.845  -20.073  -52.862 7.0000000000
128049  -12.411  -20.066  -52.703 7.0000000000
128050  -12.379  -19.056  -53.022 7.0000000000
128051  -12.333  -18.049  -53.340 7.0000000000
128052  -12.272  -17.046  -53.657 7.0000000000
128053  -13.959  -8.550  -58.354 6.0000000000
128054  -13.730  -9.469  -57.749 6.0000000000
128055  -13.472  -8.561  -58.085 6.0000000000
128056  -12.995  -8.575  -57.811 6.0000000000
137219  -16.015  -16.123  -55.388 6.0000000000
137220  -15.463  -16.121  -55.249 7.0000000000
137221  -15.864  -15.146  -55.806 7.0000000000
137222  -15.703  -14.176  -56.223 7.0000000000
137223  -15.531  -13.215  -56.640 7.0000000000
137224  -16.423  -12.254  -57.384 7.0000000000
137225  -15.876  -12.260  -57.225 7.0000000000
137226  -15.349  -12.263  -57.052 7.0000000000
137227  -15.153  -11.318  -57.458 7.0000000000
137228  -14.942  -10.383  -57.855 7.0000000000
137229  -14.711  -9.456  -58.239 7.0000000000
137230  -17.663  -8.376  -59.777 6.0000000000
137231  -17.099  -8.418  -59.616 7.0000000000
137232  -16.546  -8.454  -59.443 7.0000000000
137233  -16.484  -6.562  -60.460 7.0000000000
137234  -16.255  -7.527  -59.860 7.0000000000
137235  -16.005  -8.483  -59.258 7.0000000000
137236  -15.477  -8.506  -59.059 7.0000000000
137237  -14.961  -8.524  -58.843 7.0000000000
137238  -14.455  -8.538  -58.608 6.0000000000
137239  -14.174  -7.631  -58.960 6.0000000000
137240  -13.866  -6.738  -59.295 6.0000000000
137241  -13.535  -5.863  -59.616 6.0000000000
137242  -14.197  -4.905  -60.505 6.0000000000
137243  -13.684  -4.957  -60.221 6.0000000000
137244  -13.185  -5.011  -59.925 6.0000000000
137245  -12.819  -4.181  -60.226 6.0000000000
137246  -12.438  -3.375  -60.524 6.0000000000
137247  -12.043  -2.593  -60.821 6.0000000000
137503  -8.299  -18.548  -51.098 6.0000000000
137504  -8.626  -17.647  -51.592 6.0000000000
161575  -18.893  -0.635  -64.216 6.0000000000
161576  -18.379  -0.675  -64.115 6.0000000000
161577  -17.860  -0.721  -63.992 6.0000000000
161578  -17.400  1.102  -64.844 6.0000000000
161579  -17.382  0.169  -64.352 6.0000000000
161580  -17.337  -0.773  -63.845 6.0000000000
161581  -16.808  -0.830  -63.677 6.0000000000
161582  -16.275  -0.895  -63.487 7.0000000000
161583  -15.738  -0.969  -63.278 7.0000000000
161584  -15.240  4.526  -66.042 6.0000000000
161585  -15.299  3.618  -65.566 6.0000000000
161586  -15.333  2.701  -65.085 6.0000000000
161587  -14.261  3.399  -65.135 6.0000000000
161588  -14.812  2.602  -64.869 6.0000000000
161589  -15.341  1.775  -64.597 6.0000000000
161590  -15.321  0.840  -64.097 6.0000000000
161591  -15.273  -0.104  -63.583 7.0000000000
161592  -15.201  -1.054  -63.053 7.0000000000
161593  -14.664  -1.151  -62.812 7.0000000000
161594  -14.129  -1.258  -62.558 7.0000000000
161595  -13.601  -1.373  -62.288 6.0000000000
161596  -13.191  0.340  -63.119 7.0000000000
161597  -13.143  -0.579  -62.570 6.0000000000
161598  -13.081  -1.492  -62.002 6.0000000000
161599  -12.576  -1.611  -61.705 6.0000000000
161600  -12.093  -1.725  -61.407 6.0000000000
161601  -11.630  -1.838  -61.119 6.0000000000
161604  -10.267  8.247  -67.264 6.0000000000
161622  -11.146  1.419  -63.125 6.0000000000
161625  -11.176  0.571  -62.560 6.0000000000
161626  -11.193  -0.271  -61.990 6.0000000000
161627  -11.195  -1.113  -61.417 6.0000000000
161628  -11.181  -1.958  -60.844 6.0000000000
161629  -10.738  -2.088  -60.576 6.0000000000
162313  -11.556  -24.142  -51.172 6.0000000000
162314  -11.148  -24.133  -51.028 6.0000000000
162315  -10.756  -24.113  -50.868 6.0000000000
162316  -11.197  -22.057  -51.591 6.0000000000
162317  -10.789  -23.066  -51.136 6.0000000000
162318  -10.377  -24.081  -50.690 6.0000000000
162319  -10.009  -24.035  -50.495 6.0000000000
162323  -9.283  -21.761  -50.528 6.0000000000
162324  -9.246  -20.703  -50.792 6.0000000000
162325  -10.003  -19.812  -51.491 7.0000000000
162326  -9.596  -19.737  -51.279 6.0000000000
162327  -9.186  -19.661  -51.083 6.0000000000
162328  -9.111  -18.649  -51.401 6.0000000000
162329  -9.029  -17.679  -51.741 6.0000000000
162330  -8.946  -16.751  -52.090 6.0000000000
162331  -14.933  -16.117  -55.099 7.0000000000
162332  -14.428  -16.112  -54.937 7.0000000000
162333  -13.948  -16.106  -54.766 7.0000000000
162334  -14.183  -14.166  -55.703 7.0000000000
162335  -13.841  -15.128  -55.138 7.0000000000
162336  -13.489  -16.099  -54.585 7.0000000000
162337  -13.046  -16.089  -54.393 7.0000000000
162338  -12.615  -16.073  -54.189 7.0000000000
162339  -12.191  -16.048  -53.973 7.0000000000
162340  -13.487  -10.388  -57.150 6.0000000000
162341  -13.231  -11.311  -56.559 7.0000000000
162342  -12.963  -12.238  -55.976 7.0000000000
162343  -12.321  -11.302  -56.062 7.0000000000
162344  -12.513  -12.226  -55.732 7.0000000000
162345  -12.683  -13.171  -55.403 7.0000000000
162346  -12.391  -14.112  -54.840 7.0000000000
162347  -12.086  -15.059  -54.289 7.0000000000
162348  -11.768  -16.013  -53.750 7.0000000000
162349  -11.344  -15.972  -53.528 7.0000000000
162350  -10.918  -15.931  -53.314 7.0000000000
162351  -10.493  -15.896  -53.113 7.0000000000
162352  -10.669  -14.046  -53.981 7.0000000000
162353  -10.377  -14.958  -53.451 7.0000000000
162354  -10.074  -15.873  -52.928 7.0000000000
162355  -9.662  -15.861  -52.756 6.0000000000
162356  -9.258  -15.857  -52.594 6.0000000000
162357  -8.859  -15.854  -52.442 6.0000000000
162358  -8.760  -14.973  -52.797 6.0000000000
162359  -8.643  -14.102  -53.159 6.0000000000
162361  -9.171  -12.361  -54.167 6.0000000000
162362  -8.765  -12.389  -54.027 6.0000000000
