#!ascii label  , from subject 40tvs8ref_sym_20 vox2ras=TkReg
1485
4  -35.557  24.290  -5.399 7.0000000000
182  -37.724  16.763  -0.655 6.0000000000
226  -34.098  17.998  15.044 7.0000000000
454  -28.073  32.399  7.808 6.0000000000
472  -38.887  18.589  6.545 7.0000000000
661  -33.096  25.588  -7.486 7.0000000000
993  -32.560  29.579  4.520 6.0000000000
994  -30.860  28.848  9.619 7.0000000000
1033  -34.378  21.919  13.005 7.0000000000
1034  -37.139  18.750  10.797 7.0000000000
1035  -36.944  22.706  8.591 6.0000000000
1480  -38.251  12.284  2.149 6.0000000000
1532  -30.858  23.826  15.824 7.0000000000
1533  -29.080  27.485  14.506 7.0000000000
1534  -27.229  25.854  19.274 6.0000000000
1556  -32.697  14.292  17.275 6.0000000000
1557  -30.409  16.346  19.050 7.0000000000
1558  -31.146  20.003  17.152 7.0000000000
2013  -33.854  28.130  -4.928 7.0000000000
2014  -33.659  29.341  -0.520 7.0000000000
2015  -29.960  32.973  2.468 7.0000000000
2017  -26.136  30.908  12.860 6.0000000000
2579  -35.312  22.790  -5.803 7.0000000000
2580  -33.944  23.165  -6.889 6.0000000000
2581  -34.520  24.849  -6.409 7.0000000000
2582  -36.307  22.811  -4.560 7.0000000000
2953  -33.996  23.674  12.166 6.0000000000
2954  -35.789  22.484  10.829 7.0000000000
3427  -37.933  14.490  0.809 7.0000000000
3428  -37.055  11.710  0.874 6.0000000000
3512  -29.565  22.892  18.002 7.0000000000
3513  -29.057  24.871  17.481 7.0000000000
3514  -27.949  23.956  19.763 6.0000000000
3551  -29.700  14.504  20.074 6.0000000000
3554  -29.462  18.850  19.176 7.0000000000
3555  -29.675  20.856  18.544 6.0000000000
3556  -31.179  21.908  16.440 7.0000000000
4415  -30.367  31.108  6.154 7.0000000000
4416  -31.206  31.299  3.508 7.0000000000
4417  -29.065  32.833  5.165 6.0000000000
4418  -27.873  34.455  4.086 6.0000000000
4419  -26.743  34.058  6.783 6.0000000000
4420  -26.860  28.370  16.197 7.0000000000
4421  -27.712  29.208  13.727 7.0000000000
4422  -25.266  30.021  15.326 7.0000000000
4533  -33.434  16.058  16.091 7.0000000000
4535  -35.159  16.481  14.033 7.0000000000
4536  -38.211  18.768  8.648 7.0000000000
4537  -37.958  16.654  9.860 7.0000000000
4538  -38.812  16.441  7.803 7.0000000000
4540  -39.245  16.073  5.848 7.0000000000
4541  -39.242  15.588  4.006 7.0000000000
4542  -39.165  18.236  4.541 6.0000000000
4882  -32.604  30.245  -4.023 6.0000000000
4883  -32.535  29.281  -6.087 6.0000000000
5798  -32.357  23.777  -7.826 6.0000000000
6395  -31.724  29.332  7.101 6.0000000000
6396  -29.450  30.644  8.746 7.0000000000
6465  -34.421  20.016  13.992 7.0000000000
6466  -35.740  18.490  12.939 7.0000000000
6467  -35.954  20.553  11.864 7.0000000000
6468  -37.227  20.799  9.681 7.0000000000
6469  -38.158  20.803  7.484 7.0000000000
7412  -32.089  24.650  13.626 6.0000000000
7414  -30.139  25.705  15.199 7.0000000000
7415  -28.150  26.682  16.892 7.0000000000
7417  -26.341  25.003  21.645 6.0000000000
7468  -31.603  15.410  18.108 6.0000000000
7469  -32.297  17.302  17.085 7.0000000000
7470  -29.051  16.941  19.965 6.0000000000
7471  -30.870  18.158  18.040 7.0000000000
7472  -32.692  19.204  16.052 7.0000000000
7473  -32.807  21.057  15.101 7.0000000000
7474  -32.627  22.861  14.338 7.0000000000
8612  -36.009  24.782  -4.202 7.0000000000
8613  -34.892  26.027  -5.351 7.0000000000
8614  -35.125  26.815  -3.704 7.0000000000
8615  -33.886  28.877  -2.865 7.0000000000
8616  -32.382  30.888  -1.643 6.0000000000
8617  -33.213  29.567  1.955 6.0000000000
8618  -31.896  31.224  0.886 7.0000000000
8619  -30.665  32.811  -0.192 6.0000000000
8623  -29.986  28.219  12.085 7.0000000000
8624  -28.567  29.986  11.257 7.0000000000
8625  -27.073  31.730  10.374 6.0000000000
8763  -36.708  16.684  11.951 7.0000000000
8769  -39.035  12.934  3.639 6.0000000000
8770  -38.790  15.033  2.313 6.0000000000
8771  -38.528  17.250  0.903 6.0000000000
8776  -36.954  23.180  -3.030 6.0000000000
9186  -33.582  27.043  -6.516 7.0000000000
9187  -32.188  28.016  -7.599 6.0000000000
10259  -35.486  23.643  -5.614 7.0000000000
10260  -34.930  23.807  -6.167 7.0000000000
10261  -35.121  24.535  -5.861 7.0000000000
10262  -35.912  23.643  -5.044 7.0000000000
10263  -35.858  22.743  -5.209 7.0000000000
10633  -33.674  24.519  11.764 6.0000000000
10634  -34.644  24.006  11.041 6.0000000000
11107  -37.817  15.637  0.081 7.0000000000
11108  -37.383  14.258  0.121 6.0000000000
11193  -28.755  23.423  18.864 6.0000000000
11236  -29.665  21.875  18.264 6.0000000000
12095  -29.236  31.790  6.986 6.0000000000
12096  -29.703  31.983  5.667 6.0000000000
12097  -28.574  32.651  6.495 6.0000000000
12098  -27.935  33.482  5.985 6.0000000000
12099  -27.398  33.239  7.308 6.0000000000
12101  -26.095  29.195  15.782 7.0000000000
12102  -24.859  29.583  16.573 6.0000000000
12213  -33.796  17.004  15.559 7.0000000000
12214  -34.313  16.296  15.066 7.0000000000
12215  -34.660  17.255  14.523 7.0000000000
12216  -38.600  18.702  7.584 7.0000000000
12217  -38.548  17.626  8.195 7.0000000000
12218  -38.876  17.509  7.169 7.0000000000
12219  -39.082  16.275  6.813 7.0000000000
12220  -39.101  17.350  6.170 7.0000000000
12221  -39.225  17.151  5.195 7.0000000000
12222  -39.075  18.432  5.531 7.0000000000
13502  -33.536  24.370  -7.241 7.0000000000
13503  -33.166  23.447  -7.378 6.0000000000
13504  -32.764  24.722  -7.731 7.0000000000
13506  -32.342  26.001  -7.979 7.0000000000
14496  -32.417  28.455  7.576 6.0000000000
14497  -31.288  29.112  8.368 6.0000000000
14498  -30.596  30.008  7.917 7.0000000000
14499  -30.154  29.743  9.183 7.0000000000
14613  -34.443  20.986  13.478 7.0000000000
14614  -35.216  20.321  12.936 7.0000000000
14615  -35.207  21.302  12.416 7.0000000000
14616  -36.406  22.635  9.713 7.0000000000
14617  -36.564  21.687  10.235 7.0000000000
14618  -37.132  21.763  9.128 7.0000000000
14619  -37.740  20.826  8.583 7.0000000000
14620  -37.613  21.779  8.020 7.0000000000
14621  -37.998  21.752  6.914 6.0000000000
14622  -37.395  22.716  7.472 6.0000000000
16042  -38.420  11.250  2.796 6.0000000000
16044  -37.895  10.919  2.127 6.0000000000
16292  -31.481  24.252  14.731 7.0000000000
16293  -31.119  25.174  14.394 7.0000000000
16294  -30.544  24.775  15.515 7.0000000000
16295  -28.150  25.369  18.362 7.0000000000
16296  -28.653  25.797  17.195 7.0000000000
16297  -27.686  26.269  18.083 7.0000000000
16298  -27.114  27.128  17.782 7.0000000000
16299  -26.692  26.727  18.995 6.0000000000
16408  -30.080  15.423  19.554 7.0000000000
16409  -30.658  14.990  19.099 6.0000000000
16410  -31.038  15.920  18.583 7.0000000000
16411  -31.980  16.346  17.590 7.0000000000
16412  -31.359  16.860  18.078 7.0000000000
16416  -30.304  19.436  18.168 7.0000000000
16417  -30.148  18.486  18.563 7.0000000000
16418  -31.031  19.070  17.572 7.0000000000
16419  -31.786  18.708  17.054 7.0000000000
16420  -31.913  19.624  16.570 7.0000000000
16421  -32.783  20.136  15.555 7.0000000000
16422  -31.983  20.547  16.131 7.0000000000
16423  -31.070  22.867  16.129 7.0000000000
16424  -31.912  22.398  15.393 7.0000000000
16425  -31.747  23.325  15.063 7.0000000000
16426  -32.405  23.755  13.985 7.0000000000
18992  -36.186  25.055  -3.378 6.0000000000
18993  -35.626  25.784  -3.985 7.0000000000
18994  -35.733  26.088  -3.081 6.0000000000
18995  -34.442  28.377  -1.119 6.0000000000
18996  -34.519  28.145  -2.259 7.0000000000
18997  -33.804  29.141  -1.716 7.0000000000
18998  -33.170  29.886  -2.297 7.0000000000
18999  -33.019  30.122  -1.088 7.0000000000
19000  -33.606  28.767  3.763 6.0000000000
19001  -33.895  28.747  2.506 6.0000000000
19002  -32.914  29.601  3.229 6.0000000000
19003  -30.567  32.148  2.996 7.0000000000
19004  -31.574  31.293  2.187 7.0000000000
19005  -30.944  32.126  1.665 7.0000000000
19006  -31.269  32.032  0.353 6.0000000000
19007  -30.341  32.932  1.127 6.0000000000
19008  -29.771  33.711  0.569 6.0000000000
19009  -29.384  33.772  1.918 6.0000000000
19015  -30.140  26.983  13.686 7.0000000000
19016  -30.620  27.337  12.493 7.0000000000
19017  -29.537  27.863  13.301 7.0000000000
19018  -26.942  30.060  13.306 7.0000000000
19019  -28.139  29.608  12.495 7.0000000000
19020  -27.374  30.475  12.073 7.0000000000
19021  -27.819  30.866  10.830 6.0000000000
19022  -26.594  31.334  11.626 6.0000000000
19361  -36.475  18.652  11.871 7.0000000000
19362  -36.258  17.609  12.422 7.0000000000
19363  -36.962  17.699  11.363 7.0000000000
19365  -37.744  15.661  10.494 7.0000000000
19376  -39.130  11.935  4.308 6.0000000000
19377  -39.251  13.250  4.465 6.0000000000
19378  -39.153  16.669  3.329 7.0000000000
19379  -39.072  15.317  3.138 7.0000000000
19380  -38.955  16.404  2.449 6.0000000000
19381  -38.657  16.136  1.614 6.0000000000
19382  -38.824  17.504  1.749 6.0000000000
19396  -36.504  24.021  -3.625 7.0000000000
20407  -34.403  27.066  -5.198 7.0000000000
20408  -34.259  26.548  -5.938 7.0000000000
20409  -33.746  27.632  -5.794 7.0000000000
20411  -32.393  28.686  -6.924 6.0000000000
20413  -31.512  28.515  -8.102 6.0000000000
23077  -34.667  22.940  -6.362 7.0000000000
23078  -34.269  24.060  -6.715 7.0000000000
23079  -33.834  25.203  -6.959 7.0000000000
23080  -36.680  21.899  -4.008 6.0000000000
23745  -34.230  22.812  12.573 7.0000000000
23746  -35.108  22.244  11.928 7.0000000000
23747  -34.921  23.144  11.473 7.0000000000
23748  -35.567  23.395  10.351 6.0000000000
23749  -36.153  23.556  9.215 6.0000000000
24601  -38.081  13.363  1.497 6.0000000000
24602  -37.698  11.981  1.487 6.0000000000
24603  -37.519  13.100  0.827 6.0000000000
24752  -30.220  23.372  16.912 7.0000000000
24753  -29.960  24.350  16.631 7.0000000000
24754  -29.364  23.898  17.747 7.0000000000
24755  -28.506  24.421  18.624 7.0000000000
24756  -27.649  24.929  19.529 6.0000000000
24823  -29.114  14.860  20.503 6.0000000000
24824  -29.456  15.764  19.997 7.0000000000
24828  -29.604  19.845  18.848 6.0000000000
24829  -30.403  20.408  17.813 7.0000000000
24830  -31.200  20.952  16.777 7.0000000000
24831  -30.431  21.393  17.489 7.0000000000
24832  -30.375  22.383  17.193 7.0000000000
26376  -34.309  28.553  0.063 6.0000000000
26377  -31.476  30.365  5.325 7.0000000000
26378  -31.875  30.438  4.013 7.0000000000
26379  -30.801  31.240  4.833 7.0000000000
26380  -30.151  32.101  4.334 7.0000000000
26381  -29.531  32.940  3.819 6.0000000000
26382  -28.942  33.752  3.280 6.0000000000
26383  -28.456  33.656  4.641 6.0000000000
26384  -27.320  34.292  5.447 6.0000000000
26385  -26.106  34.873  6.219 6.0000000000
26386  -27.990  27.947  15.346 7.0000000000
26387  -28.430  28.350  14.126 7.0000000000
26388  -27.284  28.792  14.960 7.0000000000
26389  -26.515  29.630  14.540 7.0000000000
26390  -25.694  30.467  14.089 7.0000000000
26589  -33.055  15.160  16.659 6.0000000000
26590  -33.593  14.526  16.272 6.0000000000
26591  -33.946  15.393  15.645 6.0000000000
26592  -34.806  15.566  14.624 6.0000000000
26593  -35.630  15.677  13.599 6.0000000000
26594  -37.721  18.786  9.723 7.0000000000
26595  -37.585  17.726  10.305 7.0000000000
26596  -38.117  17.699  9.246 7.0000000000
26597  -38.438  16.568  8.820 7.0000000000
26602  -39.327  14.801  5.569 7.0000000000
26603  -39.308  14.544  4.670 6.0000000000
26604  -39.299  15.841  4.911 7.0000000000
26605  -39.243  16.921  4.246 7.0000000000
27220  -33.258  29.188  -4.536 6.0000000000
27221  -33.197  28.719  -5.519 7.0000000000
27222  -32.606  29.801  -5.109 6.0000000000
30276  -33.252  28.732  5.036 6.0000000000
30278  -32.844  28.628  6.312 6.0000000000
30279  -32.158  29.492  5.816 6.0000000000
30280  -31.045  30.220  6.630 7.0000000000
30281  -29.913  30.906  7.460 7.0000000000
30282  -28.759  31.532  8.288 6.0000000000
30441  -34.307  19.014  14.523 7.0000000000
30442  -34.943  18.269  13.998 7.0000000000
30443  -35.130  19.305  13.471 7.0000000000
30444  -35.896  19.535  12.404 7.0000000000
30445  -36.599  19.698  11.325 7.0000000000
30446  -35.918  21.536  11.334 7.0000000000
30447  -36.628  20.711  10.777 7.0000000000
30448  -37.230  19.795  10.239 7.0000000000
30449  -37.776  19.831  9.151 7.0000000000
30450  -38.228  19.812  8.063 7.0000000000
30451  -38.580  19.747  6.985 7.0000000000
30452  -38.832  19.636  5.931 7.0000000000
30453  -38.476  20.739  6.395 7.0000000000
32734  -31.684  25.547  13.260 6.0000000000
32735  -30.671  26.087  14.049 7.0000000000
32736  -29.651  26.607  14.864 7.0000000000
32737  -29.601  25.299  16.340 7.0000000000
32738  -29.154  26.211  16.031 7.0000000000
32739  -28.617  27.090  15.702 7.0000000000
32740  -27.549  27.537  16.565 7.0000000000
32744  -27.149  24.479  20.691 6.0000000000
32745  -26.781  25.433  20.463 6.0000000000
32747  -25.891  25.936  21.410 6.0000000000
32748  -26.284  26.333  20.205 6.0000000000
32879  -31.781  13.990  18.269 6.0000000000
32880  -30.268  14.082  19.648 6.0000000000
32881  -31.211  14.504  18.659 6.0000000000
32882  -32.142  14.864  17.663 6.0000000000
32883  -32.529  15.764  17.105 7.0000000000
32884  -32.901  16.703  16.582 7.0000000000
32885  -33.213  17.677  16.073 7.0000000000
32888  -29.731  16.665  19.498 7.0000000000
32889  -29.271  17.880  19.543 7.0000000000
32890  -29.956  17.565  19.010 7.0000000000
32891  -30.668  17.256  18.543 7.0000000000
32892  -31.606  17.790  17.566 7.0000000000
32893  -32.533  18.260  16.570 7.0000000000
32894  -33.438  18.666  15.556 7.0000000000
32895  -33.575  19.642  15.032 7.0000000000
32896  -33.632  20.594  14.524 7.0000000000
32897  -33.608  21.519  14.060 7.0000000000
32898  -31.986  21.473  15.742 7.0000000000
32899  -32.757  21.964  14.701 7.0000000000
32900  -33.506  22.415  13.648 7.0000000000
32901  -33.322  23.289  13.265 7.0000000000
32902  -33.048  24.153  12.886 6.0000000000
36092  -35.786  24.515  -4.900 7.0000000000
36093  -35.294  25.063  -5.408 7.0000000000
36094  -35.473  25.449  -4.771 7.0000000000
36095  -35.030  26.453  -4.592 7.0000000000
36096  -34.497  27.498  -4.321 7.0000000000
36097  -35.168  27.123  -2.712 6.0000000000
36098  -34.537  27.854  -3.334 7.0000000000
36099  -33.902  28.542  -3.943 7.0000000000
36100  -33.250  29.576  -3.453 7.0000000000
36101  -32.530  30.607  -2.860 6.0000000000
36102  -31.751  31.621  -2.193 6.0000000000
36104  -34.127  28.676  1.273 6.0000000000
36105  -33.460  29.481  0.706 7.0000000000
36106  -32.234  30.445  2.705 7.0000000000
36107  -32.545  30.395  1.415 7.0000000000
36108  -32.807  30.289  0.152 7.0000000000
36109  -32.166  31.090  -0.390 7.0000000000
36110  -31.540  31.865  -0.933 6.0000000000
36111  -30.933  32.607  -1.483 6.0000000000
36122  -31.089  27.665  11.285 6.0000000000
36123  -30.427  28.549  10.858 7.0000000000
36124  -28.867  28.736  12.902 7.0000000000
36125  -29.298  29.101  11.672 7.0000000000
36126  -29.725  29.438  10.432 7.0000000000
36127  -29.001  30.335  10.010 7.0000000000
36128  -28.281  31.221  9.570 6.0000000000
36129  -27.570  32.087  9.100 6.0000000000
36132  -24.840  31.311  13.614 6.0000000000
36135  -25.311  31.759  12.386 6.0000000000
36136  -25.808  32.184  11.145 6.0000000000
36137  -26.327  32.577  9.885 6.0000000000
36138  -26.859  32.933  8.607 6.0000000000
36139  -26.159  33.763  8.091 6.0000000000
36140  -25.475  34.592  7.538 6.0000000000
36537  -35.485  17.458  13.476 7.0000000000
36538  -35.963  16.612  12.995 7.0000000000
36539  -36.404  15.727  12.569 6.0000000000
36540  -37.378  16.696  10.905 7.0000000000
36541  -37.115  15.720  11.533 7.0000000000
36556  -38.834  11.592  3.523 6.0000000000
36557  -38.699  12.606  2.865 6.0000000000
36558  -39.172  14.264  3.805 6.0000000000
36559  -38.919  13.964  2.984 6.0000000000
36560  -38.552  13.657  2.214 6.0000000000
36561  -38.406  14.751  1.537 6.0000000000
36562  -38.274  15.878  0.826 6.0000000000
36563  -38.160  17.003  0.104 6.0000000000
36578  -37.055  22.070  -3.244 6.0000000000
36579  -36.669  22.970  -3.835 7.0000000000
36580  -36.241  23.800  -4.388 7.0000000000
37800  -34.721  25.505  -5.958 7.0000000000
37801  -34.070  25.930  -6.526 7.0000000000
37802  -33.367  26.363  -7.081 7.0000000000
37803  -33.069  28.167  -6.372 7.0000000000
37804  -32.883  27.529  -7.072 7.0000000000
37805  -32.641  26.807  -7.609 7.0000000000
37806  -31.922  27.270  -8.105 7.0000000000
40979  -35.535  24.008  -5.502 7.0000000000
40980  -35.304  24.083  -5.760 7.0000000000
40981  -35.371  24.399  -5.607 7.0000000000
40982  -35.720  24.007  -5.247 7.0000000000
40983  -35.715  23.618  -5.336 7.0000000000
41827  -37.770  16.204  -0.288 7.0000000000
41828  -37.563  15.522  -0.277 7.0000000000
41829  -37.521  16.089  -0.649 6.0000000000
42815  -28.660  32.104  7.399 6.0000000000
42816  -28.903  32.224  6.743 6.0000000000
42817  -28.324  32.533  7.154 6.0000000000
42818  -27.993  32.954  6.905 6.0000000000
42819  -27.733  32.822  7.560 6.0000000000
42933  -33.957  17.496  15.301 7.0000000000
42934  -34.232  17.135  15.042 7.0000000000
42935  -34.390  17.632  14.782 7.0000000000
42936  -38.756  18.651  7.060 7.0000000000
42937  -38.748  18.113  7.368 7.0000000000
42938  -38.889  18.051  6.855 7.0000000000
42939  -39.001  17.435  6.666 7.0000000000
42940  -39.004  17.977  6.349 7.0000000000
42941  -39.095  17.893  5.850 7.0000000000
42942  -38.993  18.516  6.035 7.0000000000
44222  -33.319  24.978  -7.378 7.0000000000
44223  -33.153  24.541  -7.491 7.0000000000
44224  -32.938  25.166  -7.628 7.0000000000
44225  -32.554  25.362  -7.869 7.0000000000
44226  -32.719  25.791  -7.736 7.0000000000
45215  -31.423  28.542  9.219 6.0000000000
45216  -31.637  28.670  8.596 6.0000000000
45217  -31.073  28.985  8.995 7.0000000000
45218  -30.722  29.431  8.773 7.0000000000
45219  -30.508  29.294  9.400 7.0000000000
45333  -34.421  21.457  13.236 7.0000000000
45334  -34.831  21.154  12.949 7.0000000000
45335  -34.801  21.628  12.704 7.0000000000
45336  -36.686  22.680  9.152 7.0000000000
45337  -36.784  22.209  9.415 7.0000000000
45338  -37.050  22.237  8.857 7.0000000000
45339  -37.384  21.778  8.574 7.0000000000
45340  -37.294  22.249  8.300 7.0000000000
45341  -37.515  22.249  7.744 6.0000000000
45342  -37.181  22.717  8.031 6.0000000000
46762  -38.337  11.762  2.471 6.0000000000
46763  -38.171  11.083  2.454 6.0000000000
46764  -38.080  11.600  2.132 6.0000000000
47012  -31.171  24.042  15.279 7.0000000000
47013  -31.014  24.512  15.118 7.0000000000
47014  -30.714  24.303  15.670 7.0000000000
47015  -27.692  25.612  18.814 6.0000000000
47016  -27.932  25.825  18.224 7.0000000000
47017  -27.456  26.062  18.678 6.0000000000
47018  -27.192  26.500  18.538 6.0000000000
47019  -26.974  26.297  19.139 6.0000000000
47128  -30.253  15.885  19.302 7.0000000000
47129  -30.560  15.681  19.071 7.0000000000
47130  -30.732  16.147  18.819 7.0000000000
47131  -31.208  16.390  18.330 7.0000000000
47132  -30.885  16.612  18.567 7.0000000000
47136  -30.725  19.722  17.661 7.0000000000
47137  -30.664  19.249  17.859 7.0000000000
47138  -31.095  19.534  17.356 7.0000000000
47139  -31.473  19.352  17.072 7.0000000000
47140  -31.526  19.813  16.851 7.0000000000
47141  -31.955  20.084  16.344 7.0000000000
47142  -31.565  20.278  16.643 7.0000000000
47143  -30.977  23.347  15.977 7.0000000000
47144  -31.410  23.099  15.597 7.0000000000
47145  -31.304  23.571  15.438 7.0000000000
47146  -31.626  23.789  14.898 7.0000000000
49713  -35.974  25.571  -3.237 6.0000000000
49715  -34.059  28.862  -0.829 7.0000000000
49716  -34.122  28.762  -1.419 7.0000000000
49717  -33.739  29.248  -1.122 7.0000000000
49718  -33.421  29.632  -1.412 7.0000000000
49719  -33.338  29.732  -0.805 7.0000000000
49720  -33.089  29.176  4.134 6.0000000000
49721  -33.258  29.183  3.495 6.0000000000
49722  -32.743  29.597  3.873 6.0000000000
49723  -30.260  32.564  2.735 7.0000000000
49724  -30.761  32.145  2.329 7.0000000000
49725  -30.456  32.557  2.065 7.0000000000
49726  -30.639  32.532  1.398 7.0000000000
49727  -30.157  32.962  1.796 7.0000000000
49728  -29.866  33.360  1.521 6.0000000000
49729  -29.668  33.376  2.196 7.0000000000
49735  -29.612  27.239  14.093 7.0000000000
49736  -29.847  27.425  13.496 7.0000000000
49737  -29.309  27.676  13.905 7.0000000000
49738  -26.542  30.484  13.086 7.0000000000
49739  -27.157  30.270  12.690 7.0000000000
49740  -26.762  30.697  12.470 7.0000000000
49741  -26.985  30.905  11.853 6.0000000000
49742  -26.362  31.124  12.244 6.0000000000
50081  -36.816  18.709  11.334 7.0000000000
50082  -36.729  18.183  11.612 7.0000000000
50083  -37.061  18.222  11.078 7.0000000000
50096  -39.281  12.755  4.800 6.0000000000
50097  -39.314  13.400  4.894 6.0000000000
50098  -39.099  17.216  2.986 6.0000000000
50099  -39.067  16.538  2.884 6.0000000000
50100  -39.008  17.085  2.537 6.0000000000
50101  -38.892  16.954  2.099 6.0000000000
50102  -38.942  17.633  2.190 6.0000000000
51127  -34.134  27.598  -5.078 7.0000000000
51128  -34.077  27.354  -5.498 7.0000000000
51129  -33.807  27.892  -5.378 7.0000000000
53819  -35.185  22.323  -5.871 6.0000000000
53820  -34.854  22.386  -6.151 6.0000000000
53821  -35.001  22.854  -6.086 7.0000000000
53822  -34.729  24.323  -6.303 7.0000000000
53823  -34.610  23.925  -6.442 7.0000000000
53824  -34.402  24.470  -6.579 7.0000000000
53825  -34.056  24.629  -6.852 7.0000000000
53826  -34.185  25.022  -6.686 7.0000000000
53827  -36.498  22.363  -4.290 7.0000000000
53828  -36.460  21.837  -4.364 6.0000000000
53829  -36.281  22.307  -4.637 7.0000000000
53830  -35.598  22.752  -5.511 7.0000000000
53831  -35.779  22.265  -5.280 7.0000000000
53832  -35.494  22.282  -5.581 6.0000000000
54933  -34.124  23.247  12.368 7.0000000000
54934  -34.580  22.987  12.026 7.0000000000
54935  -34.463  23.421  11.815 6.0000000000
54936  -34.955  24.147  10.471 6.0000000000
54937  -35.114  23.718  10.690 6.0000000000
54938  -35.422  23.836  10.121 6.0000000000
54939  -35.869  23.487  9.784 6.0000000000
54940  -35.715  23.932  9.549 6.0000000000
56362  -38.003  13.921  1.158 6.0000000000
56363  -37.811  13.227  1.157 6.0000000000
56364  -37.734  13.795  0.814 6.0000000000
56366  -37.139  13.566  0.157 6.0000000000
56612  -29.895  23.135  17.457 7.0000000000
56613  -29.793  23.634  17.323 7.0000000000
56614  -29.478  23.398  17.875 7.0000000000
56616  -28.644  23.927  18.746 7.0000000000
56617  -28.228  24.189  19.194 6.0000000000
56618  -28.078  24.676  19.073 6.0000000000
56619  -27.814  24.448  19.649 6.0000000000
56731  -29.292  15.312  20.248 7.0000000000
56732  -28.980  15.453  20.462 7.0000000000
56738  -29.649  20.349  18.693 6.0000000000
56739  -30.004  20.128  18.331 7.0000000000
56740  -30.038  20.627  18.170 7.0000000000
56741  -30.427  20.900  17.647 7.0000000000
56742  -30.054  21.127  18.016 7.0000000000
56743  -29.627  22.384  18.131 6.0000000000
56744  -30.021  22.132  17.727 7.0000000000
56745  -29.970  22.634  17.591 7.0000000000
56746  -30.310  22.878  17.052 7.0000000000
59318  -34.709  28.077  -0.233 6.0000000000
59319  -34.639  28.154  0.359 6.0000000000
59320  -30.925  30.743  5.738 7.0000000000
59321  -31.137  30.803  5.080 7.0000000000
59322  -30.587  31.183  5.495 7.0000000000
59323  -29.381  32.411  5.418 6.0000000000
59324  -29.930  32.051  5.002 7.0000000000
59325  -29.612  32.477  4.750 6.0000000000
59326  -29.837  32.523  4.079 7.0000000000
59327  -29.302  32.896  4.493 6.0000000000
59328  -28.999  33.308  4.231 6.0000000000
59329  -28.757  33.248  4.906 6.0000000000
59330  -27.348  33.778  6.389 6.0000000000
59331  -27.625  33.889  5.721 6.0000000000
59332  -27.033  34.183  6.119 6.0000000000
59333  -26.723  34.588  5.839 6.0000000000
59334  -26.422  34.465  6.507 6.0000000000
59335  -27.430  28.163  15.772 7.0000000000
59336  -27.646  28.371  15.157 7.0000000000
59337  -27.072  28.581  15.578 7.0000000000
59338  -25.687  29.607  15.558 7.0000000000
59339  -26.304  29.413  15.159 7.0000000000
59340  -25.897  29.828  14.937 7.0000000000
59341  -26.110  30.049  14.318 7.0000000000
59342  -25.478  30.244  14.706 7.0000000000
59673  -33.245  15.604  16.369 6.0000000000
59674  -33.504  15.284  16.153 6.0000000000
59675  -33.691  15.728  15.861 6.0000000000
59676  -34.741  16.395  14.550 7.0000000000
59677  -34.561  15.935  14.837 6.0000000000
59678  -34.984  16.017  14.323 6.0000000000
59679  -35.223  15.629  14.112 6.0000000000
59680  -35.397  16.085  13.808 7.0000000000
59681  -37.978  18.784  9.185 7.0000000000
59682  -37.930  18.251  9.478 7.0000000000
59683  -38.173  18.234  8.945 7.0000000000
59684  -38.688  17.037  7.992 7.0000000000
59685  -38.500  17.092  8.506 7.0000000000
59686  -38.638  16.510  8.308 7.0000000000
59687  -38.576  15.995  8.628 7.0000000000
59688  -38.763  15.923  8.124 7.0000000000
59690  -38.924  15.842  7.627 7.0000000000
59691  -39.177  16.178  6.328 7.0000000000
59692  -39.164  15.654  6.652 7.0000000000
59693  -39.243  15.547  6.174 7.0000000000
59694  -39.294  14.921  6.032 6.0000000000
59695  -39.294  15.434  5.704 7.0000000000
59696  -39.317  15.315  5.241 7.0000000000
59697  -39.286  15.960  5.376 7.0000000000
59698  -39.201  17.695  4.867 7.0000000000
59699  -39.247  17.039  4.717 7.0000000000
59700  -39.215  17.584  4.386 7.0000000000
59701  -39.203  17.467  3.911 7.0000000000
59702  -39.172  18.126  4.055 6.0000000000
60727  -32.939  29.716  -4.293 6.0000000000
60728  -32.932  29.498  -4.825 6.0000000000
60729  -32.614  30.033  -4.577 6.0000000000
63547  -34.133  22.569  -6.681 6.0000000000
63549  -33.750  22.685  -6.930 6.0000000000
63550  -32.764  23.606  -7.607 6.0000000000
63551  -32.950  22.958  -7.397 6.0000000000
63557  -31.786  25.781  -8.328 6.0000000000
66523  -32.068  28.892  7.338 6.0000000000
66524  -32.631  28.549  6.946 6.0000000000
66525  -32.284  28.984  6.702 6.0000000000
66526  -32.499  29.059  6.063 6.0000000000
66527  -31.943  29.421  6.461 6.0000000000
66528  -31.604  29.860  6.220 6.0000000000
66529  -31.384  29.775  6.866 6.0000000000
66530  -30.026  30.332  8.331 7.0000000000
66531  -30.254  30.458  7.691 7.0000000000
66532  -29.681  30.782  8.106 7.0000000000
66533  -29.339  31.228  7.875 7.0000000000
66534  -29.104  31.091  8.520 7.0000000000
66873  -34.376  19.519  14.258 7.0000000000
66874  -34.725  19.167  13.999 7.0000000000
66875  -34.787  19.676  13.733 7.0000000000
66876  -35.592  20.446  12.402 7.0000000000
66877  -35.569  19.941  12.670 7.0000000000
66878  -35.937  20.048  12.134 7.0000000000
66879  -36.256  19.625  11.866 7.0000000000
66880  -36.290  20.138  11.594 7.0000000000
66881  -35.456  22.375  11.381 7.0000000000
66882  -35.524  21.907  11.625 7.0000000000
66883  -35.865  22.015  11.078 7.0000000000
66884  -36.910  21.253  9.954 7.0000000000
66885  -36.608  21.203  10.504 7.0000000000
66886  -36.938  20.764  10.229 7.0000000000
66887  -36.943  20.265  10.506 7.0000000000
66888  -37.240  20.303  9.960 7.0000000000
66889  -37.514  19.820  9.695 7.0000000000
66890  -37.516  20.326  9.413 7.0000000000
66891  -37.961  20.820  8.033 7.0000000000
66892  -37.999  20.331  8.319 7.0000000000
66893  -38.204  20.314  7.773 7.0000000000
66894  -38.416  19.785  7.522 7.0000000000
66895  -38.384  20.287  7.229 7.0000000000
66896  -38.539  20.249  6.689 7.0000000000
66897  -38.329  20.776  6.938 7.0000000000
71175  -37.387  11.840  1.175 6.0000000000
71176  -37.489  11.292  1.496 6.0000000000
71177  -37.159  11.149  1.196 6.0000000000
71912  -32.389  24.838  13.066 6.0000000000
71913  -32.186  25.280  12.877 6.0000000000
71914  -31.897  25.098  13.444 6.0000000000
71915  -30.630  25.441  14.792 7.0000000000
71916  -30.906  25.632  14.223 7.0000000000
71917  -30.406  25.899  14.625 7.0000000000
71918  -30.161  26.351  14.454 7.0000000000
71919  -29.905  26.159  15.034 7.0000000000
71920  -29.509  24.613  17.052 7.0000000000
71921  -29.792  24.829  16.488 7.0000000000
71922  -29.330  25.088  16.910 7.0000000000
71923  -28.414  26.244  17.046 7.0000000000
71924  -28.904  26.006  16.613 7.0000000000
71925  -28.656  26.451  16.458 7.0000000000
71926  -28.897  26.654  15.869 7.0000000000
71927  -28.384  26.887  16.297 7.0000000000
71928  -28.088  27.318  16.131 7.0000000000
71929  -27.862  27.113  16.733 7.0000000000
71931  -26.792  27.544  17.616 6.0000000000
71940  -26.747  24.740  21.165 6.0000000000
71941  -26.981  24.961  20.580 6.0000000000
71942  -26.560  25.219  21.055 6.0000000000
71949  -26.086  26.136  20.808 6.0000000000
72258  -29.506  14.050  20.346 6.0000000000
72260  -29.984  14.299  19.859 6.0000000000
72261  -31.133  15.208  18.605 6.0000000000
72262  -30.935  14.751  18.875 6.0000000000
72263  -31.405  14.953  18.378 6.0000000000
72264  -31.678  14.692  18.162 6.0000000000
72265  -31.872  15.139  17.880 6.0000000000
72266  -32.335  15.310  17.379 6.0000000000
72267  -32.068  15.595  17.608 7.0000000000
72268  -32.148  16.822  17.338 7.0000000000
72269  -32.443  16.532  17.088 7.0000000000
72270  -32.610  17.012  16.835 7.0000000000
72271  -33.066  17.187  16.327 7.0000000000
72272  -32.758  17.497  16.581 7.0000000000
72278  -28.932  16.484  20.195 6.0000000000
72279  -29.266  16.352  19.967 7.0000000000
72280  -29.389  16.802  19.725 7.0000000000
72283  -29.371  18.361  19.354 7.0000000000
72284  -30.505  18.321  18.292 7.0000000000
72285  -30.056  18.022  18.780 7.0000000000
72286  -30.412  17.867  18.527 7.0000000000
72287  -30.310  17.416  18.772 7.0000000000
72288  -30.774  17.708  18.289 7.0000000000
72289  -31.137  17.531  18.057 7.0000000000
72290  -31.239  17.986  17.801 7.0000000000
72291  -32.241  18.963  16.555 7.0000000000
72292  -32.164  18.500  16.811 7.0000000000
72293  -32.621  18.734  16.310 7.0000000000
72294  -32.989  18.470  16.065 7.0000000000
72295  -33.072  18.953  15.804 7.0000000000
72296  -33.517  19.157  15.294 7.0000000000
72297  -33.137  19.431  15.544 7.0000000000
72298  -32.804  20.598  15.321 7.0000000000
72299  -33.211  20.373  15.041 7.0000000000
72300  -33.221  20.836  14.805 7.0000000000
72301  -33.630  21.060  14.285 7.0000000000
72302  -33.211  21.295  14.582 7.0000000000
72303  -31.200  21.430  16.605 7.0000000000
72304  -31.595  21.216  16.260 7.0000000000
72305  -31.582  21.686  16.084 7.0000000000
72306  -32.272  22.633  14.868 7.0000000000
72307  -32.333  22.178  15.041 7.0000000000
72308  -32.702  22.413  14.517 7.0000000000
72309  -33.134  22.195  14.176 7.0000000000
72310  -33.066  22.639  13.988 7.0000000000
72311  -33.424  22.854  13.454 7.0000000000
72312  -32.977  23.080  13.805 7.0000000000
72313  -32.259  24.202  13.806 6.0000000000
72314  -32.728  23.958  13.439 6.0000000000
72315  -32.570  24.397  13.253 6.0000000000
72316  -32.877  24.586  12.695 6.0000000000
80012  -35.902  24.646  -4.569 7.0000000000
80013  -35.649  24.972  -4.839 7.0000000000
80014  -35.746  25.127  -4.486 7.0000000000
80015  -35.388  26.296  -3.855 7.0000000000
80016  -35.332  26.126  -4.289 7.0000000000
80017  -35.084  26.641  -4.163 7.0000000000
80018  -34.773  26.973  -4.470 7.0000000000
80019  -34.813  27.162  -4.014 7.0000000000
80022  -35.169  27.259  -2.185 6.0000000000
80023  -34.202  28.515  -2.564 7.0000000000
80024  -34.535  28.008  -2.806 7.0000000000
80025  -34.219  28.368  -3.112 7.0000000000
80026  -34.220  28.204  -3.640 7.0000000000
80027  -33.902  28.719  -3.414 7.0000000000
80028  -33.584  29.060  -3.712 7.0000000000
80029  -33.569  29.230  -3.162 7.0000000000
80030  -32.784  30.389  -1.979 6.0000000000
80031  -32.850  30.250  -2.580 6.0000000000
80032  -32.465  30.758  -2.257 6.0000000000
80033  -32.147  31.117  -2.534 6.0000000000
80034  -32.065  31.259  -1.918 6.0000000000
80038  -33.553  29.156  2.229 6.0000000000
80039  -34.017  28.718  1.887 6.0000000000
80040  -33.679  29.124  1.605 6.0000000000
80041  -33.792  29.079  0.988 6.0000000000
80042  -33.343  29.531  1.327 7.0000000000
80043  -31.538  30.869  3.760 7.0000000000
80044  -32.060  30.449  3.358 7.0000000000
80045  -31.725  30.878  3.102 7.0000000000
80046  -31.741  31.266  1.533 7.0000000000
80047  -32.065  30.848  1.795 7.0000000000
80048  -32.218  30.811  1.150 7.0000000000
80049  -32.682  30.349  0.781 7.0000000000
80050  -32.358  30.759  0.512 7.0000000000
80051  -32.485  30.692  -0.120 7.0000000000
80052  -32.037  31.165  0.245 7.0000000000
80053  -30.964  32.425  0.083 6.0000000000
80054  -31.411  31.957  -0.293 6.0000000000
80055  -31.106  32.342  -0.565 6.0000000000
80056  -31.233  32.240  -1.207 6.0000000000
80057  -30.806  32.720  -0.841 6.0000000000
80059  -30.375  33.191  -0.470 6.0000000000
80065  -28.416  34.113  3.685 6.0000000000
80066  -28.660  34.149  3.000 6.0000000000
80083  -30.310  27.779  12.291 7.0000000000
80084  -30.856  27.505  11.891 6.0000000000
80085  -30.538  27.946  11.683 7.0000000000
80086  -30.764  28.107  11.072 7.0000000000
80087  -30.208  28.387  11.473 7.0000000000
80088  -28.079  28.780  13.929 7.0000000000
80089  -28.649  28.545  13.515 7.0000000000
80090  -28.295  28.979  13.315 7.0000000000
80091  -28.353  29.801  11.877 7.0000000000
80092  -28.723  29.361  12.084 7.0000000000
80093  -28.936  29.544  11.465 7.0000000000
80094  -29.511  29.273  11.053 7.0000000000
80095  -29.149  29.719  10.845 7.0000000000
80096  -29.364  29.887  10.222 7.0000000000
80097  -28.782  30.165  10.635 7.0000000000
80098  -27.445  31.300  10.607 6.0000000000
80099  -28.047  31.049  10.203 6.0000000000
80100  -27.683  31.484  9.975 6.0000000000
80101  -27.925  31.657  9.339 6.0000000000
80102  -27.320  31.913  9.740 6.0000000000
80109  -24.613  31.084  14.227 6.0000000000
80119  -25.556  31.975  11.768 6.0000000000
80124  -26.592  32.760  9.248 6.0000000000
80125  -26.229  33.178  8.995 6.0000000000
80126  -26.507  33.349  8.353 6.0000000000
80127  -25.869  33.595  8.734 6.0000000000
81116  -35.348  18.387  13.470 7.0000000000
81117  -35.224  17.869  13.734 7.0000000000
81118  -35.624  17.970  13.206 7.0000000000
81119  -36.490  17.151  12.179 7.0000000000
81120  -36.118  17.103  12.705 7.0000000000
81121  -36.344  16.656  12.473 7.0000000000
81122  -36.187  16.176  12.775 7.0000000000
81123  -36.560  16.199  12.255 7.0000000000
81124  -37.780  17.194  10.076 7.0000000000
81125  -37.490  17.205  10.602 7.0000000000
81126  -37.680  16.681  10.382 7.0000000000
81128  -37.441  15.697  11.013 7.0000000000
81163  -39.086  12.431  3.970 6.0000000000
81164  -38.997  11.764  3.909 6.0000000000
81165  -38.942  12.264  3.574 6.0000000000
81166  -38.769  12.095  3.192 6.0000000000
81167  -38.882  12.770  3.245 6.0000000000
81168  -39.278  15.060  4.339 7.0000000000
81169  -39.254  14.406  4.233 6.0000000000
81170  -39.215  14.925  3.902 7.0000000000
81171  -38.944  15.176  2.720 6.0000000000
81172  -39.004  14.641  3.057 6.0000000000
81173  -38.855  14.494  2.652 6.0000000000
81174  -38.749  13.810  2.592 6.0000000000
81175  -38.680  14.345  2.259 6.0000000000
81176  -38.478  14.198  1.880 6.0000000000
81177  -38.610  14.891  1.919 6.0000000000
81178  -38.593  16.694  1.258 6.0000000000
81179  -38.476  16.005  1.214 6.0000000000
81180  -38.413  16.567  0.856 6.0000000000
81181  -38.216  16.444  0.464 6.0000000000
81182  -38.353  17.126  0.498 6.0000000000
81183  -38.775  20.141  5.628 6.0000000000
81184  -38.923  19.565  5.413 6.0000000000
81218  -37.160  22.737  -2.726 6.0000000000
81219  -37.213  22.172  -2.838 6.0000000000
81220  -37.024  22.628  -3.143 6.0000000000
81221  -36.869  22.527  -3.544 7.0000000000
81222  -36.821  23.071  -3.442 7.0000000000
81223  -36.261  24.412  -3.916 7.0000000000
81224  -36.380  23.905  -4.019 7.0000000000
81225  -36.145  24.290  -4.297 7.0000000000
81226  -36.016  24.175  -4.649 7.0000000000
84262  -35.106  25.532  -5.389 7.0000000000
84263  -35.018  25.289  -5.678 7.0000000000
84264  -34.810  25.781  -5.674 7.0000000000
84265  -33.925  26.798  -6.230 7.0000000000
84266  -34.170  26.253  -6.252 7.0000000000
84267  -33.830  26.484  -6.538 7.0000000000
84268  -33.723  26.145  -6.806 7.0000000000
84269  -33.481  26.715  -6.819 7.0000000000
84270  -32.865  29.003  -5.806 6.0000000000
84271  -33.141  28.454  -5.963 7.0000000000
84272  -32.806  28.725  -6.247 6.0000000000
84273  -32.298  28.361  -7.282 6.0000000000
84274  -32.639  28.110  -7.015 7.0000000000
84275  -32.534  27.772  -7.339 7.0000000000
84276  -32.769  27.178  -7.361 7.0000000000
84277  -32.414  27.414  -7.621 7.0000000000
84278  -32.280  27.036  -7.861 7.0000000000
84279  -32.062  27.653  -7.874 7.0000000000
92195  -35.412  23.232  -5.716 7.0000000000
92196  -35.124  23.297  -5.999 7.0000000000
92197  -35.224  23.710  -5.890 7.0000000000
92198  -35.032  24.192  -6.029 7.0000000000
92199  -34.834  24.686  -6.132 7.0000000000
92200  -36.110  23.241  -4.813 7.0000000000
92201  -36.094  22.763  -4.893 7.0000000000
92202  -35.904  23.202  -5.128 7.0000000000
92203  -35.672  23.198  -5.427 7.0000000000
92865  -33.846  24.098  11.965 6.0000000000
92866  -34.324  23.848  11.606 6.0000000000
92867  -34.163  24.269  11.400 6.0000000000
93721  -37.871  15.064  0.448 7.0000000000
93722  -37.667  14.371  0.460 7.0000000000
93723  -37.610  14.949  0.095 7.0000000000
93724  -37.332  14.838  -0.249 6.0000000000
93872  -29.233  22.645  18.549 6.0000000000
93873  -29.160  23.156  18.427 6.0000000000
93950  -29.681  21.366  18.401 6.0000000000
93951  -29.309  21.614  18.801 6.0000000000
93952  -29.282  22.130  18.673 6.0000000000
95497  -29.805  31.458  6.571 7.0000000000
95498  -30.033  31.548  5.912 7.0000000000
95499  -29.472  31.896  6.328 6.0000000000
95500  -29.144  32.327  6.082 6.0000000000
95501  -28.822  32.751  5.832 6.0000000000
95502  -28.507  33.168  5.577 6.0000000000
95503  -28.252  33.070  6.243 6.0000000000
95504  -27.668  33.369  6.650 6.0000000000
95505  -27.068  33.650  7.050 6.0000000000
95506  -26.281  28.570  16.617 6.0000000000
95507  -26.487  28.783  15.995 7.0000000000
95508  -25.890  28.979  16.405 7.0000000000
95509  -25.482  29.389  16.182 7.0000000000
95510  -25.059  29.800  15.949 7.0000000000
95709  -33.620  16.524  15.821 7.0000000000
95710  -33.877  16.184  15.579 7.0000000000
95711  -34.060  16.652  15.307 7.0000000000
95712  -34.492  16.768  14.791 7.0000000000
95713  -34.915  16.871  14.272 7.0000000000
95714  -38.418  18.741  8.114 7.0000000000
95715  -38.390  18.205  8.414 7.0000000000
95716  -38.582  18.165  7.887 7.0000000000
95717  -38.725  17.573  7.678 7.0000000000
95718  -38.850  16.971  7.485 7.0000000000
95719  -38.960  16.363  7.305 7.0000000000
95720  -38.986  16.895  6.985 7.0000000000
95721  -39.097  16.809  6.491 7.0000000000
95722  -39.181  16.713  6.003 7.0000000000
95723  -39.239  16.609  5.522 7.0000000000
95724  -39.176  17.255  5.679 7.0000000000
95725  -39.160  17.798  5.355 7.0000000000
95726  -39.133  18.338  5.033 7.0000000000
96340  -32.256  30.771  -3.728 6.0000000000
96341  -32.283  30.566  -4.302 6.0000000000
98032  -33.745  23.765  -7.077 7.0000000000
98033  -33.560  23.300  -7.139 6.0000000000
98034  -33.361  23.919  -7.327 7.0000000000
98035  -32.968  24.083  -7.566 7.0000000000
98036  -32.570  24.258  -7.796 6.0000000000
98038  -32.371  24.912  -7.962 7.0000000000
98039  -32.169  25.566  -8.102 7.0000000000
98040  -31.967  26.219  -8.213 6.0000000000
99820  -31.852  28.787  7.969 6.0000000000
99821  -31.505  29.229  7.737 6.0000000000
99822  -31.161  29.674  7.507 7.0000000000
99823  -30.940  29.558  8.142 7.0000000000
99824  -30.373  29.881  8.553 7.0000000000
99825  -29.801  30.194  8.966 7.0000000000
100029  -34.443  20.505  13.731 7.0000000000
100030  -34.825  20.178  13.466 7.0000000000
100031  -34.839  20.670  13.204 7.0000000000
100032  -35.223  20.816  12.673 7.0000000000
100033  -35.592  20.942  12.137 7.0000000000
100034  -36.107  22.571  10.272 7.0000000000
100035  -36.190  22.100  10.526 7.0000000000
100036  -36.497  22.164  9.971 7.0000000000
100037  -36.859  21.734  9.682 7.0000000000
100038  -37.191  21.285  9.403 7.0000000000
100039  -37.495  20.820  9.132 7.0000000000
100040  -37.451  21.302  8.852 7.0000000000
100041  -37.688  21.306  8.300 7.0000000000
100042  -37.901  21.298  7.748 7.0000000000
100043  -38.089  21.281  7.198 7.0000000000
100044  -37.818  21.770  7.467 7.0000000000
100045  -37.712  22.239  7.188 6.0000000000
102604  -38.499  10.746  3.127 6.0000000000
102606  -38.259  10.574  2.781 6.0000000000
102607  -37.992  10.405  2.450 6.0000000000
103052  -31.786  24.454  14.180 6.0000000000
103053  -31.606  24.910  14.005 6.0000000000
103054  -31.311  24.714  14.563 7.0000000000
103055  -30.833  24.978  14.956 7.0000000000
103056  -30.352  25.243  15.358 7.0000000000
103057  -28.605  25.123  17.917 7.0000000000
103058  -28.867  25.340  17.340 7.0000000000
103059  -28.402  25.585  17.778 7.0000000000
103060  -28.172  26.036  17.634 7.0000000000
103061  -27.917  26.476  17.487 7.0000000000
103062  -27.636  26.908  17.335 7.0000000000
103063  -27.413  26.703  17.937 7.0000000000
103064  -26.901  26.926  18.389 6.0000000000
103260  -29.893  14.962  19.811 6.0000000000
103261  -30.180  14.755  19.589 6.0000000000
103262  -30.375  15.216  19.327 7.0000000000
103263  -30.853  15.453  18.838 7.0000000000
103264  -31.327  15.672  18.344 7.0000000000
103265  -31.796  15.874  17.846 7.0000000000
103266  -31.511  16.142  18.089 7.0000000000
103267  -31.680  16.615  17.836 7.0000000000
103268  -31.831  17.090  17.584 7.0000000000
103274  -29.882  19.145  18.673 7.0000000000
103275  -29.801  18.661  18.858 7.0000000000
103276  -30.232  18.957  18.359 7.0000000000
103277  -30.589  18.781  18.069 7.0000000000
103278  -30.956  18.612  17.800 7.0000000000
103279  -31.328  18.439  17.549 7.0000000000
103280  -31.406  18.894  17.305 7.0000000000
103281  -31.856  19.165  16.807 7.0000000000
103282  -32.303  19.425  16.305 7.0000000000
103283  -32.746  19.671  15.799 7.0000000000
103284  -32.350  19.886  16.064 7.0000000000
103285  -32.382  20.346  15.835 7.0000000000
103286  -32.397  20.807  15.618 7.0000000000
103287  -31.137  22.387  16.283 7.0000000000
103288  -31.548  22.156  15.917 7.0000000000
103289  -31.491  22.627  15.756 7.0000000000
103290  -31.842  22.861  15.228 7.0000000000
103291  -32.187  23.088  14.697 7.0000000000
103292  -32.528  23.308  14.162 7.0000000000
103293  -32.078  23.543  14.526 7.0000000000
103294  -31.944  23.999  14.354 7.0000000000
107912  -36.104  24.919  -3.804 7.0000000000
107913  -35.834  25.279  -4.100 7.0000000000
107914  -35.910  25.427  -3.682 7.0000000000
107915  -35.685  25.940  -3.546 7.0000000000
107916  -35.432  26.456  -3.393 7.0000000000
107917  -34.808  27.884  -1.390 6.0000000000
107918  -34.837  27.768  -1.951 6.0000000000
107919  -34.487  28.269  -1.696 7.0000000000
107920  -34.169  28.646  -1.999 7.0000000000
107921  -33.853  29.017  -2.298 7.0000000000
107922  -33.537  29.382  -2.593 7.0000000000
107923  -33.488  29.516  -2.009 7.0000000000
107924  -33.103  30.013  -1.697 7.0000000000
107925  -32.700  30.508  -1.367 7.0000000000
107928  -33.758  28.763  3.132 6.0000000000
107929  -33.413  29.176  2.859 6.0000000000
107930  -33.071  29.590  2.589 6.0000000000
107931  -30.883  31.726  3.253 7.0000000000
107932  -31.396  31.304  2.846 7.0000000000
107933  -31.074  31.727  2.589 7.0000000000
107934  -31.255  31.712  1.927 7.0000000000
107935  -31.424  31.680  1.271 7.0000000000
107936  -31.580  31.631  0.621 7.0000000000
107937  -31.113  32.088  1.006 7.0000000000
107938  -30.808  32.488  0.737 6.0000000000
107939  -30.510  32.881  0.464 6.0000000000
107940  -30.220  33.269  0.187 6.0000000000
107941  -30.051  33.325  0.851 6.0000000000
107942  -29.585  33.752  1.241 6.0000000000
107953  -30.666  26.719  13.283 7.0000000000
107954  -30.914  26.893  12.692 6.0000000000
107955  -30.381  27.163  13.092 7.0000000000
107956  -30.080  27.605  12.895 7.0000000000
107957  -29.762  28.044  12.694 7.0000000000
107958  -27.333  29.635  13.519 7.0000000000
107959  -27.926  29.411  13.111 7.0000000000
107960  -27.546  29.841  12.903 7.0000000000
107961  -27.760  30.042  12.286 7.0000000000
107962  -27.976  30.238  11.668 7.0000000000
107963  -28.193  30.428  11.046 7.0000000000
107964  -27.595  30.674  11.453 7.0000000000
107965  -27.213  31.107  11.232 6.0000000000
107966  -26.831  31.536  11.003 6.0000000000
108575  -36.116  18.579  12.406 7.0000000000
108576  -36.009  18.056  12.676 7.0000000000
108577  -36.378  18.127  12.144 7.0000000000
108578  -36.619  17.662  11.893 7.0000000000
108579  -36.843  17.185  11.654 7.0000000000
108580  -38.123  16.109  9.654 7.0000000000
108581  -37.857  16.151  10.174 7.0000000000
108582  -38.024  15.615  9.976 7.0000000000
108603  -39.232  12.102  4.719 6.0000000000
108604  -39.199  12.596  4.379 6.0000000000
108605  -39.158  13.094  4.046 6.0000000000
108606  -39.200  16.125  3.669 7.0000000000
108607  -39.171  15.454  3.567 7.0000000000
108608  -39.122  15.993  3.228 7.0000000000
108609  -39.015  15.857  2.796 7.0000000000
108610  -38.882  15.720  2.376 6.0000000000
108611  -38.723  15.581  1.967 6.0000000000
108612  -38.818  16.269  2.026 6.0000000000
108613  -38.753  16.823  1.673 6.0000000000
108614  -38.686  17.376  1.320 6.0000000000
108638  -36.735  23.609  -3.330 6.0000000000
108639  -36.611  24.141  -3.208 6.0000000000
108640  -36.363  24.539  -3.507 7.0000000000
110461  -34.656  26.541  -5.288 7.0000000000
110462  -34.581  26.293  -5.645 7.0000000000
110463  -34.336  26.819  -5.586 7.0000000000
110464  -34.007  27.087  -5.882 7.0000000000
110465  -33.671  27.349  -6.174 7.0000000000
110466  -32.208  29.555  -6.363 6.0000000000
110467  -32.472  28.993  -6.525 6.0000000000
110468  -32.143  29.258  -6.797 6.0000000000
110469  -32.061  28.944  -7.191 6.0000000000
110470  -31.962  28.613  -7.543 6.0000000000
110471  -31.847  28.264  -7.853 6.0000000000
110472  -31.632  28.867  -7.799 6.0000000000
115286  -34.502  22.469  -6.421 6.0000000000
115287  -34.314  23.044  -6.630 6.0000000000
115288  -34.809  23.387  -6.278 7.0000000000
115289  -34.472  23.497  -6.551 7.0000000000
115290  -34.116  23.624  -6.818 7.0000000000
115291  -33.909  24.209  -6.982 7.0000000000
115292  -33.693  24.799  -7.119 7.0000000000
115293  -33.469  25.392  -7.226 7.0000000000
115299  -36.041  22.274  -4.966 7.0000000000
116682  -31.206  28.405  9.840 6.0000000000
116841  -34.314  22.370  12.785 7.0000000000
116842  -34.749  22.092  12.469 7.0000000000
116843  -34.675  22.545  12.244 7.0000000000
116844  -35.026  22.699  11.697 7.0000000000
116845  -35.365  22.833  11.144 7.0000000000
116846  -34.793  23.579  11.255 6.0000000000
116847  -35.251  23.280  10.914 6.0000000000
116848  -35.690  22.944  10.586 7.0000000000
116849  -36.000  23.033  10.025 7.0000000000
116850  -36.291  23.100  9.461 6.0000000000
116851  -36.564  23.145  8.896 6.0000000000
116852  -36.816  23.171  8.331 6.0000000000
118843  -38.165  12.817  1.826 6.0000000000
118844  -37.987  12.129  1.812 6.0000000000
118845  -37.896  12.671  1.488 6.0000000000
118846  -37.604  12.533  1.162 6.0000000000
118847  -37.292  12.405  0.847 6.0000000000
118848  -37.445  13.677  0.481 6.0000000000
118849  -37.209  12.982  0.508 6.0000000000
118850  -36.961  12.285  0.543 6.0000000000
119192  -30.542  23.603  16.368 7.0000000000
119193  -30.410  24.087  16.222 7.0000000000
119194  -30.103  23.864  16.773 7.0000000000
119195  -29.664  24.127  17.189 7.0000000000
119196  -29.223  24.390  17.617 7.0000000000
119197  -29.060  23.663  18.306 7.0000000000
119198  -28.935  24.161  18.182 7.0000000000
119199  -28.783  24.648  18.052 7.0000000000
119200  -28.342  24.901  18.495 7.0000000000
119201  -27.900  25.150  18.946 6.0000000000
119202  -27.454  25.398  19.404 6.0000000000
119354  -29.217  14.239  20.556 6.0000000000
119356  -28.925  14.409  20.764 6.0000000000
119357  -29.410  14.693  20.290 6.0000000000
119358  -29.597  15.149  20.032 7.0000000000
119359  -29.773  15.606  19.778 7.0000000000
119360  -29.932  16.063  19.526 7.0000000000
119368  -29.540  19.344  19.009 6.0000000000
119369  -29.951  19.634  18.498 7.0000000000
119370  -30.362  19.920  17.986 7.0000000000
119371  -30.772  20.201  17.473 7.0000000000
119372  -31.181  20.476  16.960 7.0000000000
119373  -30.802  20.683  17.295 7.0000000000
119374  -30.815  21.168  17.125 7.0000000000
119375  -30.807  21.653  16.964 7.0000000000
119376  -30.048  21.629  17.869 7.0000000000
119377  -30.414  21.888  17.339 7.0000000000
119378  -30.777  22.140  16.810 7.0000000000
119379  -30.724  22.628  16.661 7.0000000000
119380  -30.646  23.116  16.514 7.0000000000
122980  -34.765  27.987  -0.816 6.0000000000
122981  -34.382  28.472  -0.532 6.0000000000
122982  -33.983  28.948  -0.230 7.0000000000
122983  -32.022  29.976  4.918 6.0000000000
122984  -32.217  30.007  4.266 6.0000000000
122985  -31.680  30.410  4.669 7.0000000000
122986  -31.341  30.845  4.420 7.0000000000
122987  -31.008  31.278  4.171 7.0000000000
122988  -30.255  31.620  5.250 7.0000000000
122989  -30.472  31.673  4.585 7.0000000000
122990  -30.681  31.708  3.920 7.0000000000
122991  -30.363  32.133  3.665 7.0000000000
122992  -30.053  32.552  3.407 7.0000000000
122993  -29.751  32.966  3.144 7.0000000000
122994  -29.456  33.372  2.874 6.0000000000
122995  -29.233  33.350  3.553 6.0000000000
122996  -28.704  33.714  3.962 6.0000000000
122997  -28.161  34.058  4.368 6.0000000000
122998  -28.199  33.578  5.316 6.0000000000
122999  -27.897  33.983  5.047 6.0000000000
123000  -27.601  34.383  4.769 6.0000000000
123001  -27.020  34.693  5.163 6.0000000000
123004  -28.540  27.721  14.924 7.0000000000
123005  -28.764  27.918  14.318 7.0000000000
123006  -28.210  28.150  14.736 7.0000000000
123007  -27.863  28.577  14.543 7.0000000000
123008  -27.498  29.002  14.343 7.0000000000
123009  -26.696  28.997  15.373 7.0000000000
123010  -26.907  29.212  14.754 7.0000000000
123011  -27.120  29.425  14.136 7.0000000000
123012  -26.728  29.847  13.922 7.0000000000
123013  -26.325  30.268  13.701 7.0000000000
123014  -25.913  30.689  13.474 6.0000000000
123477  -32.872  14.723  16.961 6.0000000000
123478  -33.148  14.417  16.775 6.0000000000
123479  -33.322  14.848  16.458 6.0000000000
123480  -33.766  14.957  15.952 6.0000000000
123481  -34.202  15.049  15.445 6.0000000000
123482  -34.130  15.839  15.350 6.0000000000
123483  -34.380  15.487  15.135 6.0000000000
123484  -34.631  15.124  14.936 6.0000000000
123485  -35.051  15.184  14.427 6.0000000000
123486  -35.461  15.228  13.916 6.0000000000
123488  -37.441  18.776  10.260 7.0000000000
123489  -37.373  18.246  10.545 7.0000000000
123490  -37.663  18.255  10.012 7.0000000000
123491  -37.863  17.719  9.775 7.0000000000
123492  -38.045  17.171  9.551 7.0000000000
123493  -38.346  17.668  8.718 7.0000000000
123494  -38.286  17.137  9.026 7.0000000000
123495  -38.211  16.616  9.338 7.0000000000
123496  -38.363  16.057  9.138 7.0000000000
123503  -39.057  15.752  7.137 7.0000000000
123508  -39.344  14.172  5.446 6.0000000000
123509  -39.331  14.039  5.000 6.0000000000
123510  -39.332  14.675  5.115 6.0000000000
123511  -39.312  15.190  4.786 7.0000000000
123512  -39.285  15.717  4.454 7.0000000000
123513  -39.270  16.496  5.047 7.0000000000
123514  -39.275  16.378  4.580 7.0000000000
123515  -39.251  16.254  4.120 7.0000000000
123516  -39.212  16.798  3.783 7.0000000000
123517  -39.165  17.343  3.444 7.0000000000
124954  -33.562  28.660  -4.747 7.0000000000
124955  -33.527  28.429  -5.226 7.0000000000
124956  -33.236  28.964  -5.042 7.0000000000
124957  -32.907  29.260  -5.330 6.0000000000
124958  -32.580  29.550  -5.614 6.0000000000
124959  -32.292  30.342  -4.857 6.0000000000
124960  -32.283  30.098  -5.388 6.0000000000
124961  -32.255  29.835  -5.892 6.0000000000
128881  -33.355  22.815  -7.169 6.0000000000
132641  -33.437  28.758  4.398 6.0000000000
132642  -32.905  29.155  4.777 6.0000000000
132649  -33.053  28.689  5.675 6.0000000000
132650  -32.708  29.116  5.420 6.0000000000
132651  -32.364  29.544  5.168 6.0000000000
132652  -31.817  29.927  5.570 6.0000000000
132653  -31.264  30.301  5.979 7.0000000000
132654  -30.706  30.665  6.393 7.0000000000
132655  -30.821  30.121  7.277 7.0000000000
132656  -30.481  30.569  7.045 7.0000000000
132657  -30.142  31.016  6.809 7.0000000000
132658  -29.573  31.351  7.225 7.0000000000
132659  -28.998  31.669  7.640 6.0000000000
132660  -28.415  31.968  8.050 6.0000000000
133089  -34.215  18.506  14.785 7.0000000000
133090  -34.526  18.140  14.523 7.0000000000
133091  -34.638  18.653  14.262 7.0000000000
133092  -35.050  18.788  13.735 7.0000000000
133093  -35.448  18.908  13.205 7.0000000000
133094  -35.185  19.817  13.203 7.0000000000
133095  -35.521  19.428  12.939 7.0000000000
133096  -35.831  19.014  12.672 7.0000000000
133097  -36.198  19.104  12.136 7.0000000000
133098  -36.549  19.177  11.598 7.0000000000
133099  -36.882  19.235  11.058 7.0000000000
133100  -35.169  21.778  12.167 7.0000000000
133101  -35.570  21.430  11.877 7.0000000000
133102  -35.947  21.049  11.596 7.0000000000
133103  -36.250  21.622  10.786 7.0000000000
133104  -36.286  21.136  11.052 7.0000000000
133105  -36.300  20.641  11.322 7.0000000000
133106  -36.625  20.210  11.051 7.0000000000
133107  -36.924  19.755  10.782 7.0000000000
133108  -37.196  19.276  10.518 7.0000000000
133109  -37.489  19.302  9.977 7.0000000000
133110  -37.760  19.313  9.436 7.0000000000
133111  -38.007  19.311  8.895 7.0000000000
133112  -37.769  20.335  8.867 7.0000000000
133113  -38.014  19.828  8.607 7.0000000000
133114  -38.230  19.296  8.355 7.0000000000
133115  -38.427  19.269  7.816 7.0000000000
133116  -38.600  19.231  7.283 7.0000000000
133117  -38.747  19.180  6.756 7.0000000000
133118  -38.869  19.119  6.236 7.0000000000
133119  -38.718  19.697  6.455 7.0000000000
133120  -38.669  20.201  6.155 7.0000000000
133121  -38.598  20.692  5.859 7.0000000000
133122  -38.252  21.254  6.649 7.0000000000
133123  -38.391  21.218  6.104 6.0000000000
138513  -37.797  11.443  1.807 6.0000000000
138514  -37.594  10.759  1.814 6.0000000000
139416  -31.449  25.997  13.075 6.0000000000
139417  -31.403  25.364  13.829 6.0000000000
139418  -31.179  25.818  13.651 6.0000000000
139419  -30.933  26.270  13.470 7.0000000000
139420  -30.415  26.538  13.871 7.0000000000
139421  -29.896  26.798  14.277 7.0000000000
139422  -29.375  27.049  14.688 7.0000000000
139423  -30.253  24.566  16.074 7.0000000000
139424  -30.073  25.039  15.923 7.0000000000
139425  -29.871  25.505  15.770 7.0000000000
139426  -29.128  25.552  16.764 7.0000000000
139427  -29.388  25.760  16.188 7.0000000000
139428  -29.648  25.962  15.612 7.0000000000
139429  -29.403  26.411  15.449 7.0000000000
139430  -29.137  26.853  15.280 7.0000000000
139431  -28.849  27.289  15.105 7.0000000000
139432  -28.314  27.521  15.528 7.0000000000
139433  -27.770  27.742  15.956 7.0000000000
139434  -27.215  27.955  16.387 7.0000000000
139435  -27.331  27.331  17.174 7.0000000000
139436  -27.002  27.748  17.002 6.0000000000
139437  -26.652  28.160  16.816 6.0000000000
139446  -27.549  24.218  20.224 6.0000000000
139447  -27.399  24.705  20.111 6.0000000000
139448  -27.217  25.181  19.993 6.0000000000
139449  -27.004  25.645  19.869 6.0000000000
139452  -25.930  25.266  22.127 6.0000000000
139454  -25.700  25.733  22.010 6.0000000000
139455  -26.133  25.477  21.533 6.0000000000
139456  -26.339  25.686  20.937 6.0000000000
139457  -26.548  25.891  20.338 6.0000000000
139458  -26.759  26.095  19.739 6.0000000000
139459  -26.486  26.530  19.600 6.0000000000
139835  -32.241  14.149  17.773 6.0000000000
139839  -30.461  14.533  19.368 6.0000000000
139840  -30.741  14.301  19.155 6.0000000000
139841  -31.025  14.062  18.953 6.0000000000
139842  -31.492  14.251  18.457 6.0000000000
139843  -31.956  14.425  17.960 6.0000000000
139844  -32.416  14.582  17.461 6.0000000000
139845  -32.601  15.020  17.162 6.0000000000
139846  -32.792  15.464  16.876 6.0000000000
139847  -32.985  15.919  16.600 7.0000000000
139848  -32.261  16.060  17.345 7.0000000000
139849  -32.720  16.229  16.840 7.0000000000
139850  -33.173  16.384  16.333 7.0000000000
139851  -33.352  16.860  16.072 7.0000000000
139852  -33.516  17.348  15.816 7.0000000000
139853  -33.660  17.844  15.560 7.0000000000
139860  -29.131  15.903  20.214 7.0000000000
139861  -29.601  16.215  19.747 7.0000000000
139862  -30.073  16.516  19.275 7.0000000000
139865  -29.164  17.406  19.747 7.0000000000
139866  -29.708  18.185  19.054 7.0000000000
139867  -29.608  17.717  19.265 7.0000000000
139868  -29.502  17.257  19.489 7.0000000000
139869  -29.848  17.114  19.251 7.0000000000
139870  -30.199  16.967  19.023 7.0000000000
139871  -30.546  16.803  18.797 7.0000000000
139872  -31.020  17.073  18.313 7.0000000000
139873  -31.492  17.327  17.824 7.0000000000
139874  -31.961  17.563  17.329 7.0000000000
139875  -31.703  18.250  17.308 7.0000000000
139876  -32.072  18.033  17.071 7.0000000000
139877  -32.426  17.782  16.829 7.0000000000
139878  -32.885  17.984  16.325 7.0000000000
139879  -33.337  18.172  15.816 7.0000000000
139880  -33.781  18.345  15.303 7.0000000000
139881  -33.878  18.847  15.042 7.0000000000
139882  -33.952  19.345  14.778 7.0000000000
139883  -34.004  19.837  14.514 7.0000000000
139884  -33.183  19.904  15.288 7.0000000000
139885  -33.613  20.121  14.774 7.0000000000
139886  -34.034  20.322  14.254 7.0000000000
139887  -34.043  20.799  14.003 7.0000000000
139888  -34.031  21.268  13.762 7.0000000000
139889  -33.998  21.727  13.535 7.0000000000
139890  -31.588  20.746  16.446 7.0000000000
139891  -31.993  21.010  15.931 7.0000000000
139892  -32.395  21.265  15.414 7.0000000000
139893  -31.960  21.935  15.563 7.0000000000
139894  -32.374  21.723  15.222 7.0000000000
139895  -32.791  21.512  14.895 7.0000000000
139896  -33.182  21.748  14.373 7.0000000000
139897  -33.567  21.970  13.849 7.0000000000
139898  -33.944  22.178  13.319 7.0000000000
139899  -33.871  22.621  13.114 7.0000000000
139900  -33.777  23.057  12.914 7.0000000000
139901  -33.661  23.488  12.719 7.0000000000
139902  -32.864  23.519  13.622 7.0000000000
139903  -33.196  23.722  13.076 6.0000000000
139904  -33.523  23.915  12.524 6.0000000000
139905  -33.363  24.341  12.328 6.0000000000
149252  -35.665  24.391  -5.186 7.0000000000
149253  -35.449  24.633  -5.410 7.0000000000
149254  -35.547  24.810  -5.150 7.0000000000
149255  -35.385  25.265  -5.111 7.0000000000
149256  -35.189  25.748  -5.059 7.0000000000
149257  -35.555  25.621  -4.395 7.0000000000
149258  -35.265  25.944  -4.691 7.0000000000
149259  -34.966  26.250  -4.989 7.0000000000
149260  -34.720  26.767  -4.896 7.0000000000
149261  -34.457  27.292  -4.775 7.0000000000
149262  -34.178  27.820  -4.626 7.0000000000
149264  -35.463  26.606  -2.907 6.0000000000
149265  -35.154  26.975  -3.219 7.0000000000
149266  -34.852  27.637  -2.497 7.0000000000
149267  -34.854  27.493  -3.024 7.0000000000
149268  -34.840  27.335  -3.531 7.0000000000
149269  -34.525  27.685  -3.840 7.0000000000
149270  -34.206  28.022  -4.146 7.0000000000
149271  -33.886  28.347  -4.449 7.0000000000
149272  -33.581  28.870  -4.242 7.0000000000
149273  -33.262  29.392  -4.005 7.0000000000
149274  -32.927  29.914  -3.740 6.0000000000
149275  -33.219  29.740  -2.883 7.0000000000
149276  -32.898  30.092  -3.168 6.0000000000
149277  -32.576  30.436  -3.449 6.0000000000
149278  -32.210  30.954  -3.138 6.0000000000
149279  -31.832  31.467  -2.809 6.0000000000
149284  -34.359  28.310  2.170 6.0000000000
149285  -34.464  28.271  1.561 6.0000000000
149286  -34.557  28.219  0.957 6.0000000000
149287  -34.224  28.621  0.665 6.0000000000
149288  -33.893  29.020  0.376 6.0000000000
149289  -33.566  29.418  0.090 7.0000000000
149290  -32.400  30.022  3.615 6.0000000000
149291  -32.572  30.022  2.966 7.0000000000
149292  -32.731  30.008  2.322 7.0000000000
149293  -31.901  30.870  2.446 7.0000000000
149294  -32.396  30.427  2.057 7.0000000000
149295  -32.877  29.980  1.684 7.0000000000
149296  -33.011  29.939  1.052 7.0000000000
149297  -33.132  29.885  0.427 7.0000000000
149298  -33.242  29.816  -0.192 7.0000000000
149299  -32.920  30.213  -0.470 7.0000000000
149300  -32.600  30.609  -0.746 7.0000000000
149301  -32.281  30.998  -1.020 6.0000000000
149302  -31.722  31.565  -0.023 6.0000000000
149303  -31.851  31.482  -0.661 6.0000000000
149304  -31.966  31.380  -1.293 6.0000000000
149305  -31.654  31.753  -1.567 6.0000000000
149306  -31.346  32.117  -1.841 6.0000000000
149317  -29.170  33.772  2.598 6.0000000000
149341  -31.319  27.818  10.675 6.0000000000
149342  -30.987  28.260  10.457 7.0000000000
149343  -30.645  28.702  10.239 7.0000000000
149344  -28.988  28.111  13.711 7.0000000000
149345  -29.210  28.300  13.103 7.0000000000
149346  -29.430  28.482  12.492 7.0000000000
149347  -28.509  29.173  12.700 7.0000000000
149348  -29.083  28.922  12.288 7.0000000000
149349  -29.648  28.659  11.879 7.0000000000
149350  -29.865  28.829  11.263 7.0000000000
149351  -30.080  28.992  10.644 7.0000000000
149352  -30.294  29.147  10.023 7.0000000000
149353  -29.938  29.595  9.809 7.0000000000
149354  -29.580  30.045  9.596 7.0000000000
149355  -29.223  30.495  9.380 7.0000000000
149356  -28.414  30.609  10.422 7.0000000000
149357  -28.639  30.780  9.793 7.0000000000
149358  -28.869  30.941  9.159 7.0000000000
149359  -28.519  31.383  8.932 6.0000000000
149360  -28.170  31.819  8.697 6.0000000000
149361  -27.821  32.249  8.456 6.0000000000
149364  -24.623  30.215  15.708 7.0000000000
149367  -24.833  30.438  15.087 6.0000000000
149368  -25.049  30.662  14.470 6.0000000000
149369  -25.270  30.887  13.854 6.0000000000
149370  -25.495  31.112  13.241 6.0000000000
149378  -25.073  31.537  13.001 6.0000000000
149379  -25.725  31.333  12.627 6.0000000000
149380  -25.960  31.550  12.011 6.0000000000
149381  -26.201  31.760  11.390 6.0000000000
149382  -26.448  31.962  10.764 6.0000000000
149384  -26.065  32.384  10.517 6.0000000000
149385  -26.701  32.155  10.133 6.0000000000
149386  -26.956  32.339  9.497 6.0000000000
149387  -27.214  32.512  8.856 6.0000000000
149388  -27.473  32.674  8.211 6.0000000000
149389  -27.128  33.093  7.961 6.0000000000
149390  -26.787  33.507  7.705 6.0000000000
149391  -26.450  33.917  7.441 6.0000000000
149393  -25.814  34.177  7.820 6.0000000000
149394  -26.118  34.328  7.167 6.0000000000
149395  -25.790  34.740  6.883 6.0000000000
150579  -34.812  17.757  14.259 7.0000000000
150580  -35.078  17.363  14.001 7.0000000000
150581  -35.328  16.962  13.751 7.0000000000
150582  -35.879  17.541  12.950 7.0000000000
150583  -35.730  17.039  13.229 7.0000000000
150584  -35.567  16.554  13.515 7.0000000000
150585  -35.798  16.138  13.292 7.0000000000
150586  -36.024  15.710  13.085 6.0000000000
150588  -37.284  17.720  10.834 7.0000000000
150589  -37.177  17.202  11.128 7.0000000000
150590  -37.053  16.698  11.428 7.0000000000
150591  -37.566  16.182  10.694 7.0000000000
150592  -37.251  16.201  11.215 7.0000000000
150593  -36.915  16.207  11.735 7.0000000000
150594  -36.768  15.730  12.051 6.0000000000
150636  -39.046  11.270  4.251 6.0000000000
150637  -38.893  11.095  3.862 6.0000000000
150638  -38.711  10.920  3.488 6.0000000000
150639  -38.641  11.420  3.152 6.0000000000
150640  -38.567  11.927  2.824 6.0000000000
150641  -38.489  12.443  2.500 6.0000000000
150642  -39.288  13.899  4.562 6.0000000000
150643  -39.215  13.752  4.135 6.0000000000
150644  -39.112  13.600  3.717 6.0000000000
150645  -39.124  14.785  3.474 6.0000000000
150646  -39.060  14.116  3.389 6.0000000000
150647  -38.979  13.444  3.312 6.0000000000
150648  -38.817  13.285  2.919 6.0000000000
150649  -38.627  13.126  2.541 6.0000000000
150650  -38.409  12.969  2.176 6.0000000000
150651  -38.329  13.507  1.849 6.0000000000
150652  -38.252  14.056  1.513 6.0000000000
150653  -38.179  14.616  1.167 7.0000000000
150654  -38.541  15.445  1.570 6.0000000000
150655  -38.337  15.312  1.185 7.0000000000
150656  -38.113  15.185  0.811 7.0000000000
150657  -38.054  15.755  0.449 7.0000000000
150658  -38.001  16.323  0.083 6.0000000000
150659  -37.951  16.882  -0.281 6.0000000000
150660  -38.967  19.046  5.723 7.0000000000
150661  -39.041  18.963  5.215 6.0000000000
150662  -39.091  18.870  4.712 6.0000000000
150680  -38.615  17.925  0.970 6.0000000000
150683  -38.461  17.800  0.551 6.0000000000
150684  -38.290  17.676  0.144 6.0000000000
150685  -38.102  17.552  -0.254 6.0000000000
150686  -37.898  17.430  -0.641 6.0000000000
150705  -36.878  21.977  -3.634 6.0000000000
150706  -36.693  22.437  -3.926 7.0000000000
150707  -36.498  22.882  -4.207 7.0000000000
150708  -36.606  23.498  -3.734 7.0000000000
150709  -36.459  23.396  -4.117 7.0000000000
150710  -36.294  23.308  -4.476 7.0000000000
150711  -36.085  23.709  -4.730 7.0000000000
150712  -35.874  24.076  -4.967 7.0000000000
154362  -35.205  24.825  -5.657 7.0000000000
154363  -34.928  25.009  -5.925 7.0000000000
154364  -34.625  25.195  -6.203 7.0000000000
154365  -34.497  26.019  -5.963 7.0000000000
154366  -34.404  25.717  -6.242 7.0000000000
154367  -34.300  25.385  -6.483 7.0000000000
154368  -33.959  25.581  -6.762 7.0000000000
154369  -33.603  25.782  -7.036 7.0000000000
154370  -33.239  25.987  -7.303 7.0000000000
154371  -33.476  28.177  -5.673 7.0000000000
154372  -33.409  27.902  -6.086 7.0000000000
154373  -33.328  27.606  -6.461 7.0000000000
154374  -32.730  28.428  -6.651 6.0000000000
154375  -32.983  27.859  -6.742 7.0000000000
154376  -33.234  27.287  -6.797 7.0000000000
154377  -33.126  26.946  -7.093 7.0000000000
154378  -33.005  26.583  -7.349 7.0000000000
154379  -32.869  26.198  -7.563 7.0000000000
154380  -32.499  26.414  -7.815 7.0000000000
154381  -32.131  26.637  -8.058 7.0000000000
154382  -31.767  26.867  -8.294 6.0000000000
154383  -31.716  27.896  -8.120 6.0000000000
