#!ascii label  , from subject 40tvs8ref_sym_20 vox2ras=TkReg
1135
50  25.241  -11.168  72.471 6.0000000000
375  18.686  9.716  68.861 6.0000000000
376  26.312  -0.514  70.975 7.0000000000
377  19.189  -1.843  69.030 6.0000000000
378  17.208  -10.327  68.256 7.0000000000
723  22.419  17.717  68.041 6.0000000000
865  19.006  3.877  69.470 7.0000000000
867  10.090  -6.969  62.596 7.0000000000
868  14.326  -6.879  65.529 7.0000000000
869  12.970  -9.947  64.841 7.0000000000
1067  26.215  -6.447  71.595 7.0000000000
1833  22.300  11.191  69.754 7.0000000000
1834  25.883  5.889  70.245 6.0000000000
1835  22.616  5.036  70.698 7.0000000000
1836  22.995  -1.058  70.765 6.0000000000
1837  22.627  -6.526  70.840 6.0000000000
1838  15.149  -2.707  66.386 6.0000000000
1839  18.534  -6.817  68.561 7.0000000000
1840  21.546  -10.638  71.287 6.0000000000
2643  24.079  15.104  68.774 7.0000000000
2787  9.415  -8.529  62.125 7.0000000000
2788  11.574  -8.480  63.676 7.0000000000
2987  25.853  -8.950  72.016 7.0000000000
2988  27.411  -9.087  71.762 6.0000000000
2989  26.801  -11.426  72.365 6.0000000000
4029  20.508  10.487  69.510 7.0000000000
4030  22.406  8.080  70.356 7.0000000000
4031  20.622  7.457  70.042 7.0000000000
4032  19.205  0.976  69.302 6.0000000000
4033  21.082  1.503  70.217 7.0000000000
4034  21.137  -1.423  70.050 6.0000000000
4035  22.898  -3.927  70.767 6.0000000000
4036  20.973  -4.188  69.918 6.0000000000
4039  13.112  -3.064  65.008 7.0000000000
4040  15.816  -8.628  66.797 7.0000000000
4041  16.422  -6.884  67.065 7.0000000000
4042  17.947  -8.728  68.428 7.0000000000
4043  20.105  -8.743  69.911 6.0000000000
4044  19.382  -10.481  69.959 6.0000000000
4071  20.534  13.636  68.670 6.0000000000
4637  26.110  2.694  70.676 7.0000000000
5911  22.493  21.151  67.336 6.0000000000
6163  18.790  6.769  69.342 7.0000000000
6166  17.268  0.419  68.113 6.0000000000
6167  10.636  -5.253  63.103 6.0000000000
6168  12.734  -5.106  64.511 7.0000000000
6169  12.223  -6.886  64.051 7.0000000000
6170  13.702  -8.517  65.223 7.0000000000
6171  15.089  -10.127  66.517 7.0000000000
6527  26.356  -3.625  71.256 7.0000000000
6529  27.739  -6.494  71.218 6.0000000000
7242  7.918  -7.120  61.148 6.0000000000
7517  24.427  -13.198  72.745 6.0000000000
7518  25.978  -13.598  72.862 6.0000000000
8127  24.040  11.814  69.567 7.0000000000
8128  25.736  9.089  69.664 6.0000000000
8129  24.116  8.626  70.232 7.0000000000
8130  24.303  5.510  70.701 7.0000000000
8131  24.552  2.380  70.966 7.0000000000
8132  20.844  4.485  70.269 7.0000000000
8133  22.873  1.973  70.790 7.0000000000
8134  24.729  -0.750  71.098 7.0000000000
8135  24.709  -3.739  71.242 6.0000000000
8136  24.503  -6.449  71.448 6.0000000000
8137  24.112  -8.824  71.757 7.0000000000
8140  17.173  -2.284  67.765 6.0000000000
8141  14.810  -4.968  65.957 7.0000000000
8142  16.877  -4.765  67.402 7.0000000000
8143  18.952  -4.491  68.769 6.0000000000
8144  20.625  -6.670  69.855 6.0000000000
8145  22.192  -8.744  71.046 6.0000000000
8146  23.503  -10.891  72.099 6.0000000000
8181  22.329  14.410  68.906 6.0000000000
10323  24.887  13.745  68.929 6.0000000000
10667  25.578  -10.089  72.251 7.0000000000
10668  26.385  -10.188  72.223 7.0000000000
10669  26.045  -11.299  72.484 6.0000000000
11709  19.598  10.110  69.233 6.0000000000
11710  20.550  8.958  69.812 7.0000000000
11711  19.639  8.603  69.523 7.0000000000
11712  19.229  -0.448  69.167 6.0000000000
11713  20.196  -0.207  69.687 6.0000000000
11714  20.174  -1.627  69.575 6.0000000000
11715  21.077  -2.831  69.978 6.0000000000
11716  20.097  -3.010  69.472 6.0000000000
11720  16.522  -9.480  67.522 7.0000000000
11721  16.877  -8.687  67.612 7.0000000000
11722  17.591  -9.550  68.368 7.0000000000
11723  18.675  -9.601  69.198 6.0000000000
11724  18.286  -10.410  69.128 6.0000000000
11725  18.969  -11.312  69.805 6.0000000000
11726  17.885  -11.199  68.925 6.0000000000
11750  18.682  11.228  68.506 6.0000000000
11751  19.593  11.648  68.868 6.0000000000
12317  26.225  1.087  70.836 7.0000000000
12319  27.048  -0.428  70.723 6.0000000000
13688  21.579  18.963  67.477 6.0000000000
13690  22.459  19.416  67.668 6.0000000000
14117  10.385  -6.129  62.835 7.0000000000
14118  11.447  -6.068  63.548 7.0000000000
14119  11.161  -6.917  63.323 7.0000000000
14120  12.282  -9.214  64.256 7.0000000000
14121  12.641  -8.487  64.450 7.0000000000
14122  13.347  -9.257  65.059 7.0000000000
14123  14.405  -9.322  65.867 7.0000000000
14124  14.033  -10.029  65.671 7.0000000000
14717  26.309  -5.078  71.416 7.0000000000
14718  27.083  -5.074  71.262 6.0000000000
14719  27.002  -6.468  71.472 6.0000000000
16518  24.783  -14.382  72.940 6.0000000000
17844  23.178  11.512  69.715 7.0000000000
17845  24.062  10.207  69.924 7.0000000000
17846  23.208  9.923  70.062 7.0000000000
17847  22.499  6.556  70.561 7.0000000000
17848  23.360  6.821  70.583 7.0000000000
17849  23.472  5.284  70.755 7.0000000000
17850  24.425  3.950  70.857 7.0000000000
17851  23.599  3.739  70.869 7.0000000000
17852  18.889  5.322  69.451 7.0000000000
17853  19.810  5.654  69.868 7.0000000000
17854  19.931  4.188  69.913 7.0000000000
17855  22.066  0.241  70.502 7.0000000000
17856  21.991  1.745  70.550 7.0000000000
17857  22.963  0.445  70.780 7.0000000000
17858  23.827  0.635  70.962 7.0000000000
17859  23.880  -0.897  70.983 7.0000000000
17860  24.744  -2.274  71.163 7.0000000000
17861  23.875  -2.388  71.014 6.0000000000
17862  22.784  -5.268  70.791 6.0000000000
17863  23.724  -5.190  71.115 6.0000000000
17864  23.583  -6.478  71.196 6.0000000000
17865  24.331  -7.681  71.588 7.0000000000
17866  23.400  -7.674  71.309 6.0000000000
17870  14.262  -1.686  65.906 6.0000000000
17872  15.260  -1.444  66.590 6.0000000000
17873  16.256  -1.196  67.274 6.0000000000
17874  16.160  -2.500  67.079 6.0000000000
17875  13.545  -5.991  64.993 7.0000000000
17876  13.775  -5.041  65.229 7.0000000000
17877  14.587  -5.963  65.734 7.0000000000
17878  17.477  -6.863  67.829 7.0000000000
17879  16.670  -5.873  67.231 7.0000000000
17880  17.718  -5.799  67.960 7.0000000000
17881  17.917  -4.636  68.104 7.0000000000
17882  18.765  -5.702  68.656 6.0000000000
17883  19.803  -5.591  69.298 6.0000000000
17884  19.587  -6.749  69.241 6.0000000000
17885  20.853  -9.667  70.630 6.0000000000
17886  21.166  -8.737  70.529 6.0000000000
17887  21.902  -9.715  71.180 6.0000000000
17888  22.897  -9.790  71.616 6.0000000000
17890  23.111  -11.865  72.195 6.0000000000
17973  21.406  12.430  69.291 7.0000000000
17974  21.435  14.034  68.831 6.0000000000
17975  22.300  12.789  69.353 7.0000000000
17976  23.182  13.128  69.314 7.0000000000
19667  25.797  7.485  69.972 6.0000000000
23189  23.256  16.430  68.477 6.0000000000
23190  23.299  18.121  68.100 6.0000000000
23191  24.124  16.788  68.397 6.0000000000
23447  9.765  -7.778  62.367 7.0000000000
23448  10.843  -7.731  63.118 7.0000000000
23449  10.499  -8.495  62.898 7.0000000000
23450  11.208  -9.191  63.456 7.0000000000
23807  26.065  -7.737  71.795 7.0000000000
23808  26.864  -7.780  71.704 7.0000000000
23809  26.659  -9.018  71.956 7.0000000000
25683  21.410  10.849  69.685 7.0000000000
25684  22.337  9.620  70.088 7.0000000000
25685  21.450  9.298  70.003 7.0000000000
25686  21.521  7.777  70.252 7.0000000000
25687  21.618  6.272  70.430 7.0000000000
25688  19.122  2.425  69.412 6.0000000000
25689  20.055  2.717  69.882 7.0000000000
25690  20.153  1.246  69.798 6.0000000000
25691  21.142  0.024  70.135 6.0000000000
25692  22.079  -1.233  70.450 6.0000000000
25693  22.970  -2.519  70.759 6.0000000000
25694  22.036  -2.666  70.410 6.0000000000
25695  21.947  -4.049  70.384 6.0000000000
25696  21.816  -5.364  70.374 6.0000000000
25701  14.136  -2.898  65.695 7.0000000000
25702  15.083  -7.760  66.129 7.0000000000
25703  15.373  -6.885  66.291 7.0000000000
25704  16.137  -7.797  66.914 7.0000000000
25705  17.197  -7.824  67.711 7.0000000000
25706  18.262  -7.825  68.486 7.0000000000
25707  19.329  -7.801  69.211 6.0000000000
25708  19.026  -8.745  69.205 6.0000000000
25709  19.769  -9.636  69.964 6.0000000000
25710  20.478  -10.551  70.691 6.0000000000
25760  19.627  13.213  68.418 6.0000000000
25761  20.503  12.049  69.130 6.0000000000
26777  25.990  4.295  70.481 7.0000000000
29151  22.524  22.922  67.028 6.0000000000
29152  23.334  19.841  67.760 6.0000000000
29737  18.722  8.232  69.142 6.0000000000
29743  18.074  3.551  68.947 6.0000000000
29744  18.176  2.120  68.867 6.0000000000
29745  18.241  0.699  68.736 6.0000000000
29746  18.246  -0.696  68.583 6.0000000000
29747  10.841  -4.329  63.385 6.0000000000
29748  11.892  -4.226  64.071 6.0000000000
29749  11.689  -5.176  63.803 6.0000000000
29750  12.499  -6.023  64.265 7.0000000000
29751  13.277  -6.875  64.784 7.0000000000
29752  11.912  -7.706  63.866 7.0000000000
29753  12.974  -7.705  64.612 7.0000000000
29754  14.030  -7.726  65.363 7.0000000000
29755  14.759  -8.567  66.001 7.0000000000
29756  15.462  -9.400  66.687 7.0000000000
29757  16.144  -10.231  67.380 7.0000000000
29758  16.817  -11.077  68.026 6.0000000000
29759  15.760  -10.945  67.136 7.0000000000
30587  26.356  -2.095  71.111 7.0000000000
30588  27.103  -2.031  70.895 6.0000000000
30589  27.115  -3.590  71.073 6.0000000000
30590  27.814  -5.073  70.979 6.0000000000
30592  27.608  -7.827  71.479 6.0000000000
32268  9.573  -5.341  62.405 6.0000000000
32269  9.313  -6.204  62.124 6.0000000000
32272  9.009  -7.039  61.871 7.0000000000
32273  8.678  -7.840  61.621 7.0000000000
33017  24.851  -12.202  72.645 6.0000000000
33018  25.652  -12.367  72.707 6.0000000000
33019  25.227  -13.395  72.864 6.0000000000
33020  25.537  -14.622  73.005 6.0000000000
34689  24.876  12.095  69.313 6.0000000000
34690  25.696  10.709  69.322 6.0000000000
34691  24.894  10.470  69.677 6.0000000000
34692  24.938  8.869  70.003 7.0000000000
34693  25.009  7.285  70.287 7.0000000000
34694  23.271  8.363  70.350 7.0000000000
34695  24.197  7.064  70.492 7.0000000000
34696  25.106  5.711  70.531 7.0000000000
34697  25.223  4.135  70.729 7.0000000000
34698  25.347  2.550  70.882 7.0000000000
34699  25.460  0.960  70.999 7.0000000000
34700  19.710  7.121  69.737 7.0000000000
34701  20.721  5.971  70.196 7.0000000000
34702  21.739  4.768  70.533 7.0000000000
34703  20.974  2.995  70.270 7.0000000000
34704  21.872  3.259  70.568 7.0000000000
34705  22.747  3.508  70.770 7.0000000000
34706  23.726  2.186  70.933 7.0000000000
34707  24.660  0.808  71.039 7.0000000000
34708  25.539  -0.622  71.098 7.0000000000
34709  25.572  -2.176  71.198 7.0000000000
34710  25.554  -3.674  71.310 7.0000000000
34711  25.491  -5.097  71.439 7.0000000000
34712  23.822  -3.823  71.057 6.0000000000
34713  24.628  -5.133  71.335 6.0000000000
34714  25.381  -6.439  71.585 7.0000000000
34715  25.220  -7.703  71.753 7.0000000000
34716  25.003  -8.885  71.947 7.0000000000
34717  24.729  -9.988  72.153 7.0000000000
34725  17.252  -0.946  67.945 6.0000000000
34726  18.185  -2.064  68.423 6.0000000000
34727  12.936  -4.124  64.766 7.0000000000
34728  13.971  -4.015  65.470 7.0000000000
34729  14.996  -3.885  66.176 7.0000000000
34730  15.627  -5.927  66.484 7.0000000000
34731  15.841  -4.877  66.683 7.0000000000
34732  16.018  -3.733  66.881 7.0000000000
34733  17.044  -3.566  67.581 6.0000000000
34734  18.072  -3.386  68.261 6.0000000000
34735  19.093  -3.198  68.897 6.0000000000
34736  19.974  -4.338  69.378 6.0000000000
34737  20.822  -5.474  69.873 6.0000000000
34738  21.640  -6.592  70.390 6.0000000000
34739  20.387  -7.761  69.868 6.0000000000
34740  21.423  -7.718  70.443 6.0000000000
34741  22.429  -7.686  70.925 6.0000000000
34742  23.175  -8.774  71.456 6.0000000000
34743  23.838  -9.885  71.939 7.0000000000
34744  24.395  -11.032  72.339 6.0000000000
34745  24.006  -12.036  72.472 6.0000000000
34746  23.579  -13.006  72.519 6.0000000000
34846  21.533  17.292  67.891 6.0000000000
34847  20.586  15.234  68.161 6.0000000000
34848  21.483  15.652  68.349 6.0000000000
34849  22.374  16.050  68.458 6.0000000000
34850  23.212  14.767  68.889 7.0000000000
34851  24.047  13.447  69.173 7.0000000000
36935  26.405  -12.531  72.642 6.0000000000
41387  25.416  -10.635  72.365 6.0000000000
41388  25.825  -10.692  72.376 6.0000000000
41389  25.648  -11.234  72.493 6.0000000000
42429  19.142  9.915  69.058 6.0000000000
42430  19.615  9.352  69.387 7.0000000000
42431  19.158  9.164  69.210 6.0000000000
42432  19.217  -1.149  69.099 6.0000000000
42433  19.707  -1.034  69.373 6.0000000000
42434  19.684  -1.734  69.311 6.0000000000
42435  20.141  -2.324  69.522 6.0000000000
42436  19.646  -2.424  69.251 6.0000000000
42440  16.866  -9.902  67.892 7.0000000000
42441  17.055  -9.517  67.945 7.0000000000
42442  17.402  -9.942  68.323 7.0000000000
42443  17.941  -9.977  68.753 7.0000000000
42444  17.745  -10.370  68.694 7.0000000000
42445  18.086  -10.807  69.046 6.0000000000
42446  17.547  -10.758  68.602 7.0000000000
42470  18.680  10.469  68.693 6.0000000000
42471  19.135  10.674  68.888 6.0000000000
43037  26.273  0.285  70.907 7.0000000000
43038  26.644  0.336  70.788 6.0000000000
43039  26.684  -0.469  70.866 6.0000000000
44408  21.999  18.345  67.775 6.0000000000
44409  22.019  19.192  67.584 6.0000000000
44410  22.440  18.562  67.849 6.0000000000
44837  10.242  -6.552  62.712 7.0000000000
44838  10.777  -6.522  63.072 7.0000000000
44839  10.626  -6.940  62.960 7.0000000000
44840  12.628  -9.579  64.549 7.0000000000
44841  12.815  -9.233  64.657 7.0000000000
44842  13.161  -9.608  64.957 7.0000000000
44843  13.692  -9.642  65.366 7.0000000000
44844  13.503  -9.985  65.254 7.0000000000
44845  13.841  -10.367  65.548 6.0000000000
45437  26.269  -5.773  71.503 7.0000000000
45438  26.665  -5.776  71.450 7.0000000000
45439  26.615  -6.457  71.550 7.0000000000
48564  22.741  11.354  69.748 7.0000000000
48565  23.189  10.714  69.896 7.0000000000
48566  22.753  10.560  69.926 7.0000000000
48567  22.555  5.797  70.638 7.0000000000
48568  22.987  5.927  70.671 7.0000000000
48569  23.047  5.162  70.740 7.0000000000
48570  23.534  4.513  70.819 7.0000000000
48571  23.110  4.395  70.794 7.0000000000
48572  18.946  4.600  69.471 7.0000000000
48573  19.408  4.762  69.696 7.0000000000
48574  19.470  4.034  69.702 7.0000000000
48575  22.537  -0.405  70.635 7.0000000000
48576  22.518  0.344  70.653 7.0000000000
48577  22.987  -0.311  70.772 7.0000000000
48578  23.428  -0.221  70.884 7.0000000000
48579  23.442  -0.976  70.886 7.0000000000
48580  23.885  -1.649  70.997 7.0000000000
48581  23.441  -1.720  70.891 6.0000000000
48582  22.710  -5.908  70.812 6.0000000000
48583  23.189  -5.874  70.994 6.0000000000
48584  23.109  -6.499  71.030 6.0000000000
48585  23.497  -7.088  71.248 6.0000000000
48586  23.019  -7.101  71.075 6.0000000000
48590  14.708  -2.196  66.145 6.0000000000
48591  14.762  -1.566  66.248 6.0000000000
48592  15.211  -2.084  66.489 6.0000000000
48593  15.713  -1.970  66.834 6.0000000000
48594  15.654  -2.605  66.733 6.0000000000
48595  13.939  -6.435  65.254 7.0000000000
48596  14.067  -5.977  65.361 7.0000000000
48597  14.461  -6.430  65.627 7.0000000000
48598  18.006  -6.843  68.200 7.0000000000
48599  17.603  -6.344  67.893 7.0000000000
48600  18.129  -6.311  68.255 7.0000000000
48601  18.242  -5.753  68.314 7.0000000000
48602  18.655  -6.273  68.606 6.0000000000
48603  19.179  -6.230  68.944 6.0000000000
48604  19.062  -6.786  68.909 6.0000000000
48605  21.209  -10.143  70.972 6.0000000000
48606  21.384  -9.688  70.919 6.0000000000
48607  21.732  -10.180  71.241 6.0000000000
48608  22.242  -10.224  71.480 6.0000000000
48693  21.851  11.814  69.542 7.0000000000
48694  21.854  12.612  69.334 7.0000000000
48695  22.296  11.987  69.561 7.0000000000
48696  22.738  12.154  69.553 7.0000000000
50387  25.837  6.686  70.113 6.0000000000
50388  26.219  6.772  69.920 6.0000000000
50389  26.261  5.970  70.059 6.0000000000
54008  23.669  15.772  68.644 7.0000000000
54009  23.692  16.612  68.450 6.0000000000
54010  24.101  15.943  68.582 7.0000000000
54437  9.594  -8.163  62.248 7.0000000000
54438  10.135  -8.140  62.629 7.0000000000
54439  9.959  -8.510  62.510 7.0000000000
54441  10.668  -9.187  63.058 7.0000000000
54443  11.554  -9.537  63.741 7.0000000000
55037  25.967  -8.353  71.903 7.0000000000
55038  26.375  -8.380  71.882 7.0000000000
55039  26.262  -8.984  72.003 7.0000000000
55040  26.608  -10.806  72.302 6.0000000000
55041  26.771  -10.236  72.159 7.0000000000
58164  20.960  10.670  69.611 7.0000000000
58165  21.426  10.069  69.853 7.0000000000
58166  20.976  9.896  69.775 7.0000000000
58167  20.582  8.205  69.936 7.0000000000
58168  21.034  8.372  70.049 7.0000000000
58169  21.073  7.619  70.159 7.0000000000
58170  21.567  7.024  70.350 7.0000000000
58171  21.119  6.870  70.252 7.0000000000
58172  19.169  1.698  69.362 6.0000000000
58173  19.641  1.841  69.613 6.0000000000
58174  19.681  1.112  69.559 6.0000000000
58175  20.673  -0.811  69.870 6.0000000000
58176  20.671  -0.090  69.920 6.0000000000
58177  21.148  -0.704  70.092 6.0000000000
58178  21.617  -0.601  70.294 6.0000000000
58179  21.611  -1.326  70.260 6.0000000000
58180  22.064  -1.955  70.428 6.0000000000
58181  21.591  -2.042  70.230 6.0000000000
58182  21.031  -3.517  69.946 6.0000000000
58183  21.516  -3.439  70.180 6.0000000000
58184  21.463  -4.117  70.161 6.0000000000
58185  21.887  -4.717  70.376 6.0000000000
58186  21.399  -4.777  70.145 6.0000000000
58192  13.188  -2.499  65.121 6.0000000000
58193  13.698  -2.405  65.460 6.0000000000
58194  13.625  -2.984  65.351 7.0000000000
58195  15.453  -8.196  66.454 7.0000000000
58196  15.610  -7.779  66.519 7.0000000000
58197  15.981  -8.221  66.852 7.0000000000
58198  17.411  -8.711  68.022 7.0000000000
58199  17.042  -8.266  67.659 7.0000000000
58200  17.575  -8.281  68.061 7.0000000000
58201  17.729  -7.828  68.104 7.0000000000
58202  18.110  -8.289  68.456 7.0000000000
58203  18.647  -8.290  68.838 7.0000000000
58204  18.486  -8.740  68.823 7.0000000000
58205  19.031  -10.036  69.585 6.0000000000
58206  19.222  -9.620  69.592 6.0000000000
58207  19.580  -10.061  69.975 6.0000000000
58208  20.129  -10.086  70.338 6.0000000000
58209  19.931  -10.515  70.341 6.0000000000
58210  20.273  -10.989  70.675 6.0000000000
58211  19.726  -10.943  70.305 6.0000000000
58292  19.172  12.993  68.256 6.0000000000
58293  20.046  11.072  69.208 6.0000000000
58294  20.049  11.851  69.012 6.0000000000
58295  20.500  11.264  69.331 6.0000000000
58296  20.953  11.453  69.427 7.0000000000
59987  26.049  3.495  70.584 7.0000000000
64106  22.057  20.916  67.238 6.0000000000
64108  22.074  21.793  67.078 6.0000000000
64109  22.090  22.679  66.925 6.0000000000
64110  22.509  22.032  67.181 6.0000000000
64111  23.735  18.314  68.090 6.0000000000
64112  23.318  18.977  67.926 6.0000000000
65380  18.128  2.835  68.915 6.0000000000
65383  17.734  1.259  68.504 6.0000000000
65384  17.755  0.559  68.431 6.0000000000
65385  18.252  -0.002  68.661 6.0000000000
65386  17.761  -0.134  68.352 6.0000000000
65387  10.743  -4.798  63.244 6.0000000000
65388  11.269  -4.753  63.590 6.0000000000
65389  11.163  -5.213  63.452 6.0000000000
65390  11.839  -6.477  63.792 7.0000000000
65391  11.974  -6.044  63.906 7.0000000000
65392  12.366  -6.461  64.153 7.0000000000
65393  12.891  -6.449  64.517 7.0000000000
65394  12.751  -6.878  64.416 7.0000000000
65395  11.211  -8.108  63.393 7.0000000000
65396  11.378  -7.715  63.492 7.0000000000
65397  11.746  -8.100  63.774 7.0000000000
65398  13.172  -8.499  64.836 7.0000000000
65399  12.811  -8.102  64.532 7.0000000000
65400  13.341  -8.112  64.912 7.0000000000
65401  13.503  -7.713  64.986 7.0000000000
65402  13.870  -8.128  65.292 7.0000000000
65403  14.398  -8.148  65.675 7.0000000000
65404  14.231  -8.540  65.611 7.0000000000
65405  14.749  -9.724  66.193 7.0000000000
65406  14.933  -9.359  66.275 7.0000000000
65407  15.277  -9.769  66.613 7.0000000000
65408  15.805  -9.815  67.036 7.0000000000
65409  15.616  -10.179  66.946 7.0000000000
65410  15.953  -10.593  67.270 7.0000000000
65411  15.426  -10.534  66.832 7.0000000000
67187  26.362  -2.868  71.182 7.0000000000
67188  26.742  -2.841  71.099 6.0000000000
67189  26.740  -3.606  71.181 7.0000000000
67190  27.422  -5.789  71.246 6.0000000000
67191  27.454  -5.073  71.137 6.0000000000
67192  27.783  -5.795  71.096 6.0000000000
67195  27.152  -8.437  71.739 6.0000000000
67196  27.243  -7.804  71.608 6.0000000000
67197  27.518  -8.465  71.618 6.0000000000
70815  9.450  -5.777  62.261 6.0000000000
70823  8.624  -6.666  61.637 7.0000000000
70824  8.465  -7.078  61.509 7.0000000000
70825  8.846  -7.445  61.747 7.0000000000
70826  8.300  -7.482  61.381 6.0000000000
72587  24.643  -12.705  72.706 6.0000000000
72588  25.048  -12.795  72.765 6.0000000000
72589  24.833  -13.296  72.819 6.0000000000
72590  24.939  -14.988  73.011 6.0000000000
72591  25.167  -14.501  72.988 6.0000000000
72592  25.311  -15.118  73.046 6.0000000000
76569  24.462  11.958  69.453 7.0000000000
76570  24.882  11.280  69.499 6.0000000000
76571  24.468  11.146  69.639 7.0000000000
76572  24.085  9.414  70.084 7.0000000000
76573  24.502  9.543  69.978 7.0000000000
76574  24.530  8.750  70.131 7.0000000000
76575  24.971  8.075  70.150 7.0000000000
76576  24.565  7.962  70.273 7.0000000000
76577  22.368  8.847  70.230 7.0000000000
76578  22.804  8.996  70.236 7.0000000000
76579  22.841  8.224  70.367 7.0000000000
76580  23.834  6.173  70.654 7.0000000000
76581  23.782  6.945  70.551 7.0000000000
76582  24.247  6.287  70.603 7.0000000000
76583  24.654  6.395  70.523 7.0000000000
76584  24.708  5.613  70.631 7.0000000000
76585  25.162  4.924  70.636 7.0000000000
76586  24.766  4.831  70.726 7.0000000000
76587  24.490  3.166  70.917 7.0000000000
76588  24.891  3.258  70.879 7.0000000000
76589  24.954  2.468  70.939 7.0000000000
76590  25.407  1.755  70.944 7.0000000000
76591  25.013  1.677  70.990 7.0000000000
76592  18.752  7.498  69.253 6.0000000000
76593  19.212  7.681  69.458 7.0000000000
76594  19.251  6.947  69.551 7.0000000000
76595  20.326  5.076  70.082 7.0000000000
76596  20.267  5.814  70.043 7.0000000000
76597  20.780  5.228  70.242 7.0000000000
76598  21.230  5.376  70.379 7.0000000000
76599  21.294  4.629  70.413 7.0000000000
76600  20.573  2.117  70.058 7.0000000000
76601  20.516  2.858  70.087 7.0000000000
76602  21.032  2.249  70.249 7.0000000000
76603  22.435  1.861  70.682 7.0000000000
76604  21.935  2.502  70.564 7.0000000000
76605  22.377  2.623  70.687 7.0000000000
76606  22.313  3.385  70.681 7.0000000000
76607  22.813  2.741  70.786 7.0000000000
76608  23.242  2.854  70.859 7.0000000000
76609  23.303  2.081  70.874 7.0000000000
76610  24.285  -0.052  71.034 7.0000000000
76611  24.248  0.724  71.015 7.0000000000
76612  24.700  0.026  71.069 7.0000000000
76613  25.107  0.099  71.074 7.0000000000
76614  25.138  -0.684  71.113 7.0000000000
76615  25.561  -1.404  71.147 7.0000000000
76616  25.158  -1.459  71.153 7.0000000000
76617  24.732  -3.015  71.201 7.0000000000
76618  25.156  -2.972  71.241 7.0000000000
76619  25.137  -3.704  71.291 7.0000000000
76620  25.528  -4.395  71.373 7.0000000000
76621  25.106  -4.418  71.345 7.0000000000
76622  22.940  -3.230  70.761 6.0000000000
76623  23.401  -3.169  70.910 6.0000000000
76624  23.364  -3.872  70.925 6.0000000000
76625  24.120  -5.820  71.284 6.0000000000
76626  24.181  -5.159  71.239 6.0000000000
76627  24.572  -5.801  71.389 6.0000000000
76628  25.012  -5.787  71.464 6.0000000000
76629  24.948  -6.442  71.531 7.0000000000
76630  25.307  -7.081  71.666 7.0000000000
76631  24.871  -7.076  71.605 7.0000000000
76632  24.228  -8.264  71.670 7.0000000000
76633  24.679  -8.283  71.773 7.0000000000
76634  24.563  -8.853  71.867 7.0000000000
76635  24.874  -9.445  72.050 7.0000000000
76636  24.433  -9.404  71.964 7.0000000000
76655  16.717  -1.738  67.520 6.0000000000
76656  16.754  -1.071  67.612 6.0000000000
76657  17.219  -1.620  67.857 6.0000000000
76658  17.722  -1.502  68.186 6.0000000000
76659  17.679  -2.175  68.100 6.0000000000
76660  12.317  -4.666  64.286 6.0000000000
76661  12.415  -4.175  64.417 6.0000000000
76662  12.839  -4.624  64.638 7.0000000000
76663  14.293  -5.006  65.593 7.0000000000
76664  13.877  -4.538  65.351 7.0000000000
76665  14.393  -4.491  65.710 7.0000000000
76666  14.485  -3.953  65.823 7.0000000000
76667  14.907  -4.438  66.068 7.0000000000
76668  15.897  -6.886  66.678 7.0000000000
76669  15.504  -6.417  66.386 7.0000000000
76670  16.027  -6.406  66.767 7.0000000000
76671  16.778  -5.331  67.315 7.0000000000
76672  16.258  -5.375  66.951 7.0000000000
76673  16.358  -4.823  67.044 7.0000000000
76674  15.934  -4.317  66.782 7.0000000000
76675  16.448  -4.249  67.137 7.0000000000
76676  16.530  -3.651  67.232 7.0000000000
76677  16.965  -4.176  67.490 7.0000000000
76678  18.436  -4.565  68.443 6.0000000000
76679  18.000  -4.021  68.182 6.0000000000
76680  18.515  -3.938  68.513 6.0000000000
76681  18.584  -3.293  68.586 6.0000000000
76682  19.028  -3.854  68.832 6.0000000000
76683  19.537  -3.768  69.136 6.0000000000
76684  19.465  -4.415  69.081 6.0000000000
76685  20.217  -6.134  69.572 6.0000000000
76686  20.316  -5.532  69.594 6.0000000000
76687  20.729  -6.085  69.860 6.0000000000
76688  21.235  -6.036  70.129 6.0000000000
76689  21.136  -6.630  70.133 6.0000000000
76690  19.719  -8.277  69.556 6.0000000000
76691  19.860  -7.782  69.549 6.0000000000
76692  20.252  -8.265  69.886 6.0000000000
76693  21.684  -8.738  70.800 6.0000000000
76694  21.300  -8.240  70.482 6.0000000000
76695  21.813  -8.232  70.745 6.0000000000
76696  21.930  -7.700  70.696 6.0000000000
76697  22.316  -8.228  70.982 6.0000000000
76698  22.810  -8.229  71.193 6.0000000000
76699  22.689  -8.756  71.264 6.0000000000
76700  23.214  -10.333  71.871 7.0000000000
76701  23.374  -9.836  71.791 7.0000000000
76702  23.678  -10.393  72.024 6.0000000000
76703  24.130  -10.455  72.151 6.0000000000
76704  23.955  -10.962  72.232 6.0000000000
76705  24.206  -11.538  72.414 6.0000000000
76706  23.766  -11.460  72.299 6.0000000000
76708  23.355  -12.435  72.370 6.0000000000
76727  16.621  -11.436  67.871 6.0000000000
76728  17.152  -11.510  68.320 6.0000000000
76956  21.115  17.895  67.560 6.0000000000
76957  21.089  17.072  67.784 6.0000000000
76958  20.107  14.221  68.301 6.0000000000
76959  20.137  15.016  68.038 6.0000000000
76960  20.559  14.434  68.418 6.0000000000
76961  21.883  14.224  68.880 6.0000000000
76962  21.457  14.841  68.590 6.0000000000
76963  21.905  15.036  68.645 6.0000000000
76964  21.929  15.853  68.414 6.0000000000
76965  22.350  15.227  68.679 6.0000000000
76966  22.794  15.413  68.691 6.0000000000
76967  22.772  14.590  68.909 6.0000000000
76968  23.611  12.475  69.460 7.0000000000
76969  23.617  13.290  69.257 7.0000000000
76970  24.040  12.628  69.373 7.0000000000
76971  24.463  12.775  69.260 7.0000000000
82037  25.713  9.896  69.497 6.0000000000
82039  26.123  9.189  69.454 6.0000000000
82060  27.478  -2.797  70.832 6.0000000000
82061  27.464  -2.004  70.736 6.0000000000
82105  25.824  -12.978  72.794 6.0000000000
82106  26.035  -12.449  72.691 6.0000000000
82107  26.194  -13.070  72.761 6.0000000000
92309  24.485  14.429  68.869 6.0000000000
92310  24.505  15.265  68.677 6.0000000000
92568  9.774  -8.860  62.390 7.0000000000
92927  25.723  -9.529  72.133 7.0000000000
92928  26.133  -9.570  72.127 7.0000000000
92929  25.987  -10.139  72.253 7.0000000000
92930  26.223  -10.749  72.356 6.0000000000
92931  26.430  -11.363  72.441 6.0000000000
94803  20.053  10.300  69.384 7.0000000000
94804  20.524  9.719  69.670 7.0000000000
94805  20.070  9.537  69.541 7.0000000000
94806  20.095  8.782  69.679 7.0000000000
94807  20.128  8.034  69.800 7.0000000000
94808  19.225  0.260  69.236 6.0000000000
94809  19.706  0.389  69.499 6.0000000000
94810  19.715  -0.327  69.436 6.0000000000
94811  20.192  -0.921  69.630 6.0000000000
94812  20.658  -1.523  69.821 6.0000000000
94813  21.113  -2.132  70.012 6.0000000000
94814  20.630  -2.226  69.776 6.0000000000
94815  20.590  -2.919  69.734 6.0000000000
94816  20.539  -3.599  69.694 6.0000000000
94822  16.172  -9.056  67.155 7.0000000000
94823  16.345  -8.659  67.203 7.0000000000
94824  16.703  -9.090  67.569 7.0000000000
94825  17.237  -9.121  67.985 7.0000000000
94826  17.774  -9.147  68.400 7.0000000000
94827  18.314  -9.167  68.808 7.0000000000
94828  18.131  -9.578  68.788 7.0000000000
94829  18.484  -10.009  69.176 6.0000000000
94830  18.832  -10.447  69.552 6.0000000000
94831  19.176  -10.898  69.904 6.0000000000
94832  18.629  -10.853  69.482 6.0000000000
94833  18.425  -11.256  69.370 6.0000000000
94879  19.150  12.214  68.489 6.0000000000
94880  19.137  11.440  68.699 6.0000000000
94881  19.590  10.875  69.061 6.0000000000
95897  26.170  1.891  70.760 7.0000000000
95898  26.538  1.950  70.620 6.0000000000
95899  26.594  1.142  70.707 6.0000000000
98368  21.600  19.813  67.289 6.0000000000
98369  22.039  20.049  67.406 6.0000000000
98370  22.477  20.278  67.498 6.0000000000
99137  10.517  -5.696  62.965 6.0000000000
99138  11.046  -5.660  63.318 7.0000000000
99139  10.917  -6.096  63.191 7.0000000000
99140  11.309  -6.497  63.431 7.0000000000
99141  11.693  -6.899  63.687 7.0000000000
99142  11.930  -8.848  63.964 7.0000000000
99143  12.108  -8.481  64.063 7.0000000000
99144  12.464  -8.858  64.358 7.0000000000
99145  12.996  -8.873  64.752 7.0000000000
99146  13.527  -8.894  65.147 7.0000000000
99147  14.056  -8.920  65.542 7.0000000000
99148  13.877  -9.287  65.462 7.0000000000
99149  14.221  -9.681  65.778 7.0000000000
99150  14.561  -10.077  66.091 7.0000000000
99151  14.899  -10.476  66.399 7.0000000000
99152  14.371  -10.420  65.971 7.0000000000
100217  26.338  -4.362  71.333 7.0000000000
100218  26.727  -4.351  71.266 7.0000000000
100219  26.702  -5.075  71.355 7.0000000000
100220  27.049  -5.782  71.364 6.0000000000
100221  27.377  -6.481  71.361 6.0000000000
102400  7.752  -7.521  61.016 6.0000000000
103457  24.206  -13.681  72.762 6.0000000000
103458  24.613  -13.786  72.851 6.0000000000
103459  24.387  -14.267  72.862 6.0000000000
103460  24.554  -14.862  72.945 6.0000000000
105846  23.612  11.666  69.654 7.0000000000
105847  24.047  11.007  69.751 7.0000000000
105848  23.620  10.863  69.837 7.0000000000
105849  23.637  10.068  70.007 7.0000000000
105850  23.663  9.279  70.162 7.0000000000
105851  22.449  7.317  70.467 7.0000000000
105852  22.884  7.456  70.484 7.0000000000
105853  22.933  6.691  70.586 7.0000000000
105854  23.413  6.053  70.677 7.0000000000
105855  23.891  5.400  70.742 7.0000000000
105856  24.362  4.731  70.785 7.0000000000
105857  23.952  4.625  70.816 7.0000000000
105858  24.016  3.847  70.877 7.0000000000
105859  24.081  3.067  70.926 7.0000000000
105860  18.836  6.045  69.408 7.0000000000
105861  19.297  6.217  69.622 7.0000000000
105862  19.350  5.490  69.670 7.0000000000
105863  19.868  4.921  69.900 7.0000000000
105864  20.389  4.338  70.102 7.0000000000
105865  21.580  0.877  70.364 7.0000000000
105866  21.540  1.626  70.395 7.0000000000
105867  22.035  0.991  70.528 7.0000000000
105868  22.483  1.100  70.670 7.0000000000
105869  22.924  1.207  70.788 7.0000000000
105870  23.357  1.310  70.881 7.0000000000
105871  23.399  0.541  70.884 7.0000000000
105872  23.861  -0.135  70.972 7.0000000000
105873  24.309  -0.821  71.054 7.0000000000
105874  24.743  -1.518  71.129 7.0000000000
105875  24.319  -1.581  71.076 7.0000000000
105876  24.315  -2.329  71.102 7.0000000000
105877  24.298  -3.062  71.131 6.0000000000
105878  22.846  -4.607  70.776 6.0000000000
105879  23.316  -4.559  70.943 6.0000000000
105880  23.258  -5.227  70.965 6.0000000000
105881  23.659  -5.845  71.152 6.0000000000
105882  24.048  -6.461  71.336 6.0000000000
105883  24.423  -7.076  71.514 6.0000000000
105884  23.965  -7.080  71.395 6.0000000000
105885  23.871  -7.675  71.462 6.0000000000
105886  23.766  -8.247  71.538 6.0000000000
105898  15.758  -1.320  66.933 6.0000000000
105899  16.215  -1.854  67.178 6.0000000000
105900  16.666  -2.393  67.424 6.0000000000
105901  13.144  -5.548  64.746 7.0000000000
105902  13.255  -5.074  64.869 7.0000000000
105903  13.665  -5.525  65.109 7.0000000000
105904  14.185  -5.501  65.475 7.0000000000
105905  14.704  -5.476  65.845 7.0000000000
105906  16.949  -6.877  67.450 7.0000000000
105907  16.551  -6.391  67.147 7.0000000000
105908  17.076  -6.370  67.523 7.0000000000
105909  17.193  -5.839  67.598 7.0000000000
105910  17.300  -5.282  67.676 7.0000000000
105911  17.397  -4.702  67.756 7.0000000000
105912  17.823  -5.229  68.031 7.0000000000
105913  18.345  -5.170  68.376 6.0000000000
105914  18.865  -5.108  68.710 6.0000000000
105915  19.382  -5.042  69.030 6.0000000000
105916  19.286  -5.648  68.984 6.0000000000
105917  19.700  -6.183  69.266 6.0000000000
105918  20.108  -6.711  69.557 6.0000000000
105919  20.484  -9.204  70.272 6.0000000000
105920  20.639  -8.739  70.232 6.0000000000
105921  21.017  -9.211  70.579 6.0000000000
105922  21.542  -9.222  70.860 6.0000000000
105923  22.055  -9.239  71.113 6.0000000000
105924  22.555  -9.262  71.339 6.0000000000
105925  22.407  -9.749  71.412 6.0000000000
105926  22.735  -10.276  71.689 6.0000000000
105928  23.313  -11.381  72.158 6.0000000000
106079  20.967  13.038  69.000 6.0000000000
106080  20.985  13.838  68.761 6.0000000000
106081  21.417  13.230  69.067 6.0000000000
106082  21.865  13.416  69.112 6.0000000000
106083  22.311  13.597  69.132 7.0000000000
106084  22.755  13.773  69.130 7.0000000000
106085  22.743  12.961  69.346 7.0000000000
106086  23.176  12.317  69.520 7.0000000000
109127  25.764  8.285  69.822 6.0000000000
109128  26.150  8.381  69.617 6.0000000000
109129  26.182  7.575  69.772 6.0000000000
109168  26.114  -14.228  72.909 6.0000000000
109169  26.333  -13.700  72.810 6.0000000000
115547  22.839  17.079  68.276 6.0000000000
115548  22.860  17.922  68.083 6.0000000000
115549  23.278  17.272  68.284 6.0000000000
115550  23.715  17.459  68.266 6.0000000000
116147  9.930  -7.378  62.483 7.0000000000
116148  10.469  -7.351  62.852 7.0000000000
116149  10.305  -7.752  62.743 7.0000000000
116150  10.674  -8.121  63.011 7.0000000000
116151  11.037  -8.485  63.287 7.0000000000
116152  10.316  -8.851  62.781 7.0000000000
116153  10.856  -8.845  63.175 7.0000000000
116154  11.394  -8.844  63.569 7.0000000000
116155  11.746  -9.200  63.855 7.0000000000
116156  12.092  -9.555  64.144 7.0000000000
116157  12.435  -9.914  64.432 6.0000000000
116987  26.148  -7.101  71.692 7.0000000000
116988  26.551  -7.117  71.656 7.0000000000
116989  26.471  -7.757  71.766 7.0000000000
116990  26.770  -8.408  71.827 7.0000000000
116991  27.042  -9.053  71.876 6.0000000000
116992  26.531  -9.611  72.088 7.0000000000
116993  26.916  -9.652  72.016 6.0000000000
116994  27.285  -9.692  71.911 6.0000000000
121365  21.857  11.022  69.733 7.0000000000
121366  22.314  10.402  69.929 7.0000000000
121367  21.872  10.238  69.905 7.0000000000
121368  21.896  9.462  70.059 7.0000000000
121369  21.927  8.693  70.197 7.0000000000
121370  21.001  9.130  69.921 7.0000000000
121371  21.483  8.535  70.136 7.0000000000
121372  21.966  7.931  70.317 7.0000000000
121373  22.010  7.173  70.422 7.0000000000
121374  22.061  6.417  70.509 7.0000000000
121375  22.117  5.661  70.578 7.0000000000
121376  19.066  3.152  69.449 7.0000000000
121377  19.531  3.304  69.688 7.0000000000
121378  19.590  2.573  69.657 7.0000000000
121379  20.109  1.981  69.845 7.0000000000
121380  20.620  1.376  70.018 7.0000000000
121381  20.182  0.516  69.744 6.0000000000
121382  20.653  0.640  69.971 6.0000000000
121383  21.120  0.760  70.178 7.0000000000
121384  21.607  0.134  70.329 7.0000000000
121385  22.081  -0.501  70.476 6.0000000000
121386  22.541  -1.144  70.619 6.0000000000
121387  22.989  -1.795  70.760 6.0000000000
121388  22.530  -1.873  70.605 6.0000000000
121389  22.506  -2.590  70.596 6.0000000000
121390  22.471  -3.295  70.589 6.0000000000
121391  21.559  -2.747  70.203 6.0000000000
121392  21.997  -3.365  70.395 6.0000000000
121393  22.426  -3.986  70.586 6.0000000000
121394  22.370  -4.660  70.587 6.0000000000
121395  22.303  -5.314  70.594 6.0000000000
121396  22.225  -5.947  70.606 6.0000000000
121406  14.204  -2.303  65.802 6.0000000000
121407  14.643  -2.805  66.040 7.0000000000
121408  14.708  -7.321  65.821 7.0000000000
121409  14.850  -6.882  65.908 7.0000000000
121410  15.232  -7.332  66.205 7.0000000000
121411  15.758  -7.343  66.594 7.0000000000
121412  16.284  -7.352  66.986 7.0000000000
121413  16.510  -8.246  67.254 7.0000000000
121414  16.666  -7.813  67.313 7.0000000000
121415  16.812  -7.357  67.379 7.0000000000
121416  17.342  -7.356  67.768 7.0000000000
121417  17.872  -7.349  68.150 7.0000000000
121418  18.403  -7.335  68.521 7.0000000000
121419  18.934  -7.314  68.880 6.0000000000
121420  18.796  -7.816  68.856 6.0000000000
121421  19.183  -8.286  69.205 6.0000000000
121422  19.566  -8.745  69.568 6.0000000000
121423  18.856  -9.182  69.204 6.0000000000
121424  19.400  -9.192  69.582 6.0000000000
121425  19.944  -9.198  69.939 6.0000000000
121426  20.314  -9.651  70.311 6.0000000000
121427  20.673  -10.112  70.671 6.0000000000
121428  21.018  -10.592  71.006 6.0000000000
121433  19.516  -11.368  70.222 6.0000000000
121545  19.654  14.002  68.163 6.0000000000
121546  20.081  13.428  68.555 6.0000000000
121547  19.606  12.428  68.654 6.0000000000
121548  20.061  12.637  68.794 6.0000000000
121549  20.515  12.840  68.909 6.0000000000
121550  20.956  12.242  69.223 6.0000000000
121551  21.404  11.636  69.498 7.0000000000
123917  25.934  5.092  70.368 6.0000000000
123918  26.310  5.168  70.190 6.0000000000
123919  26.363  4.366  70.311 6.0000000000
129592  22.880  18.773  67.900 6.0000000000
129593  22.898  19.632  67.728 6.0000000000
129594  22.914  20.500  67.564 6.0000000000
129597  22.928  21.377  67.407 6.0000000000
131179  18.700  8.971  69.011 6.0000000000
131187  18.427  5.151  69.211 6.0000000000
131188  18.483  4.434  69.225 6.0000000000
131197  18.541  3.716  69.218 6.0000000000
131198  18.598  2.995  69.191 6.0000000000
131199  18.650  2.273  69.148 6.0000000000
131200  18.694  1.553  69.092 6.0000000000
131201  17.700  1.964  68.570 6.0000000000
131202  18.215  1.406  68.806 6.0000000000
131203  18.725  0.838  69.027 6.0000000000
131204  18.741  0.129  68.956 6.0000000000
131205  18.740  -0.572  68.883 6.0000000000
131206  18.722  -1.266  68.809 6.0000000000
131207  10.933  -3.844  63.524 6.0000000000
131208  11.460  -3.785  63.862 6.0000000000
131209  11.367  -4.277  63.727 6.0000000000
131210  11.794  -4.709  63.937 6.0000000000
131211  12.212  -5.140  64.156 7.0000000000
131212  11.574  -5.628  63.672 7.0000000000
131213  12.099  -5.599  64.028 7.0000000000
131214  12.622  -5.573  64.385 7.0000000000
131215  13.023  -6.006  64.628 7.0000000000
131216  13.416  -6.441  64.884 7.0000000000
131217  13.802  -6.876  65.155 7.0000000000
131218  11.005  -7.328  63.220 7.0000000000
131219  11.539  -7.312  63.588 7.0000000000
131220  12.071  -7.301  63.956 7.0000000000
131221  12.279  -8.098  64.153 7.0000000000
131222  12.444  -7.703  64.239 7.0000000000
131223  12.601  -7.296  64.324 7.0000000000
131224  13.129  -7.296  64.694 7.0000000000
131225  13.657  -7.301  65.066 7.0000000000
131226  14.182  -7.310  65.441 7.0000000000
131227  14.557  -7.742  65.743 7.0000000000
131228  14.925  -8.171  66.062 7.0000000000
131229  15.287  -8.597  66.397 7.0000000000
131230  14.585  -8.950  65.939 7.0000000000
131231  15.113  -8.984  66.340 7.0000000000
131232  15.642  -9.020  66.745 7.0000000000
131233  15.991  -9.440  67.103 7.0000000000
131234  16.334  -9.859  67.463 7.0000000000
131235  16.674  -10.280  67.817 7.0000000000
131236  17.012  -10.706  68.157 7.0000000000
131237  16.481  -10.651  67.712 7.0000000000
131238  16.288  -11.012  67.579 7.0000000000
131240  15.233  -10.879  66.698 7.0000000000
133487  26.339  -1.309  71.043 7.0000000000
133488  26.714  -1.268  70.942 6.0000000000
133489  26.734  -2.061  71.020 6.0000000000
133490  27.114  -2.818  70.983 6.0000000000
133491  27.481  -3.575  70.931 6.0000000000
133492  27.105  -4.342  71.166 6.0000000000
133493  27.473  -4.335  71.032 6.0000000000
133494  27.833  -4.328  70.865 6.0000000000
133498  26.941  -7.134  71.585 6.0000000000
133499  27.318  -7.152  71.481 6.0000000000
133500  27.681  -7.170  71.345 6.0000000000
138067  10.215  -4.845  62.899 6.0000000000
138070  10.106  -5.296  62.754 6.0000000000
138071  9.984  -5.735  62.613 6.0000000000
138072  9.850  -6.165  62.479 7.0000000000
138073  9.705  -6.587  62.353 7.0000000000
138080  8.774  -6.247  61.769 6.0000000000
138081  9.166  -6.625  61.994 7.0000000000
138082  9.551  -7.002  62.233 7.0000000000
138083  9.390  -7.410  62.114 7.0000000000
138084  9.223  -7.808  61.993 7.0000000000
138085  9.050  -8.189  61.868 7.0000000000
138086  8.130  -7.872  61.250 6.0000000000
138087  8.502  -8.215  61.492 6.0000000000
138088  8.869  -8.548  61.742 6.0000000000
140237  25.052  -11.690  72.566 6.0000000000
140238  25.458  -11.764  72.599 6.0000000000
140239  25.257  -12.285  72.691 6.0000000000
140240  25.442  -12.887  72.795 6.0000000000
140241  25.609  -13.497  72.879 6.0000000000
140242  25.008  -13.894  72.913 6.0000000000
140243  25.390  -14.004  72.944 6.0000000000
140244  25.759  -14.116  72.944 6.0000000000
140245  25.894  -14.745  72.988 6.0000000000
145095  25.283  12.226  69.146 6.0000000000
145097  25.288  11.406  69.333 6.0000000000
145098  25.299  10.593  69.513 6.0000000000
145099  25.317  9.785  69.685 6.0000000000
145100  24.481  10.342  69.814 7.0000000000
145101  24.913  9.667  69.845 7.0000000000
145102  25.341  8.982  69.847 6.0000000000
145103  25.370  8.183  70.000 6.0000000000
145104  25.406  7.388  70.143 6.0000000000
145105  25.449  6.595  70.278 7.0000000000
145106  22.775  9.774  70.089 7.0000000000
145107  23.236  9.140  70.213 7.0000000000
145108  23.696  8.497  70.305 7.0000000000
145109  23.313  7.590  70.474 7.0000000000
145110  23.736  7.719  70.435 7.0000000000
145111  24.153  7.843  70.368 7.0000000000
145112  24.606  7.177  70.404 7.0000000000
145113  25.055  6.498  70.415 7.0000000000
145114  25.497  5.803  70.403 7.0000000000
145115  25.552  5.011  70.517 7.0000000000
145116  25.610  4.218  70.621 7.0000000000
145117  25.671  3.422  70.713 7.0000000000
145118  24.828  4.045  70.808 7.0000000000
145119  25.285  3.343  70.811 7.0000000000
145120  25.733  2.625  70.795 7.0000000000
145121  25.793  1.826  70.868 7.0000000000
145122  25.847  1.027  70.933 7.0000000000
145123  25.894  0.229  70.994 7.0000000000
145124  19.181  8.420  69.344 7.0000000000
145125  19.671  7.860  69.640 7.0000000000
145126  20.167  7.291  69.901 7.0000000000
145127  19.757  6.387  69.813 7.0000000000
145128  20.214  6.552  69.982 7.0000000000
145129  20.668  6.713  70.129 7.0000000000
145130  21.171  6.123  70.325 7.0000000000
145131  21.676  5.521  70.491 7.0000000000
145132  22.180  4.904  70.629 7.0000000000
145133  19.994  3.454  69.906 7.0000000000
145134  20.454  3.599  70.103 7.0000000000
145135  20.909  3.741  70.277 7.0000000000
145136  21.487  2.377  70.418 7.0000000000
145137  21.426  3.129  70.430 7.0000000000
145138  21.360  3.879  70.429 7.0000000000
145139  21.805  4.014  70.558 7.0000000000
145140  22.246  4.146  70.662 7.0000000000
145141  22.681  4.273  70.741 7.0000000000
145142  23.176  3.626  70.833 7.0000000000
145143  23.665  2.963  70.906 7.0000000000
145144  24.143  2.285  70.964 7.0000000000
145145  23.782  1.409  70.950 7.0000000000
145146  24.200  1.504  70.992 7.0000000000
145147  24.610  1.593  71.006 7.0000000000
145148  25.065  0.887  71.034 7.0000000000
145149  25.505  0.167  71.050 7.0000000000
145150  25.930  -0.565  71.053 7.0000000000
145151  25.955  -1.354  71.111 7.0000000000
145152  25.969  -2.133  71.170 7.0000000000
145153  25.971  -2.899  71.233 7.0000000000
145154  25.164  -2.223  71.195 7.0000000000
145155  25.569  -2.933  71.252 7.0000000000
145156  25.961  -3.648  71.299 7.0000000000
145157  25.939  -4.377  71.369 7.0000000000
145158  25.906  -5.086  71.444 7.0000000000
145159  25.861  -5.774  71.523 7.0000000000
145160  23.427  -2.451  70.899 6.0000000000
145161  23.854  -3.113  71.034 6.0000000000
145162  24.270  -3.779  71.164 6.0000000000
145163  23.778  -4.516  71.084 6.0000000000
145164  24.231  -4.478  71.199 6.0000000000
145165  24.674  -4.446  71.287 6.0000000000
145166  25.065  -5.112  71.402 6.0000000000
145167  25.442  -5.778  71.509 7.0000000000
145168  25.804  -6.441  71.606 7.0000000000
145169  25.733  -7.089  71.695 7.0000000000
145170  25.648  -7.718  71.790 7.0000000000
145171  25.548  -8.328  71.891 7.0000000000
145172  24.781  -7.690  71.686 7.0000000000
145173  25.119  -8.304  71.848 7.0000000000
145174  25.433  -8.917  71.997 7.0000000000
145175  25.304  -9.487  72.107 7.0000000000
145176  25.158  -10.039  72.217 7.0000000000
145177  24.998  -10.576  72.322 6.0000000000
145199  16.282  -0.530  67.367 6.0000000000
145200  16.775  -0.398  67.702 6.0000000000
145201  17.268  -0.266  68.031 6.0000000000
145202  17.750  -0.821  68.270 6.0000000000
145203  18.223  -1.384  68.504 6.0000000000
145204  18.689  -1.953  68.734 6.0000000000
145205  11.985  -3.726  64.202 6.0000000000
145206  12.507  -3.666  64.544 6.0000000000
145207  13.027  -3.604  64.889 7.0000000000
145208  13.359  -4.582  64.993 7.0000000000
145209  13.455  -4.071  65.117 7.0000000000
145210  13.544  -3.539  65.237 7.0000000000
145211  14.057  -3.468  65.585 7.0000000000
145212  14.568  -3.391  65.933 7.0000000000
145213  15.077  -3.308  66.282 7.0000000000
145214  14.983  -6.424  66.005 7.0000000000
145215  15.107  -5.946  66.108 7.0000000000
145216  15.221  -5.447  66.215 7.0000000000
145217  16.147  -5.903  66.859 7.0000000000
145218  15.739  -5.413  66.584 7.0000000000
145219  15.325  -4.925  66.321 7.0000000000
145220  15.420  -4.380  66.426 7.0000000000
145221  15.507  -3.812  66.529 7.0000000000
145222  15.585  -3.220  66.631 7.0000000000
145223  16.093  -3.127  66.980 7.0000000000
145224  16.603  -3.032  67.328 6.0000000000
145225  17.114  -2.934  67.673 6.0000000000
145226  17.482  -4.100  67.840 7.0000000000
145227  17.558  -3.477  67.925 6.0000000000
145228  17.624  -2.834  68.012 6.0000000000
145229  18.134  -2.733  68.342 6.0000000000
145230  18.642  -2.630  68.660 6.0000000000
145231  19.147  -2.527  68.963 6.0000000000
145232  19.597  -3.104  69.193 6.0000000000
145233  20.041  -3.683  69.424 6.0000000000
145234  20.477  -4.262  69.657 6.0000000000
145235  19.895  -4.975  69.335 6.0000000000
145236  20.402  -4.908  69.623 6.0000000000
145237  20.904  -4.842  69.893 6.0000000000
145238  21.323  -5.418  70.134 6.0000000000
145239  21.733  -5.990  70.378 6.0000000000
145240  22.137  -6.557  70.626 6.0000000000
145241  19.463  -7.289  69.223 6.0000000000
145242  19.989  -7.260  69.549 6.0000000000
145243  20.511  -7.229  69.857 6.0000000000
145244  20.780  -8.252  70.196 6.0000000000
145245  20.909  -7.739  70.166 6.0000000000
145246  21.027  -7.198  70.145 6.0000000000
145247  21.536  -7.169  70.412 6.0000000000
145248  22.038  -7.141  70.656 6.0000000000
145249  22.533  -7.119  70.878 6.0000000000
145250  22.919  -7.677  71.130 6.0000000000
145251  23.293  -8.235  71.379 6.0000000000
145252  23.649  -8.797  71.620 6.0000000000
145253  23.043  -9.291  71.536 6.0000000000
145254  23.519  -9.325  71.706 7.0000000000
145255  23.982  -9.363  71.849 7.0000000000
145256  24.289  -9.936  72.060 7.0000000000
145257  24.570  -10.516  72.250 6.0000000000
145258  24.823  -11.101  72.419 6.0000000000
145259  24.635  -11.615  72.503 6.0000000000
145260  24.435  -12.119  72.571 6.0000000000
145261  24.225  -12.615  72.620 6.0000000000
145262  23.565  -11.951  72.346 6.0000000000
145263  23.796  -12.525  72.508 6.0000000000
145264  24.009  -13.101  72.645 6.0000000000
145265  23.787  -13.579  72.647 6.0000000000
145286  17.349  -11.139  68.476 6.0000000000
145287  17.685  -11.581  68.771 6.0000000000
145563  21.557  18.123  67.678 6.0000000000
145564  21.977  17.507  67.977 6.0000000000
145567  20.616  16.038  67.906 6.0000000000
145568  21.009  14.640  68.514 6.0000000000
145569  21.035  15.446  68.265 6.0000000000
145570  21.062  16.256  68.020 6.0000000000
145571  21.508  16.469  68.115 6.0000000000
145572  21.953  16.677  68.190 6.0000000000
145573  22.397  16.880  68.244 6.0000000000
145574  22.816  16.243  68.479 6.0000000000
145575  23.233  15.595  68.680 6.0000000000
145576  23.648  14.938  68.845 7.0000000000
145577  23.195  13.944  69.102 7.0000000000
145578  23.630  14.111  69.050 7.0000000000
145579  24.061  14.273  68.972 7.0000000000
145580  24.471  13.599  69.064 6.0000000000
145581  24.878  12.917  69.121 6.0000000000
151715  27.081  -1.233  70.809 6.0000000000
151769  25.853  -11.838  72.602 6.0000000000
151770  26.237  -11.911  72.572 6.0000000000
151771  26.608  -11.983  72.509 6.0000000000
151772  26.549  -13.160  72.693 6.0000000000
