#!ascii label  , from subject 40tvs8ref_sym_20 vox2ras=TkReg
366
394  -6.964  87.709  -4.099 7.0000000000
896  -5.684  86.783  1.374 6.0000000000
898  -4.820  91.553  -9.842 6.0000000000
1879  -9.340  83.245  1.544 6.0000000000
1881  -8.785  87.758  -9.712 6.0000000000
1882  -7.138  91.163  -15.532 6.0000000000
2816  -2.453  90.782  -1.469 6.0000000000
4128  -6.307  87.385  -1.301 7.0000000000
4129  -7.571  85.083  1.472 6.0000000000
4130  -8.141  85.586  -1.254 7.0000000000
4132  -8.850  85.870  -4.011 6.0000000000
4133  -9.706  85.965  -6.742 6.0000000000
4134  -7.775  87.813  -6.918 7.0000000000
4135  -3.830  93.362  -12.706 6.0000000000
4136  -5.849  91.443  -12.716 6.0000000000
4137  -4.981  93.148  -15.555 6.0000000000
6221  -3.682  88.437  1.239 6.0000000000
6222  -4.430  89.093  -1.380 6.0000000000
6223  -5.125  89.501  -4.134 6.0000000000
6224  -5.856  89.668  -6.983 7.0000000000
8261  -9.985  87.554  -12.437 6.0000000000
8262  -6.761  89.645  -9.844 7.0000000000
8263  -7.914  89.484  -12.659 7.0000000000
8264  -9.314  89.180  -15.373 6.0000000000
11808  -6.623  87.580  -2.691 7.0000000000
11809  -7.223  86.498  -1.278 7.0000000000
11810  -7.547  86.675  -2.668 7.0000000000
11811  -8.477  85.754  -2.634 7.0000000000
11812  -7.906  86.793  -4.063 7.0000000000
11813  -8.307  86.863  -5.454 6.0000000000
11814  -7.345  87.783  -5.510 7.0000000000
11816  -4.382  93.278  -14.139 6.0000000000
14206  -3.270  88.017  2.488 6.0000000000
14207  -2.652  89.271  1.174 6.0000000000
14209  -3.453  89.936  -1.428 6.0000000000
14210  -3.828  90.179  -2.778 6.0000000000
14211  -4.780  89.328  -2.740 6.0000000000
14212  -4.191  90.371  -4.155 6.0000000000
14213  -4.553  90.507  -5.558 6.0000000000
18143  -5.340  86.382  2.649 6.0000000000
18145  -6.334  85.566  2.724 6.0000000000
18146  -8.472  84.184  1.509 6.0000000000
18147  -8.222  83.878  2.856 6.0000000000
18160  -9.240  86.881  -8.216 6.0000000000
18161  -10.187  85.940  -8.097 6.0000000000
18162  -9.767  86.827  -9.586 6.0000000000
18163  -10.343  86.719  -10.943 6.0000000000
18164  -9.359  87.677  -11.088 6.0000000000
18165  -5.330  90.615  -8.414 7.0000000000
18166  -6.279  89.678  -8.415 7.0000000000
18167  -5.781  90.603  -9.849 7.0000000000
18168  -6.463  91.326  -14.134 6.0000000000
18169  -6.871  90.462  -12.701 7.0000000000
18170  -7.517  90.338  -14.100 7.0000000000
18171  -8.584  89.356  -14.028 7.0000000000
18172  -8.226  90.169  -15.475 6.0000000000
23500  -2.042  90.481  -0.157 6.0000000000
25862  -6.000  87.119  0.057 6.0000000000
25863  -6.641  85.945  1.429 6.0000000000
25864  -6.928  86.256  0.091 7.0000000000
25865  -7.842  85.363  0.117 6.0000000000
25866  -8.738  84.438  0.147 6.0000000000
25867  -9.605  83.482  0.183 6.0000000000
25868  -9.044  84.649  -1.219 6.0000000000
25872  -9.261  85.940  -5.380 6.0000000000
25873  -8.753  86.892  -6.838 6.0000000000
25874  -8.257  87.803  -8.320 7.0000000000
25875  -4.321  92.471  -11.274 6.0000000000
25876  -5.303  91.519  -11.281 6.0000000000
25877  -4.840  92.412  -12.715 6.0000000000
25878  -5.421  92.311  -14.143 6.0000000000
25879  -6.057  92.160  -15.552 6.0000000000
29874  -4.314  87.196  2.568 6.0000000000
29875  -4.696  87.610  1.309 6.0000000000
29876  -3.062  89.635  -0.110 6.0000000000
29877  -4.066  88.797  -0.053 6.0000000000
29878  -5.048  87.961  0.007 6.0000000000
29879  -5.381  88.246  -1.333 6.0000000000
29880  -5.708  88.464  -2.711 6.0000000000
29881  -6.042  88.614  -4.119 7.0000000000
29882  -6.401  88.703  -5.542 7.0000000000
29883  -5.479  89.612  -5.553 7.0000000000
29884  -4.927  90.585  -6.982 6.0000000000
29885  -4.387  91.545  -8.407 6.0000000000
35058  -7.296  84.737  2.794 6.0000000000
35081  -10.668  87.377  -13.761 6.0000000000
35082  -6.801  88.742  -6.967 7.0000000000
35083  -7.257  88.736  -8.389 7.0000000000
35084  -7.771  88.692  -9.803 7.0000000000
35085  -6.292  90.550  -11.281 7.0000000000
35086  -7.306  89.578  -11.262 7.0000000000
35087  -8.339  88.620  -11.200 7.0000000000
35088  -8.961  88.520  -12.570 7.0000000000
35089  -9.641  88.377  -13.911 6.0000000000
42528  -6.790  87.653  -3.394 7.0000000000
42529  -7.083  87.130  -2.681 7.0000000000
42530  -7.253  87.198  -3.382 7.0000000000
42531  -7.721  86.741  -3.366 7.0000000000
42532  -7.433  87.252  -4.083 7.0000000000
42533  -7.623  87.293  -4.785 7.0000000000
42534  -7.149  87.752  -4.805 7.0000000000
42536  -3.609  94.179  -14.851 6.0000000000
44926  -2.438  89.066  1.801 6.0000000000
44927  -2.133  89.693  1.146 6.0000000000
44931  -4.010  90.282  -3.463 6.0000000000
48863  -5.517  86.590  2.017 6.0000000000
48864  -5.841  85.974  2.687 6.0000000000
48865  -6.008  86.178  2.051 6.0000000000
48866  -8.910  83.719  1.527 6.0000000000
48867  -8.788  83.581  2.207 6.0000000000
48880  -9.011  87.323  -8.963 6.0000000000
48881  -9.498  86.860  -8.902 6.0000000000
48882  -9.281  87.294  -9.652 6.0000000000
48883  -9.562  87.255  -10.337 6.0000000000
48884  -9.066  87.722  -10.403 6.0000000000
48885  -5.073  91.085  -9.128 6.0000000000
48886  -5.549  90.614  -9.131 7.0000000000
48887  -5.300  91.080  -9.846 7.0000000000
48888  -6.793  91.251  -14.835 6.0000000000
48889  -6.988  90.832  -14.121 6.0000000000
48890  -7.327  90.754  -14.817 6.0000000000
48891  -7.865  90.259  -14.790 7.0000000000
48892  -7.681  90.665  -15.509 6.0000000000
58463  -6.153  87.260  -0.617 7.0000000000
58464  -6.466  86.690  0.076 7.0000000000
58465  -6.614  86.826  -0.602 7.0000000000
58466  -7.682  86.045  -1.267 7.0000000000
58467  -7.531  85.937  -0.579 7.0000000000
58468  -7.987  85.481  -0.567 6.0000000000
58469  -8.293  84.904  0.131 6.0000000000
58470  -8.439  85.018  -0.553 6.0000000000
58471  -8.885  84.549  -0.536 6.0000000000
58472  -8.595  85.121  -1.238 6.0000000000
58473  -8.659  85.818  -3.323 7.0000000000
58474  -8.937  85.287  -2.610 6.0000000000
58479  -9.051  85.911  -4.696 6.0000000000
58480  -8.039  87.342  -6.184 7.0000000000
58481  -8.525  86.883  -6.147 6.0000000000
58482  -8.266  87.352  -6.881 6.0000000000
58483  -8.504  87.351  -7.577 6.0000000000
58484  -8.010  87.813  -7.620 7.0000000000
58485  -4.075  92.919  -11.991 6.0000000000
58486  -4.573  92.447  -11.995 6.0000000000
58487  -4.337  92.889  -12.711 6.0000000000
58488  -4.676  93.219  -14.849 6.0000000000
58489  -4.902  92.797  -14.142 6.0000000000
58490  -5.204  92.733  -14.850 6.0000000000
58491  -5.733  92.242  -14.850 6.0000000000
58492  -5.519  92.656  -15.555 6.0000000000
65658  -3.480  88.234  1.869 6.0000000000
65659  -3.794  87.605  2.527 6.0000000000
65660  -3.997  87.821  1.907 6.0000000000
65661  -4.510  87.410  1.944 6.0000000000
65662  -4.191  88.023  1.274 6.0000000000
65663  -2.249  90.638  -0.809 6.0000000000
65664  -2.553  90.056  -0.135 6.0000000000
65665  -2.756  90.214  -0.788 6.0000000000
65666  -3.945  89.514  -1.405 6.0000000000
65667  -3.758  89.373  -0.739 6.0000000000
65668  -4.250  88.953  -0.712 6.0000000000
65669  -4.560  88.379  -0.022 6.0000000000
65670  -4.737  88.533  -0.685 6.0000000000
65671  -5.216  88.112  -0.659 6.0000000000
65672  -4.909  88.671  -1.355 6.0000000000
65673  -4.953  89.422  -3.433 6.0000000000
65674  -5.247  88.898  -2.724 6.0000000000
65675  -5.415  88.987  -3.421 6.0000000000
65676  -5.873  88.547  -3.412 7.0000000000
65677  -5.585  89.060  -4.126 6.0000000000
65678  -5.759  89.117  -4.836 7.0000000000
65679  -5.300  89.564  -4.841 6.0000000000
65681  -4.738  90.553  -6.268 6.0000000000
65682  -4.460  91.041  -6.980 6.0000000000
65683  -4.655  91.067  -7.694 6.0000000000
77476  -7.109  85.518  1.451 6.0000000000
77477  -6.968  85.345  2.111 6.0000000000
77478  -7.436  84.919  2.138 6.0000000000
77523  -10.445  85.906  -8.773 6.0000000000
77530  -10.162  87.138  -11.692 6.0000000000
77531  -10.651  86.643  -11.615 6.0000000000
77532  -10.483  87.060  -12.360 6.0000000000
77533  -10.819  86.968  -13.022 6.0000000000
77534  -10.319  87.473  -13.101 6.0000000000
77535  -6.126  89.189  -6.264 7.0000000000
77536  -6.595  88.729  -6.255 7.0000000000
77537  -6.325  89.206  -6.979 7.0000000000
77538  -6.512  89.666  -9.130 7.0000000000
77539  -6.764  89.207  -8.407 7.0000000000
77540  -7.006  89.192  -9.119 7.0000000000
77541  -7.507  88.718  -9.097 7.0000000000
77542  -7.263  89.167  -9.829 7.0000000000
77543  -5.567  91.486  -12.000 6.0000000000
77544  -5.795  91.036  -11.282 7.0000000000
77545  -6.067  90.999  -11.999 7.0000000000
77546  -7.390  89.971  -12.685 7.0000000000
77547  -7.084  90.021  -11.983 7.0000000000
77548  -7.602  89.534  -11.963 7.0000000000
77549  -7.822  89.096  -11.237 7.0000000000
77550  -8.123  89.052  -11.932 7.0000000000
77551  -8.643  88.574  -11.889 7.0000000000
77552  -8.439  89.000  -12.620 7.0000000000
77553  -8.942  89.275  -14.703 6.0000000000
77554  -9.115  88.868  -13.974 6.0000000000
77555  -9.476  88.782  -14.643 6.0000000000
77556  -10.003  88.285  -14.574 6.0000000000
77557  -9.850  88.682  -15.307 6.0000000000
94982  -6.463  87.491  -1.993 7.0000000000
94983  -6.765  86.945  -1.289 7.0000000000
94984  -6.921  87.046  -1.982 7.0000000000
94985  -7.381  86.595  -1.971 7.0000000000
94986  -7.843  86.138  -1.959 7.0000000000
94987  -8.304  85.677  -1.944 7.0000000000
94988  -8.013  86.216  -2.652 7.0000000000
94989  -8.191  86.281  -3.346 7.0000000000
94990  -8.379  86.333  -4.039 7.0000000000
94991  -8.578  86.373  -4.730 6.0000000000
94992  -8.100  86.833  -4.759 7.0000000000
94993  -7.825  87.323  -5.485 7.0000000000
94994  -7.553  87.804  -6.215 7.0000000000
94995  -3.584  93.798  -13.421 6.0000000000
94996  -4.100  93.325  -13.424 6.0000000000
94997  -3.860  93.755  -14.137 6.0000000000
94998  -4.146  93.701  -14.849 6.0000000000
94999  -4.441  93.635  -15.557 6.0000000000
99300  -2.960  88.648  1.834 6.0000000000
99301  -3.168  88.853  1.206 6.0000000000
99303  -2.955  90.358  -1.450 6.0000000000
99304  -3.151  90.487  -2.119 6.0000000000
99305  -3.642  90.064  -2.099 6.0000000000
99306  -4.128  89.641  -2.078 6.0000000000
99307  -4.606  89.218  -2.056 6.0000000000
99308  -4.307  89.754  -2.759 6.0000000000
99309  -4.484  89.853  -3.447 6.0000000000
99310  -4.661  89.937  -4.143 6.0000000000
99311  -4.838  90.006  -4.846 6.0000000000
106385  -5.151  86.160  3.268 6.0000000000
106387  -5.663  85.756  3.312 6.0000000000
106388  -6.166  85.353  3.355 6.0000000000
106389  -6.661  84.947  3.397 6.0000000000
106390  -8.025  84.639  1.491 6.0000000000
106391  -7.896  84.484  2.163 6.0000000000
106392  -8.347  84.039  2.186 6.0000000000
106416  -9.472  86.430  -7.475 6.0000000000
106417  -9.942  85.959  -7.420 6.0000000000
106418  -9.718  86.416  -8.157 6.0000000000
106419  -9.975  86.390  -8.838 6.0000000000
106420  -10.245  86.350  -9.517 6.0000000000
106421  -10.527  86.293  -10.194 6.0000000000
106422  -10.048  86.780  -10.267 6.0000000000
106423  -9.855  87.203  -11.018 6.0000000000
106424  -9.665  87.622  -11.766 6.0000000000
106425  -5.591  90.143  -7.700 7.0000000000
106426  -6.061  89.678  -7.699 7.0000000000
106427  -5.802  90.147  -8.417 7.0000000000
106428  -6.027  90.141  -9.133 7.0000000000
106429  -6.267  90.125  -9.849 7.0000000000
106430  -6.148  91.390  -13.428 6.0000000000
106431  -6.357  90.953  -12.711 7.0000000000
106432  -6.665  90.897  -13.419 7.0000000000
106433  -7.186  90.405  -13.404 7.0000000000
106434  -7.712  89.914  -13.381 7.0000000000
106435  -8.241  89.425  -13.347 7.0000000000
106436  -8.050  89.846  -14.070 7.0000000000
106437  -8.404  89.766  -14.753 7.0000000000
106438  -8.772  89.675  -15.430 6.0000000000
116272  -1.829  90.307  0.487 6.0000000000
121784  -5.845  86.959  0.721 6.0000000000
121785  -6.166  86.366  1.403 6.0000000000
121786  -6.318  86.537  0.745 6.0000000000
121787  -6.785  86.109  0.765 7.0000000000
121788  -7.247  85.674  0.782 6.0000000000
121789  -7.073  86.385  -0.590 7.0000000000
121790  -7.386  85.813  0.104 7.0000000000
121791  -7.704  85.231  0.797 6.0000000000
121792  -8.156  84.778  0.813 6.0000000000
121793  -8.601  84.317  0.829 6.0000000000
121794  -9.038  83.847  0.846 6.0000000000
121795  -9.468  83.368  0.863 6.0000000000
121796  -9.176  83.964  0.164 6.0000000000
121797  -9.324  84.073  -0.516 6.0000000000
121799  -8.762  85.210  -1.924 6.0000000000
121800  -9.212  84.738  -1.901 6.0000000000
121808  -9.480  85.959  -6.061 6.0000000000
121809  -8.787  86.403  -5.419 6.0000000000
121810  -9.006  86.423  -6.106 6.0000000000
121811  -9.234  86.432  -6.791 6.0000000000
121812  -8.992  86.892  -7.528 6.0000000000
121813  -8.752  87.342  -8.271 6.0000000000
121814  -8.515  87.785  -9.017 7.0000000000
121815  -4.569  92.015  -10.558 6.0000000000
121816  -5.054  91.541  -10.561 6.0000000000
121817  -4.812  91.997  -11.278 6.0000000000
121818  -5.070  91.969  -11.999 6.0000000000
121819  -5.344  91.930  -12.717 6.0000000000
121820  -4.612  92.849  -13.428 6.0000000000
121821  -5.123  92.367  -13.432 6.0000000000
121822  -5.634  91.881  -13.432 6.0000000000
121823  -5.941  91.820  -14.141 6.0000000000
121824  -6.262  91.747  -14.845 6.0000000000
121825  -6.597  91.662  -15.545 6.0000000000
131555  -4.830  86.789  2.608 6.0000000000
131556  -5.017  87.000  1.981 6.0000000000
131557  -5.194  87.197  1.343 6.0000000000
131558  -2.346  89.882  0.510 6.0000000000
131559  -2.859  89.461  0.537 6.0000000000
131560  -3.370  89.042  0.567 6.0000000000
131561  -3.259  89.793  -0.765 6.0000000000
131562  -3.566  89.216  -0.082 6.0000000000
131563  -3.877  88.625  0.598 6.0000000000
131564  -4.379  88.209  0.631 6.0000000000
131565  -4.875  87.794  0.663 6.0000000000
131566  -5.364  87.377  0.693 6.0000000000
131567  -5.528  87.541  0.034 6.0000000000
131568  -5.688  87.688  -0.636 6.0000000000
131569  -5.846  87.818  -1.315 6.0000000000
131570  -5.079  88.793  -2.035 6.0000000000
131571  -5.544  88.364  -2.018 6.0000000000
131572  -6.005  87.930  -2.004 7.0000000000
131573  -6.165  88.025  -2.701 7.0000000000
131574  -6.330  88.103  -3.404 7.0000000000
131575  -6.501  88.164  -4.111 7.0000000000
131576  -6.680  88.211  -4.820 7.0000000000
131577  -6.218  88.666  -4.830 7.0000000000
131578  -5.939  89.159  -5.549 7.0000000000
131579  -5.663  89.646  -6.268 7.0000000000
131580  -5.018  90.061  -5.555 6.0000000000
131581  -5.201  90.101  -6.268 6.0000000000
131582  -5.391  90.127  -6.984 7.0000000000
131583  -5.123  90.606  -7.698 7.0000000000
131584  -4.859  91.081  -8.410 6.0000000000
131585  -4.598  91.554  -9.124 6.0000000000
131593  -4.120  92.019  -9.120 6.0000000000
131594  -4.339  92.022  -9.838 6.0000000000
131595  -4.082  92.484  -10.554 6.0000000000
131596  -3.826  92.939  -11.270 6.0000000000
146190  -6.492  85.764  2.082 6.0000000000
146191  -6.820  85.154  2.760 6.0000000000
146192  -7.148  84.538  3.438 6.0000000000
146193  -7.764  84.313  2.826 6.0000000000
146256  -10.823  86.220  -10.868 6.0000000000
146262  -6.870  88.244  -5.530 7.0000000000
146263  -7.071  88.266  -6.239 7.0000000000
146264  -7.285  88.277  -6.947 7.0000000000
146265  -6.537  89.212  -7.693 7.0000000000
146266  -7.022  88.744  -7.678 7.0000000000
146267  -7.514  88.277  -7.654 7.0000000000
146268  -7.757  88.268  -8.360 7.0000000000
146269  -8.012  88.249  -9.063 7.0000000000
146270  -8.280  88.223  -9.764 7.0000000000
146271  -5.540  91.063  -10.564 7.0000000000
146272  -6.028  90.581  -10.566 7.0000000000
146273  -6.523  90.098  -10.563 7.0000000000
146274  -6.573  90.510  -11.993 7.0000000000
146275  -6.795  90.063  -11.275 7.0000000000
146276  -7.026  89.615  -10.555 7.0000000000
146277  -7.535  89.135  -10.536 7.0000000000
146278  -8.049  88.659  -10.504 7.0000000000
146279  -8.561  88.189  -10.459 7.0000000000
146280  -8.853  88.148  -11.149 7.0000000000
146281  -9.158  88.098  -11.832 6.0000000000
146282  -9.477  88.039  -12.508 6.0000000000
146283  -8.770  88.940  -13.301 7.0000000000
146284  -9.294  88.455  -13.243 6.0000000000
146285  -9.811  87.967  -13.176 6.0000000000
146286  -10.159  87.881  -13.839 6.0000000000
146287  -10.521  87.780  -14.499 6.0000000000
