#!ascii label  , from subject 40tvs8ref_sym_20 vox2ras=TkReg
725
159  3.047  -24.859  -41.805 7.0000000000
632  -3.356  -30.859  -44.138 7.0000000000
1437  6.254  -21.833  -41.120 7.0000000000
1441  1.112  -20.150  -46.192 7.0000000000
1800  8.727  -25.883  -37.917 6.0000000000
1801  5.141  -29.614  -38.303 7.0000000000
2528  5.366  -38.883  -35.668 7.0000000000
2529  2.602  -33.459  -38.749 7.0000000000
2532  -0.043  -28.200  -42.854 7.0000000000
2533  -2.622  -22.609  -47.270 7.0000000000
3357  4.519  -23.323  -41.447 7.0000000000
3358  5.272  -19.773  -42.999 6.0000000000
3359  3.626  -21.073  -43.426 7.0000000000
3360  2.787  -18.827  -45.604 7.0000000000
3361  2.109  -22.498  -43.931 7.0000000000
3959  8.314  -29.934  -36.731 6.0000000000
3960  6.814  -27.732  -38.133 7.0000000000
3961  6.530  -31.979  -36.884 7.0000000000
5675  5.887  -43.947  -34.472 6.0000000000
5676  4.180  -41.081  -35.869 7.0000000000
5677  3.921  -36.141  -37.081 7.0000000000
5678  2.601  -38.188  -37.398 7.0000000000
5684  -1.901  -34.003  -41.915 7.0000000000
5685  -0.373  -32.520  -41.215 7.0000000000
5686  -1.791  -29.654  -43.402 7.0000000000
5687  -1.345  -25.504  -45.078 7.0000000000
5688  -3.154  -26.642  -45.597 7.0000000000
7193  8.106  -20.385  -40.820 6.0000000000
7194  8.759  -17.440  -42.258 6.0000000000
7195  7.063  -18.498  -42.618 6.0000000000
7200  1.864  -16.567  -47.891 6.0000000000
7201  0.001  -17.658  -48.433 7.0000000000
8039  7.394  -23.861  -39.433 7.0000000000
8040  5.562  -25.536  -39.689 7.0000000000
8041  4.009  -27.245  -39.928 7.0000000000
10141  5.089  -34.072  -36.933 7.0000000000
10142  3.832  -31.520  -38.429 7.0000000000
10143  2.734  -29.000  -40.209 7.0000000000
10150  1.084  -35.339  -39.185 7.0000000000
10151  1.282  -30.830  -40.709 7.0000000000
10152  1.620  -26.510  -42.265 7.0000000000
10153  0.469  -24.035  -44.481 7.0000000000
10154  -0.686  -21.466  -46.729 7.0000000000
10155  -1.909  -18.644  -48.904 7.0000000000
11037  3.751  -24.079  -41.619 7.0000000000
11038  4.059  -22.201  -42.410 7.0000000000
11039  3.305  -22.918  -42.615 7.0000000000
11040  2.869  -21.761  -43.669 7.0000000000
11041  2.582  -23.672  -42.842 7.0000000000
11640  7.384  -30.950  -36.821 7.0000000000
13355  4.421  -43.590  -35.273 6.0000000000
13357  3.383  -39.631  -36.608 7.0000000000
13358  2.716  -40.616  -36.762 6.0000000000
13362  -3.342  -33.056  -43.503 6.0000000000
13364  -2.639  -32.449  -43.035 7.0000000000
13365  -1.889  -31.799  -42.622 7.0000000000
13366  -2.602  -30.275  -43.739 7.0000000000
13367  -2.482  -28.167  -44.513 7.0000000000
13368  -3.294  -28.717  -44.832 7.0000000000
15827  7.181  -21.095  -40.967 6.0000000000
15828  7.569  -19.445  -41.695 6.0000000000
15829  6.654  -20.116  -41.860 6.0000000000
15831  5.701  -18.131  -43.789 6.0000000000
15837  1.971  -19.471  -45.904 7.0000000000
15838  2.347  -17.705  -46.741 6.0000000000
15839  1.484  -18.317  -47.047 7.0000000000
15840  0.946  -17.123  -48.185 7.0000000000
15841  0.581  -18.939  -47.321 7.0000000000
17634  8.997  -24.001  -38.549 6.0000000000
17635  8.349  -23.033  -39.313 6.0000000000
17636  8.036  -24.871  -38.655 7.0000000000
17637  5.935  -28.666  -38.228 7.0000000000
17638  6.159  -26.634  -38.888 7.0000000000
17639  5.309  -27.527  -38.994 7.0000000000
17640  4.741  -26.385  -39.811 7.0000000000
17641  4.547  -28.431  -39.087 7.0000000000
22782  5.598  -41.393  -35.072 6.0000000000
22787  5.823  -35.356  -36.260 7.0000000000
22788  5.192  -36.440  -36.283 7.0000000000
22789  3.256  -34.789  -37.876 7.0000000000
22790  3.852  -33.783  -37.726 7.0000000000
22791  3.248  -32.479  -38.552 7.0000000000
22792  3.275  -30.258  -39.281 7.0000000000
22793  2.656  -31.190  -39.458 7.0000000000
22812  -0.242  -30.344  -42.031 7.0000000000
22813  0.451  -31.707  -40.966 7.0000000000
22814  0.617  -29.515  -41.766 7.0000000000
22815  1.441  -28.635  -41.476 7.0000000000
22816  0.819  -27.363  -42.554 7.0000000000
22817  1.045  -25.276  -43.361 7.0000000000
22818  0.200  -26.089  -43.661 7.0000000000
22819  -1.988  -24.086  -46.185 7.0000000000
22820  -1.028  -23.464  -45.905 7.0000000000
22821  -1.643  -22.070  -47.015 7.0000000000
22822  -1.285  -20.085  -47.836 7.0000000000
22823  -2.265  -20.605  -48.100 7.0000000000
23005  8.291  -16.538  -43.189 6.0000000000
23006  9.017  -16.183  -42.999 6.0000000000
24473  5.358  -22.577  -41.281 7.0000000000
24474  5.745  -20.808  -42.034 6.0000000000
24475  4.874  -21.503  -42.218 7.0000000000
24476  4.423  -20.418  -43.205 7.0000000000
24477  3.997  -19.328  -44.240 6.0000000000
24478  3.585  -18.234  -45.319 6.0000000000
24479  3.207  -19.948  -44.494 7.0000000000
24480  2.429  -20.615  -44.771 7.0000000000
24481  1.619  -21.328  -45.056 7.0000000000
25557  8.491  -27.864  -37.315 7.0000000000
25558  7.756  -26.808  -38.025 7.0000000000
25559  7.531  -28.832  -37.418 7.0000000000
25560  6.624  -29.805  -37.508 7.0000000000
25561  5.800  -30.794  -37.572 7.0000000000
28644  5.755  -47.595  -34.042 6.0000000000
28645  6.262  -46.514  -33.893 6.0000000000
28646  5.320  -45.061  -34.568 6.0000000000
28647  5.007  -42.523  -35.159 6.0000000000
28648  4.785  -39.996  -35.760 7.0000000000
28649  4.616  -37.513  -36.354 7.0000000000
28650  4.027  -38.586  -36.473 7.0000000000
28651  3.294  -37.182  -37.235 7.0000000000
28652  2.574  -35.797  -38.067 7.0000000000
28663  -0.419  -34.742  -40.454 7.0000000000
28664  -1.160  -33.285  -41.519 7.0000000000
28665  -1.087  -31.102  -42.294 7.0000000000
28666  -0.929  -28.970  -43.125 7.0000000000
28667  -0.696  -26.871  -43.962 7.0000000000
28668  -1.607  -27.565  -44.235 7.0000000000
28669  -2.275  -26.115  -45.341 7.0000000000
28670  -2.929  -24.617  -46.423 7.0000000000
32057  -4.044  -29.230  -45.195 6.0000000000
32141  8.984  -19.754  -40.668 7.0000000000
32142  9.254  -18.337  -41.365 6.0000000000
32143  8.452  -18.840  -41.529 6.0000000000
32144  7.946  -17.921  -42.437 6.0000000000
32145  7.469  -16.996  -43.387 6.0000000000
32146  6.161  -19.129  -42.801 6.0000000000
32147  6.591  -17.542  -43.585 6.0000000000
32160  0.348  -15.856  -49.294 7.0000000000
32161  -0.624  -16.315  -49.505 7.0000000000
34433  8.674  -21.319  -39.988 6.0000000000
34434  7.744  -22.066  -40.119 7.0000000000
34435  6.801  -22.850  -40.254 7.0000000000
34436  7.078  -25.752  -38.773 7.0000000000
34437  6.454  -24.697  -39.562 7.0000000000
34438  5.883  -23.640  -40.398 7.0000000000
34439  5.018  -24.435  -40.541 7.0000000000
34440  4.225  -25.237  -40.684 7.0000000000
34441  3.516  -26.052  -40.833 7.0000000000
40657  6.537  -34.258  -36.250 6.0000000000
40658  5.765  -33.025  -36.915 7.0000000000
40659  5.069  -31.794  -37.612 7.0000000000
40660  4.493  -35.107  -36.976 7.0000000000
40661  4.430  -32.791  -37.649 7.0000000000
40662  4.444  -30.568  -38.362 7.0000000000
40663  3.879  -29.343  -39.173 7.0000000000
40664  3.358  -28.115  -40.050 7.0000000000
40665  2.858  -26.889  -40.999 7.0000000000
40685  1.834  -36.757  -38.256 7.0000000000
40686  1.861  -34.429  -38.971 7.0000000000
40687  0.349  -33.928  -40.176 7.0000000000
40688  1.153  -33.067  -39.942 7.0000000000
40689  1.945  -32.142  -39.698 7.0000000000
40690  2.056  -29.910  -40.437 7.0000000000
40691  2.185  -27.751  -41.209 7.0000000000
40692  2.355  -25.671  -42.017 7.0000000000
40693  1.837  -24.465  -43.090 7.0000000000
40694  1.308  -23.264  -44.201 7.0000000000
40695  0.770  -22.055  -45.329 7.0000000000
40696  -0.416  -24.797  -44.784 7.0000000000
40697  -0.106  -22.774  -45.608 7.0000000000
40698  0.226  -20.822  -46.456 7.0000000000
40699  -0.340  -19.531  -47.572 7.0000000000
40700  -0.946  -18.159  -48.665 7.0000000000
40701  -1.577  -16.774  -49.703 6.0000000000
40702  -3.963  -27.118  -45.882 6.0000000000
40703  -3.806  -25.066  -46.645 6.0000000000
40704  -3.564  -23.055  -47.473 6.0000000000
40918  9.472  -17.066  -42.086 6.0000000000
41757  3.394  -24.465  -41.710 7.0000000000
41758  3.526  -23.498  -42.109 7.0000000000
41759  3.167  -23.877  -42.210 7.0000000000
41760  2.943  -23.289  -42.725 7.0000000000
41761  2.815  -24.264  -42.316 7.0000000000
44077  3.133  -41.361  -36.376 6.0000000000
44082  -3.358  -31.953  -43.814 6.0000000000
44083  -2.996  -32.758  -43.264 7.0000000000
44084  -3.001  -31.659  -43.591 7.0000000000
44085  -2.631  -31.355  -43.379 7.0000000000
44086  -2.986  -30.571  -43.932 7.0000000000
44087  -2.951  -29.500  -44.290 7.0000000000
44088  -3.335  -29.780  -44.476 7.0000000000
46547  6.716  -21.463  -41.042 6.0000000000
46548  6.913  -20.607  -41.408 6.0000000000
46549  6.452  -20.963  -41.488 6.0000000000
46557  1.547  -19.809  -46.051 7.0000000000
46558  1.732  -18.897  -46.475 7.0000000000
46559  1.296  -19.224  -46.621 7.0000000000
46560  1.035  -18.630  -47.189 7.0000000000
46561  0.851  -19.551  -46.758 7.0000000000
48354  8.859  -24.927  -38.230 6.0000000000
48355  8.519  -24.433  -38.601 6.0000000000
48356  8.375  -25.377  -38.282 7.0000000000
48357  5.526  -29.138  -38.268 7.0000000000
48358  5.614  -28.096  -38.605 7.0000000000
48359  5.213  -28.558  -38.649 7.0000000000
48360  4.916  -27.978  -39.042 7.0000000000
48361  4.836  -29.023  -38.688 7.0000000000
53502  5.476  -40.130  -35.369 7.0000000000
53503  5.896  -40.815  -35.031 6.0000000000
53504  5.770  -39.561  -35.331 6.0000000000
53506  5.661  -38.324  -35.636 7.0000000000
53507  5.569  -37.104  -35.948 7.0000000000
53508  5.271  -37.653  -35.972 7.0000000000
53509  2.928  -34.121  -38.303 7.0000000000
53510  3.248  -33.622  -38.208 7.0000000000
53511  2.937  -32.967  -38.643 7.0000000000
53512  2.952  -31.833  -38.995 7.0000000000
53513  2.626  -32.315  -39.099 7.0000000000
53532  -0.150  -29.268  -42.444 7.0000000000
53533  0.188  -29.938  -41.902 7.0000000000
53534  0.286  -28.858  -42.306 7.0000000000
53535  0.715  -28.432  -42.160 7.0000000000
53536  0.394  -27.786  -42.706 7.0000000000
53537  0.508  -26.727  -43.105 7.0000000000
53538  0.075  -27.139  -43.258 7.0000000000
53539  -2.306  -23.356  -46.731 7.0000000000
53540  -1.820  -23.076  -46.602 7.0000000000
53541  -2.134  -22.350  -47.149 7.0000000000
53542  -1.953  -21.347  -47.562 7.0000000000
53543  -2.447  -21.605  -47.689 7.0000000000
53725  8.067  -16.084  -43.666 6.0000000000
53726  8.446  -15.899  -43.564 6.0000000000
56147  4.930  -22.950  -41.364 7.0000000000
56148  5.111  -22.041  -41.743 7.0000000000
56149  4.690  -22.402  -41.831 7.0000000000
56150  3.840  -21.637  -42.911 7.0000000000
56151  4.235  -21.298  -42.807 7.0000000000
56152  4.018  -20.743  -43.313 7.0000000000
56153  4.207  -19.873  -43.717 7.0000000000
56154  3.806  -20.188  -43.833 7.0000000000
56155  3.598  -19.633  -44.364 7.0000000000
56156  3.416  -20.510  -43.954 7.0000000000
56157  2.493  -22.124  -43.798 7.0000000000
56158  2.650  -21.187  -44.214 7.0000000000
56159  2.263  -21.545  -44.352 7.0000000000
56160  2.030  -20.967  -44.914 7.0000000000
56161  1.866  -21.913  -44.490 7.0000000000
57952  8.796  -29.427  -36.682 6.0000000000
57953  8.880  -28.392  -36.970 6.0000000000
57954  8.394  -28.888  -37.022 7.0000000000
57955  8.006  -28.348  -37.368 7.0000000000
57956  7.914  -29.383  -37.072 7.0000000000
57957  6.946  -31.463  -36.856 7.0000000000
57958  6.995  -30.377  -37.161 7.0000000000
57959  6.564  -30.879  -37.196 7.0000000000
57960  6.200  -30.298  -37.544 7.0000000000
57961  6.155  -31.386  -37.224 7.0000000000
63099  5.267  -46.849  -34.384 6.0000000000
63100  5.522  -46.329  -34.294 6.0000000000
63101  5.050  -45.589  -34.640 6.0000000000
63102  4.286  -42.335  -35.567 6.0000000000
63103  4.713  -43.066  -35.211 6.0000000000
63104  4.588  -41.804  -35.511 7.0000000000
63105  4.887  -41.256  -35.461 7.0000000000
63106  4.486  -40.545  -35.813 7.0000000000
63107  4.401  -39.292  -36.112 7.0000000000
63108  4.095  -39.830  -36.171 7.0000000000
63109  2.991  -38.908  -36.995 7.0000000000
63110  3.331  -38.402  -36.920 7.0000000000
63111  2.953  -37.692  -37.317 7.0000000000
63112  2.933  -36.487  -37.642 7.0000000000
63113  2.579  -36.987  -37.730 7.0000000000
63125  -2.255  -34.343  -42.145 6.0000000000
63129  -1.525  -34.766  -41.362 6.0000000000
63130  -1.163  -34.397  -41.160 7.0000000000
63131  -1.536  -33.650  -41.706 7.0000000000
63132  -1.851  -30.718  -43.003 7.0000000000
63133  -1.494  -31.457  -42.447 7.0000000000
63134  -1.441  -30.382  -42.846 7.0000000000
63135  -1.018  -30.030  -42.706 7.0000000000
63136  -1.365  -29.322  -43.259 7.0000000000
63137  -1.269  -28.273  -43.679 7.0000000000
63138  -1.710  -28.604  -43.815 7.0000000000
63139  -2.820  -27.410  -45.059 7.0000000000
63140  -2.389  -27.136  -44.922 7.0000000000
63141  -2.723  -26.386  -45.467 7.0000000000
63142  -2.604  -25.372  -45.886 7.0000000000
63143  -3.052  -25.625  -46.004 7.0000000000
70517  8.554  -20.057  -40.744 7.0000000000
70518  8.715  -19.298  -41.093 6.0000000000
70519  8.282  -19.595  -41.173 6.0000000000
70520  7.312  -18.973  -42.151 6.0000000000
70521  7.760  -18.666  -42.064 6.0000000000
70522  7.510  -18.200  -42.527 6.0000000000
70523  7.704  -17.460  -42.907 6.0000000000
70524  7.268  -17.731  -43.002 6.0000000000
70525  5.505  -20.292  -42.511 6.0000000000
70526  5.951  -19.957  -42.416 6.0000000000
70527  5.714  -19.451  -42.898 6.0000000000
70528  5.924  -17.342  -44.189 6.0000000000
70529  6.146  -17.834  -43.685 6.0000000000
70530  6.367  -17.060  -44.083 6.0000000000
70531  6.808  -16.788  -43.979 6.0000000000
70547  3.185  -18.525  -45.458 6.0000000000
70548  3.381  -17.686  -45.872 6.0000000000
70549  2.976  -17.970  -46.018 6.0000000000
70550  2.112  -17.139  -47.315 6.0000000000
70551  2.539  -16.857  -47.157 6.0000000000
70556  1.601  -15.983  -48.467 6.0000000000
70557  0.474  -17.395  -48.314 7.0000000000
70558  0.653  -16.499  -48.745 7.0000000000
70559  0.172  -16.747  -48.865 7.0000000000
70560  -0.140  -16.086  -49.403 7.0000000000
70561  -0.309  -16.989  -48.977 7.0000000000
75940  9.119  -20.978  -39.920 6.0000000000
75941  8.971  -21.786  -39.588 6.0000000000
75942  7.872  -23.445  -39.372 7.0000000000
75943  8.041  -22.549  -39.711 7.0000000000
75944  7.566  -22.951  -39.773 7.0000000000
75945  7.272  -22.457  -40.185 7.0000000000
75946  7.092  -23.356  -39.838 7.0000000000
75947  7.279  -27.269  -38.080 7.0000000000
75948  7.410  -26.280  -38.394 7.0000000000
75949  6.938  -26.730  -38.451 7.0000000000
75950  5.854  -26.085  -39.283 7.0000000000
75951  6.299  -25.654  -39.223 7.0000000000
75952  6.001  -25.116  -39.626 7.0000000000
75953  6.162  -24.169  -39.974 7.0000000000
75954  5.715  -24.577  -40.042 7.0000000000
75955  5.442  -24.037  -40.469 7.0000000000
75956  5.284  -24.986  -40.109 7.0000000000
75957  4.363  -26.814  -39.870 7.0000000000
75958  4.477  -25.812  -40.240 7.0000000000
75959  4.107  -26.229  -40.306 7.0000000000
75960  3.861  -25.642  -40.757 7.0000000000
75961  3.758  -26.649  -40.372 7.0000000000
91382  6.061  -45.231  -34.176 6.0000000000
91383  6.538  -45.942  -33.848 6.0000000000
91384  6.351  -44.651  -34.138 6.0000000000
91399  5.446  -34.714  -36.593 7.0000000000
91400  5.783  -34.179  -36.587 7.0000000000
91401  5.416  -33.549  -36.923 7.0000000000
91402  5.407  -32.409  -37.258 7.0000000000
91403  5.068  -32.921  -37.270 7.0000000000
91404  4.263  -36.826  -36.710 7.0000000000
91405  4.548  -36.299  -36.659 7.0000000000
91406  4.209  -35.622  -37.020 7.0000000000
91407  3.835  -32.640  -38.071 7.0000000000
91408  4.137  -33.287  -37.679 7.0000000000
91409  4.124  -32.154  -38.030 7.0000000000
91410  4.426  -31.668  -38.002 7.0000000000
91411  4.129  -31.044  -38.392 7.0000000000
91412  4.155  -29.955  -38.760 7.0000000000
91413  3.846  -30.422  -38.798 7.0000000000
91414  3.004  -29.628  -39.736 7.0000000000
91415  3.308  -29.177  -39.662 7.0000000000
91416  3.048  -28.555  -40.122 7.0000000000
91417  3.107  -27.501  -40.515 7.0000000000
91418  2.788  -27.935  -40.601 7.0000000000
91467  1.081  -36.490  -38.821 6.0000000000
91468  1.464  -37.212  -38.357 6.0000000000
91469  1.457  -36.047  -38.712 7.0000000000
91470  1.839  -35.588  -38.611 7.0000000000
91471  1.473  -34.892  -39.078 7.0000000000
91472  -0.407  -33.624  -40.826 7.0000000000
91473  -0.040  -34.339  -40.306 7.0000000000
91474  -0.013  -33.224  -40.690 7.0000000000
91475  0.869  -31.276  -40.841 7.0000000000
91476  0.801  -32.387  -40.448 7.0000000000
91477  1.212  -31.944  -40.326 7.0000000000
91478  1.555  -32.612  -39.823 7.0000000000
91479  1.615  -31.486  -40.196 7.0000000000
91480  1.998  -31.018  -40.065 7.0000000000
91481  1.680  -30.372  -40.572 7.0000000000
91482  1.527  -27.563  -41.866 7.0000000000
91483  1.824  -28.191  -41.336 7.0000000000
91484  1.904  -27.129  -41.731 7.0000000000
91485  2.263  -26.701  -41.609 7.0000000000
91486  1.995  -26.088  -42.136 7.0000000000
91487  2.098  -25.066  -42.547 7.0000000000
91488  1.722  -25.477  -42.674 7.0000000000
91489  0.757  -24.657  -43.919 7.0000000000
91490  1.170  -24.260  -43.777 7.0000000000
91491  0.893  -23.650  -44.338 7.0000000000
91492  1.039  -22.662  -44.764 7.0000000000
91493  0.615  -23.036  -44.902 7.0000000000
91494  -1.021  -26.194  -44.520 7.0000000000
91495  -0.561  -25.830  -44.374 7.0000000000
91496  -0.877  -25.161  -44.934 7.0000000000
91497  -0.859  -22.458  -46.315 7.0000000000
91498  -0.561  -23.124  -45.755 7.0000000000
91499  -0.395  -22.128  -46.169 7.0000000000
91500  0.057  -21.789  -46.029 7.0000000000
91501  -0.225  -21.148  -46.589 7.0000000000
91502  -0.052  -20.186  -47.016 7.0000000000
91503  -0.512  -20.490  -47.148 7.0000000000
91504  -1.594  -19.368  -48.378 7.0000000000
91505  -1.112  -19.113  -48.249 7.0000000000
91506  -1.424  -18.403  -48.784 7.0000000000
91507  -1.261  -17.461  -49.193 7.0000000000
91508  -1.741  -17.695  -49.303 7.0000000000
91510  -4.012  -28.166  -45.529 6.0000000000
91515  -3.696  -24.058  -47.053 6.0000000000
92050  9.004  -17.889  -41.806 6.0000000000
92051  9.369  -17.684  -41.724 6.0000000000
92052  9.129  -17.239  -42.171 6.0000000000
93593  4.126  -23.699  -41.532 7.0000000000
93594  4.285  -22.763  -41.921 7.0000000000
93595  3.897  -23.128  -42.014 7.0000000000
93596  3.675  -22.555  -42.510 7.0000000000
93597  3.458  -21.983  -43.020 7.0000000000
93598  3.244  -21.411  -43.544 7.0000000000
93599  3.086  -22.338  -43.135 7.0000000000
93600  2.719  -22.705  -43.255 7.0000000000
93601  2.347  -23.083  -43.381 7.0000000000
94677  8.253  -31.003  -36.441 6.0000000000
94678  7.841  -30.442  -36.778 7.0000000000
94679  7.791  -31.523  -36.484 6.0000000000
94680  7.347  -32.046  -36.521 7.0000000000
94681  6.923  -32.573  -36.549 7.0000000000
97765  4.587  -44.846  -34.993 6.0000000000
97767  3.985  -42.849  -35.634 6.0000000000
97768  3.868  -41.602  -35.930 7.0000000000
97769  3.779  -40.356  -36.233 7.0000000000
97770  3.457  -40.867  -36.300 7.0000000000
97771  3.049  -40.132  -36.680 6.0000000000
97772  2.646  -39.398  -37.074 6.0000000000
97781  -2.628  -33.555  -42.706 6.0000000000
97782  -2.273  -33.231  -42.474 7.0000000000
97783  -1.905  -32.895  -42.260 7.0000000000
97784  -2.271  -32.129  -42.819 7.0000000000
97785  -2.248  -31.041  -43.181 7.0000000000
97786  -2.204  -29.970  -43.562 7.0000000000
97787  -2.139  -28.915  -43.959 7.0000000000
97788  -2.553  -29.213  -44.118 7.0000000000
97789  -2.896  -28.447  -44.666 7.0000000000
97790  -3.234  -27.671  -45.205 7.0000000000
102215  7.646  -20.733  -40.894 6.0000000000
102216  7.834  -19.916  -41.252 6.0000000000
102217  7.375  -20.255  -41.330 6.0000000000
102218  7.113  -19.776  -41.777 6.0000000000
102219  6.859  -19.294  -42.237 6.0000000000
102220  5.047  -19.252  -43.498 6.0000000000
102221  5.484  -18.942  -43.392 6.0000000000
102233  2.384  -19.143  -45.753 7.0000000000
102234  2.571  -18.266  -46.170 7.0000000000
102235  2.157  -18.576  -46.323 7.0000000000
102236  1.921  -18.007  -46.896 7.0000000000
102237  1.673  -17.431  -47.470 7.0000000000
102238  1.410  -16.845  -48.044 7.0000000000
102239  1.222  -17.728  -47.617 7.0000000000
102240  0.762  -18.022  -47.754 7.0000000000
102241  0.298  -18.309  -47.880 7.0000000000
105469  8.819  -22.633  -39.256 6.0000000000
105470  8.668  -23.516  -38.926 6.0000000000
105471  8.190  -23.938  -38.981 7.0000000000
105472  7.709  -24.366  -39.039 7.0000000000
105473  6.365  -28.197  -38.183 7.0000000000
105474  6.479  -27.183  -38.505 7.0000000000
105475  6.037  -27.638  -38.557 7.0000000000
105476  5.724  -27.079  -38.943 7.0000000000
105477  5.426  -26.519  -39.341 7.0000000000
105478  5.141  -25.959  -39.751 7.0000000000
105479  5.018  -26.956  -39.396 7.0000000000
105480  4.633  -27.396  -39.449 7.0000000000
105481  4.272  -27.839  -39.500 7.0000000000
114734  5.734  -42.667  -34.772 6.0000000000
114735  6.185  -43.364  -34.435 6.0000000000
114736  6.034  -42.083  -34.733 6.0000000000
114744  5.884  -36.552  -35.935 7.0000000000
114745  5.498  -35.900  -36.267 7.0000000000
114746  5.131  -35.246  -36.603 7.0000000000
114747  3.586  -35.462  -37.468 7.0000000000
114748  3.882  -34.950  -37.397 7.0000000000
114749  3.562  -34.283  -37.792 7.0000000000
114750  3.547  -33.129  -38.129 7.0000000000
114751  3.542  -31.998  -38.481 7.0000000000
114752  3.550  -30.888  -38.846 7.0000000000
114753  3.256  -31.358  -38.910 7.0000000000
114754  2.973  -30.721  -39.359 7.0000000000
114755  2.690  -30.085  -39.828 7.0000000000
114787  0.704  -35.771  -39.301 7.0000000000
114788  -0.318  -31.427  -41.619 7.0000000000
114789  0.035  -32.121  -41.088 7.0000000000
114790  0.103  -31.026  -41.495 7.0000000000
114791  0.528  -30.608  -41.367 7.0000000000
114792  0.949  -30.173  -41.233 7.0000000000
114793  1.359  -29.725  -41.091 7.0000000000
114794  1.037  -29.079  -41.622 7.0000000000
114795  1.130  -27.999  -42.011 7.0000000000
114796  1.228  -26.936  -42.406 7.0000000000
114797  1.332  -25.893  -42.809 7.0000000000
114798  0.928  -26.310  -42.953 7.0000000000
114799  0.629  -25.683  -43.508 7.0000000000
114800  0.331  -25.054  -44.068 7.0000000000
114801  -1.667  -24.802  -45.634 7.0000000000
114802  -1.192  -24.480  -45.493 7.0000000000
114803  -1.506  -23.786  -46.050 7.0000000000
114804  -1.335  -22.775  -46.462 7.0000000000
114805  -1.159  -21.774  -46.873 7.0000000000
114806  -0.982  -20.786  -47.285 7.0000000000
114807  -1.463  -21.072  -47.426 7.0000000000
114808  -1.771  -20.351  -47.971 7.0000000000
114809  -2.084  -19.616  -48.505 7.0000000000
115135  8.522  -16.990  -42.719 6.0000000000
115136  8.895  -16.794  -42.628 6.0000000000
115137  8.667  -16.348  -43.093 6.0000000000
118541  5.800  -22.205  -41.200 7.0000000000
118542  5.995  -21.322  -41.571 7.0000000000
118543  5.547  -21.681  -41.656 7.0000000000
118544  5.303  -21.155  -42.125 7.0000000000
118545  5.068  -20.627  -42.607 7.0000000000
118546  4.459  -21.851  -42.313 7.0000000000
118547  4.645  -20.962  -42.706 7.0000000000
118548  4.841  -20.096  -43.101 7.0000000000
118549  4.621  -19.562  -43.606 7.0000000000
118550  4.407  -19.027  -44.122 6.0000000000
118553  3.790  -18.781  -44.775 6.0000000000
118554  3.391  -19.079  -44.906 6.0000000000
118555  2.998  -19.387  -45.044 7.0000000000
118556  3.032  -20.842  -44.081 7.0000000000
118557  2.819  -20.274  -44.630 7.0000000000
118558  2.604  -19.708  -45.188 7.0000000000
118559  2.203  -20.043  -45.335 7.0000000000
118560  1.791  -20.389  -45.481 7.0000000000
118561  1.368  -20.741  -45.624 7.0000000000
121070  8.979  -27.379  -37.263 6.0000000000
121071  8.603  -26.862  -37.613 6.0000000000
121072  8.240  -26.345  -37.970 7.0000000000
121073  8.116  -27.336  -37.666 7.0000000000
121074  7.635  -27.809  -37.720 7.0000000000
121075  7.165  -28.281  -37.771 7.0000000000
121076  7.446  -29.879  -37.119 7.0000000000
121077  7.069  -29.317  -37.466 7.0000000000
121078  6.708  -28.756  -37.820 7.0000000000
121079  6.271  -29.235  -37.863 7.0000000000
121080  5.855  -29.718  -37.900 7.0000000000
121081  5.462  -30.204  -37.931 7.0000000000
128276  6.002  -47.065  -33.956 6.0000000000
128277  5.785  -45.790  -34.226 6.0000000000
128278  5.598  -44.514  -34.514 6.0000000000
128279  4.866  -44.328  -34.918 6.0000000000
128280  5.149  -43.792  -34.859 6.0000000000
128281  5.439  -43.238  -34.812 6.0000000000
128282  5.302  -41.964  -35.114 6.0000000000
128283  5.182  -40.697  -35.414 7.0000000000
128284  5.076  -39.440  -35.711 7.0000000000
128285  4.982  -38.199  -36.008 7.0000000000
128286  4.695  -38.746  -36.056 7.0000000000
128287  4.327  -38.050  -36.410 7.0000000000
128288  3.969  -37.355  -36.774 7.0000000000
128289  3.711  -39.115  -36.540 7.0000000000
128290  3.659  -37.882  -36.846 7.0000000000
128291  3.618  -36.663  -37.155 7.0000000000
128292  3.270  -35.976  -37.553 7.0000000000
128293  2.926  -35.296  -37.970 7.0000000000
128294  2.583  -34.621  -38.406 7.0000000000
128318  -0.787  -35.136  -40.625 6.0000000000
128319  -0.791  -34.015  -40.981 7.0000000000
128320  -0.772  -32.908  -41.356 7.0000000000
128321  -1.526  -32.547  -42.067 7.0000000000
128322  -1.135  -32.186  -41.897 7.0000000000
128323  -0.731  -31.813  -41.750 7.0000000000
128324  -0.669  -30.731  -42.159 7.0000000000
128325  -0.586  -29.659  -42.575 7.0000000000
128326  -0.486  -28.596  -42.993 7.0000000000
128327  -0.370  -27.538  -43.406 7.0000000000
128328  -0.820  -27.918  -43.546 7.0000000000
128329  -1.153  -27.231  -44.101 7.0000000000
128330  -1.484  -26.533  -44.658 7.0000000000
128331  -2.051  -27.876  -44.370 7.0000000000
128332  -1.942  -26.846  -44.790 7.0000000000
128333  -1.813  -25.822  -45.213 7.0000000000
128334  -2.140  -25.099  -45.764 7.0000000000
128335  -2.464  -24.363  -46.309 7.0000000000
128336  -2.784  -23.613  -46.847 7.0000000000
137475  -3.703  -32.234  -44.045 6.0000000000
137476  -3.712  -31.137  -44.352 6.0000000000
137477  -3.704  -30.050  -44.673 7.0000000000
137478  -4.058  -30.309  -44.877 6.0000000000
137705  9.391  -19.479  -40.592 6.0000000000
137707  9.125  -19.027  -41.013 7.0000000000
137708  8.865  -18.575  -41.446 6.0000000000
137709  8.611  -18.122  -41.891 6.0000000000
137710  8.017  -19.131  -41.613 6.0000000000
137711  8.195  -18.381  -41.977 6.0000000000
137712  8.364  -17.667  -42.346 6.0000000000
137713  8.124  -17.212  -42.812 6.0000000000
137714  7.890  -16.755  -43.287 6.0000000000
137715  7.664  -16.295  -43.770 6.0000000000
137716  6.197  -20.461  -41.946 6.0000000000
137717  6.404  -19.624  -42.325 6.0000000000
137718  6.613  -18.810  -42.708 6.0000000000
137719  5.927  -18.632  -43.290 6.0000000000
137720  6.375  -18.323  -43.191 6.0000000000
137721  6.823  -18.021  -43.096 6.0000000000
137722  7.034  -17.261  -43.486 6.0000000000
137723  7.243  -16.531  -43.875 6.0000000000
137724  7.446  -15.834  -44.260 6.0000000000
137747  2.762  -17.414  -46.585 6.0000000000
137756  1.132  -16.243  -48.613 7.0000000000
137757  0.838  -15.622  -49.173 7.0000000000
137759  0.037  -15.205  -49.827 6.0000000000
137760  -0.454  -15.427  -49.925 6.0000000000
137761  -0.935  -15.652  -50.017 6.0000000000
144335  9.260  -20.210  -40.254 6.0000000000
144336  8.833  -20.518  -40.327 7.0000000000
144337  8.385  -20.853  -40.399 7.0000000000
144338  8.511  -22.159  -39.650 6.0000000000
144339  8.213  -21.684  -40.054 7.0000000000
144340  7.925  -21.209  -40.468 7.0000000000
144341  7.458  -21.581  -40.537 7.0000000000
144342  6.989  -21.961  -40.608 7.0000000000
144343  6.522  -22.343  -40.681 7.0000000000
144344  7.890  -25.829  -38.337 7.0000000000
144345  7.554  -25.312  -38.713 7.0000000000
144346  7.230  -24.795  -39.100 7.0000000000
144347  6.612  -26.192  -38.831 7.0000000000
144348  6.759  -25.224  -39.162 7.0000000000
144349  6.920  -24.279  -39.497 7.0000000000
144350  6.622  -23.763  -39.906 7.0000000000
144351  6.337  -23.245  -40.326 7.0000000000
144352  6.063  -22.726  -40.757 7.0000000000
144353  5.615  -23.110  -40.833 7.0000000000
144354  5.181  -23.495  -40.910 7.0000000000
144355  4.763  -23.881  -40.986 7.0000000000
144356  4.870  -25.398  -40.175 7.0000000000
144357  4.611  -24.835  -40.612 7.0000000000
144358  4.363  -24.268  -41.064 7.0000000000
144359  3.984  -24.659  -41.144 7.0000000000
144360  3.624  -25.054  -41.225 7.0000000000
144361  3.280  -25.455  -41.310 7.0000000000
162927  6.521  -33.106  -36.569 7.0000000000
162928  6.170  -34.807  -36.256 7.0000000000
162929  6.141  -33.641  -36.580 7.0000000000
162930  6.136  -32.500  -36.903 7.0000000000
162931  5.770  -31.896  -37.244 7.0000000000
162932  5.422  -31.294  -37.594 7.0000000000
162933  5.093  -30.692  -37.957 7.0000000000
162934  4.901  -36.977  -36.312 7.0000000000
162935  4.834  -35.774  -36.624 7.0000000000
162936  4.783  -34.591  -36.948 7.0000000000
162937  4.166  -34.443  -37.342 7.0000000000
162938  4.452  -33.937  -37.306 7.0000000000
162939  4.751  -33.430  -37.284 7.0000000000
162940  4.739  -32.294  -37.628 7.0000000000
162941  4.748  -31.181  -37.980 7.0000000000
162942  4.781  -30.091  -38.334 7.0000000000
162943  4.484  -29.489  -38.725 7.0000000000
162944  4.202  -28.886  -39.130 7.0000000000
162945  3.933  -28.283  -39.550 7.0000000000
162946  3.573  -29.799  -39.221 7.0000000000
162947  3.615  -28.729  -39.603 7.0000000000
162948  3.676  -27.679  -39.987 7.0000000000
162949  3.427  -27.073  -40.441 7.0000000000
162950  3.184  -26.468  -40.912 7.0000000000
162951  2.944  -25.863  -41.401 7.0000000000
163008  2.247  -38.666  -37.484 6.0000000000
163010  1.852  -37.937  -37.911 6.0000000000
163011  2.216  -37.471  -37.818 7.0000000000
163012  2.207  -36.286  -38.162 7.0000000000
163013  2.217  -35.112  -38.510 7.0000000000
163014  2.241  -33.949  -38.861 7.0000000000
163015  -0.044  -35.467  -39.938 6.0000000000
163016  0.330  -35.055  -39.797 7.0000000000
163017  0.715  -34.633  -39.674 7.0000000000
163018  0.390  -32.813  -40.567 7.0000000000
163019  0.748  -33.506  -40.058 7.0000000000
163020  1.109  -34.198  -39.560 7.0000000000
163021  1.507  -33.747  -39.449 7.0000000000
163022  1.898  -33.280  -39.334 7.0000000000
163023  2.274  -32.800  -39.215 7.0000000000
163024  2.314  -31.666  -39.573 7.0000000000
163025  2.357  -30.549  -39.939 7.0000000000
163026  2.406  -29.452  -40.314 7.0000000000
163027  1.750  -29.272  -40.950 7.0000000000
163028  2.117  -28.821  -40.818 7.0000000000
163029  2.461  -28.374  -40.701 7.0000000000
163030  2.528  -27.317  -41.097 7.0000000000
163031  2.608  -26.279  -41.500 7.0000000000
163032  2.703  -25.261  -41.907 7.0000000000
163033  2.461  -24.661  -42.428 7.0000000000
163034  2.215  -24.065  -42.964 7.0000000000
163035  1.966  -23.471  -43.510 7.0000000000
163036  1.447  -24.869  -43.222 7.0000000000
163037  1.574  -23.865  -43.642 7.0000000000
163038  1.714  -22.879  -44.066 7.0000000000
163039  1.457  -22.287  -44.628 7.0000000000
163040  1.198  -21.692  -45.194 7.0000000000
163041  0.936  -21.094  -45.760 7.0000000000
163042  -0.243  -26.488  -43.815 7.0000000000
163043  -0.108  -25.447  -44.222 7.0000000000
163044  0.033  -24.419  -44.630 7.0000000000
163045  -0.722  -24.137  -45.345 7.0000000000
163046  -0.264  -23.777  -45.194 7.0000000000
163047  0.181  -23.408  -45.045 7.0000000000
163048  0.336  -22.416  -45.466 7.0000000000
163049  0.499  -21.443  -45.894 7.0000000000
163050  0.671  -20.489  -46.325 7.0000000000
163051  0.401  -19.873  -46.888 7.0000000000
163052  0.122  -19.240  -47.447 7.0000000000
163053  -0.169  -18.586  -48.002 7.0000000000
163054  -0.808  -19.812  -47.702 7.0000000000
163055  -0.638  -18.853  -48.124 7.0000000000
163056  -0.473  -17.912  -48.549 7.0000000000
163057  -0.786  -17.226  -49.084 7.0000000000
163058  -1.101  -16.544  -49.604 6.0000000000
163059  -1.411  -15.878  -50.107 6.0000000000
163060  -3.677  -28.979  -45.009 7.0000000000
163061  -3.632  -27.923  -45.362 7.0000000000
163062  -3.567  -26.885  -45.735 7.0000000000
163064  -3.894  -26.085  -46.254 6.0000000000
163065  -3.483  -25.861  -46.126 7.0000000000
163066  -3.377  -24.850  -46.533 7.0000000000
163067  -3.249  -23.846  -46.952 7.0000000000
163068  -3.101  -22.844  -47.377 7.0000000000
163076  -3.414  -22.055  -47.898 6.0000000000
163077  -2.936  -21.842  -47.800 7.0000000000
163078  -2.760  -20.843  -48.217 7.0000000000
163079  -2.580  -19.853  -48.625 7.0000000000
163080  -2.401  -18.878  -49.022 6.0000000000
163083  -2.227  -17.927  -49.414 6.0000000000
163084  -2.056  -17.002  -49.804 6.0000000000
163709  9.708  -17.506  -41.642 6.0000000000
163711  9.241  -16.625  -42.539 6.0000000000
