#!ascii label  , from subject 40tvs8ref_sym_20 vox2ras=TkReg
916
299  23.104  -65.842  11.184 7.0000000000
312  26.178  -60.729  17.953 6.0000000000
313  24.723  -57.274  8.137 7.0000000000
586  24.123  -52.581  -0.069 6.0000000000
587  22.592  -47.845  -7.177 7.0000000000
779  23.238  -67.969  15.979 7.0000000000
780  23.313  -70.300  12.900 6.0000000000
792  24.715  -65.331  19.285 6.0000000000
793  24.083  -63.689  14.240 6.0000000000
1300  23.290  -59.596  5.052 7.0000000000
1301  24.455  -54.959  3.871 6.0000000000
1302  22.752  -57.578  0.666 7.0000000000
1303  21.672  -55.578  -3.197 6.0000000000
1716  25.259  -59.260  12.813 6.0000000000
1717  23.656  -61.699  9.549 7.0000000000
2397  23.591  -50.128  -3.809 7.0000000000
2398  20.050  -53.450  -6.525 6.0000000000
2699  23.338  -68.840  18.470 6.0000000000
2700  22.992  -69.928  17.011 6.0000000000
2713  23.796  -66.744  17.524 6.0000000000
3220  22.755  -60.614  3.562 7.0000000000
3221  23.063  -58.565  2.836 7.0000000000
3779  23.026  -64.683  8.868 7.0000000000
3782  23.760  -72.879  13.699 6.0000000000
3783  24.172  -72.010  11.087 6.0000000000
3819  25.679  -60.059  15.334 6.0000000000
3820  23.448  -64.879  12.654 7.0000000000
3821  23.844  -62.724  11.867 7.0000000000
3822  23.321  -63.817  10.298 7.0000000000
3823  23.182  -62.711  8.010 7.0000000000
5349  23.898  -51.356  -1.979 7.0000000000
5351  20.884  -54.516  -4.888 6.0000000000
5421  20.471  -49.650  -8.452 7.0000000000
6011  23.163  -66.963  13.550 6.0000000000
6012  23.095  -67.947  12.066 6.0000000000
6013  23.042  -68.989  14.511 6.0000000000
6014  23.120  -71.201  15.466 6.0000000000
6034  25.462  -63.081  18.589 6.0000000000
6035  25.035  -62.370  15.977 6.0000000000
6036  24.381  -64.573  16.702 6.0000000000
6037  23.601  -65.862  15.058 6.0000000000
6948  23.896  -58.475  6.630 7.0000000000
6949  24.573  -56.140  5.955 7.0000000000
6950  23.700  -57.385  4.442 7.0000000000
6951  23.503  -56.287  2.312 7.0000000000
6952  23.249  -55.167  0.263 7.0000000000
6953  22.877  -54.028  -1.716 7.0000000000
6954  22.309  -56.585  -1.356 6.0000000000
7844  24.940  -58.330  10.413 6.0000000000
7845  24.660  -61.536  13.485 6.0000000000
7846  24.348  -60.587  11.123 6.0000000000
7847  24.102  -59.550  8.856 7.0000000000
7848  23.481  -60.650  7.277 7.0000000000
7849  23.002  -61.626  5.782 7.0000000000
9749  23.154  -48.941  -5.527 7.0000000000
9750  22.393  -52.863  -3.550 7.0000000000
9751  21.787  -51.698  -5.221 7.0000000000
9752  21.122  -50.618  -6.848 7.0000000000
10380  23.130  -69.831  18.993 6.0000000000
10901  22.587  -60.149  2.465 6.0000000000
11459  23.071  -65.260  10.023 7.0000000000
11462  24.036  -74.251  14.065 6.0000000000
11463  24.310  -73.847  12.738 7.0000000000
11499  25.920  -60.410  16.632 6.0000000000
11500  23.241  -65.398  11.901 7.0000000000
11501  23.384  -64.356  11.470 7.0000000000
11502  23.193  -64.836  10.732 7.0000000000
11503  23.138  -64.262  9.575 7.0000000000
13028  24.655  -50.623  -1.177 6.0000000000
13029  24.016  -51.970  -1.031 7.0000000000
13097  23.439  -46.438  -7.326 6.0000000000
13099  22.293  -47.327  -7.993 7.0000000000
13100  21.200  -48.251  -8.633 7.0000000000
13101  21.510  -48.726  -7.823 7.0000000000
13859  23.198  -67.484  14.756 7.0000000000
13860  23.076  -67.966  14.029 7.0000000000
13861  23.082  -68.475  15.250 7.0000000000
13862  22.938  -70.937  17.548 6.0000000000
13863  22.999  -70.511  16.264 6.0000000000
13893  24.887  -65.652  20.623 6.0000000000
13895  25.285  -64.528  20.269 6.0000000000
13896  25.687  -63.382  19.936 6.0000000000
13897  25.089  -64.216  18.925 6.0000000000
13898  24.897  -63.866  17.610 6.0000000000
13899  24.547  -64.970  17.977 6.0000000000
13900  23.479  -67.388  16.731 6.0000000000
13901  23.691  -66.317  16.280 6.0000000000
13903  23.349  -66.453  14.287 6.0000000000
15420  23.571  -59.039  5.848 7.0000000000
15421  23.797  -57.931  5.530 7.0000000000
15422  23.471  -58.508  4.746 7.0000000000
15423  22.920  -58.069  1.739 7.0000000000
15424  23.251  -57.456  2.561 7.0000000000
15425  23.121  -56.932  1.491 7.0000000000
15426  23.390  -55.730  1.279 7.0000000000
15427  22.970  -56.400  0.446 7.0000000000
15428  22.783  -55.862  -0.571 7.0000000000
15429  22.553  -57.083  -0.368 7.0000000000
17107  23.175  -69.092  12.486 6.0000000000
17219  25.086  -58.813  11.596 6.0000000000
17220  24.534  -63.058  15.077 6.0000000000
17221  24.840  -61.966  14.715 6.0000000000
17222  24.371  -62.613  13.855 6.0000000000
17223  23.745  -62.217  10.701 7.0000000000
17224  24.088  -61.655  11.494 7.0000000000
17225  23.969  -61.144  10.345 7.0000000000
17226  24.217  -60.076  9.982 7.0000000000
17227  23.864  -60.624  9.207 7.0000000000
17228  23.766  -60.100  8.078 7.0000000000
17229  23.571  -61.176  8.408 7.0000000000
17230  23.001  -63.128  7.314 7.0000000000
17231  23.098  -62.162  6.892 7.0000000000
17232  22.912  -62.588  6.205 7.0000000000
17233  22.801  -62.076  5.097 7.0000000000
21788  24.513  -55.554  4.899 6.0000000000
21805  24.466  -49.388  -3.048 7.0000000000
21807  24.331  -48.771  -3.957 7.0000000000
21808  24.164  -48.159  -4.838 7.0000000000
21809  23.391  -49.524  -4.681 7.0000000000
21810  22.286  -54.782  -2.503 7.0000000000
21811  22.651  -53.448  -2.657 7.0000000000
21812  21.983  -54.233  -3.400 7.0000000000
21813  20.464  -53.976  -5.709 6.0000000000
21814  21.276  -53.107  -5.070 7.0000000000
21815  20.898  -52.554  -5.883 7.0000000000
21816  21.456  -51.143  -6.036 7.0000000000
21817  20.524  -52.025  -6.692 7.0000000000
21818  20.162  -51.522  -7.494 7.0000000000
23291  23.284  -68.419  17.216 7.0000000000
23292  23.093  -68.953  16.486 7.0000000000
23293  23.109  -69.403  17.733 7.0000000000
23294  22.968  -70.367  18.276 6.0000000000
23313  24.509  -66.754  21.006 6.0000000000
23314  24.359  -66.428  19.674 6.0000000000
23315  24.213  -66.063  18.371 6.0000000000
23316  23.912  -67.142  18.795 6.0000000000
24228  23.027  -60.122  4.279 7.0000000000
24229  23.185  -59.075  3.944 7.0000000000
24230  22.900  -59.619  3.164 7.0000000000
24231  22.744  -59.141  2.058 7.0000000000
24232  22.558  -58.683  0.977 6.0000000000
24233  22.342  -58.235  -0.065 6.0000000000
25235  22.969  -64.126  7.730 7.0000000000
25240  23.513  -71.563  13.306 7.0000000000
25241  23.664  -71.108  12.018 7.0000000000
25242  23.970  -72.451  12.387 7.0000000000
25307  25.458  -59.675  14.061 6.0000000000
25308  23.719  -64.295  13.440 6.0000000000
25309  23.956  -63.215  13.045 6.0000000000
25310  23.630  -63.801  12.251 7.0000000000
25311  23.551  -63.292  11.071 7.0000000000
25312  23.476  -62.770  9.905 7.0000000000
25313  23.402  -62.238  8.756 7.0000000000
25314  23.255  -63.265  9.145 7.0000000000
25315  23.075  -63.689  8.435 7.0000000000
28060  24.572  -50.006  -2.118 6.0000000000
28061  23.760  -50.742  -2.907 7.0000000000
28063  21.292  -55.056  -4.057 6.0000000000
29387  23.132  -66.413  12.358 7.0000000000
29388  23.070  -66.868  11.632 6.0000000000
29389  23.073  -67.427  12.824 7.0000000000
29390  23.069  -68.479  13.281 6.0000000000
29391  23.116  -69.591  13.730 6.0000000000
29392  23.016  -69.471  15.755 6.0000000000
29393  23.058  -70.064  14.990 6.0000000000
29394  23.216  -70.764  14.174 6.0000000000
29396  23.554  -73.284  15.028 6.0000000000
29439  26.076  -62.213  19.616 6.0000000000
29440  25.823  -61.919  18.271 6.0000000000
29441  25.580  -61.594  16.946 6.0000000000
29442  25.244  -62.744  17.268 6.0000000000
29443  24.710  -63.479  16.328 7.0000000000
29444  24.226  -64.144  15.457 6.0000000000
29445  24.070  -65.662  17.100 6.0000000000
29446  23.938  -65.230  15.858 6.0000000000
29447  23.822  -64.773  14.640 6.0000000000
29448  23.520  -65.381  13.850 6.0000000000
29449  23.292  -65.938  13.086 7.0000000000
31572  24.278  -57.897  7.384 7.0000000000
31573  24.642  -56.714  7.036 7.0000000000
31574  24.185  -57.340  6.287 7.0000000000
31575  24.098  -56.775  5.206 7.0000000000
31576  24.019  -56.204  4.143 7.0000000000
31577  23.366  -57.979  3.649 7.0000000000
31578  23.604  -56.837  3.368 7.0000000000
31579  23.943  -55.629  3.103 6.0000000000
31580  23.858  -55.052  2.086 6.0000000000
31581  23.755  -54.473  1.085 6.0000000000
31582  23.628  -53.893  0.093 6.0000000000
31583  23.484  -53.302  -0.889 7.0000000000
31584  23.076  -54.602  -0.738 7.0000000000
31585  22.552  -55.324  -1.557 6.0000000000
31586  22.013  -56.085  -2.299 6.0000000000
31686  23.711  -46.993  -6.513 7.0000000000
33908  24.820  -57.815  9.262 7.0000000000
33909  25.352  -61.236  15.646 6.0000000000
33910  25.140  -60.847  14.376 6.0000000000
33911  24.947  -60.428  13.138 6.0000000000
33912  24.222  -62.146  12.662 6.0000000000
33913  24.496  -61.077  12.289 6.0000000000
33914  24.775  -59.976  11.931 6.0000000000
33915  24.624  -59.491  10.757 6.0000000000
33916  24.493  -58.978  9.614 7.0000000000
33917  24.379  -58.444  8.491 7.0000000000
33918  23.997  -59.015  7.739 7.0000000000
33919  23.669  -59.571  6.957 7.0000000000
33920  23.387  -60.123  6.161 7.0000000000
33921  23.321  -61.703  7.621 7.0000000000
33922  23.231  -61.170  6.501 7.0000000000
33923  23.134  -60.641  5.390 7.0000000000
33924  22.890  -61.108  4.672 7.0000000000
39484  23.957  -47.565  -5.688 7.0000000000
39485  22.883  -48.383  -6.357 7.0000000000
39486  23.324  -52.700  -1.851 7.0000000000
39487  23.143  -52.095  -2.782 7.0000000000
39488  22.934  -51.489  -3.677 7.0000000000
39489  21.643  -53.673  -4.249 7.0000000000
39490  22.103  -52.276  -4.398 7.0000000000
39491  22.694  -50.889  -4.534 7.0000000000
39492  22.423  -50.309  -5.367 7.0000000000
39493  22.129  -49.758  -6.191 7.0000000000
39494  21.822  -49.230  -7.010 7.0000000000
39495  20.792  -50.118  -7.653 7.0000000000
39496  19.819  -51.048  -8.284 6.0000000000
42179  23.089  -65.551  10.603 7.0000000000
42180  23.059  -65.772  10.242 7.0000000000
42181  23.071  -66.061  10.825 7.0000000000
42213  26.313  -60.878  18.621 6.0000000000
42219  26.047  -60.573  17.290 6.0000000000
42220  23.162  -65.625  11.541 7.0000000000
42221  23.217  -65.119  11.315 7.0000000000
42222  23.142  -65.339  10.958 7.0000000000
42223  23.121  -65.049  10.377 7.0000000000
43742  24.933  -56.660  7.975 7.0000000000
43743  24.174  -52.882  0.416 6.0000000000
43748  24.369  -51.606  -0.627 6.0000000000
43749  24.071  -52.277  -0.551 7.0000000000
43817  23.004  -47.145  -7.255 7.0000000000
43818  22.860  -46.878  -7.662 7.0000000000
43819  22.443  -47.583  -7.585 7.0000000000
43820  21.893  -48.029  -7.909 7.0000000000
43821  22.046  -48.281  -7.502 7.0000000000
44579  23.218  -67.731  15.366 7.0000000000
44580  23.134  -67.982  15.001 7.0000000000
44581  23.147  -68.228  15.613 7.0000000000
44583  22.968  -71.260  17.168 6.0000000000
44613  24.800  -65.496  19.951 6.0000000000
44614  25.084  -65.093  20.443 6.0000000000
44615  24.992  -64.939  19.769 6.0000000000
44616  25.186  -64.377  19.594 6.0000000000
44617  24.901  -64.775  19.102 6.0000000000
44618  24.811  -64.602  18.442 6.0000000000
44619  24.631  -65.155  18.627 6.0000000000
44620  23.350  -67.689  16.351 7.0000000000
44621  23.443  -67.167  16.114 6.0000000000
44622  23.322  -67.460  15.736 7.0000000000
44623  23.296  -67.222  15.125 7.0000000000
46140  23.426  -59.320  5.450 7.0000000000
46141  23.521  -58.773  5.296 7.0000000000
46142  23.376  -59.056  4.897 7.0000000000
46143  22.839  -57.824  1.198 7.0000000000
46144  23.015  -57.509  1.609 7.0000000000
46145  22.939  -57.254  1.074 7.0000000000
46146  23.049  -56.667  0.965 7.0000000000
46147  22.856  -56.997  0.548 7.0000000000
46148  22.765  -56.738  0.031 7.0000000000
46149  22.657  -57.331  0.144 7.0000000000
47827  23.236  -69.689  12.694 6.0000000000
47828  23.275  -69.440  12.070 6.0000000000
47829  23.363  -70.059  12.269 6.0000000000
47935  25.532  -58.862  13.280 6.0000000000
47937  25.436  -58.651  12.659 6.0000000000
47938  25.347  -58.432  12.045 6.0000000000
47939  25.169  -59.041  12.200 6.0000000000
47940  24.300  -63.379  14.652 6.0000000000
47941  24.451  -62.839  14.462 6.0000000000
47942  24.225  -63.150  14.046 6.0000000000
47943  23.700  -61.959  10.124 7.0000000000
47944  23.854  -61.679  10.523 7.0000000000
47945  23.804  -61.421  9.949 7.0000000000
47946  23.915  -60.885  9.775 7.0000000000
47947  23.756  -61.161  9.378 7.0000000000
47948  23.710  -60.900  8.809 7.0000000000
47949  23.614  -61.438  8.977 7.0000000000
47950  22.937  -63.347  6.967 7.0000000000
47951  22.959  -62.855  6.759 7.0000000000
47952  22.892  -63.083  6.412 7.0000000000
47953  22.840  -62.826  5.857 6.0000000000
52508  24.484  -55.257  4.381 6.0000000000
52509  24.764  -54.922  4.762 6.0000000000
52525  24.032  -49.758  -3.432 7.0000000000
52526  24.402  -49.079  -3.506 7.0000000000
52527  23.952  -49.451  -3.882 7.0000000000
52528  23.865  -49.146  -4.325 7.0000000000
52529  23.495  -49.824  -4.249 7.0000000000
52530  21.984  -55.175  -2.864 6.0000000000
52531  22.139  -54.509  -2.958 7.0000000000
52532  21.818  -54.910  -3.307 7.0000000000
52533  20.256  -53.711  -6.117 6.0000000000
52534  20.667  -53.265  -5.800 7.0000000000
52535  20.468  -52.998  -6.207 7.0000000000
52536  20.709  -52.286  -6.288 7.0000000000
52537  20.272  -52.736  -6.611 7.0000000000
52538  20.080  -52.480  -7.015 7.0000000000
54179  23.310  -68.633  17.841 7.0000000000
54180  23.193  -68.916  17.471 7.0000000000
54181  23.212  -69.131  18.098 7.0000000000
54183  23.033  -70.102  18.633 6.0000000000
54185  22.916  -70.854  18.556 6.0000000000
54214  24.329  -67.297  21.209 6.0000000000
54215  24.261  -67.137  20.542 6.0000000000
54216  24.434  -66.596  20.337 6.0000000000
54217  24.192  -66.969  19.881 6.0000000000
54218  24.125  -66.791  19.226 6.0000000000
54219  23.972  -67.328  19.442 6.0000000000
54222  23.447  -68.330  18.221 6.0000000000
54223  23.412  -68.123  17.593 6.0000000000
55740  22.892  -60.369  3.912 7.0000000000
55741  22.966  -59.868  3.722 7.0000000000
55742  22.823  -60.123  3.356 7.0000000000
55743  22.490  -59.928  1.926 6.0000000000
55744  22.662  -59.651  2.252 6.0000000000
55745  22.569  -59.426  1.710 6.0000000000
55746  22.655  -58.910  1.514 6.0000000000
55747  22.468  -59.206  1.176 6.0000000000
55748  22.359  -58.990  0.651 6.0000000000
57419  22.999  -64.401  8.297 7.0000000000
57421  23.006  -64.922  8.501 6.0000000000
57427  23.632  -72.215  13.505 7.0000000000
57428  23.722  -71.997  12.852 7.0000000000
57429  23.865  -72.668  13.041 7.0000000000
57430  24.640  -74.365  12.240 6.0000000000
57431  24.446  -73.640  12.079 7.0000000000
57535  25.975  -59.630  15.825 6.0000000000
57537  25.856  -59.450  15.180 6.0000000000
57538  25.743  -59.261  14.541 6.0000000000
57539  25.566  -59.871  14.694 6.0000000000
57540  23.574  -64.592  13.045 7.0000000000
57541  23.673  -64.050  12.844 7.0000000000
57542  23.536  -64.340  12.450 7.0000000000
57543  23.353  -64.088  10.882 7.0000000000
57544  23.465  -63.826  11.266 7.0000000000
57545  23.430  -63.563  10.679 7.0000000000
57546  23.513  -63.032  10.486 7.0000000000
57547  23.396  -63.297  10.096 7.0000000000
57548  23.361  -63.028  9.518 7.0000000000
57549  23.289  -63.542  9.719 7.0000000000
57550  23.070  -64.468  9.223 7.0000000000
57551  23.107  -63.974  9.002 7.0000000000
57552  23.042  -64.181  8.652 7.0000000000
57553  23.010  -63.897  8.086 7.0000000000
62125  24.276  -50.990  -1.576 7.0000000000
62126  24.615  -50.314  -1.649 6.0000000000
62127  24.225  -50.682  -2.047 7.0000000000
62128  24.167  -50.374  -2.513 7.0000000000
62129  23.832  -51.049  -2.445 7.0000000000
62342  20.827  -48.952  -8.542 7.0000000000
62343  20.673  -48.729  -8.944 6.0000000000
62344  20.314  -49.429  -8.850 6.0000000000
62346  19.973  -50.127  -8.760 6.0000000000
64619  23.147  -66.691  12.952 6.0000000000
64620  23.096  -66.918  12.591 7.0000000000
64621  23.104  -67.195  13.188 7.0000000000
64622  23.052  -68.472  14.271 7.0000000000
64623  23.058  -68.213  13.660 7.0000000000
64624  23.055  -68.737  13.894 6.0000000000
64625  23.086  -69.027  13.506 6.0000000000
64626  23.065  -69.276  14.127 6.0000000000
64627  23.036  -69.439  16.747 6.0000000000
64628  23.039  -69.207  16.123 7.0000000000
64629  23.004  -69.702  16.382 6.0000000000
64630  23.045  -70.842  15.872 6.0000000000
64631  23.029  -70.291  15.625 6.0000000000
64632  23.083  -70.625  15.228 6.0000000000
64633  23.121  -70.401  14.588 6.0000000000
64634  23.168  -70.986  14.818 6.0000000000
64635  23.285  -71.372  14.394 6.0000000000
64640  23.658  -73.952  15.223 6.0000000000
64728  25.573  -63.236  19.260 6.0000000000
64729  25.883  -62.801  19.775 6.0000000000
64730  25.763  -62.656  19.100 6.0000000000
64731  25.948  -62.070  18.941 6.0000000000
64732  25.644  -62.503  18.429 6.0000000000
64733  25.527  -62.342  17.764 6.0000000000
64734  25.352  -62.917  17.925 6.0000000000
64735  24.632  -64.228  17.147 6.0000000000
64736  24.803  -63.677  16.965 7.0000000000
64737  24.545  -64.027  16.512 7.0000000000
64738  24.461  -63.818  15.885 7.0000000000
64739  24.302  -64.362  16.076 6.0000000000
64740  23.992  -66.409  17.940 6.0000000000
64741  24.140  -65.866  17.731 6.0000000000
64742  23.928  -66.204  17.308 6.0000000000
64743  23.644  -66.093  15.667 6.0000000000
64744  23.809  -65.774  16.066 6.0000000000
64745  23.756  -65.549  15.454 6.0000000000
64746  23.878  -65.004  15.246 6.0000000000
64747  23.706  -65.317  14.846 6.0000000000
64748  23.660  -65.080  14.243 6.0000000000
64749  23.560  -65.625  14.453 6.0000000000
64750  23.247  -66.719  13.915 6.0000000000
64751  23.320  -66.199  13.685 6.0000000000
64752  23.224  -66.455  13.315 6.0000000000
64753  23.202  -66.185  12.719 7.0000000000
69300  24.080  -58.189  7.010 7.0000000000
69301  24.231  -57.619  6.834 7.0000000000
69302  24.031  -57.914  6.460 7.0000000000
69303  23.748  -57.658  4.985 7.0000000000
69304  23.935  -57.361  5.368 7.0000000000
69305  23.890  -57.082  4.827 7.0000000000
69306  24.058  -56.490  4.672 7.0000000000
69307  23.846  -56.803  4.291 7.0000000000
69308  23.127  -58.818  3.389 7.0000000000
69309  23.271  -58.532  3.793 7.0000000000
69310  23.214  -58.273  3.243 7.0000000000
69311  23.366  -56.880  2.434 7.0000000000
69312  23.421  -57.148  2.968 7.0000000000
69313  23.555  -56.563  2.837 7.0000000000
69314  23.759  -56.242  3.232 7.0000000000
69315  23.714  -55.960  2.711 7.0000000000
69316  23.902  -55.341  2.592 6.0000000000
69317  23.667  -55.677  2.196 7.0000000000
69318  23.323  -55.449  0.769 7.0000000000
69319  23.559  -55.107  1.180 7.0000000000
69320  23.495  -54.821  0.677 7.0000000000
69321  23.694  -54.183  0.588 6.0000000000
69322  23.424  -54.535  0.177 7.0000000000
69323  23.347  -54.247  -0.321 7.0000000000
69324  23.166  -54.885  -0.239 7.0000000000
69325  22.550  -56.219  -0.976 6.0000000000
69326  22.672  -55.593  -1.068 6.0000000000
69327  22.425  -55.960  -1.464 6.0000000000
69328  22.288  -55.700  -1.942 6.0000000000
69329  22.167  -56.336  -1.834 6.0000000000
69545  24.158  -46.287  -6.580 6.0000000000
69546  24.279  -46.574  -6.173 6.0000000000
74362  23.076  -67.400  11.851 6.0000000000
74364  23.107  -67.676  11.463 6.0000000000
74370  23.900  -71.547  11.558 6.0000000000
74372  23.983  -71.320  10.916 6.0000000000
74695  25.191  -57.967  10.843 6.0000000000
74697  25.126  -57.721  10.254 6.0000000000
74699  24.877  -58.076  9.833 6.0000000000
74700  25.302  -61.994  16.454 6.0000000000
74701  25.464  -61.419  16.293 6.0000000000
74702  25.194  -61.807  15.809 6.0000000000
74703  24.748  -61.754  14.096 6.0000000000
74704  24.990  -61.411  14.542 6.0000000000
74705  24.894  -61.203  13.921 6.0000000000
74706  25.041  -60.641  13.753 6.0000000000
74707  24.803  -60.988  13.309 6.0000000000
74708  23.898  -62.972  12.454 7.0000000000
74709  24.086  -62.680  12.852 6.0000000000
74710  24.023  -62.437  12.263 7.0000000000
74711  24.216  -61.122  11.309 7.0000000000
74712  24.285  -61.371  11.888 6.0000000000
74713  24.420  -60.835  11.703 6.0000000000
74714  24.633  -60.533  12.108 6.0000000000
74715  24.556  -60.293  11.520 6.0000000000
74716  24.697  -59.737  11.340 6.0000000000
74717  24.483  -60.045  10.939 6.0000000000
74718  24.158  -59.814  9.417 7.0000000000
74719  24.350  -59.533  9.797 7.0000000000
74720  24.290  -59.270  9.234 7.0000000000
74721  24.434  -58.714  9.050 7.0000000000
74722  24.234  -59.003  8.674 7.0000000000
74723  24.181  -58.734  8.118 7.0000000000
74724  24.048  -59.283  8.296 7.0000000000
74725  23.618  -60.376  7.678 7.0000000000
74726  23.718  -59.836  7.516 7.0000000000
74727  23.571  -60.112  7.116 7.0000000000
74728  23.523  -59.848  6.558 7.0000000000
74729  23.435  -60.386  6.717 7.0000000000
74730  23.289  -62.484  8.375 7.0000000000
74731  23.363  -61.971  8.186 7.0000000000
74732  23.249  -62.213  7.809 7.0000000000
74733  23.052  -61.892  6.336 7.0000000000
74734  23.161  -61.672  6.690 7.0000000000
74735  23.114  -61.405  6.134 7.0000000000
74736  23.183  -60.905  5.945 7.0000000000
74737  23.064  -61.141  5.580 7.0000000000
74738  23.011  -60.879  5.025 7.0000000000
74739  22.948  -61.364  5.227 7.0000000000
88403  24.606  -56.429  6.493 7.0000000000
88404  24.867  -56.096  6.877 6.0000000000
88405  24.838  -55.808  6.338 6.0000000000
88465  23.663  -48.547  -5.188 7.0000000000
88466  24.066  -47.859  -5.267 7.0000000000
88467  23.546  -48.256  -5.609 7.0000000000
88468  23.420  -47.971  -6.026 7.0000000000
88469  23.022  -48.659  -5.943 7.0000000000
88470  23.177  -53.663  -1.304 7.0000000000
88471  23.406  -53.002  -1.373 7.0000000000
88472  23.084  -53.368  -1.786 7.0000000000
88473  22.527  -53.156  -3.110 7.0000000000
88474  22.881  -52.773  -2.722 7.0000000000
88475  22.768  -52.474  -3.173 7.0000000000
88476  23.043  -51.792  -3.234 7.0000000000
88477  22.647  -52.175  -3.614 7.0000000000
88478  21.090  -54.788  -4.475 6.0000000000
88479  21.457  -54.368  -4.160 7.0000000000
88480  21.265  -54.091  -4.575 7.0000000000
88481  21.515  -52.401  -5.148 7.0000000000
88482  21.689  -52.687  -4.740 7.0000000000
88483  21.948  -51.985  -4.812 7.0000000000
88484  22.383  -51.580  -4.466 7.0000000000
88485  22.240  -51.287  -4.882 7.0000000000
88486  22.562  -50.596  -4.953 7.0000000000
88487  22.091  -51.000  -5.293 7.0000000000
88488  21.289  -50.877  -6.442 7.0000000000
88489  21.780  -50.448  -6.112 7.0000000000
88490  21.621  -50.182  -6.521 7.0000000000
88491  21.976  -49.491  -6.602 7.0000000000
88492  21.462  -49.922  -6.928 7.0000000000
88493  21.302  -49.669  -7.333 7.0000000000
88494  20.956  -50.365  -7.252 7.0000000000
88496  19.988  -51.281  -7.890 7.0000000000
92411  23.366  -69.041  19.104 6.0000000000
92412  23.232  -69.340  18.728 7.0000000000
93349  22.675  -60.378  3.011 6.0000000000
94355  23.049  -64.970  9.444 7.0000000000
94356  23.027  -65.200  9.079 6.0000000000
94357  23.045  -65.484  9.660 6.0000000000
94360  23.895  -73.558  13.886 6.0000000000
94361  24.016  -73.352  13.224 7.0000000000
94362  24.173  -74.052  13.400 6.0000000000
94363  24.488  -74.567  12.902 6.0000000000
94364  24.838  -75.105  12.391 6.0000000000
94366  25.038  -75.858  12.533 6.0000000000
94426  26.098  -59.801  16.474 6.0000000000
94427  25.797  -60.238  15.980 6.0000000000
94428  23.338  -65.149  12.272 7.0000000000
94429  23.416  -64.620  12.061 7.0000000000
94430  23.309  -64.880  11.682 7.0000000000
94431  23.282  -64.607  11.095 7.0000000000
94432  23.253  -64.329  10.511 7.0000000000
94433  23.223  -64.049  9.931 7.0000000000
94434  23.166  -64.550  10.152 7.0000000000
94435  23.097  -64.758  9.799 7.0000000000
97179  24.691  -50.932  -0.703 6.0000000000
97180  24.324  -51.298  -1.103 6.0000000000
97181  23.959  -51.663  -1.507 7.0000000000
97305  23.301  -46.167  -7.731 6.0000000000
97306  22.716  -46.617  -8.069 6.0000000000
97307  22.146  -47.076  -8.400 7.0000000000
97308  21.590  -47.545  -8.723 7.0000000000
97309  21.740  -47.784  -8.316 7.0000000000
97310  21.354  -48.485  -8.228 7.0000000000
97311  20.985  -49.182  -8.140 7.0000000000
98675  23.180  -67.228  14.151 7.0000000000
98676  23.113  -67.465  13.789 7.0000000000
98677  23.123  -67.728  14.393 7.0000000000
98678  23.078  -68.225  14.638 7.0000000000
98679  23.047  -68.725  14.884 7.0000000000
98680  22.959  -70.426  17.278 6.0000000000
98681  22.981  -70.207  16.643 6.0000000000
98682  22.969  -70.726  16.905 6.0000000000
98683  23.007  -71.054  16.519 6.0000000000
98735  24.975  -65.798  21.300 6.0000000000
98737  25.178  -65.237  21.122 6.0000000000
98738  25.385  -64.670  20.949 6.0000000000
98739  25.594  -64.099  20.781 6.0000000000
98740  25.802  -63.521  20.617 6.0000000000
98741  25.486  -63.958  20.101 6.0000000000
98742  25.381  -63.809  19.425 6.0000000000
98743  25.276  -63.651  18.754 6.0000000000
98744  25.173  -63.484  18.091 6.0000000000
98745  24.992  -64.046  18.263 6.0000000000
98746  24.721  -64.420  17.790 6.0000000000
98747  24.463  -64.776  17.335 6.0000000000
98748  23.626  -67.072  17.122 6.0000000000
98749  23.742  -66.534  16.899 6.0000000000
98750  23.582  -66.856  16.502 6.0000000000
98751  23.541  -66.634  15.887 6.0000000000
98753  23.467  -66.166  14.669 6.0000000000
98754  23.379  -66.700  14.893 6.0000000000
98755  23.271  -66.975  14.518 6.0000000000
101484  23.727  -58.757  6.242 7.0000000000
101485  23.846  -58.203  6.079 7.0000000000
101486  23.677  -58.489  5.691 7.0000000000
101487  23.627  -58.220  5.141 7.0000000000
101488  23.577  -57.952  4.594 7.0000000000
101489  22.994  -58.316  2.285 7.0000000000
101490  23.152  -58.017  2.694 7.0000000000
101491  23.086  -57.763  2.149 7.0000000000
101492  23.188  -57.195  2.024 7.0000000000
101493  23.307  -56.611  1.905 7.0000000000
101494  23.449  -56.010  1.793 7.0000000000
101495  23.245  -56.339  1.382 7.0000000000
101496  23.176  -56.065  0.865 7.0000000000
101497  23.099  -55.789  0.353 7.0000000000
101498  23.013  -55.513  -0.154 7.0000000000
101499  22.882  -56.131  -0.066 7.0000000000
101500  22.664  -56.479  -0.477 7.0000000000
101501  22.438  -56.834  -0.868 6.0000000000
104521  23.128  -68.511  12.277 6.0000000000
104522  23.148  -68.247  11.668 6.0000000000
104523  23.204  -68.836  11.870 6.0000000000
104722  25.265  -58.204  11.440 6.0000000000
104723  25.009  -58.576  11.000 6.0000000000
104724  24.780  -62.724  15.518 6.0000000000
104725  24.936  -62.172  15.342 6.0000000000
104726  24.688  -62.514  14.893 6.0000000000
104727  24.600  -62.298  14.276 6.0000000000
104728  24.516  -62.076  13.667 6.0000000000
104729  23.793  -62.472  11.282 7.0000000000
104730  23.963  -62.189  11.679 7.0000000000
104731  23.906  -61.936  11.099 7.0000000000
104732  24.027  -61.401  10.917 7.0000000000
104733  24.152  -60.868  10.734 7.0000000000
104734  24.281  -60.334  10.550 7.0000000000
104735  24.091  -60.611  10.164 7.0000000000
104736  24.033  -60.351  9.598 7.0000000000
104737  23.979  -60.088  9.033 7.0000000000
104738  23.927  -59.825  8.471 7.0000000000
104739  23.815  -60.363  8.642 7.0000000000
104740  23.665  -60.639  8.242 7.0000000000
104741  23.527  -60.914  7.841 7.0000000000
104742  23.084  -62.921  7.659 7.0000000000
104743  23.141  -62.435  7.449 7.0000000000
104744  23.043  -62.645  7.102 7.0000000000
104745  22.999  -62.373  6.547 7.0000000000
104746  22.950  -62.106  5.993 7.0000000000
104747  22.897  -61.844  5.438 7.0000000000
104748  22.860  -62.328  5.650 7.0000000000
112946  24.542  -55.848  5.424 6.0000000000
112947  24.812  -55.516  5.805 6.0000000000
112948  24.788  -55.220  5.280 6.0000000000
112977  24.895  -49.015  -2.659 6.0000000000
112979  24.846  -48.705  -3.122 6.0000000000
112980  24.791  -48.395  -3.580 6.0000000000
112981  24.728  -48.084  -4.032 6.0000000000
112982  24.658  -47.774  -4.476 6.0000000000
112983  24.252  -48.463  -4.402 7.0000000000
112984  23.768  -48.844  -4.760 7.0000000000
112985  23.277  -49.229  -5.107 7.0000000000
112986  22.582  -54.400  -2.119 7.0000000000
112987  22.768  -53.739  -2.193 7.0000000000
112988  22.454  -54.118  -2.585 7.0000000000
112989  22.318  -53.835  -3.039 7.0000000000
112990  22.173  -53.550  -3.480 7.0000000000
112991  20.674  -54.245  -5.299 6.0000000000
112992  21.068  -53.813  -4.985 7.0000000000
112993  20.868  -53.537  -5.393 7.0000000000
112994  21.087  -52.828  -5.477 7.0000000000
112995  21.338  -52.120  -5.554 7.0000000000
112996  21.622  -51.417  -5.629 7.0000000000
112997  21.160  -51.846  -5.960 7.0000000000
112998  20.983  -51.579  -6.365 7.0000000000
112999  20.808  -51.318  -6.770 7.0000000000
113000  20.634  -51.065  -7.172 7.0000000000
113001  20.341  -51.770  -7.094 7.0000000000
113002  19.893  -52.230  -7.415 7.0000000000
115787  23.260  -68.198  16.596 7.0000000000
115788  23.161  -68.465  16.229 7.0000000000
115789  23.176  -68.694  16.849 7.0000000000
115790  23.100  -69.181  17.108 7.0000000000
115791  23.034  -69.665  17.373 6.0000000000
115792  23.119  -69.620  18.362 6.0000000000
115793  23.033  -69.885  18.002 6.0000000000
115794  22.980  -70.150  17.643 6.0000000000
115795  22.937  -70.641  17.916 6.0000000000
115836  24.585  -66.904  21.679 6.0000000000
115837  24.777  -66.354  21.486 6.0000000000
115838  24.695  -66.206  20.811 6.0000000000
115839  24.614  -66.049  20.140 6.0000000000
115840  24.534  -65.881  19.476 6.0000000000
115841  24.455  -65.704  18.819 6.0000000000
115842  24.286  -66.250  19.019 6.0000000000
115843  24.058  -66.604  18.579 6.0000000000
115844  23.854  -66.947  18.156 6.0000000000
115847  23.674  -67.280  17.748 6.0000000000
115848  23.517  -67.602  17.353 6.0000000000
115849  23.380  -67.910  16.970 6.0000000000
117972  23.158  -59.865  4.660 7.0000000000
117973  23.239  -59.335  4.498 7.0000000000
117974  23.104  -59.606  4.104 7.0000000000
117975  23.045  -59.351  3.548 7.0000000000
117976  22.980  -59.100  2.991 7.0000000000
117977  22.747  -59.883  2.801 7.0000000000
117978  22.826  -59.377  2.609 7.0000000000
117979  22.908  -58.855  2.437 7.0000000000
117980  22.830  -58.614  1.887 7.0000000000
117981  22.745  -58.377  1.343 7.0000000000
117982  22.653  -58.141  0.808 7.0000000000
117983  22.554  -57.906  0.282 7.0000000000
117984  22.454  -58.459  0.451 6.0000000000
120334  23.406  -70.925  13.104 6.0000000000
120335  23.468  -70.693  12.466 6.0000000000
120336  23.588  -71.338  12.660 7.0000000000
120337  23.812  -71.774  12.204 7.0000000000
120338  24.074  -72.232  11.735 7.0000000000
120339  24.137  -73.142  12.566 7.0000000000
120340  24.256  -72.929  11.910 7.0000000000
120490  25.634  -59.065  13.908 6.0000000000
120491  25.356  -59.471  13.434 6.0000000000
120492  23.888  -63.994  13.838 6.0000000000
120493  24.017  -63.454  13.640 6.0000000000
120494  23.833  -63.753  13.241 7.0000000000
120495  23.781  -63.509  12.648 7.0000000000
120496  23.733  -63.261  12.057 7.0000000000
120497  23.499  -64.085  11.857 7.0000000000
120498  23.590  -63.548  11.659 7.0000000000
120499  23.687  -63.010  11.468 7.0000000000
120500  23.644  -62.755  10.883 7.0000000000
120501  23.603  -62.497  10.301 7.0000000000
120502  23.563  -62.236  9.724 7.0000000000
120503  23.524  -61.974  9.149 7.0000000000
120504  23.440  -62.504  9.329 7.0000000000
120505  23.326  -62.756  8.945 7.0000000000
120506  23.219  -62.988  8.575 7.0000000000
120507  23.191  -63.766  9.355 7.0000000000
120508  23.158  -63.483  8.785 7.0000000000
120509  23.122  -63.201  8.219 7.0000000000
120510  23.040  -63.406  7.872 7.0000000000
120511  22.976  -63.619  7.525 7.0000000000
126913  24.973  -49.634  -1.725 6.0000000000
126914  24.937  -49.324  -2.193 6.0000000000
126915  24.522  -49.697  -2.585 6.0000000000
126916  24.104  -50.066  -2.975 7.0000000000
126917  23.680  -50.435  -3.362 7.0000000000
127216  21.049  -48.024  -9.038 6.0000000000
130235  23.118  -66.129  11.769 7.0000000000
130236  23.080  -66.350  11.410 7.0000000000
130237  23.088  -66.636  11.998 7.0000000000
130238  23.072  -67.150  12.226 7.0000000000
130239  23.070  -67.675  12.451 6.0000000000
130240  23.074  -67.700  13.425 7.0000000000
130241  23.064  -67.947  13.054 7.0000000000
130242  23.082  -68.215  12.672 6.0000000000
130243  23.108  -68.772  12.890 6.0000000000
130244  23.146  -69.344  13.106 6.0000000000
130245  23.198  -69.933  13.321 6.0000000000
130246  23.087  -68.718  15.867 7.0000000000
130247  23.042  -68.970  15.502 7.0000000000
130248  23.029  -69.233  15.131 6.0000000000
130249  23.002  -69.984  16.009 6.0000000000
130250  23.023  -69.755  15.378 6.0000000000
130251  23.044  -69.519  14.750 6.0000000000
130252  23.087  -69.831  14.358 6.0000000000
130253  23.159  -70.170  13.953 6.0000000000
130254  23.264  -70.536  13.535 6.0000000000
130255  23.345  -71.152  13.747 6.0000000000
130256  23.439  -71.783  13.956 7.0000000000
130257  23.543  -72.427  14.162 6.0000000000
130259  23.456  -72.632  14.823 6.0000000000
130260  23.656  -73.085  14.361 6.0000000000
130261  23.775  -73.758  14.553 6.0000000000
130373  26.006  -62.938  20.455 6.0000000000
130374  26.206  -62.349  20.294 6.0000000000
130376  26.265  -61.620  19.456 6.0000000000
130377  26.131  -61.477  18.782 6.0000000000
130378  26.001  -61.328  18.113 6.0000000000
130379  25.873  -61.171  17.448 6.0000000000
130380  25.700  -61.761  17.605 6.0000000000
130381  25.413  -62.173  17.105 6.0000000000
130382  25.138  -62.561  16.619 6.0000000000
130383  25.071  -63.308  17.436 6.0000000000
130384  24.972  -63.122  16.789 6.0000000000
130385  24.874  -62.927  16.150 6.0000000000
130386  24.621  -63.272  15.699 7.0000000000
130387  24.379  -63.602  15.265 7.0000000000
130388  24.153  -63.919  14.846 6.0000000000
130389  24.376  -65.518  18.170 6.0000000000
130390  24.298  -65.322  17.530 6.0000000000
130391  24.221  -65.118  16.897 6.0000000000
130392  23.866  -65.993  16.684 6.0000000000
130393  24.002  -65.449  16.475 6.0000000000
130394  24.148  -64.906  16.273 6.0000000000
130395  24.078  -64.687  15.655 6.0000000000
130396  24.011  -64.461  15.044 6.0000000000
130397  23.948  -64.230  14.438 6.0000000000
130398  23.769  -64.536  14.038 6.0000000000
130399  23.615  -64.838  13.643 6.0000000000
130400  23.483  -65.133  13.251 7.0000000000
130401  23.432  -65.921  14.065 7.0000000000
130402  23.399  -65.670  13.464 7.0000000000
130403  23.367  -65.412  12.866 7.0000000000
130404  23.266  -65.671  12.492 7.0000000000
130405  23.181  -65.908  12.127 7.0000000000
136164  24.492  -57.593  7.757 7.0000000000
136165  24.680  -56.996  7.584 7.0000000000
136166  24.447  -57.315  7.206 7.0000000000
136167  24.404  -57.033  6.660 7.0000000000
136168  24.364  -56.749  6.117 7.0000000000
136169  23.983  -57.638  5.912 7.0000000000
136170  24.140  -57.059  5.744 7.0000000000
136171  24.326  -56.462  5.580 7.0000000000
136172  24.290  -56.172  5.048 7.0000000000
136173  24.256  -55.881  4.522 6.0000000000
136174  24.223  -55.588  4.002 6.0000000000
136175  23.325  -58.793  4.345 7.0000000000
136176  23.420  -58.243  4.196 7.0000000000
136177  23.527  -57.683  4.049 7.0000000000
136178  23.310  -57.717  3.104 7.0000000000
136179  23.475  -57.415  3.507 7.0000000000
136180  23.652  -57.111  3.903 7.0000000000
136181  23.802  -56.522  3.759 7.0000000000
136182  23.981  -55.916  3.620 7.0000000000
136183  24.190  -55.295  3.489 6.0000000000
136184  24.154  -55.002  2.982 6.0000000000
136185  24.116  -54.709  2.480 6.0000000000
136187  23.616  -55.392  1.686 7.0000000000
136188  23.809  -54.763  1.584 7.0000000000
136190  23.976  -53.831  0.992 6.0000000000
136191  23.920  -53.537  0.501 6.0000000000
136192  23.861  -53.241  0.011 6.0000000000
136193  23.800  -52.942  -0.476 7.0000000000
136194  23.558  -53.599  -0.400 7.0000000000
136195  23.264  -53.957  -0.815 7.0000000000
136196  22.979  -54.316  -1.231 7.0000000000
136197  22.917  -55.236  -0.656 7.0000000000
136198  22.813  -54.959  -1.152 7.0000000000
136199  22.701  -54.680  -1.640 7.0000000000
136200  22.423  -55.054  -2.036 6.0000000000
136201  22.141  -55.438  -2.409 6.0000000000
136202  21.847  -55.833  -2.754 6.0000000000
136203  22.446  -57.670  -0.233 7.0000000000
136204  22.329  -57.433  -0.735 6.0000000000
136205  22.198  -57.196  -1.224 6.0000000000
136474  24.031  -46.004  -6.985 6.0000000000
136475  23.577  -46.713  -6.920 7.0000000000
136476  23.147  -47.416  -6.848 7.0000000000
142417  23.530  -70.455  11.831 6.0000000000
142820  24.769  -57.547  8.696 7.0000000000
142821  25.748  -61.007  16.788 6.0000000000
142822  25.628  -60.834  16.135 6.0000000000
142823  25.513  -60.654  15.489 6.0000000000
142824  25.090  -61.613  15.172 6.0000000000
142825  25.244  -61.045  15.007 6.0000000000
142826  25.401  -60.465  14.849 6.0000000000
142827  25.295  -60.268  14.216 6.0000000000
142828  25.194  -60.064  13.591 6.0000000000
142829  25.098  -59.852  12.973 6.0000000000
142830  24.154  -62.917  13.446 6.0000000000
142831  24.295  -62.383  13.255 6.0000000000
142832  24.436  -61.848  13.067 6.0000000000
142833  24.153  -61.904  12.075 6.0000000000
142834  24.359  -61.613  12.474 6.0000000000
142835  24.576  -61.310  12.883 6.0000000000
142836  24.716  -60.764  12.704 6.0000000000
142837  24.858  -60.206  12.531 6.0000000000
142838  25.008  -59.632  12.362 6.0000000000
142839  24.924  -59.403  11.760 6.0000000000
142840  24.846  -59.166  11.166 6.0000000000
142841  24.774  -58.920  10.581 6.0000000000
142842  24.415  -59.792  10.365 7.0000000000
142843  24.556  -59.238  10.182 7.0000000000
142844  24.708  -58.667  10.004 6.0000000000
142845  24.648  -58.406  9.434 7.0000000000
142846  24.592  -58.140  8.870 7.0000000000
142847  24.540  -57.869  8.311 7.0000000000
142848  24.328  -58.172  7.936 7.0000000000
142849  24.130  -58.462  7.563 7.0000000000
142850  23.947  -58.745  7.184 7.0000000000
142851  23.877  -59.559  7.911 7.0000000000
142852  23.827  -59.293  7.352 7.0000000000
142853  23.777  -59.025  6.796 7.0000000000
142854  23.620  -59.305  6.401 7.0000000000
142855  23.475  -59.584  6.003 7.0000000000
142856  23.339  -59.859  5.606 7.0000000000
142857  23.484  -61.710  8.578 7.0000000000
142858  23.442  -61.447  8.009 7.0000000000
142859  23.399  -61.182  7.444 7.0000000000
142860  23.206  -61.942  7.248 7.0000000000
142861  23.277  -61.436  7.059 7.0000000000
142862  23.353  -60.917  6.883 7.0000000000
142863  23.306  -60.652  6.325 7.0000000000
142864  23.258  -60.389  5.770 7.0000000000
142865  23.209  -60.126  5.215 7.0000000000
142866  23.082  -60.380  4.835 7.0000000000
142867  22.954  -60.621  4.469 7.0000000000
142868  22.826  -60.857  4.117 7.0000000000
142869  22.838  -61.589  4.884 7.0000000000
142870  22.772  -61.341  4.330 7.0000000000
142871  22.698  -61.101  3.778 6.0000000000
159333  24.898  -56.380  7.423 7.0000000000
159408  24.579  -47.467  -4.913 6.0000000000
159409  24.491  -47.164  -5.341 6.0000000000
159410  24.391  -46.866  -5.760 6.0000000000
159411  23.838  -47.276  -6.103 7.0000000000
159412  23.286  -47.691  -6.438 7.0000000000
159413  22.739  -48.112  -6.768 7.0000000000
159414  23.735  -52.639  -0.960 7.0000000000
159415  23.668  -52.334  -1.440 7.0000000000
159416  23.596  -52.029  -1.914 7.0000000000
159417  22.986  -53.071  -2.259 7.0000000000
159418  23.237  -52.398  -2.321 7.0000000000
159419  23.520  -51.723  -2.382 7.0000000000
159420  23.438  -51.418  -2.843 7.0000000000
159421  23.348  -51.112  -3.296 7.0000000000
159422  23.250  -50.807  -3.741 7.0000000000
159423  21.642  -54.641  -3.738 7.0000000000
159424  21.817  -53.954  -3.829 7.0000000000
159425  22.019  -53.263  -3.908 7.0000000000
159426  21.462  -53.390  -4.662 7.0000000000
159427  21.857  -52.975  -4.327 7.0000000000
159428  22.252  -52.569  -3.979 7.0000000000
159429  22.519  -51.877  -4.045 7.0000000000
159430  22.818  -51.188  -4.110 7.0000000000
159431  23.145  -50.504  -4.177 7.0000000000
159432  23.031  -50.205  -4.606 7.0000000000
159433  22.909  -49.911  -5.028 7.0000000000
159434  22.779  -49.624  -5.445 7.0000000000
159435  21.937  -50.720  -5.703 7.0000000000
159436  22.279  -50.030  -5.780 7.0000000000
159437  22.642  -49.344  -5.860 7.0000000000
159438  22.498  -49.071  -6.273 7.0000000000
159439  22.349  -48.803  -6.685 7.0000000000
159440  22.198  -48.539  -7.094 7.0000000000
159441  21.666  -48.975  -7.417 7.0000000000
159442  21.143  -49.421  -7.737 7.0000000000
159443  20.631  -49.879  -8.053 7.0000000000
159444  20.463  -50.818  -7.572 7.0000000000
159445  20.296  -50.578  -7.970 7.0000000000
159446  20.133  -50.348  -8.366 7.0000000000
