#!ascii label  , from subject 40tvs8ref_sym_20 vox2ras=TkReg
1581
52  20.455  105.614  1.585 6.0000000000
54  21.313  87.452  30.398 6.0000000000
109  16.148  59.724  46.827 7.0000000000
173  21.870  98.490  16.931 6.0000000000
494  19.052  74.172  39.923 7.0000000000
879  24.609  104.037  4.718 6.0000000000
881  25.608  95.807  20.653 6.0000000000
1083  13.240  62.142  41.754 6.0000000000
1085  17.607  66.986  43.477 6.0000000000
1086  21.816  71.000  44.598 7.0000000000
1087  20.328  63.916  48.732 7.0000000000
1462  17.003  102.398  5.876 6.0000000000
1463  21.332  102.639  9.304 6.0000000000
1464  17.688  99.047  13.072 6.0000000000
1590  16.268  33.933  59.589 6.0000000000
2130  20.332  81.003  35.651 7.0000000000
2131  23.219  77.863  39.952 7.0000000000
2136  14.826  52.371  50.133 7.0000000000
2137  16.606  41.491  57.890 6.0000000000
2138  17.477  49.119  55.590 6.0000000000
2139  18.790  56.679  52.545 6.0000000000
2797  22.139  106.409  -0.731 6.0000000000
2798  24.163  105.494  0.773 6.0000000000
2799  22.571  105.201  3.161 6.0000000000
2800  21.635  90.496  27.345 6.0000000000
2810  20.061  106.591  -2.199 6.0000000000
2811  21.745  107.333  -4.561 6.0000000000
3003  14.711  60.963  44.110 6.0000000000
3004  15.383  64.562  42.482 6.0000000000
3005  16.859  63.348  45.136 7.0000000000
3006  19.020  65.581  46.137 7.0000000000
3007  18.247  61.986  47.969 7.0000000000
3398  17.392  100.885  9.491 7.0000000000
3399  15.570  98.404  11.142 6.0000000000
3401  15.968  94.315  17.690 6.0000000000
4080  21.694  100.674  13.175 6.0000000000
4081  23.462  101.740  11.026 6.0000000000
4082  23.749  99.671  14.966 6.0000000000
4691  16.799  71.795  39.339 6.0000000000
4693  17.454  75.354  37.571 6.0000000000
4694  18.106  78.766  35.605 7.0000000000
4695  19.702  77.653  37.898 7.0000000000
4696  21.836  79.609  37.845 7.0000000000
4697  21.191  76.190  40.145 7.0000000000
4709  12.970  50.130  49.089 6.0000000000
4710  14.287  48.662  51.604 6.0000000000
4711  17.907  35.630  61.181 7.0000000000
4712  16.383  37.702  58.814 6.0000000000
4713  18.124  39.426  60.305 6.0000000000
4714  20.841  48.600  58.586 6.0000000000
4715  18.901  47.099  57.996 6.0000000000
4716  19.457  50.907  56.564 6.0000000000
4717  18.076  52.936  54.164 6.0000000000
4718  20.093  54.662  54.939 6.0000000000
6192  21.914  96.039  20.547 6.0000000000
6193  23.843  97.381  18.801 6.0000000000
6194  23.778  94.867  22.554 6.0000000000
6557  11.751  63.310  39.757 6.0000000000
6559  13.874  65.700  40.184 6.0000000000
6560  16.094  68.188  40.929 6.0000000000
6561  18.354  70.615  41.783 6.0000000000
6562  20.504  72.726  42.289 7.0000000000
6563  19.780  69.175  44.274 7.0000000000
6564  21.086  67.453  46.682 7.0000000000
7252  18.742  104.279  3.799 6.0000000000
7253  20.881  104.325  5.431 6.0000000000
7254  19.173  102.871  7.570 6.0000000000
7255  19.553  101.099  11.328 7.0000000000
7256  19.798  99.067  15.019 6.0000000000
7257  15.844  96.505  14.509 6.0000000000
7258  17.878  96.918  16.544 6.0000000000
7259  19.926  96.751  18.551 6.0000000000
7262  19.607  88.376  28.154 6.0000000000
7540  8.313  62.199  37.989 6.0000000000
7543  9.766  61.049  39.604 6.0000000000
7544  11.227  59.808  41.354 6.0000000000
7545  12.659  58.591  43.404 6.0000000000
7546  14.079  57.366  45.783 7.0000000000
7548  14.749  32.138  57.847 6.0000000000
7550  17.754  31.857  61.905 6.0000000000
8193  23.031  103.627  7.084 6.0000000000
8196  25.608  98.172  16.720 6.0000000000
8957  18.710  82.048  33.366 6.0000000000
8958  20.872  84.270  33.159 6.0000000000
8959  22.426  82.905  35.315 7.0000000000
8962  22.538  74.463  42.348 7.0000000000
8975  13.482  53.753  47.472 7.0000000000
8976  15.457  56.066  48.514 7.0000000000
8977  14.779  35.861  57.143 6.0000000000
8978  14.895  39.591  56.323 6.0000000000
8979  15.173  43.332  55.349 6.0000000000
8980  18.448  43.246  59.229 6.0000000000
8981  16.978  45.300  56.820 6.0000000000
8982  15.610  47.076  54.219 6.0000000000
8983  16.133  50.861  52.907 6.0000000000
8984  16.765  54.628  51.404 7.0000000000
8985  17.492  58.335  49.752 7.0000000000
8986  19.555  60.336  50.735 6.0000000000
10477  21.305  106.083  0.440 6.0000000000
10478  22.350  105.846  1.208 6.0000000000
10479  21.513  105.501  2.367 6.0000000000
10480  21.490  88.992  28.902 6.0000000000
10481  22.489  89.913  28.420 6.0000000000
10488  19.392  105.548  0.821 6.0000000000
10490  20.254  106.138  -0.312 6.0000000000
10491  21.107  106.592  -1.472 6.0000000000
10683  15.439  60.355  45.428 7.0000000000
10684  15.777  62.160  44.594 6.0000000000
10685  16.500  61.539  45.979 7.0000000000
10686  17.567  62.694  46.545 7.0000000000
10687  17.196  60.881  47.415 7.0000000000
11760  21.803  99.615  15.072 6.0000000000
11761  22.739  100.239  14.078 6.0000000000
11762  22.827  99.151  15.991 6.0000000000
12371  17.937  73.024  39.666 6.0000000000
12372  17.133  73.585  38.476 6.0000000000
12373  18.267  74.798  38.743 7.0000000000
12374  18.588  76.549  37.778 7.0000000000
12375  19.380  75.923  38.932 7.0000000000
12376  20.464  76.958  39.026 7.0000000000
12377  20.136  75.225  40.085 7.0000000000
12391  18.784  36.415  61.835 6.0000000000
12392  18.004  37.528  60.769 7.0000000000
12393  18.903  38.314  61.384 7.0000000000
12395  20.150  49.787  57.620 6.0000000000
12396  20.440  51.666  56.825 6.0000000000
12397  19.764  52.792  55.774 6.0000000000
12398  20.749  53.535  55.986 6.0000000000
14155  24.390  104.808  2.745 6.0000000000
14156  25.109  104.769  1.512 6.0000000000
14157  25.320  104.034  3.490 6.0000000000
14160  21.896  94.729  22.319 6.0000000000
14161  22.867  95.507  21.552 6.0000000000
14162  22.815  94.185  23.356 6.0000000000
14194  22.547  107.492  -5.764 6.0000000000
14768  12.498  62.723  40.714 6.0000000000
14769  12.798  64.487  39.934 6.0000000000
14770  13.552  63.918  40.957 6.0000000000
14771  16.490  65.785  42.966 6.0000000000
14772  15.737  66.374  41.698 6.0000000000
14773  16.860  67.609  42.173 6.0000000000
14774  17.228  69.427  41.376 6.0000000000
14775  17.985  68.807  42.643 6.0000000000
14776  19.085  69.930  43.031 7.0000000000
14777  18.711  68.125  43.932 7.0000000000
14778  19.685  64.786  47.448 7.0000000000
14779  20.070  66.564  46.473 7.0000000000
14780  20.711  65.684  47.705 7.0000000000
15952  17.880  103.408  4.862 6.0000000000
15953  18.955  103.628  5.686 6.0000000000
15954  18.094  102.725  6.719 6.0000000000
15955  17.551  100.003  11.285 6.0000000000
15956  18.477  101.074  10.405 7.0000000000
15957  18.624  100.139  12.238 7.0000000000
15958  19.692  100.116  13.189 7.0000000000
15959  18.745  99.135  14.051 6.0000000000
15962  14.959  95.125  15.110 6.0000000000
15963  16.949  94.470  18.756 6.0000000000
15964  16.916  95.663  17.166 6.0000000000
15965  17.928  95.746  18.205 6.0000000000
15966  18.905  96.908  17.551 6.0000000000
15967  18.944  95.688  19.235 6.0000000000
15968  19.950  95.491  20.260 6.0000000000
15996  17.661  103.990  3.008 6.0000000000
16566  7.621  62.689  37.163 6.0000000000
16576  10.503  60.429  40.444 6.0000000000
16580  12.381  56.820  44.249 6.0000000000
16581  13.372  57.983  44.548 6.0000000000
16582  13.079  56.198  45.393 7.0000000000
16589  18.590  32.628  62.605 6.0000000000
18000  21.109  103.529  7.367 6.0000000000
18001  21.961  104.070  6.261 6.0000000000
18002  22.191  103.207  8.215 6.0000000000
18004  24.276  102.072  9.874 6.0000000000
18008  24.761  96.646  19.729 6.0000000000
18009  24.760  97.839  17.794 6.0000000000
18010  25.632  97.011  18.692 6.0000000000
19841  19.235  79.926  35.674 7.0000000000
19842  18.423  80.414  34.516 6.0000000000
19843  19.534  81.570  34.521 7.0000000000
19844  19.804  83.205  33.312 6.0000000000
19845  20.615  82.643  34.433 7.0000000000
19846  21.666  83.628  34.248 7.0000000000
19847  21.394  81.999  35.533 7.0000000000
19848  22.544  78.775  38.915 7.0000000000
19849  22.852  80.457  37.671 7.0000000000
19850  23.533  79.549  38.699 7.0000000000
19853  21.173  71.902  43.456 7.0000000000
19854  21.532  73.641  42.377 7.0000000000
19855  22.180  72.745  43.497 7.0000000000
19886  13.885  51.238  49.571 6.0000000000
19887  13.217  51.941  48.296 6.0000000000
19888  14.159  53.073  48.775 7.0000000000
19889  14.456  54.905  47.951 7.0000000000
19890  15.129  54.223  49.337 7.0000000000
19891  15.497  33.043  58.721 6.0000000000
19892  14.757  33.998  57.505 6.0000000000
19893  15.526  34.916  58.364 6.0000000000
19894  16.479  39.592  58.372 6.0000000000
19895  15.637  38.667  57.564 6.0000000000
19896  15.737  40.551  57.111 6.0000000000
19897  15.011  41.462  55.854 6.0000000000
19898  15.878  42.442  56.621 6.0000000000
19900  19.210  42.116  60.313 6.0000000000
19901  19.404  44.041  59.708 6.0000000000
19902  18.183  48.145  56.837 6.0000000000
19903  17.927  46.229  57.472 6.0000000000
19904  17.215  47.206  56.229 6.0000000000
19905  16.283  46.217  55.532 6.0000000000
19906  16.528  48.115  54.924 6.0000000000
19907  15.862  48.965  53.586 6.0000000000
19908  16.794  50.023  54.272 6.0000000000
19909  18.421  54.818  53.376 6.0000000000
19910  17.411  53.823  52.818 6.0000000000
19911  17.768  55.695  52.022 6.0000000000
19912  17.123  56.488  50.595 7.0000000000
19913  18.143  57.549  51.188 7.0000000000
19914  18.523  59.385  50.308 7.0000000000
19915  19.171  58.518  51.668 6.0000000000
23467  22.944  106.591  -1.927 6.0000000000
23469  23.161  106.045  0.021 6.0000000000
23470  23.387  105.420  1.982 6.0000000000
23471  23.615  104.708  3.949 6.0000000000
23472  21.750  91.959  25.731 6.0000000000
23473  22.732  92.814  25.108 6.0000000000
23474  22.623  91.389  26.795 6.0000000000
23491  20.731  107.399  -5.251 6.0000000000
23492  20.916  107.033  -3.371 6.0000000000
23837  13.977  61.558  42.884 6.0000000000
23838  14.298  63.345  42.074 6.0000000000
23839  15.039  62.760  43.288 6.0000000000
23840  16.127  63.967  43.772 6.0000000000
23841  17.229  65.163  44.303 6.0000000000
23842  18.328  66.312  44.809 7.0000000000
23843  17.945  64.501  45.676 7.0000000000
23844  18.632  63.787  47.055 7.0000000000
23845  19.296  63.003  48.420 7.0000000000
24548  17.208  101.688  7.692 7.0000000000
24549  16.298  100.523  8.594 6.0000000000
24550  16.471  99.702  10.345 6.0000000000
24551  16.627  98.801  12.095 6.0000000000
24552  14.149  92.631  17.089 6.0000000000
24553  15.022  94.057  16.644 6.0000000000
24554  15.052  92.904  18.122 6.0000000000
25776  21.534  101.681  11.245 6.0000000000
25777  22.410  102.267  10.173 6.0000000000
25778  22.599  101.274  12.133 6.0000000000
25779  23.630  100.728  13.004 6.0000000000
25782  26.421  96.088  19.589 6.0000000000
26875  15.656  70.525  38.987 6.0000000000
26877  15.990  72.312  38.172 6.0000000000
26878  16.314  74.085  37.309 6.0000000000
26879  16.634  75.825  36.404 6.0000000000
26880  16.962  77.520  35.446 6.0000000000
26881  17.777  77.084  36.620 7.0000000000
26882  18.913  78.259  36.761 7.0000000000
26883  20.023  79.345  36.807 7.0000000000
26884  21.099  80.351  36.757 7.0000000000
26885  20.785  78.671  37.920 7.0000000000
26886  21.520  77.909  39.020 7.0000000000
26887  22.220  77.071  40.104 7.0000000000
26888  22.441  70.022  45.694 6.0000000000
26889  22.807  71.772  44.579 6.0000000000
26908  12.735  48.321  49.846 6.0000000000
26909  13.628  49.406  50.330 6.0000000000
26910  14.547  50.514  50.891 6.0000000000
26911  17.068  34.799  60.421 7.0000000000
26912  16.316  35.816  59.219 6.0000000000
26913  17.139  36.691  60.034 7.0000000000
26914  17.234  38.585  59.605 6.0000000000
26915  17.357  40.484  59.129 6.0000000000
26916  20.590  46.697  59.336 6.0000000000
26917  19.627  45.974  59.062 6.0000000000
26918  19.877  47.893  58.366 6.0000000000
26919  19.169  49.009  57.305 6.0000000000
26920  18.461  50.057  56.151 6.0000000000
26921  17.762  51.033  54.903 6.0000000000
26922  18.762  51.961  55.415 6.0000000000
26923  19.088  53.848  54.628 6.0000000000
26924  19.440  55.715  53.796 6.0000000000
26925  19.809  57.561  52.921 6.0000000000
26926  20.442  56.516  54.065 6.0000000000
29808  21.904  97.296  18.754 6.0000000000
29809  22.872  97.998  17.870 6.0000000000
29810  22.886  96.781  19.721 6.0000000000
29811  23.829  96.149  20.689 6.0000000000
29812  24.718  95.407  21.649 6.0000000000
29815  25.542  94.562  22.589 6.0000000000
29855  21.567  107.686  -6.446 6.0000000000
29856  22.385  107.819  -7.653 6.0000000000
30664  14.633  65.138  41.284 6.0000000000
30665  14.974  66.938  40.517 6.0000000000
30666  15.315  68.735  39.760 6.0000000000
30667  16.450  69.995  40.153 6.0000000000
30668  17.589  71.233  40.546 6.0000000000
30669  18.711  72.404  40.876 7.0000000000
30670  19.799  73.481  41.108 7.0000000000
30671  19.448  71.718  42.091 7.0000000000
30672  20.146  70.962  43.300 7.0000000000
30673  20.811  70.135  44.493 7.0000000000
30674  19.404  67.378  45.215 7.0000000000
30675  20.445  68.349  45.494 7.0000000000
30676  21.452  69.230  45.653 7.0000000000
32302  19.600  105.012  2.704 6.0000000000
32303  20.663  105.016  3.500 6.0000000000
32304  19.809  104.392  4.608 6.0000000000
32305  20.028  103.669  6.521 6.0000000000
32306  20.251  102.841  8.433 6.0000000000
32307  18.298  101.941  8.566 7.0000000000
32308  19.379  102.020  9.451 7.0000000000
32309  20.456  101.932  10.346 6.0000000000
32310  20.627  100.964  12.253 6.0000000000
32311  20.754  99.939  14.136 6.0000000000
32312  20.842  98.850  15.980 6.0000000000
32314  15.725  97.491  12.841 6.0000000000
32315  16.757  97.826  13.829 6.0000000000
32316  15.924  95.448  16.127 6.0000000000
32317  16.854  96.780  15.525 6.0000000000
32318  17.799  98.018  14.831 6.0000000000
32319  18.839  98.058  15.825 6.0000000000
32320  19.876  97.945  16.807 6.0000000000
32323  20.938  95.167  21.285 6.0000000000
32329  20.628  89.489  27.797 6.0000000000
32330  20.470  87.967  29.287 6.0000000000
32358  18.528  104.833  1.928 6.0000000000
33090  9.030  61.647  38.797 6.0000000000
33091  9.994  62.764  38.808 6.0000000000
33092  10.740  62.167  39.648 6.0000000000
33093  11.481  61.561  40.544 6.0000000000
33094  12.214  60.961  41.516 6.0000000000
33096  11.945  59.197  42.340 6.0000000000
33097  12.944  60.367  42.570 6.0000000000
33098  13.670  59.770  43.711 6.0000000000
33099  14.394  59.165  44.943 7.0000000000
33100  15.106  58.546  46.268 7.0000000000
33104  15.476  31.184  59.062 6.0000000000
33105  16.228  32.060  59.937 6.0000000000
33107  16.956  31.048  61.119 6.0000000000
33108  17.009  32.914  60.778 7.0000000000
33109  17.826  33.736  61.554 6.0000000000
33110  18.681  34.515  62.236 6.0000000000
34881  21.732  104.836  4.310 6.0000000000
34882  22.800  104.462  5.121 6.0000000000
34883  23.842  103.903  5.917 6.0000000000
34884  23.256  102.712  9.051 6.0000000000
34885  24.064  103.016  7.890 6.0000000000
34886  24.823  103.185  6.697 6.0000000000
34890  23.817  98.556  16.896 6.0000000000
34891  24.711  98.978  15.845 6.0000000000
37095  20.274  86.414  30.709 6.0000000000
37117  17.288  79.174  34.421 6.0000000000
37118  17.595  80.806  33.329 6.0000000000
37120  18.970  83.673  32.168 6.0000000000
37121  20.050  84.824  32.048 6.0000000000
37122  21.105  85.877  31.818 6.0000000000
37123  21.911  85.242  32.901 6.0000000000
37124  22.686  84.518  33.957 6.0000000000
37125  23.422  83.712  34.989 6.0000000000
37126  22.140  81.273  36.612 7.0000000000
37127  23.146  82.100  36.362 6.0000000000
37132  20.853  74.465  41.235 7.0000000000
37133  21.881  75.360  41.256 7.0000000000
37134  22.886  76.166  41.164 7.0000000000
37135  23.169  73.493  43.409 6.0000000000
37136  23.521  75.189  42.193 6.0000000000
37173  12.798  54.412  46.242 7.0000000000
37174  13.771  55.562  46.629 7.0000000000
37175  14.776  56.729  47.111 7.0000000000
37176  15.800  57.900  47.675 7.0000000000
37177  14.009  33.071  56.669 6.0000000000
37178  14.008  34.922  56.333 6.0000000000
37179  14.027  36.772  55.970 6.0000000000
37180  15.569  36.790  57.980 6.0000000000
37181  14.821  37.724  56.752 6.0000000000
37182  14.076  38.624  55.567 6.0000000000
37183  14.165  40.474  55.119 6.0000000000
37184  14.302  42.322  54.631 6.0000000000
37185  14.486  44.170  54.102 6.0000000000
37186  19.044  40.210  60.876 6.0000000000
37187  18.271  41.329  59.789 6.0000000000
37188  17.511  42.394  58.612 6.0000000000
37189  18.658  45.175  58.635 6.0000000000
37190  17.701  44.311  58.060 6.0000000000
37191  16.772  43.396  57.372 6.0000000000
37192  16.063  44.330  56.095 6.0000000000
37193  15.377  45.200  54.806 6.0000000000
37194  14.706  46.025  53.528 6.0000000000
37195  14.947  47.889  52.904 6.0000000000
37196  15.205  49.761  52.235 6.0000000000
37197  15.482  51.639  51.519 6.0000000000
37198  17.085  51.930  53.571 6.0000000000
37199  16.432  52.752  52.178 6.0000000000
37200  15.786  53.510  50.757 7.0000000000
37201  16.119  55.369  49.958 7.0000000000
37202  16.471  57.217  49.131 7.0000000000
37203  16.831  59.055  48.281 7.0000000000
37204  17.866  60.168  48.873 7.0000000000
37205  18.907  61.204  49.380 7.0000000000
37206  19.941  62.136  49.749 7.0000000000
37207  20.187  59.384  51.996 6.0000000000
37208  20.569  61.184  51.009 6.0000000000
37209  20.951  62.965  49.971 6.0000000000
41197  20.881  105.866  1.016 6.0000000000
41198  21.408  105.802  1.401 6.0000000000
41199  20.984  105.580  1.974 6.0000000000
41200  21.406  88.226  29.658 6.0000000000
41201  21.911  88.705  29.446 6.0000000000
41202  21.822  87.934  30.204 6.0000000000
41204  21.726  87.155  30.943 6.0000000000
41208  19.925  105.603  1.201 6.0000000000
41209  19.823  105.859  0.258 6.0000000000
41210  20.354  105.885  0.635 6.0000000000
41211  20.781  106.133  0.062 6.0000000000
41403  15.797  60.044  46.118 7.0000000000
41404  15.968  60.949  45.697 7.0000000000
41405  16.323  60.633  46.402 7.0000000000
41406  16.852  61.215  46.692 7.0000000000
41407  16.672  60.307  47.121 7.0000000000
42480  21.841  99.061  16.006 6.0000000000
42481  22.319  99.400  15.534 6.0000000000
42482  22.351  98.838  16.472 6.0000000000
43091  18.498  73.609  39.806 7.0000000000
43092  18.104  73.913  39.209 7.0000000000
43093  18.664  74.493  39.332 7.0000000000
43094  18.827  75.372  38.849 7.0000000000
43095  19.217  75.049  39.432 7.0000000000
43096  19.763  75.582  39.509 7.0000000000
43097  19.598  74.710  40.017 7.0000000000
43112  18.841  37.365  61.617 6.0000000000
43115  20.777  51.078  57.317 6.0000000000
43116  20.925  52.013  56.902 6.0000000000
43117  20.592  52.602  56.410 6.0000000000
44875  24.500  104.434  3.732 6.0000000000
44876  24.866  104.439  3.120 6.0000000000
44877  24.972  104.052  4.108 6.0000000000
44878  25.422  103.637  4.480 6.0000000000
44879  25.077  103.645  5.097 6.0000000000
44880  21.872  94.056  23.193 6.0000000000
44881  22.360  94.470  22.839 6.0000000000
44882  22.329  93.793  23.718 6.0000000000
45488  12.870  62.433  41.223 6.0000000000
45489  13.021  63.317  40.826 6.0000000000
45490  13.395  63.030  41.353 6.0000000000
45491  17.049  66.391  43.223 6.0000000000
45492  16.675  66.697  42.569 6.0000000000
45493  17.237  67.304  42.819 6.0000000000
45494  17.424  68.216  42.414 6.0000000000
45495  17.797  67.898  43.062 6.0000000000
45496  18.352  68.474  43.287 6.0000000000
45497  18.162  67.566  43.716 6.0000000000
45498  20.009  64.361  48.094 7.0000000000
45499  20.202  65.247  47.593 7.0000000000
45500  20.520  64.801  48.218 7.0000000000
45501  21.025  65.217  48.310 6.0000000000
45502  20.834  64.335  48.835 6.0000000000
46672  17.444  102.920  5.376 6.0000000000
46673  17.987  103.080  5.792 6.0000000000
46674  17.550  102.584  6.297 6.0000000000
46675  17.622  99.534  12.181 6.0000000000
46676  18.089  100.091  11.761 6.0000000000
46677  18.156  99.610  12.664 6.0000000000
46678  18.688  99.646  13.148 6.0000000000
46679  18.217  99.110  13.562 6.0000000000
46683  17.450  94.502  19.290 6.0000000000
46684  17.437  95.121  18.494 6.0000000000
46685  17.943  95.133  19.019 6.0000000000
46686  18.436  95.735  18.721 6.0000000000
46687  18.449  95.110  19.542 6.0000000000
46716  17.335  103.231  4.455 6.0000000000
47300  12.244  55.936  44.672 6.0000000000
47301  12.730  56.510  44.810 6.0000000000
47302  12.590  55.622  45.234 6.0000000000
48720  21.222  103.094  8.335 6.0000000000
48721  21.651  103.390  7.791 6.0000000000
48722  21.763  102.941  8.765 6.0000000000
48728  25.194  96.239  20.192 6.0000000000
48729  25.206  96.844  19.219 6.0000000000
48730  25.626  96.414  19.674 6.0000000000
50561  19.788  80.475  35.674 7.0000000000
50562  19.388  80.750  35.105 7.0000000000
50563  19.937  81.297  35.089 7.0000000000
50564  20.078  82.117  34.489 7.0000000000
50565  20.477  81.824  35.049 7.0000000000
50566  21.009  82.331  34.986 7.0000000000
50567  20.867  81.512  35.604 7.0000000000
50568  22.885  78.328  39.438 7.0000000000
50569  23.043  79.174  38.822 7.0000000000
50570  23.378  78.708  39.332 7.0000000000
50573  21.498  71.461  44.031 7.0000000000
50574  21.679  72.335  43.492 7.0000000000
50575  21.999  71.876  44.054 7.0000000000
50606  14.353  51.802  49.842 6.0000000000
50607  14.020  52.156  49.177 7.0000000000
50608  14.494  52.725  49.449 7.0000000000
50609  14.641  53.647  49.047 7.0000000000
50610  14.974  53.298  49.739 7.0000000000
50611  15.879  33.491  59.158 6.0000000000
50612  15.510  33.979  58.545 6.0000000000
50613  15.897  34.429  58.979 6.0000000000
50614  16.538  40.540  58.136 6.0000000000
50615  16.106  40.078  57.743 6.0000000000
50616  16.168  41.025  57.505 6.0000000000
50617  15.802  41.496  56.871 6.0000000000
50618  16.239  41.974  57.258 6.0000000000
50620  19.782  43.448  60.210 6.0000000000
50621  19.885  44.414  59.891 6.0000000000
50622  17.828  48.640  56.224 6.0000000000
50623  17.695  47.683  56.548 6.0000000000
50624  17.343  48.162  55.915 6.0000000000
50625  16.869  47.668  55.583 6.0000000000
50626  16.998  48.623  55.266 6.0000000000
50627  16.658  49.069  54.604 6.0000000000
50628  17.132  49.580  54.938 6.0000000000
50629  18.603  55.751  52.965 6.0000000000
50630  18.093  55.268  52.710 6.0000000000
50631  18.278  56.199  52.300 6.0000000000
50632  17.954  56.624  51.611 6.0000000000
50633  18.467  57.125  51.879 6.0000000000
50634  18.657  58.046  51.446 6.0000000000
50635  18.980  57.601  52.113 6.0000000000
54472  22.546  106.518  -1.326 6.0000000000
54473  23.051  106.327  -0.955 6.0000000000
54474  22.651  106.250  -0.356 6.0000000000
54475  22.460  105.534  2.183 6.0000000000
54476  22.870  105.657  1.595 6.0000000000
54477  22.983  105.329  2.575 6.0000000000
54478  23.501  105.076  2.965 6.0000000000
54479  23.097  104.979  3.557 6.0000000000
54480  21.695  91.233  26.546 6.0000000000
54481  22.191  91.686  26.266 6.0000000000
54482  22.132  90.957  27.083 6.0000000000
54507  19.092  106.213  -1.980 6.0000000000
54508  19.531  106.518  -2.557 6.0000000000
54510  19.967  106.790  -3.138 6.0000000000
54511  20.398  107.026  -3.724 6.0000000000
54512  20.491  106.830  -2.782 6.0000000000
54513  21.625  106.523  -1.103 6.0000000000
54514  21.526  106.765  -2.061 6.0000000000
54515  22.038  106.664  -1.695 6.0000000000
55088  14.344  61.262  43.485 6.0000000000
55089  14.505  62.158  43.075 6.0000000000
55090  14.873  61.862  43.697 6.0000000000
55091  16.317  62.756  44.861 7.0000000000
55092  15.950  63.063  44.182 6.0000000000
55093  16.496  63.661  44.447 6.0000000000
55094  16.678  64.569  44.036 6.0000000000
55095  17.043  64.254  44.718 7.0000000000
55096  17.590  64.838  44.987 7.0000000000
55097  17.402  63.931  45.411 7.0000000000
55098  17.910  62.348  47.256 7.0000000000
55099  18.100  63.251  46.811 7.0000000000
55100  18.439  62.888  47.513 7.0000000000
55101  18.967  63.405  47.740 7.0000000000
55102  18.773  62.507  48.211 7.0000000000
56276  15.931  99.490  9.885 6.0000000000
56277  16.016  99.065  10.750 6.0000000000
56278  16.551  99.261  11.221 6.0000000000
56279  16.097  98.621  11.614 6.0000000000
56280  14.160  92.057  17.794 6.0000000000
56281  14.597  92.776  17.599 6.0000000000
56282  14.605  92.185  18.311 6.0000000000
58320  21.620  101.183  12.213 6.0000000000
58321  22.069  101.496  11.691 6.0000000000
58322  22.152  100.990  12.664 6.0000000000
58323  23.249  99.971  14.523 6.0000000000
58324  23.191  100.500  13.550 6.0000000000
58325  23.696  100.206  13.988 6.0000000000
58326  24.127  100.408  13.436 6.0000000000
58327  24.188  99.881  14.425 6.0000000000
60151  16.227  71.162  39.163 6.0000000000
60152  15.824  71.419  38.586 6.0000000000
60153  16.396  72.059  38.750 6.0000000000
60154  17.295  74.473  38.028 6.0000000000
60155  16.724  73.843  37.890 6.0000000000
60156  16.884  74.726  37.444 6.0000000000
60157  16.473  74.960  36.862 6.0000000000
60158  17.044  75.601  36.987 6.0000000000
60159  17.205  76.463  36.519 6.0000000000
60160  17.614  76.225  37.102 7.0000000000
60161  19.148  77.112  37.850 7.0000000000
60162  18.749  77.410  37.278 7.0000000000
60163  19.310  77.968  37.331 7.0000000000
60164  19.472  78.813  36.796 7.0000000000
60165  19.863  78.504  37.360 7.0000000000
60166  20.407  79.020  37.365 7.0000000000
60167  20.248  78.172  37.922 7.0000000000
60168  20.833  76.582  39.586 7.0000000000
60169  20.996  77.443  39.035 7.0000000000
60170  21.357  77.051  39.588 7.0000000000
60171  21.874  77.498  39.565 7.0000000000
60172  21.709  76.642  40.138 7.0000000000
60206  13.833  48.118  51.314 6.0000000000
60207  13.505  48.492  50.692 6.0000000000
60208  13.957  49.037  50.963 6.0000000000
60209  14.085  49.957  50.601 6.0000000000
60210  14.415  49.587  51.254 6.0000000000
60211  17.482  35.219  60.812 7.0000000000
60212  17.101  35.745  60.232 7.0000000000
60213  17.522  36.167  60.618 7.0000000000
60214  18.061  38.477  60.544 7.0000000000
60215  17.617  38.063  60.198 7.0000000000
60216  17.674  39.012  59.969 6.0000000000
60217  17.292  39.533  59.373 6.0000000000
60218  17.739  39.961  59.727 6.0000000000
60219  20.712  47.653  58.967 6.0000000000
60220  20.232  47.305  58.863 6.0000000000
60221  20.361  48.257  58.494 6.0000000000
60222  19.803  50.355  57.103 6.0000000000
60223  19.661  49.409  57.481 6.0000000000
60224  19.311  49.959  56.941 6.0000000000
60225  18.815  49.541  56.740 6.0000000000
60226  18.959  50.493  56.377 6.0000000000
60227  18.608  51.011  55.790 6.0000000000
60228  19.109  51.443  56.002 6.0000000000
60229  19.926  53.729  55.361 6.0000000000
60230  19.426  53.330  55.214 6.0000000000
60231  19.593  54.266  54.802 6.0000000000
60232  19.261  54.784  54.217 6.0000000000
60233  19.766  55.199  54.380 6.0000000000
60234  19.944  56.126  53.949 6.0000000000
60235  20.265  55.591  54.507 6.0000000000
65505  24.048  105.806  -0.212 6.0000000000
65508  25.548  104.350  1.875 6.0000000000
65520  21.912  96.675  19.653 6.0000000000
65521  22.398  97.054  19.237 6.0000000000
65522  22.401  96.428  20.145 6.0000000000
65523  23.328  95.200  22.055 6.0000000000
65524  23.350  95.846  21.133 6.0000000000
65525  23.808  95.514  21.625 6.0000000000
65526  24.281  95.791  21.171 6.0000000000
65527  24.252  95.155  22.114 6.0000000000
65528  23.165  92.498  25.626 6.0000000000
65529  23.216  93.193  24.756 6.0000000000
65534  25.097  94.359  23.074 6.0000000000
65618  21.241  107.391  -4.908 6.0000000000
65619  21.151  107.561  -5.847 6.0000000000
65620  21.654  107.521  -5.505 6.0000000000
65622  22.462  107.669  -6.710 6.0000000000
67343  11.375  63.604  39.304 6.0000000000
67345  11.892  64.184  39.370 6.0000000000
67346  13.333  65.090  40.049 6.0000000000
67347  12.950  65.370  39.551 6.0000000000
67348  13.490  65.977  39.667 6.0000000000
67350  14.037  66.591  39.804 6.0000000000
67351  14.837  63.952  42.267 6.0000000000
67352  14.465  64.240  41.676 6.0000000000
67353  15.009  64.852  41.871 6.0000000000
67354  15.916  67.282  41.312 6.0000000000
67355  15.357  66.659  41.096 6.0000000000
67356  15.532  67.563  40.715 6.0000000000
67357  15.145  67.837  40.139 6.0000000000
67358  15.707  68.465  40.335 6.0000000000
67359  15.881  69.365  39.952 6.0000000000
67360  16.273  69.093  40.544 6.0000000000
67361  17.794  70.030  41.589 6.0000000000
67362  17.410  70.331  40.967 6.0000000000
67363  17.975  70.932  41.162 6.0000000000
67364  18.154  71.829  40.722 6.0000000000
67365  18.534  71.512  41.335 7.0000000000
67366  19.084  72.069  41.484 7.0000000000
67367  18.906  71.178  41.951 7.0000000000
67368  19.437  69.561  43.654 7.0000000000
67369  19.621  70.457  43.180 7.0000000000
67370  19.964  70.071  43.791 7.0000000000
67371  20.482  70.558  43.899 7.0000000000
67372  20.300  69.666  44.398 7.0000000000
67373  18.677  65.954  45.475 7.0000000000
67374  18.870  66.857  45.027 7.0000000000
67375  19.213  66.479  45.677 7.0000000000
67376  20.582  67.020  46.593 7.0000000000
67377  20.259  67.456  45.985 7.0000000000
67378  20.768  67.909  46.092 7.0000000000
67379  20.951  68.801  45.588 7.0000000000
67380  21.269  68.341  46.169 7.0000000000
67381  21.766  68.751  46.218 6.0000000000
67382  21.584  67.865  46.741 6.0000000000
70897  19.171  104.662  3.255 6.0000000000
70898  19.704  104.714  3.654 6.0000000000
70899  19.276  104.357  4.202 6.0000000000
70900  19.064  103.262  6.629 6.0000000000
70901  19.491  103.671  6.102 6.0000000000
70902  19.602  103.287  7.051 6.0000000000
70903  20.140  103.267  7.477 6.0000000000
70904  19.711  102.878  8.000 6.0000000000
70905  17.303  101.297  8.593 7.0000000000
70906  17.755  101.837  8.127 7.0000000000
70907  17.849  101.428  9.038 7.0000000000
70908  19.016  101.107  10.866 7.0000000000
70909  18.932  101.562  9.937 7.0000000000
70910  19.471  101.567  10.390 7.0000000000
70911  19.917  101.997  9.897 6.0000000000
70912  20.009  101.531  10.845 7.0000000000
70913  20.547  101.455  11.301 6.0000000000
70914  20.091  101.051  11.790 7.0000000000
70915  19.748  99.600  14.109 6.0000000000
70916  20.224  100.047  13.663 7.0000000000
70917  20.277  99.520  14.587 7.0000000000
70918  20.802  99.403  15.063 6.0000000000
70919  20.322  98.976  15.501 6.0000000000
70923  15.347  96.324  14.011 6.0000000000
70925  15.789  97.007  13.681 6.0000000000
70926  16.239  97.675  13.332 6.0000000000
70927  16.298  97.176  14.179 6.0000000000
70928  15.491  94.197  17.163 6.0000000000
70929  15.469  94.758  16.396 6.0000000000
70930  15.950  94.892  16.915 6.0000000000
70931  17.396  96.304  16.867 6.0000000000
70932  16.889  96.230  16.352 6.0000000000
70933  17.365  96.867  16.035 6.0000000000
70934  17.325  97.413  15.189 6.0000000000
70935  17.842  97.477  15.694 6.0000000000
70936  18.319  98.057  15.330 6.0000000000
70937  18.359  97.504  16.196 6.0000000000
70938  19.417  96.848  18.052 6.0000000000
70939  19.391  97.443  17.190 6.0000000000
70940  19.904  97.357  17.684 6.0000000000
70944  20.430  96.620  19.050 6.0000000000
70946  20.447  95.344  20.771 6.0000000000
70962  20.120  88.945  27.988 6.0000000000
70963  20.554  88.731  28.550 6.0000000000
70964  20.041  88.185  28.723 6.0000000000
71028  18.204  104.157  3.401 6.0000000000
71029  18.096  104.428  2.472 6.0000000000
71030  18.636  104.567  2.861 6.0000000000
71031  19.066  104.944  2.313 6.0000000000
72738  7.964  62.452  37.579 6.0000000000
72763  9.396  61.352  39.199 6.0000000000
72764  9.506  62.203  38.798 6.0000000000
72765  9.877  61.908  39.205 6.0000000000
72766  10.367  62.468  39.223 6.0000000000
72767  10.248  61.605  39.618 6.0000000000
72768  10.866  60.118  40.889 6.0000000000
72769  10.987  60.991  40.485 6.0000000000
72770  11.352  60.685  40.945 6.0000000000
72771  11.848  61.259  41.020 6.0000000000
72772  11.716  60.380  41.425 6.0000000000
72776  12.166  58.010  43.284 6.0000000000
72777  11.812  58.315  42.761 6.0000000000
72778  12.302  58.894  42.862 6.0000000000
72779  12.440  59.779  42.445 6.0000000000
72780  12.800  59.479  42.985 6.0000000000
72781  13.307  60.070  43.129 6.0000000000
72782  13.161  59.178  43.545 6.0000000000
72783  13.727  57.676  45.154 7.0000000000
72784  13.880  58.573  44.733 6.0000000000
72785  14.237  58.266  45.362 7.0000000000
72786  14.752  58.858  45.594 7.0000000000
72787  14.590  57.955  46.014 7.0000000000
72794  15.848  31.624  59.502 6.0000000000
72795  16.209  31.131  60.106 6.0000000000
72799  17.721  30.926  62.076 6.0000000000
72800  17.322  30.529  61.689 6.0000000000
72801  17.351  31.457  61.521 6.0000000000
72802  16.982  31.978  60.950 6.0000000000
72803  17.381  32.391  61.350 7.0000000000
72804  17.413  33.330  61.176 7.0000000000
72805  17.789  32.794  61.732 6.0000000000
72807  18.634  33.569  62.423 6.0000000000
77040  20.770  104.683  4.465 6.0000000000
77041  21.196  104.950  3.904 6.0000000000
77042  21.307  104.599  4.874 6.0000000000
77043  22.499  103.871  6.674 6.0000000000
77044  22.383  104.285  5.695 6.0000000000
77045  22.916  104.056  6.102 6.0000000000
77046  23.327  104.205  5.521 6.0000000000
77047  23.441  103.782  6.504 6.0000000000
77048  22.941  102.021  10.601 6.0000000000
77049  22.837  102.507  9.618 6.0000000000
77050  23.362  102.232  10.038 6.0000000000
77052  24.172  102.550  8.880 6.0000000000
77053  24.558  102.659  8.289 6.0000000000
77054  24.451  103.117  7.297 6.0000000000
77063  23.363  97.705  18.336 6.0000000000
77064  23.349  98.294  17.394 6.0000000000
77065  23.835  97.976  17.851 6.0000000000
77066  25.194  98.019  17.264 6.0000000000
77067  24.742  98.415  16.822 6.0000000000
77068  25.169  98.588  16.283 6.0000000000
77072  26.426  96.682  18.595 6.0000000000
82507  19.745  85.857  30.823 6.0000000000
82561  17.534  78.153  35.536 6.0000000000
82562  17.126  78.351  34.943 6.0000000000
82563  17.698  78.982  35.016 6.0000000000
82564  18.570  81.232  33.948 6.0000000000
82565  18.010  80.622  33.926 6.0000000000
82566  18.155  81.437  33.359 6.0000000000
82568  18.292  82.251  32.779 6.0000000000
82569  18.423  83.061  32.188 6.0000000000
82570  18.843  82.862  32.773 6.0000000000
82571  20.341  83.749  33.248 6.0000000000
82572  19.929  84.017  32.688 6.0000000000
82573  20.464  84.559  32.606 6.0000000000
82574  20.581  85.363  31.947 6.0000000000
82575  20.991  85.077  32.498 6.0000000000
82576  21.511  85.571  32.363 6.0000000000
82577  21.395  84.768  33.043 6.0000000000
82578  22.050  83.276  34.784 7.0000000000
82579  22.180  84.085  34.116 7.0000000000
82580  22.559  83.713  34.644 7.0000000000
82581  23.059  84.125  34.476 6.0000000000
82582  22.928  83.321  35.166 6.0000000000
82583  21.471  79.992  37.303 7.0000000000
82584  21.624  80.823  36.697 7.0000000000
82585  21.990  80.446  37.236 7.0000000000
82586  23.346  80.845  37.542 7.0000000000
82587  23.001  81.284  37.025 7.0000000000
82588  23.492  81.665  36.876 6.0000000000
82598  20.157  73.112  41.700 7.0000000000
82599  20.330  73.984  41.185 7.0000000000
82600  20.680  73.598  41.767 7.0000000000
82601  22.037  74.064  42.378 7.0000000000
82602  21.708  74.502  41.821 7.0000000000
82603  22.213  74.920  41.805 7.0000000000
82604  22.387  75.775  41.225 7.0000000000
82605  22.713  75.316  41.760 7.0000000000
82607  22.989  72.636  44.000 6.0000000000
82612  23.692  76.033  41.574 6.0000000000
82699  13.347  52.847  47.888 7.0000000000
82701  13.007  53.185  47.267 7.0000000000
82702  12.667  53.518  46.664 6.0000000000
82703  13.140  54.085  46.847 7.0000000000
82704  13.280  54.984  46.424 7.0000000000
82705  13.623  54.658  47.052 7.0000000000
82706  14.954  55.485  48.223 7.0000000000
82707  14.614  55.818  47.532 7.0000000000
82708  15.119  56.401  47.805 7.0000000000
82709  15.287  57.315  47.385 7.0000000000
82710  15.628  56.984  48.096 7.0000000000
82711  14.383  31.683  57.416 6.0000000000
82713  14.380  32.607  57.251 6.0000000000
82714  14.766  34.929  57.328 6.0000000000
82715  14.384  34.464  56.911 6.0000000000
82716  14.391  35.392  56.734 6.0000000000
82717  14.014  35.847  56.156 6.0000000000
82718  14.403  36.321  56.549 6.0000000000
82719  16.347  36.759  59.021 6.0000000000
82720  15.942  36.309  58.601 6.0000000000
82721  15.972  37.249  58.400 6.0000000000
82722  15.265  39.134  56.940 6.0000000000
82723  15.226  38.197  57.156 6.0000000000
82724  14.853  38.657  56.542 6.0000000000
82725  14.447  38.178  56.152 6.0000000000
82726  14.483  39.108  55.939 6.0000000000
82727  14.115  39.549  55.348 6.0000000000
82728  14.528  40.038  55.714 6.0000000000
82729  15.086  42.397  55.606 6.0000000000
82730  14.654  41.898  55.237 6.0000000000
82731  14.735  42.827  54.984 6.0000000000
82732  14.388  43.245  54.372 6.0000000000
82733  14.827  43.756  54.722 6.0000000000
82737  18.828  42.688  59.783 6.0000000000
82738  18.738  41.730  60.069 6.0000000000
82739  18.355  42.286  59.514 6.0000000000
82740  17.889  41.869  59.210 6.0000000000
82741  17.976  42.827  58.936 6.0000000000
82742  19.263  46.547  58.541 6.0000000000
82743  19.143  45.583  58.868 6.0000000000
82744  18.776  46.139  58.322 6.0000000000
82745  17.448  45.771  57.159 6.0000000000
82746  17.810  45.270  57.771 6.0000000000
82747  17.336  44.815  57.447 6.0000000000
82748  17.232  43.859  57.727 6.0000000000
82749  16.870  44.348  57.100 6.0000000000
82750  16.414  43.872  56.737 6.0000000000
82751  16.517  44.819  56.463 6.0000000000
82752  15.945  46.653  54.877 6.0000000000
82753  15.828  45.711  55.169 6.0000000000
82754  15.491  46.137  54.518 6.0000000000
82755  15.040  45.617  54.165 6.0000000000
82756  15.157  46.551  53.868 6.0000000000
82757  14.824  46.956  53.222 6.0000000000
82758  15.278  47.488  53.560 6.0000000000
82759  15.994  49.913  53.252 6.0000000000
82760  15.533  49.369  52.911 6.0000000000
82761  15.667  50.313  52.569 6.0000000000
82762  15.340  50.700  51.883 6.0000000000
82763  15.807  51.257  52.214 6.0000000000
82764  17.915  51.987  54.540 6.0000000000
82765  17.420  51.491  54.246 6.0000000000
82766  17.576  52.443  53.880 6.0000000000
82767  17.087  54.235  52.117 6.0000000000
82768  16.917  53.295  52.504 6.0000000000
82769  16.595  53.692  51.796 6.0000000000
82770  16.109  53.138  51.469 6.0000000000
82771  16.273  54.073  51.080 7.0000000000
82772  15.949  54.441  50.361 7.0000000000
82773  16.443  55.005  50.683 7.0000000000
82774  17.307  57.413  50.178 7.0000000000
82775  16.799  56.859  49.865 7.0000000000
82776  16.980  57.782  49.445 7.0000000000
82777  16.650  58.137  48.709 7.0000000000
82778  17.163  58.702  49.018 7.0000000000
82779  17.348  59.619  48.583 7.0000000000
82780  17.678  59.253  49.317 7.0000000000
82781  19.040  59.874  50.540 7.0000000000
82782  18.714  60.296  49.849 7.0000000000
82783  19.233  60.781  50.067 7.0000000000
82784  19.427  61.683  49.583 7.0000000000
82785  19.748  61.238  50.248 7.0000000000
82786  20.310  57.966  53.053 6.0000000000
82787  19.997  58.475  52.466 6.0000000000
82788  20.498  58.877  52.585 6.0000000000
82792  20.760  62.076  50.495 6.0000000000
92587  21.725  106.264  -0.142 6.0000000000
92588  22.243  106.137  0.237 6.0000000000
92589  21.828  105.987  0.822 6.0000000000
92590  21.934  105.692  1.791 6.0000000000
92591  22.042  105.375  2.763 6.0000000000
92592  21.567  89.748  28.131 6.0000000000
92593  22.066  90.217  27.885 6.0000000000
92594  21.993  89.466  28.673 6.0000000000
92612  20.682  106.383  -0.889 6.0000000000
92613  21.205  106.346  -0.517 6.0000000000
92957  15.077  60.661  44.758 7.0000000000
92958  15.242  61.561  44.342 6.0000000000
92959  15.607  61.258  45.010 7.0000000000
92960  16.141  61.852  45.278 7.0000000000
92961  16.678  62.443  45.556 7.0000000000
92962  17.217  63.026  45.837 7.0000000000
92963  17.033  62.122  46.264 7.0000000000
92964  17.381  61.789  46.980 7.0000000000
92965  17.721  61.442  47.701 7.0000000000
94896  21.755  100.152  14.128 6.0000000000
94897  22.220  100.474  13.629 6.0000000000
94898  22.276  99.945  14.586 6.0000000000
94899  22.789  99.703  15.039 6.0000000000
94900  23.294  99.428  15.489 6.0000000000
95995  17.370  72.418  39.509 6.0000000000
95996  16.968  72.692  38.913 6.0000000000
95997  17.538  73.312  39.068 6.0000000000
95998  17.702  74.201  38.617 6.0000000000
95999  17.863  75.085  38.155 7.0000000000
96000  18.023  75.962  37.684 7.0000000000
96001  18.428  75.677  38.266 7.0000000000
96002  18.987  76.246  38.355 7.0000000000
96003  19.541  76.792  38.421 7.0000000000
96004  20.087  77.315  38.463 7.0000000000
96005  19.926  76.451  38.991 7.0000000000
96006  20.301  76.093  39.560 7.0000000000
96007  20.667  75.718  40.128 7.0000000000
96030  14.163  47.739  51.944 6.0000000000
96031  18.341  36.029  61.523 6.0000000000
96032  17.953  36.579  60.981 7.0000000000
96033  18.393  36.979  61.315 7.0000000000
96034  18.450  37.928  61.094 7.0000000000
96035  18.512  38.877  60.858 7.0000000000
96036  20.975  49.540  58.192 6.0000000000
96037  20.495  49.202  58.114 6.0000000000
96038  20.634  50.142  57.721 6.0000000000
96039  20.292  50.728  57.228 6.0000000000
96040  19.950  51.297  56.713 6.0000000000
96041  19.607  51.852  56.175 6.0000000000
96042  20.102  52.237  56.311 6.0000000000
96043  20.259  53.174  55.897 6.0000000000
96044  20.421  54.108  55.474 6.0000000000
96045  20.588  55.038  55.041 6.0000000000
99207  24.278  105.161  1.759 6.0000000000
99208  24.646  105.151  1.144 6.0000000000
99209  24.758  104.806  2.132 6.0000000000
99210  25.217  104.412  2.500 6.0000000000
99211  25.651  103.983  2.865 6.0000000000
99216  21.910  95.390  21.436 7.0000000000
99217  22.396  95.787  21.049 6.0000000000
99218  22.382  95.134  21.948 7.0000000000
99219  22.845  94.852  22.459 7.0000000000
99220  23.298  94.543  22.968 6.0000000000
99276  22.150  107.431  -5.161 6.0000000000
100310  12.126  63.016  40.226 6.0000000000
100311  12.270  63.894  39.837 6.0000000000
100312  12.647  63.605  40.322 6.0000000000
100313  13.176  64.203  40.435 6.0000000000
100314  13.713  64.809  40.568 6.0000000000
100315  15.934  65.174  42.717 6.0000000000
100316  15.559  65.467  42.087 6.0000000000
100317  16.115  66.083  42.322 6.0000000000
100318  16.297  66.993  41.931 6.0000000000
100319  16.479  67.903  41.542 6.0000000000
100320  16.661  68.811  41.153 6.0000000000
100321  17.045  68.519  41.777 6.0000000000
100322  17.610  69.125  42.005 6.0000000000
100323  18.171  69.713  42.218 6.0000000000
100324  18.724  70.281  42.406 7.0000000000
100325  18.540  69.380  42.851 7.0000000000
100326  18.900  69.029  43.486 7.0000000000
100327  19.251  68.662  44.119 7.0000000000
100328  19.356  65.193  46.795 7.0000000000
100329  19.549  66.085  46.322 7.0000000000
100330  19.878  65.675  46.960 7.0000000000
100331  20.393  66.133  47.092 7.0000000000
100332  20.900  66.567  47.193 7.0000000000
100333  21.400  66.981  47.263 6.0000000000
100334  21.214  66.098  47.786 6.0000000000
102442  18.312  103.861  4.336 6.0000000000
102443  18.848  103.967  4.742 6.0000000000
102444  18.419  103.541  5.273 6.0000000000
102445  18.527  103.193  6.209 6.0000000000
102446  18.634  102.820  7.144 6.0000000000
102447  17.475  100.453  10.389 6.0000000000
102448  17.936  101.000  9.947 7.0000000000
102449  18.016  100.554  10.855 7.0000000000
102450  18.554  100.615  11.323 7.0000000000
102451  19.091  100.635  11.792 7.0000000000
102452  19.627  100.616  12.261 7.0000000000
102453  19.158  100.147  12.714 7.0000000000
102454  19.219  99.642  13.629 6.0000000000
102455  19.272  99.120  14.536 6.0000000000
102460  15.397  95.821  14.819 6.0000000000
102461  16.455  94.406  18.222 6.0000000000
102462  16.439  94.998  17.440 6.0000000000
102463  16.935  95.076  17.967 6.0000000000
102464  17.420  95.722  17.686 6.0000000000
102465  17.906  96.341  17.380 6.0000000000
102466  18.392  96.932  17.049 6.0000000000
102467  18.417  96.342  17.890 6.0000000000
102468  18.928  96.306  18.398 6.0000000000
102469  19.436  96.235  18.904 6.0000000000
102470  19.941  96.129  19.410 6.0000000000
102471  19.448  95.606  19.748 6.0000000000
102521  17.224  103.517  3.536 6.0000000000
102522  17.771  103.711  3.933 6.0000000000
103564  10.136  60.740  40.017 6.0000000000
103571  12.031  57.128  43.707 6.0000000000
103572  12.520  57.704  43.825 6.0000000000
103573  13.016  58.288  43.965 6.0000000000
103574  12.873  57.398  44.387 6.0000000000
103575  13.225  57.091  44.970 6.0000000000
103576  13.575  56.780  45.576 7.0000000000
103586  18.129  31.314  62.441 6.0000000000
103587  18.167  32.248  62.268 6.0000000000
103588  18.548  31.692  62.782 6.0000000000
106128  20.994  103.940  6.399 6.0000000000
106129  21.421  104.222  5.846 6.0000000000
106130  21.536  103.818  6.818 6.0000000000
106131  22.076  103.649  7.237 6.0000000000
106132  22.614  103.435  7.654 6.0000000000
106133  23.970  101.428  11.448 6.0000000000
106134  23.875  101.923  10.454 6.0000000000
106142  24.310  97.028  19.265 6.0000000000
106143  24.309  97.627  18.307 6.0000000000
106144  24.766  97.249  18.762 6.0000000000
106145  25.206  97.438  18.242 6.0000000000
106146  25.627  97.597  17.708 6.0000000000
109441  18.674  79.357  35.652 7.0000000000
109442  18.267  79.593  35.069 7.0000000000
109443  18.832  80.182  35.099 7.0000000000
109444  18.982  81.002  34.530 7.0000000000
109445  19.125  81.821  33.947 6.0000000000
109446  19.260  82.637  33.351 6.0000000000
109447  19.672  82.388  33.923 6.0000000000
109448  20.213  82.934  33.875 7.0000000000
109449  20.746  83.458  33.803 7.0000000000
109450  21.273  83.959  33.706 7.0000000000
109451  21.144  83.147  34.353 7.0000000000
109452  21.533  82.815  34.898 7.0000000000
109453  21.914  82.464  35.437 7.0000000000
109454  22.194  79.202  38.383 7.0000000000
109455  22.349  80.045  37.771 7.0000000000
109456  22.699  79.620  38.300 7.0000000000
109457  23.196  80.014  38.190 7.0000000000
109463  20.843  72.323  42.875 7.0000000000
109464  21.021  73.195  42.347 7.0000000000
109465  21.353  72.775  42.922 7.0000000000
109466  21.859  73.203  42.940 7.0000000000
109467  22.360  73.607  42.928 7.0000000000
109522  13.424  50.680  49.320 6.0000000000
109523  13.092  51.035  48.697 6.0000000000
109524  13.552  51.592  48.926 6.0000000000
109525  13.684  52.504  48.525 7.0000000000
109526  13.822  53.416  48.116 7.0000000000
109527  13.965  54.327  47.700 7.0000000000
109528  14.304  53.990  48.366 7.0000000000
109529  14.795  54.567  48.638 7.0000000000
109530  15.291  55.145  48.928 7.0000000000
109531  15.120  32.592  58.283 6.0000000000
109532  14.752  33.067  57.678 6.0000000000
109533  15.129  33.524  58.111 6.0000000000
109534  15.139  34.458  57.933 6.0000000000
109535  15.153  35.393  57.750 6.0000000000
109536  16.427  38.646  58.598 6.0000000000
109537  16.009  38.190  58.190 6.0000000000
109538  16.054  39.132  57.972 6.0000000000
109539  15.682  39.608  57.343 6.0000000000
109540  15.313  40.073  56.715 6.0000000000
109541  14.947  40.526  56.093 6.0000000000
109542  15.372  41.013  56.481 6.0000000000
109543  15.442  41.954  56.237 6.0000000000
109544  15.523  42.894  55.984 6.0000000000
109547  19.685  42.486  60.519 6.0000000000
109548  19.304  43.076  60.015 6.0000000000
109549  18.925  43.651  59.488 6.0000000000
109550  18.541  47.631  57.428 6.0000000000
109551  18.412  46.673  57.753 6.0000000000
109552  18.052  47.188  57.161 6.0000000000
109553  17.568  46.727  56.859 6.0000000000
109554  17.093  46.252  56.530 6.0000000000
109555  16.627  45.767  56.181 6.0000000000
109556  16.745  46.716  55.887 6.0000000000
109557  16.403  47.164  55.234 6.0000000000
109558  16.067  47.598  54.573 6.0000000000
109559  15.734  48.019  53.908 6.0000000000
109560  16.193  48.547  54.258 6.0000000000
109561  16.324  49.498  53.932 6.0000000000
109562  16.461  50.450  53.594 6.0000000000
109563  18.245  53.880  53.776 6.0000000000
109564  17.740  53.390  53.502 6.0000000000
109565  17.913  54.332  53.111 6.0000000000
109566  17.586  54.761  52.425 6.0000000000
109567  17.263  55.170  51.721 6.0000000000
109568  16.942  55.560  51.003 7.0000000000
109569  17.445  56.101  51.316 7.0000000000
109570  17.631  57.028  50.902 7.0000000000
109571  17.818  57.951  50.478 7.0000000000
109572  18.006  58.870  50.043 7.0000000000
109573  18.332  58.469  50.755 7.0000000000
109574  18.848  58.962  51.000 7.0000000000
109575  19.363  59.430  51.209 6.0000000000
116199  23.441  106.367  -1.560 6.0000000000
116200  23.553  106.090  -0.583 6.0000000000
116201  23.666  105.792  0.398 6.0000000000
116202  22.760  105.963  0.618 6.0000000000
116203  23.273  105.743  1.000 6.0000000000
116204  23.781  105.475  1.381 6.0000000000
116205  23.895  105.136  2.366 6.0000000000
116206  24.008  104.776  3.351 6.0000000000
116207  24.120  104.393  4.336 6.0000000000
116208  21.798  92.672  24.901 6.0000000000
116209  22.290  93.105  24.584 6.0000000000
116210  22.243  92.402  25.433 6.0000000000
116211  22.680  92.108  25.960 6.0000000000
116212  23.109  91.789  26.480 6.0000000000
116213  22.560  90.657  27.615 6.0000000000
116214  23.047  91.067  27.318 6.0000000000
116252  20.306  107.202  -4.660 6.0000000000
116253  20.823  107.226  -4.314 6.0000000000
116254  21.334  107.200  -3.964 6.0000000000
116256  21.430  106.991  -3.015 6.0000000000
116257  21.841  107.126  -3.611 6.0000000000
117059  13.609  61.851  42.307 6.0000000000
117060  13.766  62.741  41.903 6.0000000000
117061  14.136  62.451  42.477 6.0000000000
117062  14.669  63.054  42.669 6.0000000000
117063  15.209  63.660  42.882 6.0000000000
117064  15.409  62.462  43.930 6.0000000000
117065  15.580  63.364  43.521 6.0000000000
117066  15.756  64.268  43.117 6.0000000000
117067  16.308  64.875  43.367 6.0000000000
117068  16.862  65.479  43.628 6.0000000000
117069  17.418  66.074  43.890 6.0000000000
117070  17.971  66.656  44.141 7.0000000000
117071  17.780  65.746  44.564 7.0000000000
117072  18.136  65.406  45.242 7.0000000000
117073  18.484  65.052  45.920 7.0000000000
117074  17.755  63.598  46.110 7.0000000000
117075  18.292  64.152  46.366 7.0000000000
117076  18.826  64.684  46.596 7.0000000000
117077  19.161  64.300  47.268 7.0000000000
117078  19.491  63.896  47.935 7.0000000000
117079  19.815  63.473  48.594 7.0000000000
118718  17.108  102.055  6.786 6.0000000000
118720  16.755  101.121  8.151 6.0000000000
118721  16.846  100.726  9.040 6.0000000000
118723  16.387  100.123  9.470 6.0000000000
118724  16.931  100.310  9.927 6.0000000000
118725  17.012  99.873  10.813 6.0000000000
118726  17.087  99.418  11.698 6.0000000000
118727  17.157  98.944  12.582 6.0000000000
118728  14.130  93.184  16.370 6.0000000000
118729  14.559  93.895  16.135 6.0000000000
118730  14.582  93.347  16.874 6.0000000000
118731  15.040  93.491  17.390 6.0000000000
118732  15.506  93.615  17.916 6.0000000000
118734  15.516  93.012  18.656 6.0000000000
118735  15.981  93.717  18.451 6.0000000000
118736  16.466  93.794  18.991 6.0000000000
121584  21.437  102.167  10.275 6.0000000000
121585  21.872  102.473  9.740 6.0000000000
121586  21.975  101.991  10.716 6.0000000000
121587  22.509  101.775  11.153 6.0000000000
121588  23.036  101.524  11.586 6.0000000000
121589  22.676  100.762  13.109 6.0000000000
121590  23.120  101.017  12.570 6.0000000000
121591  23.551  101.239  12.015 6.0000000000
121592  24.054  100.923  12.442 6.0000000000
121595  26.003  95.352  21.109 6.0000000000
121596  26.025  95.961  20.127 6.0000000000
121597  26.405  95.486  20.577 6.0000000000
124152  16.562  72.953  38.326 6.0000000000
124153  16.153  73.201  37.746 6.0000000000
124156  16.066  75.174  36.281 6.0000000000
124157  16.228  76.028  35.819 6.0000000000
124158  16.391  76.870  35.343 6.0000000000
124159  16.797  76.678  35.933 6.0000000000
124160  17.369  77.314  36.036 6.0000000000
124161  17.941  77.931  36.122 7.0000000000
124162  18.184  76.829  37.201 7.0000000000
124163  18.347  77.683  36.702 7.0000000000
124164  18.511  78.525  36.186 7.0000000000
124165  19.075  79.097  36.227 7.0000000000
124166  19.632  79.647  36.243 7.0000000000
124167  20.180  80.178  36.237 7.0000000000
124168  20.719  80.688  36.206 7.0000000000
124169  20.565  79.858  36.794 7.0000000000
124170  20.943  79.516  37.346 7.0000000000
124171  21.315  79.150  37.895 7.0000000000
124172  20.626  77.818  38.480 7.0000000000
124173  21.156  78.300  38.472 7.0000000000
124174  21.679  78.762  38.440 7.0000000000
124175  22.036  78.353  38.980 7.0000000000
124176  22.384  77.925  39.515 7.0000000000
124177  22.724  77.479  40.043 7.0000000000
124178  22.131  70.520  45.153 6.0000000000
124179  22.314  71.398  44.605 6.0000000000
124180  22.624  70.900  45.143 6.0000000000
124224  12.851  49.225  49.473 6.0000000000
124226  13.178  48.861  50.078 6.0000000000
124227  13.299  49.770  49.704 6.0000000000
124228  13.755  50.321  49.955 6.0000000000
124229  14.217  50.879  50.227 6.0000000000
124230  14.684  51.443  50.517 6.0000000000
124231  16.663  34.370  60.012 7.0000000000
124232  16.290  34.874  59.408 6.0000000000
124233  16.691  35.313  59.827 7.0000000000
124234  16.722  36.258  59.634 6.0000000000
124235  16.760  37.202  59.431 6.0000000000
124236  17.566  37.115  60.414 7.0000000000
124237  17.183  37.638  59.825 6.0000000000
124238  16.803  38.148  59.218 6.0000000000
124239  16.854  39.094  58.994 6.0000000000
124240  16.913  40.043  58.760 6.0000000000
124241  16.979  40.994  58.515 6.0000000000
124242  20.474  45.735  59.692 6.0000000000
124243  19.994  45.381  59.561 6.0000000000
124244  20.110  46.346  59.218 6.0000000000
124245  19.749  46.936  58.721 6.0000000000
124246  19.390  47.506  58.200 6.0000000000
124247  20.011  48.842  57.999 6.0000000000
124248  19.523  48.460  57.847 6.0000000000
124249  19.032  48.056  57.657 6.0000000000
124250  18.676  48.587  57.090 6.0000000000
124251  18.320  49.101  56.500 6.0000000000
124252  17.966  49.598  55.887 6.0000000000
124253  17.616  50.077  55.252 6.0000000000
124254  18.110  50.555  55.538 6.0000000000
124255  18.259  51.509  55.177 6.0000000000
124256  18.416  52.459  54.803 6.0000000000
124257  19.264  52.389  55.614 6.0000000000
124258  18.922  52.907  55.028 6.0000000000
124259  18.581  53.405  54.415 6.0000000000
124260  18.753  54.344  54.015 6.0000000000
124261  18.931  55.279  53.605 6.0000000000
124262  19.114  56.208  53.184 6.0000000000
124263  19.301  57.132  52.753 6.0000000000
124264  19.622  56.641  53.364 6.0000000000
124265  20.125  57.049  53.506 6.0000000000
124266  20.623  57.436  53.613 6.0000000000
124267  20.760  55.964  54.599 6.0000000000
128803  13.721  91.914  17.290 6.0000000000
128804  13.729  91.337  17.976 6.0000000000
131376  21.890  97.901  17.847 6.0000000000
131377  22.374  98.260  17.402 6.0000000000
131378  22.390  97.665  18.324 6.0000000000
131379  22.883  97.397  18.798 6.0000000000
131380  23.368  97.099  19.273 6.0000000000
131381  22.880  96.151  20.639 6.0000000000
131382  23.363  96.480  20.205 6.0000000000
131383  23.841  96.772  19.747 6.0000000000
131384  24.301  96.416  20.220 6.0000000000
131385  24.745  96.032  20.692 6.0000000000
131386  25.171  95.623  21.161 6.0000000000
131387  22.777  93.506  24.240 6.0000000000
131388  23.260  93.874  23.869 6.0000000000
131392  24.215  94.507  23.048 6.0000000000
131393  24.683  94.770  22.598 6.0000000000
131394  25.138  94.997  22.122 6.0000000000
131395  25.580  95.190  21.625 6.0000000000
131396  25.970  94.733  22.082 6.0000000000
131504  22.060  107.614  -6.106 6.0000000000
131505  21.978  107.772  -7.048 6.0000000000
133690  12.417  64.772  39.452 6.0000000000
133696  13.926  63.633  41.503 6.0000000000
133697  14.090  64.526  41.110 6.0000000000
133698  14.255  65.421  40.722 6.0000000000
133699  15.183  65.755  41.481 6.0000000000
133700  14.804  66.038  40.898 6.0000000000
133701  14.422  66.316  40.339 6.0000000000
133702  14.588  67.212  39.961 6.0000000000
133703  14.755  68.106  39.584 6.0000000000
133705  15.486  69.631  39.378 6.0000000000
133706  16.055  70.264  39.563 6.0000000000
133707  16.626  70.896  39.752 6.0000000000
133708  16.841  69.717  40.758 6.0000000000
133709  17.020  70.619  40.354 6.0000000000
133710  17.197  71.520  39.938 6.0000000000
133711  17.765  72.130  40.112 6.0000000000
133712  18.328  72.722  40.269 7.0000000000
133713  18.884  73.290  40.405 7.0000000000
133714  19.431  73.834  40.516 7.0000000000
133715  19.259  72.955  41.005 7.0000000000
133716  19.625  72.602  41.605 7.0000000000
133717  19.980  72.233  42.204 7.0000000000
133718  19.268  70.826  42.566 7.0000000000
133719  19.801  71.348  42.697 7.0000000000
133720  20.326  71.847  42.800 7.0000000000
133721  20.663  71.444  43.392 7.0000000000
133722  20.992  71.021  43.979 7.0000000000
133723  21.316  70.579  44.560 7.0000000000
133724  18.520  67.219  44.373 7.0000000000
133725  19.062  67.760  44.576 7.0000000000
133726  19.594  68.277  44.748 7.0000000000
133727  19.740  66.979  45.848 7.0000000000
133728  19.929  67.875  45.370 7.0000000000
133729  20.116  68.771  44.888 7.0000000000
133730  20.628  69.243  44.997 7.0000000000
133731  21.133  69.692  45.078 7.0000000000
133732  21.634  70.117  45.130 7.0000000000
133733  21.948  69.637  45.689 6.0000000000
133734  22.258  69.140  46.236 6.0000000000
138172  20.028  105.329  2.148 6.0000000000
138173  20.558  105.325  2.540 6.0000000000
138174  20.131  105.036  3.100 6.0000000000
138175  20.236  104.721  4.058 6.0000000000
138176  20.344  104.382  5.018 6.0000000000
138177  19.382  104.028  5.152 6.0000000000
138178  19.917  104.044  5.565 6.0000000000
138179  20.455  104.015  5.980 6.0000000000
138180  20.568  103.622  6.943 6.0000000000
138181  20.681  103.203  7.905 6.0000000000
138182  20.791  102.761  8.868 6.0000000000
138183  17.655  102.223  7.214 6.0000000000
138184  18.198  102.344  7.644 6.0000000000
138185  18.739  102.421  8.076 6.0000000000
138186  18.392  101.516  9.486 7.0000000000
138187  18.839  102.001  9.007 7.0000000000
138188  19.279  102.455  8.511 6.0000000000
138189  19.818  102.446  8.948 6.0000000000
138190  20.357  102.395  9.389 6.0000000000
138191  20.897  102.302  9.832 6.0000000000
138192  20.996  101.827  10.796 6.0000000000
138193  21.085  101.338  11.758 6.0000000000
138194  21.162  100.837  12.715 6.0000000000
138195  20.162  100.557  12.730 7.0000000000
138196  20.696  100.459  13.199 6.0000000000
138197  21.227  100.324  13.665 6.0000000000
138198  21.281  99.795  14.606 6.0000000000
138199  21.324  99.250  15.537 6.0000000000
138200  21.359  98.687  16.457 6.0000000000
138206  15.652  97.957  11.994 6.0000000000
138207  16.172  98.157  12.476 6.0000000000
138208  16.696  98.323  12.966 6.0000000000
138209  17.221  98.451  13.460 6.0000000000
138210  14.995  94.601  15.884 6.0000000000
138211  15.438  95.299  15.615 6.0000000000
138212  15.889  95.986  15.325 6.0000000000
138213  16.416  95.570  16.645 6.0000000000
138214  16.386  96.123  15.837 6.0000000000
138215  16.346  96.658  15.015 6.0000000000
138216  16.810  97.312  14.683 6.0000000000
138217  17.277  97.941  14.330 6.0000000000
138218  17.747  98.542  13.957 6.0000000000
138219  18.272  98.593  14.452 6.0000000000
138220  18.796  98.605  14.944 6.0000000000
138221  19.319  98.579  15.432 6.0000000000
138222  18.876  97.492  16.694 6.0000000000
138223  19.358  98.020  16.317 6.0000000000
138224  19.840  98.515  15.919 6.0000000000
138227  21.385  98.106  17.368 6.0000000000
138228  21.405  97.508  18.269 6.0000000000
138229  21.418  96.893  19.162 6.0000000000
138230  21.426  96.263  20.047 6.0000000000
138231  20.441  95.989  19.915 6.0000000000
138232  20.938  95.819  20.420 6.0000000000
138233  21.427  95.619  20.927 6.0000000000
138234  21.422  94.962  21.801 6.0000000000
138248  21.196  90.750  26.800 6.0000000000
138250  20.693  90.239  27.031 6.0000000000
138251  21.133  90.006  27.583 6.0000000000
138252  21.063  89.253  28.352 6.0000000000
138253  20.983  88.492  29.107 6.0000000000
138254  20.894  87.723  29.846 6.0000000000
138335  18.960  105.206  1.377 6.0000000000
138336  19.496  105.289  1.760 6.0000000000
140452  8.668  61.930  38.395 6.0000000000
140453  9.140  62.490  38.392 6.0000000000
140457  10.867  63.033  39.256 6.0000000000
140458  11.241  62.735  39.694 6.0000000000
140459  10.619  61.299  40.043 6.0000000000
140460  11.112  61.864  40.087 6.0000000000
140461  11.614  62.435  40.148 6.0000000000
140462  11.985  62.138  40.620 6.0000000000
140463  12.354  61.842  41.112 6.0000000000
140464  12.723  61.548  41.625 6.0000000000
140467  11.104  58.931  41.769 6.0000000000
140469  11.458  58.622  42.256 6.0000000000
140470  11.586  59.501  41.838 6.0000000000
140471  12.078  60.079  41.925 6.0000000000
140472  12.579  60.664  42.032 6.0000000000
140473  13.090  61.255  42.159 6.0000000000
140474  13.456  60.961  42.716 6.0000000000
140475  13.822  60.665  43.296 6.0000000000
140476  14.187  60.366  43.899 6.0000000000
140477  13.521  58.876  44.128 6.0000000000
140478  14.033  59.469  44.315 6.0000000000
140479  14.552  60.064  44.525 6.0000000000
140480  14.914  59.760  45.175 7.0000000000
140481  15.273  59.451  45.847 7.0000000000
140482  15.626  59.136  46.541 7.0000000000
140490  15.114  31.664  58.453 6.0000000000
140491  15.486  32.111  58.893 6.0000000000
140492  15.863  32.555  59.332 6.0000000000
140493  16.247  32.995  59.766 6.0000000000
140499  16.570  30.631  60.702 6.0000000000
140500  16.592  31.558  60.534 6.0000000000
140501  16.615  32.491  60.364 6.0000000000
140502  16.638  33.428  60.190 6.0000000000
140503  17.038  33.855  60.602 7.0000000000
140504  17.446  34.273  60.997 7.0000000000
140505  17.865  34.682  61.371 6.0000000000
140506  18.207  33.187  62.090 6.0000000000
140507  18.249  34.131  61.908 6.0000000000
140508  18.294  35.079  61.720 6.0000000000
140509  18.731  35.464  62.040 6.0000000000
145665  21.089  105.276  2.937 6.0000000000
145666  21.621  105.180  3.337 6.0000000000
145667  22.154  105.037  3.739 6.0000000000
145668  21.845  104.466  5.285 6.0000000000
145669  22.267  104.673  4.716 6.0000000000
145670  22.685  104.844  4.140 6.0000000000
145671  23.212  104.604  4.539 6.0000000000
145672  23.729  104.317  4.933 6.0000000000
145673  24.232  103.988  5.322 6.0000000000
145674  22.303  102.745  9.193 6.0000000000
145675  22.727  102.979  8.635 6.0000000000
145676  23.145  103.178  8.067 6.0000000000
145677  23.773  102.408  9.464 6.0000000000
145678  23.665  102.881  8.475 6.0000000000
145679  23.554  103.340  7.489 6.0000000000
145680  23.954  103.468  6.903 6.0000000000
145681  24.342  103.561  6.309 6.0000000000
145682  24.717  103.620  5.707 6.0000000000
145692  22.854  98.582  16.935 6.0000000000
145693  23.327  98.869  16.445 6.0000000000
145694  23.789  99.121  15.935 6.0000000000
145695  24.296  98.212  17.345 6.0000000000
145696  24.272  98.783  16.379 6.0000000000
145697  24.237  99.339  15.406 6.0000000000
145698  24.667  99.526  14.860 6.0000000000
145701  26.037  96.561  19.141 6.0000000000
145702  26.037  97.151  18.152 6.0000000000
152251  19.952  87.417  29.442 6.0000000000
152252  20.377  87.195  30.008 6.0000000000
152253  20.797  86.945  30.567 6.0000000000
152317  16.556  77.703  34.852 6.0000000000
152318  16.719  78.526  34.345 6.0000000000
152320  17.857  79.804  34.479 6.0000000000
152321  17.445  79.992  33.882 6.0000000000
152328  19.092  84.478  31.547 6.0000000000
152329  19.389  83.451  32.743 6.0000000000
152330  19.512  84.261  32.121 6.0000000000
152331  19.631  85.063  31.482 6.0000000000
152332  20.165  85.624  31.389 6.0000000000
152333  20.692  86.159  31.267 6.0000000000
152334  21.212  86.669  31.118 6.0000000000
152335  21.621  86.367  31.663 6.0000000000
152338  21.791  84.437  33.582 7.0000000000
152339  22.303  84.891  33.432 6.0000000000
152344  21.249  81.178  36.153 7.0000000000
152345  21.772  81.647  36.075 7.0000000000
152346  22.286  82.092  35.971 7.0000000000
152347  22.500  80.877  37.144 7.0000000000
152348  22.648  81.699  36.501 7.0000000000
152349  22.791  82.513  35.841 7.0000000000
152350  23.287  82.909  35.683 6.0000000000
152362  19.969  74.355  40.601 7.0000000000
152363  20.500  74.852  40.660 7.0000000000
152364  21.023  75.328  40.694 7.0000000000
152365  21.197  74.061  41.808 7.0000000000
152366  21.370  74.923  41.259 7.0000000000
152367  21.541  75.783  40.702 7.0000000000
152368  22.052  76.216  40.684 7.0000000000
152369  22.557  76.627  40.637 7.0000000000
152370  23.055  77.015  40.562 7.0000000000
152371  22.496  72.268  44.044 6.0000000000
152372  22.677  73.131  43.470 6.0000000000
152373  22.856  73.987  42.884 6.0000000000
152375  23.346  74.343  42.806 6.0000000000
152376  23.033  74.839  42.288 6.0000000000
152377  23.207  75.687  41.683 6.0000000000
152378  23.377  76.533  41.072 6.0000000000
152379  23.543  77.379  40.456 6.0000000000
152487  12.455  54.734  45.658 6.0000000000
152488  12.936  55.305  45.817 7.0000000000
152489  13.425  55.883  46.000 7.0000000000
152490  13.924  56.465  46.206 7.0000000000
152491  14.115  55.237  47.280 7.0000000000
152492  14.270  56.145  46.858 7.0000000000
152493  14.429  57.051  46.436 7.0000000000
152494  14.941  57.639  46.690 7.0000000000
152495  15.456  58.227  46.963 7.0000000000
152496  15.974  58.813  47.252 7.0000000000
152500  14.380  33.535  57.083 6.0000000000
152501  14.007  33.996  56.504 6.0000000000
152506  15.918  35.369  58.794 6.0000000000
152507  15.545  35.853  58.176 6.0000000000
152508  15.171  36.327  57.560 6.0000000000
152509  15.599  37.728  57.776 6.0000000000
152510  15.195  37.262  57.362 6.0000000000
152511  14.796  36.792  56.952 6.0000000000
152512  14.421  37.249  56.356 6.0000000000
152513  14.047  37.698  55.774 6.0000000000
152518  14.585  40.968  55.480 6.0000000000
152519  14.227  41.399  54.880 6.0000000000
152525  18.970  39.261  61.137 7.0000000000
152526  18.581  39.825  60.609 6.0000000000
152527  19.123  41.160  60.600 6.0000000000
152528  18.656  40.776  60.345 6.0000000000
152529  18.194  40.376  60.053 6.0000000000
152530  17.810  40.913  59.474 6.0000000000
152531  17.430  41.438  58.875 6.0000000000
152532  17.054  41.948  58.261 6.0000000000
152533  19.512  45.008  59.391 6.0000000000
152534  19.030  44.617  59.183 6.0000000000
152535  18.549  44.210  58.937 6.0000000000
152536  18.290  45.712  58.064 6.0000000000
152537  18.177  44.750  58.364 6.0000000000
152538  18.072  43.787  58.654 6.0000000000
152539  17.601  43.352  58.340 6.0000000000
152540  17.138  42.904  57.998 6.0000000000
152541  16.684  42.444  57.636 6.0000000000
152542  16.321  42.923  57.001 6.0000000000
152543  15.965  43.386  56.362 6.0000000000
152544  15.615  43.833  55.722 6.0000000000
152545  16.170  45.273  55.819 6.0000000000
152546  15.718  44.772  55.451 6.0000000000
152547  15.271  44.266  55.083 6.0000000000
152548  14.930  44.686  54.449 6.0000000000
152549  14.592  45.096  53.821 6.0000000000
152551  14.373  46.425  52.896 6.0000000000
152552  14.493  47.352  52.580 6.0000000000
152553  14.617  48.280  52.252 6.0000000000
152554  15.403  48.427  53.241 6.0000000000
152555  15.074  48.824  52.575 6.0000000000
152556  14.744  49.210  51.912 6.0000000000
152557  14.876  50.142  51.561 6.0000000000
152558  15.013  51.076  51.199 6.0000000000
152559  15.155  52.009  50.824 6.0000000000
152560  17.273  50.536  54.599 6.0000000000
152561  16.936  50.978  53.928 6.0000000000
152562  16.605  51.401  53.244 6.0000000000
152563  17.244  52.879  53.200 6.0000000000
152564  16.757  52.350  52.880 6.0000000000
152565  16.278  51.808  52.549 6.0000000000
152566  15.954  52.199  51.848 6.0000000000
152567  15.630  52.576  51.143 6.0000000000
152568  15.304  52.941  50.439 7.0000000000
152569  15.460  53.871  50.045 7.0000000000
152570  15.622  54.798  49.642 7.0000000000
152571  15.791  55.722  49.233 7.0000000000
152572  16.619  55.933  50.277 7.0000000000
152573  16.294  56.294  49.548 7.0000000000
152574  15.963  56.644  48.819 7.0000000000
152575  16.138  57.564  48.400 7.0000000000
152576  16.315  58.481  47.976 7.0000000000
152577  16.493  59.395  47.549 7.0000000000
152578  17.013  59.969  47.850 7.0000000000
152579  17.534  60.532  48.144 7.0000000000
152580  18.056  61.079  48.423 7.0000000000
152581  18.195  59.786  49.597 7.0000000000
152582  18.386  60.698  49.141 7.0000000000
152583  18.579  61.605  48.679 7.0000000000
152584  19.102  62.106  48.903 7.0000000000
152585  19.621  62.581  49.091 7.0000000000
152586  20.134  63.028  49.243 7.0000000000
152587  19.491  58.051  52.309 6.0000000000
152588  19.682  58.963  51.851 6.0000000000
152589  19.873  59.871  51.379 6.0000000000
152590  20.686  59.781  52.103 6.0000000000
152591  20.378  60.286  51.510 6.0000000000
152592  20.065  60.772  50.891 6.0000000000
152593  20.257  61.670  50.390 6.0000000000
152594  20.449  62.562  49.878 6.0000000000
152595  20.642  63.451  49.359 6.0000000000
