#!ascii label  , from subject 40tvs8ref_sym_20 vox2ras=TkReg
1762
37  -0.117  28.322  -60.841 6.0000000000
150  8.639  -3.334  -53.174 7.0000000000
337  2.944  24.431  -67.806 7.0000000000
603  6.313  14.657  -62.703 6.0000000000
604  6.569  6.680  -61.335 7.0000000000
605  -2.580  5.604  -63.237 6.0000000000
641  6.273  -11.813  -48.227 6.0000000000
815  -1.913  31.035  -65.400 6.0000000000
817  1.572  26.991  -64.964 7.0000000000
1343  5.136  17.758  -61.292 7.0000000000
1346  7.698  5.503  -58.707 7.0000000000
1347  7.881  1.548  -57.282 7.0000000000
1348  5.015  2.275  -58.822 7.0000000000
1349  6.774  -2.540  -54.842 7.0000000000
1368  -1.756  19.789  -71.261 7.0000000000
1372  -0.265  11.092  -66.748 6.0000000000
1758  -0.652  24.744  -71.113 6.0000000000
1759  3.203  20.623  -69.214 6.0000000000
2444  2.289  24.504  -60.194 7.0000000000
2445  4.036  22.656  -63.565 7.0000000000
2446  5.406  19.777  -65.783 6.0000000000
2448  6.603  9.176  -59.172 6.0000000000
2449  6.970  10.845  -62.619 6.0000000000
2451  2.675  6.967  -62.869 7.0000000000
2556  8.867  -7.636  -48.958 7.0000000000
2558  8.948  -11.194  -47.024 6.0000000000
2559  7.969  -7.171  -50.951 7.0000000000
2560  4.683  -7.469  -52.339 7.0000000000
2734  -2.669  31.503  -63.051 6.0000000000
2735  -0.839  29.756  -63.187 7.0000000000
2736  -0.059  29.090  -65.350 6.0000000000
2737  0.746  27.796  -63.035 7.0000000000
3265  8.421  -1.475  -53.961 7.0000000000
3266  8.258  0.942  -56.114 7.0000000000
3267  8.342  -0.965  -55.277 7.0000000000
3268  7.493  -0.435  -56.144 7.0000000000
3269  8.063  -2.882  -54.174 7.0000000000
3288  0.168  18.016  -70.213 7.0000000000
3289  -2.738  17.113  -70.715 6.0000000000
3290  -0.870  15.473  -69.522 6.0000000000
3890  1.449  24.847  -69.652 6.0000000000
3891  1.386  22.758  -70.258 7.0000000000
3892  3.288  22.661  -68.711 7.0000000000
5467  3.129  22.411  -59.470 7.0000000000
5468  3.170  23.684  -61.998 7.0000000000
5469  3.969  21.451  -61.151 7.0000000000
5470  5.775  16.308  -62.196 7.0000000000
5471  5.450  18.904  -63.677 7.0000000000
5472  6.007  17.264  -64.398 7.0000000000
5473  5.760  17.932  -66.338 6.0000000000
5474  6.394  15.403  -64.695 6.0000000000
5478  7.469  6.208  -60.095 7.0000000000
5479  7.365  8.225  -60.623 6.0000000000
5480  6.923  8.799  -62.114 7.0000000000
5481  6.282  11.325  -64.182 6.0000000000
5482  5.763  9.178  -63.397 6.0000000000
5483  3.815  9.335  -64.331 6.0000000000
5484  4.949  6.957  -62.282 7.0000000000
5485  3.895  -0.192  -57.455 7.0000000000
5486  2.760  2.124  -59.386 6.0000000000
5557  -3.575  2.826  -61.507 6.0000000000
5752  7.836  -11.362  -47.614 6.0000000000
5753  8.468  -9.248  -48.980 7.0000000000
5754  7.196  -9.358  -49.613 7.0000000000
5755  6.517  -7.197  -51.604 7.0000000000
5756  5.507  -9.716  -50.291 7.0000000000
6078  0.622  28.038  -67.183 6.0000000000
6079  2.336  25.883  -66.568 7.0000000000
7028  5.966  13.631  -60.574 6.0000000000
7031  7.871  2.843  -56.708 7.0000000000
7032  7.946  3.537  -58.127 7.0000000000
7033  7.273  4.136  -59.296 7.0000000000
7034  5.930  4.516  -60.216 7.0000000000
7035  6.776  2.056  -58.154 7.0000000000
7036  5.964  -0.109  -56.801 7.0000000000
7037  4.896  -2.503  -55.506 7.0000000000
7070  -3.813  21.406  -72.126 7.0000000000
7078  -1.426  8.376  -65.046 7.0000000000
7943  -1.048  22.358  -71.394 7.0000000000
7944  0.944  20.449  -70.441 7.0000000000
7945  2.703  18.410  -69.290 6.0000000000
8524  -0.966  28.627  -58.452 6.0000000000
9863  0.339  26.948  -58.366 6.0000000000
9889  1.413  25.134  -58.078 6.0000000000
9890  1.196  26.456  -60.646 7.0000000000
9891  2.075  25.775  -62.631 7.0000000000
9892  2.945  24.863  -64.337 7.0000000000
9893  3.756  23.674  -65.761 7.0000000000
9894  4.753  20.291  -62.572 7.0000000000
9895  4.812  21.361  -64.848 7.0000000000
9896  4.398  22.155  -66.861 7.0000000000
9897  4.744  20.351  -67.629 6.0000000000
9902  6.512  11.949  -60.937 6.0000000000
9903  7.197  7.375  -59.075 6.0000000000
9904  7.013  10.139  -60.930 6.0000000000
9905  6.750  12.810  -62.836 6.0000000000
9906  6.499  13.400  -64.621 6.0000000000
9910  1.310  9.137  -64.872 7.0000000000
9911  0.063  6.498  -63.147 7.0000000000
9912  3.920  4.650  -60.850 7.0000000000
9913  1.463  4.396  -61.266 6.0000000000
9914  -1.081  3.844  -61.535 6.0000000000
10224  8.782  -5.541  -51.039 7.0000000000
10230  9.417  -11.256  -46.147 7.0000000000
10231  9.105  -9.338  -48.105 7.0000000000
10232  8.800  -7.323  -50.111 7.0000000000
10233  8.480  -5.174  -52.149 7.0000000000
10234  7.422  -4.930  -52.914 7.0000000000
10235  5.769  -4.874  -53.564 7.0000000000
10236  3.763  -5.124  -54.343 6.0000000000
10413  -0.865  29.218  -60.854 6.0000000000
10414  -1.253  29.955  -62.018 6.0000000000
10415  -0.436  29.039  -62.023 7.0000000000
10416  -0.014  28.790  -63.146 7.0000000000
10417  0.317  28.092  -61.967 7.0000000000
10945  8.574  -2.411  -53.604 7.0000000000
10946  8.477  -1.231  -54.682 7.0000000000
10947  8.514  -2.170  -54.238 7.0000000000
10948  8.251  -1.916  -54.754 7.0000000000
10949  8.450  -3.104  -53.726 7.0000000000
10968  1.051  17.069  -69.603 7.0000000000
10969  -0.326  16.756  -69.929 7.0000000000
11568  2.081  25.534  -68.242 6.0000000000
11569  1.340  25.774  -69.190 6.0000000000
11570  2.280  24.694  -68.766 7.0000000000
11571  2.401  23.771  -69.201 7.0000000000
11572  3.159  23.585  -68.301 7.0000000000
13146  3.011  21.761  -58.112 7.0000000000
13147  3.430  21.298  -59.023 7.0000000000
13148  3.555  21.955  -60.344 7.0000000000
13149  3.840  20.798  -59.865 7.0000000000
13150  6.056  15.509  -62.501 7.0000000000
13151  5.926  16.821  -63.327 7.0000000000
13152  6.182  15.968  -63.576 7.0000000000
13153  6.226  16.355  -64.597 7.0000000000
13154  6.409  15.064  -63.723 6.0000000000
13158  7.102  6.470  -60.745 7.0000000000
13159  7.199  7.515  -61.096 7.0000000000
13160  6.785  7.747  -61.765 7.0000000000
13161  6.445  9.010  -62.793 7.0000000000
13162  6.185  7.934  -62.365 7.0000000000
13163  5.386  8.074  -62.884 7.0000000000
13164  5.852  6.843  -61.851 7.0000000000
13165  3.338  -1.479  -56.850 6.0000000000
13233  -3.354  6.375  -64.088 6.0000000000
13237  -3.098  4.242  -62.368 6.0000000000
13433  7.517  -10.379  -48.613 7.0000000000
13434  6.745  -10.544  -48.931 7.0000000000
13435  6.386  -9.500  -49.945 7.0000000000
13436  5.892  -10.782  -49.262 6.0000000000
13961  -2.275  31.328  -64.254 6.0000000000
13962  -3.282  32.117  -64.105 6.0000000000
13968  0.788  28.049  -65.194 7.0000000000
13969  0.295  28.613  -66.310 6.0000000000
13970  1.162  27.550  -66.096 6.0000000000
13971  1.510  26.964  -66.911 6.0000000000
13972  1.967  26.479  -65.810 7.0000000000
15553  5.671  14.413  -60.253 7.0000000000
15557  7.896  1.591  -55.630 7.0000000000
15558  8.166  1.242  -56.745 7.0000000000
15559  8.121  2.218  -57.135 7.0000000000
15560  7.952  2.540  -57.744 7.0000000000
15561  7.700  3.859  -58.740 7.0000000000
15562  7.594  2.843  -58.286 7.0000000000
15563  7.061  3.099  -58.764 7.0000000000
15564  7.412  1.831  -57.746 7.0000000000
15565  7.175  -1.465  -55.502 7.0000000000
15566  6.812  -0.232  -56.485 7.0000000000
15567  6.390  -1.321  -55.812 7.0000000000
15568  5.449  -1.275  -56.129 7.0000000000
15569  5.894  -2.469  -55.154 7.0000000000
15623  -2.776  20.616  -71.718 7.0000000000
15624  -4.253  20.018  -71.944 7.0000000000
15625  -3.225  19.259  -71.519 7.0000000000
15626  -3.300  15.746  -70.277 6.0000000000
15637  -0.840  9.761  -65.940 7.0000000000
17430  -1.854  24.480  -71.699 6.0000000000
17431  -2.084  23.242  -71.814 7.0000000000
17432  -0.810  23.583  -71.307 7.0000000000
17433  2.333  21.705  -69.760 7.0000000000
17434  1.210  21.622  -70.400 7.0000000000
17435  2.141  20.594  -69.878 7.0000000000
17436  1.857  19.447  -69.894 7.0000000000
17437  2.997  19.534  -69.304 6.0000000000
22093  -0.066  27.133  -57.166 6.0000000000
22094  0.492  26.281  -57.057 6.0000000000
22158  2.305  23.850  -58.890 7.0000000000
22160  1.847  24.839  -59.179 6.0000000000
22161  1.331  25.795  -59.392 6.0000000000
22162  1.770  25.493  -60.456 7.0000000000
22163  1.637  26.142  -61.677 7.0000000000
22164  2.213  25.145  -61.435 7.0000000000
22165  3.607  23.198  -62.810 7.0000000000
22166  3.093  24.284  -63.185 7.0000000000
22167  3.531  23.771  -63.968 7.0000000000
22168  3.367  24.309  -65.089 7.0000000000
22169  3.950  23.191  -64.688 7.0000000000
22170  4.786  18.414  -60.702 7.0000000000
22171  4.610  19.673  -61.332 7.0000000000
22172  4.973  19.039  -61.962 7.0000000000
22173  5.488  19.381  -64.769 7.0000000000
22174  5.180  20.155  -64.303 7.0000000000
22175  5.133  20.605  -65.358 7.0000000000
22176  4.673  21.792  -65.877 7.0000000000
22177  4.958  20.979  -66.349 7.0000000000
22178  4.621  21.285  -67.293 6.0000000000
22179  5.173  20.098  -66.734 6.0000000000
22190  6.307  10.053  -59.092 6.0000000000
22191  6.296  11.431  -59.958 6.0000000000
22192  6.579  10.564  -60.061 6.0000000000
22193  7.539  5.091  -57.955 7.0000000000
22194  7.230  6.012  -58.120 6.0000000000
22195  7.470  6.452  -58.921 6.0000000000
22196  7.170  9.549  -61.609 6.0000000000
22197  7.215  9.195  -60.806 6.0000000000
22198  7.057  10.530  -61.780 6.0000000000
22199  6.887  11.486  -61.881 6.0000000000
22200  6.894  11.839  -62.769 6.0000000000
22201  6.711  13.132  -63.748 6.0000000000
22202  6.754  12.125  -63.631 6.0000000000
22203  5.622  11.503  -64.862 6.0000000000
22204  5.885  12.575  -65.199 6.0000000000
22210  3.263  8.168  -63.640 7.0000000000
22211  2.613  9.295  -64.649 7.0000000000
22212  2.011  8.077  -63.876 7.0000000000
22213  0.687  7.844  -64.026 7.0000000000
22214  1.389  6.799  -63.034 7.0000000000
22215  5.509  3.414  -59.543 7.0000000000
22216  5.004  4.621  -60.570 7.0000000000
22217  4.488  3.464  -59.837 7.0000000000
22218  1.569  1.988  -59.645 6.0000000000
22219  2.128  3.273  -60.331 6.0000000000
22220  0.895  3.102  -60.541 6.0000000000
22221  0.193  4.165  -61.432 6.0000000000
22222  -0.354  2.846  -60.684 6.0000000000
22223  -1.601  2.473  -60.754 6.0000000000
22996  8.825  -6.600  -49.990 7.0000000000
23012  9.274  -11.196  -46.632 6.0000000000
23013  9.255  -10.306  -47.122 7.0000000000
23014  9.074  -10.245  -47.606 7.0000000000
23015  8.223  -8.229  -49.964 7.0000000000
23016  8.679  -8.266  -49.579 7.0000000000
23017  8.473  -7.227  -50.575 7.0000000000
23018  8.645  -6.265  -51.128 7.0000000000
23019  8.263  -6.149  -51.575 7.0000000000
23020  8.037  -5.034  -52.571 7.0000000000
23021  7.704  -6.071  -51.937 7.0000000000
23022  5.631  -7.298  -51.960 7.0000000000
23023  6.152  -6.053  -52.589 7.0000000000
23024  5.226  -6.139  -52.956 7.0000000000
23025  4.794  -4.961  -53.944 7.0000000000
23026  4.234  -6.298  -53.351 7.0000000000
23354  -1.724  30.672  -63.155 6.0000000000
23355  -1.330  30.436  -64.323 6.0000000000
23356  -0.963  30.094  -65.422 6.0000000000
23357  -0.439  29.470  -64.307 6.0000000000
23358  0.396  28.461  -64.208 7.0000000000
23359  1.164  27.429  -64.038 7.0000000000
24310  8.162  0.658  -55.365 7.0000000000
24311  8.355  -0.286  -55.054 7.0000000000
24312  8.341  -0.015  -55.730 7.0000000000
24313  8.131  0.275  -56.285 7.0000000000
24314  7.729  0.563  -56.744 7.0000000000
24315  8.008  -0.690  -55.755 7.0000000000
24316  7.797  -1.673  -55.164 7.0000000000
24317  7.500  -2.687  -54.532 7.0000000000
24350  -0.768  18.923  -70.761 7.0000000000
24351  -2.218  18.464  -71.042 7.0000000000
24352  -1.247  17.630  -70.514 7.0000000000
24353  -1.783  16.313  -70.151 6.0000000000
25433  0.451  25.882  -70.050 6.0000000000
25434  0.461  24.866  -70.435 6.0000000000
25435  0.382  23.778  -70.707 7.0000000000
25436  1.466  23.839  -70.009 7.0000000000
25437  2.422  22.771  -69.536 7.0000000000
25438  3.305  21.669  -69.018 7.0000000000
28272  2.694  22.825  -58.531 7.0000000000
28273  2.748  23.478  -59.863 7.0000000000
28274  2.732  24.120  -61.128 7.0000000000
28275  3.184  23.060  -60.764 7.0000000000
28276  3.614  22.593  -61.604 7.0000000000
28277  4.037  22.074  -62.385 7.0000000000
28278  5.467  17.058  -61.791 7.0000000000
28279  5.319  18.356  -62.511 7.0000000000
28280  5.639  17.618  -62.969 7.0000000000
28281  5.748  18.116  -64.091 7.0000000000
28282  5.753  18.540  -65.138 6.0000000000
28284  5.969  17.634  -65.403 6.0000000000
28285  6.125  16.677  -65.559 7.0000000000
28286  6.200  15.685  -65.614 6.0000000000
28292  7.673  5.884  -59.411 7.0000000000
28293  7.549  6.871  -59.662 7.0000000000
28294  7.452  7.228  -60.386 7.0000000000
28295  7.220  8.543  -61.380 7.0000000000
28296  6.981  9.831  -62.397 6.0000000000
28297  6.723  11.103  -63.428 6.0000000000
28298  6.623  10.067  -63.146 6.0000000000
28299  6.062  10.264  -63.829 6.0000000000
28300  5.287  10.408  -64.432 6.0000000000
28302  4.877  9.290  -63.914 6.0000000000
28303  4.401  8.157  -63.310 7.0000000000
28304  3.878  7.008  -62.621 7.0000000000
28305  4.463  1.071  -58.109 7.0000000000
28306  3.922  2.241  -59.103 7.0000000000
28307  3.348  0.966  -58.426 7.0000000000
28784  8.459  -11.247  -47.332 6.0000000000
28785  8.707  -10.235  -47.998 7.0000000000
28786  8.179  -10.278  -48.316 7.0000000000
28787  7.899  -9.277  -49.302 7.0000000000
28788  7.610  -8.238  -50.290 7.0000000000
28789  7.309  -7.158  -51.276 7.0000000000
28790  6.864  -8.297  -50.610 7.0000000000
28791  6.017  -8.419  -50.956 7.0000000000
28792  5.107  -8.611  -51.317 7.0000000000
29530  -3.675  32.234  -62.874 6.0000000000
29540  -0.628  29.643  -66.438 6.0000000000
29543  0.914  27.370  -67.960 6.0000000000
29544  1.821  26.292  -67.628 6.0000000000
29545  2.665  25.199  -67.232 7.0000000000
31757  5.266  16.464  -60.579 7.0000000000
31758  5.584  15.744  -61.033 7.0000000000
31759  5.882  14.980  -61.389 7.0000000000
31760  6.161  14.173  -61.649 6.0000000000
31764  7.570  3.771  -56.932 7.0000000000
31765  7.805  4.150  -57.731 7.0000000000
31766  8.102  1.899  -56.438 7.0000000000
31767  8.003  3.192  -57.459 7.0000000000
31768  7.861  4.528  -58.442 7.0000000000
31769  7.727  4.876  -59.109 7.0000000000
31770  7.411  5.174  -59.738 7.0000000000
31771  6.929  5.414  -60.311 7.0000000000
31772  6.282  5.602  -60.818 7.0000000000
31773  6.683  4.355  -59.789 7.0000000000
31774  6.368  3.289  -59.184 7.0000000000
31775  5.976  2.207  -58.513 7.0000000000
31776  7.153  0.812  -57.138 7.0000000000
31777  6.411  0.995  -57.490 7.0000000000
31778  5.505  1.087  -57.807 7.0000000000
31779  4.970  -0.098  -57.115 7.0000000000
31780  4.409  -1.344  -56.480 7.0000000000
31781  3.846  -2.632  -55.891 7.0000000000
31861  -3.729  17.876  -71.222 6.0000000000
31875  -2.802  7.798  -65.023 6.0000000000
31876  -2.017  6.965  -64.121 7.0000000000
34176  -2.393  21.947  -71.818 7.0000000000
34177  -1.364  21.087  -71.377 7.0000000000
34178  0.217  22.624  -70.874 7.0000000000
34179  -0.031  21.422  -70.937 7.0000000000
34180  -0.360  20.186  -70.899 7.0000000000
34181  0.595  19.247  -70.380 7.0000000000
34182  1.490  18.272  -69.805 7.0000000000
34183  2.330  17.257  -69.168 6.0000000000
35841  -1.293  29.335  -59.644 6.0000000000
35842  -0.548  28.497  -59.661 6.0000000000
39825  -0.688  27.949  -57.230 6.0000000000
39826  -0.283  27.807  -58.435 6.0000000000
39827  0.136  27.627  -59.626 6.0000000000
39906  0.902  26.057  -58.248 6.0000000000
39907  0.761  26.725  -59.537 6.0000000000
39908  0.568  27.401  -60.772 6.0000000000
39909  1.006  27.124  -61.852 7.0000000000
39910  1.440  26.789  -62.864 7.0000000000
39911  1.867  26.392  -63.804 7.0000000000
39912  2.654  24.742  -62.341 7.0000000000
39913  2.510  25.349  -63.517 7.0000000000
39914  2.291  25.933  -64.672 7.0000000000
39915  2.703  25.404  -65.467 7.0000000000
39916  3.087  24.790  -66.177 7.0000000000
39917  3.430  24.089  -66.800 7.0000000000
39918  4.233  20.257  -60.632 7.0000000000
39919  4.369  20.897  -61.895 7.0000000000
39920  4.446  21.498  -63.106 7.0000000000
39921  5.116  19.629  -63.168 7.0000000000
39922  4.831  20.860  -63.749 7.0000000000
39923  4.443  22.045  -64.250 7.0000000000
39924  4.334  22.531  -65.325 7.0000000000
39925  4.102  22.954  -66.350 7.0000000000
39926  3.722  23.306  -67.343 7.0000000000
39927  3.948  22.447  -67.809 7.0000000000
39928  4.076  21.520  -68.188 6.0000000000
39929  4.085  20.535  -68.461 6.0000000000
39930  5.300  19.156  -67.020 6.0000000000
39931  4.755  19.368  -67.859 6.0000000000
39932  3.978  19.503  -68.622 6.0000000000
39933  3.774  18.433  -68.677 6.0000000000
39934  3.484  17.328  -68.625 6.0000000000
39942  6.012  12.267  -59.758 6.0000000000
39943  6.244  12.811  -60.803 6.0000000000
39944  6.422  13.317  -61.817 6.0000000000
39946  6.900  6.916  -58.216 6.0000000000
39947  6.901  8.282  -59.162 6.0000000000
39948  7.359  7.829  -59.860 6.0000000000
39949  7.122  8.762  -59.999 6.0000000000
39950  6.857  9.673  -60.071 6.0000000000
39951  6.774  11.056  -60.978 6.0000000000
39952  6.668  12.417  -61.894 6.0000000000
39953  6.549  13.754  -62.814 6.0000000000
39954  6.592  14.116  -63.779 6.0000000000
39955  6.489  14.415  -64.702 6.0000000000
39956  6.181  14.667  -65.573 6.0000000000
39957  6.428  12.368  -64.449 6.0000000000
39958  6.073  13.629  -65.436 6.0000000000
39965  1.130  11.406  -66.581 6.0000000000
39967  1.906  10.376  -65.636 6.0000000000
39968  0.552  10.141  -65.836 7.0000000000
39969  -0.049  8.831  -65.002 7.0000000000
39970  -0.666  7.463  -64.101 7.0000000000
39971  -1.266  6.095  -63.220 7.0000000000
39972  5.458  5.740  -61.249 7.0000000000
39973  4.460  5.823  -61.597 7.0000000000
39974  3.313  5.821  -61.860 7.0000000000
39975  3.340  3.409  -60.090 7.0000000000
39976  2.717  4.567  -61.071 7.0000000000
39977  2.065  5.702  -62.050 7.0000000000
39978  0.773  5.475  -62.200 6.0000000000
39979  -0.530  5.165  -62.324 6.0000000000
39980  -1.824  4.766  -62.387 6.0000000000
39981  -2.344  3.398  -61.558 6.0000000000
39982  -2.821  1.990  -60.749 6.0000000000
40908  8.723  -4.456  -52.102 7.0000000000
40926  9.381  -11.377  -45.596 6.0000000000
40927  9.244  -10.429  -46.569 7.0000000000
40928  9.133  -9.462  -47.551 7.0000000000
40929  9.034  -8.474  -48.550 7.0000000000
40930  8.879  -9.270  -48.588 7.0000000000
40931  8.956  -8.347  -49.103 7.0000000000
40932  8.935  -7.460  -49.566 7.0000000000
40933  8.835  -6.416  -50.595 7.0000000000
40934  8.731  -5.346  -51.636 7.0000000000
40935  8.606  -4.245  -52.683 7.0000000000
40936  8.288  -4.050  -53.166 7.0000000000
40937  7.784  -3.881  -53.558 7.0000000000
40938  7.116  -3.749  -53.881 7.0000000000
40939  6.991  -6.036  -52.257 7.0000000000
40940  6.657  -4.871  -53.228 7.0000000000
40941  6.295  -3.675  -54.190 7.0000000000
40942  5.352  -3.683  -54.534 7.0000000000
40943  4.330  -3.789  -54.922 7.0000000000
40945  4.998  -11.083  -49.591 6.0000000000
40946  4.587  -9.986  -50.643 6.0000000000
40947  4.151  -8.851  -51.693 6.0000000000
40950  3.685  -7.683  -52.732 6.0000000000
41133  -0.483  28.773  -60.854 6.0000000000
41134  -0.650  29.137  -61.444 6.0000000000
41135  -0.267  28.679  -61.435 6.0000000000
41136  -0.051  28.568  -62.003 7.0000000000
41137  0.100  28.215  -61.411 6.0000000000
41665  8.618  -2.875  -53.398 7.0000000000
41666  8.569  -2.293  -53.937 7.0000000000
41667  8.582  -2.757  -53.708 7.0000000000
41668  8.495  -2.637  -53.990 7.0000000000
41669  8.570  -3.219  -53.464 7.0000000000
41688  1.476  16.579  -69.273 6.0000000000
41689  0.808  16.458  -69.456 6.0000000000
42288  2.521  24.985  -68.029 7.0000000000
42289  2.189  25.124  -68.515 7.0000000000
42290  2.634  24.574  -68.293 7.0000000000
42291  2.729  24.142  -68.537 7.0000000000
42292  3.060  24.018  -68.063 7.0000000000
43868  3.636  21.053  -59.454 7.0000000000
43870  6.187  15.089  -62.614 7.0000000000
43871  6.127  15.748  -63.044 7.0000000000
43872  6.252  15.315  -63.144 7.0000000000
43873  6.300  15.522  -63.662 7.0000000000
43874  6.370  14.870  -63.219 6.0000000000
43878  6.857  6.581  -61.048 7.0000000000
43879  6.945  7.111  -61.253 7.0000000000
43880  6.686  7.215  -61.561 7.0000000000
43881  6.510  7.846  -62.074 7.0000000000
43882  6.381  7.308  -61.850 7.0000000000
43883  6.027  7.390  -62.119 7.0000000000
43884  6.234  6.767  -61.603 7.0000000000
43953  -2.964  5.996  -63.662 6.0000000000
43954  -3.618  5.687  -63.633 6.0000000000
43955  -3.228  5.318  -63.218 6.0000000000
43956  -3.481  4.631  -62.775 6.0000000000
43957  -2.844  4.930  -62.803 6.0000000000
44153  6.922  -11.051  -48.423 6.0000000000
44154  6.511  -11.167  -48.584 6.0000000000
44155  6.326  -10.654  -49.097 6.0000000000
44156  6.083  -11.302  -48.746 6.0000000000
44681  -2.089  31.197  -64.836 6.0000000000
44682  -2.584  31.620  -64.780 6.0000000000
44683  -2.407  31.472  -65.354 6.0000000000
44687  -1.748  30.841  -65.945 6.0000000000
44688  1.188  27.521  -65.087 7.0000000000
44689  0.978  27.811  -65.656 6.0000000000
44690  1.383  27.278  -65.535 7.0000000000
44691  1.573  27.015  -65.962 7.0000000000
44692  1.772  26.745  -65.397 7.0000000000
46278  8.048  1.396  -57.024 7.0000000000
46279  8.064  1.887  -57.246 7.0000000000
46280  7.926  2.043  -57.523 7.0000000000
46281  7.796  2.696  -58.023 7.0000000000
46282  7.742  2.195  -57.783 7.0000000000
46283  7.512  2.337  -58.025 7.0000000000
46284  7.669  1.695  -57.521 7.0000000000
46285  6.985  -1.996  -55.172 7.0000000000
46286  6.803  -1.383  -55.658 7.0000000000
46287  6.587  -1.931  -55.325 7.0000000000
46288  6.149  -1.887  -55.479 7.0000000000
46289  6.352  -2.493  -54.995 7.0000000000
46343  -2.263  20.207  -71.495 7.0000000000
46344  -2.993  19.941  -71.631 7.0000000000
46345  -2.483  19.540  -71.403 7.0000000000
46353  -0.692  11.548  -67.178 6.0000000000
46355  -0.975  10.883  -66.794 6.0000000000
46356  -1.258  10.207  -66.387 6.0000000000
46357  -0.552  10.433  -66.356 7.0000000000
48146  -0.603  25.300  -70.974 6.0000000000
48148  -1.176  25.205  -71.297 6.0000000000
48149  -1.769  25.075  -71.598 6.0000000000
48150  -1.243  24.630  -71.417 6.0000000000
48151  -1.330  24.039  -71.509 6.0000000000
48152  -0.721  24.172  -71.223 6.0000000000
48153  2.779  21.168  -69.493 7.0000000000
48154  2.250  21.155  -69.832 7.0000000000
48155  2.691  20.623  -69.558 7.0000000000
48156  2.579  20.068  -69.597 7.0000000000
48157  3.112  20.083  -69.272 6.0000000000
52878  2.305  24.179  -59.551 7.0000000000
52879  2.084  24.349  -59.043 6.0000000000
52880  2.067  24.677  -59.697 7.0000000000
52881  1.815  25.167  -59.825 7.0000000000
52882  2.036  25.003  -60.334 7.0000000000
52883  1.991  25.326  -60.956 7.0000000000
52884  2.258  24.826  -60.822 7.0000000000
52885  3.823  22.934  -63.195 7.0000000000
52886  3.578  23.488  -63.395 7.0000000000
52887  3.794  23.217  -63.772 7.0000000000
52888  3.744  23.491  -64.337 7.0000000000
52889  4.005  22.929  -64.133 7.0000000000
52890  4.962  18.091  -61.007 7.0000000000
52891  4.883  18.729  -61.338 7.0000000000
52892  5.060  18.401  -61.633 7.0000000000
52893  5.464  19.589  -65.285 7.0000000000
52894  5.323  19.998  -65.073 7.0000000000
52895  5.276  20.199  -65.582 7.0000000000
52896  5.063  20.801  -65.860 7.0000000000
52897  5.195  20.382  -66.074 7.0000000000
52898  5.075  20.547  -66.553 6.0000000000
52899  5.311  19.946  -66.265 6.0000000000
52908  6.443  8.931  -58.691 6.0000000000
52910  6.455  9.616  -59.144 6.0000000000
52911  6.453  10.308  -59.586 6.0000000000
52912  6.598  9.868  -59.619 6.0000000000
52913  7.640  5.298  -58.340 7.0000000000
52914  7.510  5.768  -58.444 6.0000000000
52915  7.591  5.981  -58.821 7.0000000000
52916  7.071  10.199  -62.112 6.0000000000
52917  7.121  10.043  -61.702 6.0000000000
52918  7.032  10.696  -62.202 6.0000000000
52919  6.976  11.187  -62.274 6.0000000000
52920  6.940  11.344  -62.703 6.0000000000
52921  6.845  11.989  -63.204 6.0000000000
52922  6.865  11.486  -63.126 6.0000000000
52923  5.210  11.567  -65.170 6.0000000000
52924  5.377  12.115  -65.368 6.0000000000
52930  2.973  7.574  -63.264 7.0000000000
52931  2.649  8.138  -63.770 7.0000000000
52932  2.347  7.527  -63.373 7.0000000000
52933  1.701  7.446  -63.461 7.0000000000
52934  2.040  6.900  -62.960 7.0000000000
52935  5.271  2.851  -59.186 7.0000000000
52936  5.018  3.450  -59.697 7.0000000000
52937  4.757  2.869  -59.330 7.0000000000
52938  0.962  1.900  -59.746 6.0000000000
52939  1.236  2.550  -60.095 6.0000000000
52940  0.621  2.451  -60.185 6.0000000000
52941  0.272  2.988  -60.622 6.0000000000
52942  0.001  2.323  -60.257 6.0000000000
52943  -0.619  2.167  -60.313 6.0000000000
53716  8.846  -7.121  -49.472 7.0000000000
53732  9.133  -11.188  -46.840 6.0000000000
53733  9.173  -10.723  -47.119 7.0000000000
53734  9.021  -10.714  -47.326 7.0000000000
53735  8.097  -7.705  -50.458 7.0000000000
53736  8.358  -7.723  -50.277 7.0000000000
53737  8.242  -7.194  -50.773 7.0000000000
53738  8.369  -6.693  -51.075 7.0000000000
53739  8.125  -6.654  -51.269 7.0000000000
53740  8.005  -6.105  -51.765 7.0000000000
53741  7.838  -6.626  -51.445 7.0000000000
53742  5.164  -7.376  -52.148 7.0000000000
53743  5.431  -6.722  -52.460 7.0000000000
53744  4.954  -6.796  -52.651 7.0000000000
53745  4.738  -6.211  -53.152 7.0000000000
53746  4.462  -6.885  -52.847 7.0000000000
54281  -1.045  29.866  -62.607 7.0000000000
54282  -1.478  30.319  -62.590 7.0000000000
54283  -1.274  30.223  -63.181 7.0000000000
54284  -1.524  30.567  -63.746 6.0000000000
54285  -1.074  30.103  -63.761 6.0000000000
54286  -0.878  29.960  -64.325 6.0000000000
54287  -0.637  29.624  -63.755 7.0000000000
54288  0.375  28.295  -63.099 7.0000000000
54289  0.193  28.636  -63.686 7.0000000000
54290  0.583  28.131  -63.624 7.0000000000
54291  0.788  27.947  -64.131 7.0000000000
54292  0.956  27.621  -63.545 7.0000000000
55875  8.315  -1.005  -54.115 7.0000000000
55876  8.295  -0.414  -54.669 7.0000000000
55877  8.392  -0.885  -54.511 7.0000000000
55878  8.435  -1.101  -54.995 7.0000000000
55879  8.413  -0.628  -55.210 7.0000000000
55880  8.352  -0.491  -55.512 7.0000000000
55881  8.261  0.129  -56.021 7.0000000000
55882  8.242  -0.349  -55.784 7.0000000000
55883  8.081  -0.207  -56.028 7.0000000000
55884  8.200  -0.827  -55.529 7.0000000000
55885  8.169  -2.396  -54.469 7.0000000000
55886  8.047  -1.792  -54.970 7.0000000000
55887  7.936  -2.282  -54.671 7.0000000000
55888  7.659  -2.175  -54.852 7.0000000000
55889  7.802  -2.780  -54.362 7.0000000000
55943  -0.293  18.474  -70.494 7.0000000000
55944  -0.999  18.280  -70.652 7.0000000000
55945  -0.529  17.839  -70.377 7.0000000000
55946  -0.593  16.117  -69.741 6.0000000000
55947  -1.046  16.551  -70.052 6.0000000000
55948  -1.321  15.898  -69.845 6.0000000000
55949  -2.066  15.647  -69.924 6.0000000000
55950  -1.605  15.240  -69.607 6.0000000000
57746  1.405  25.321  -69.433 6.0000000000
57747  0.914  25.846  -69.632 6.0000000000
57748  0.955  25.370  -69.859 6.0000000000
57749  0.467  25.383  -70.257 6.0000000000
57750  0.973  24.874  -70.057 6.0000000000
57751  0.969  24.359  -70.228 6.0000000000
57752  1.470  24.353  -69.844 6.0000000000
57753  2.855  23.220  -68.960 7.0000000000
57754  2.425  23.280  -69.382 7.0000000000
57755  2.879  22.731  -69.135 7.0000000000
57756  2.875  22.224  -69.282 7.0000000000
57757  3.312  22.173  -68.879 7.0000000000
62478  3.075  22.083  -58.799 7.0000000000
62479  2.861  22.298  -58.328 7.0000000000
62480  2.912  22.623  -59.009 7.0000000000
62481  2.729  23.151  -59.205 7.0000000000
62482  2.949  22.950  -59.674 7.0000000000
62483  2.967  23.275  -60.322 7.0000000000
62484  3.166  22.738  -60.126 7.0000000000
62485  3.763  21.709  -60.756 7.0000000000
62486  3.593  22.278  -60.981 7.0000000000
62487  3.803  22.029  -61.385 7.0000000000
62488  3.826  22.340  -62.001 7.0000000000
62489  4.011  21.767  -61.775 7.0000000000
62490  5.624  16.690  -62.006 7.0000000000
62491  5.558  17.344  -62.385 7.0000000000
62492  5.712  16.965  -62.589 7.0000000000
62493  5.978  17.051  -63.871 7.0000000000
62494  5.845  17.471  -63.719 7.0000000000
62495  5.882  17.698  -64.258 7.0000000000
62496  5.766  18.337  -64.624 7.0000000000
62497  5.891  17.906  -64.780 6.0000000000
62498  5.868  18.094  -65.284 6.0000000000
62499  6.006  17.458  -64.909 6.0000000000
62500  6.318  15.884  -64.658 7.0000000000
62501  6.198  16.524  -65.085 7.0000000000
62502  6.271  16.042  -65.135 7.0000000000
62503  6.174  16.185  -65.599 7.0000000000
62504  6.324  15.551  -65.161 6.0000000000
62513  7.592  6.054  -59.756 7.0000000000
62514  7.565  6.559  -59.897 7.0000000000
62515  7.469  6.720  -60.248 7.0000000000
62516  7.063  8.160  -61.603 7.0000000000
62517  7.219  8.032  -61.246 7.0000000000
62518  7.092  8.677  -61.752 7.0000000000
62519  7.102  9.190  -61.886 6.0000000000
62520  6.962  9.317  -62.263 6.0000000000
62521  6.826  9.953  -62.779 6.0000000000
62522  6.777  9.434  -62.629 6.0000000000
62523  6.130  9.100  -63.105 7.0000000000
62524  6.260  9.638  -63.310 6.0000000000
62525  5.923  9.724  -63.622 6.0000000000
62526  5.701  10.344  -64.141 6.0000000000
62527  5.533  9.795  -63.915 6.0000000000
62528  5.092  9.851  -64.184 6.0000000000
62529  5.344  9.241  -63.668 6.0000000000
62530  5.174  7.517  -62.594 7.0000000000
62531  4.915  8.123  -63.109 7.0000000000
62532  4.680  7.559  -62.797 7.0000000000
62533  4.145  7.585  -62.976 7.0000000000
62534  4.432  6.992  -62.463 7.0000000000
62535  4.178  0.445  -57.773 7.0000000000
62536  3.910  1.025  -58.265 7.0000000000
62537  3.626  0.386  -57.941 7.0000000000
62748  -3.956  3.213  -61.890 6.0000000000
62752  -3.794  2.109  -61.086 6.0000000000
63332  8.163  -11.296  -47.473 6.0000000000
63333  8.319  -10.766  -47.823 7.0000000000
63334  8.013  -10.813  -47.967 7.0000000000
63335  7.357  -9.873  -49.113 7.0000000000
63336  7.714  -9.821  -48.959 7.0000000000
63337  7.563  -9.311  -49.456 7.0000000000
63338  7.756  -8.762  -49.796 7.0000000000
63339  7.409  -8.791  -49.952 7.0000000000
63340  7.252  -8.261  -50.448 7.0000000000
63341  7.032  -8.832  -50.112 7.0000000000
63342  5.953  -9.599  -50.118 7.0000000000
63343  6.204  -8.964  -50.451 7.0000000000
63344  5.763  -9.057  -50.627 7.0000000000
63345  5.569  -8.507  -51.135 7.0000000000
63346  5.310  -9.168  -50.804 7.0000000000
64923  -3.165  31.881  -62.972 6.0000000000
64943  -0.505  29.598  -65.398 6.0000000000
64944  -0.792  29.882  -65.941 6.0000000000
64945  -0.329  29.379  -65.902 6.0000000000
64946  0.462  28.337  -66.758 6.0000000000
64947  0.002  28.863  -66.848 6.0000000000
64948  0.156  28.567  -67.288 6.0000000000
64950  0.302  28.246  -67.704 6.0000000000
64952  0.773  27.715  -67.584 6.0000000000
64953  1.932  26.424  -66.747 6.0000000000
64954  1.671  26.639  -67.282 6.0000000000
64955  2.097  26.097  -67.104 6.0000000000
64956  2.252  25.747  -67.436 6.0000000000
64957  2.506  25.552  -66.912 7.0000000000
69698  5.427  16.109  -60.819 7.0000000000
69699  5.478  15.453  -60.441 7.0000000000
69700  5.820  14.027  -60.425 6.0000000000
69701  5.781  14.699  -60.825 7.0000000000
69702  5.928  14.308  -60.982 6.0000000000
69703  6.024  14.583  -61.531 7.0000000000
69704  6.069  13.907  -61.115 6.0000000000
69710  7.728  3.309  -56.826 7.0000000000
69711  7.708  3.959  -57.345 7.0000000000
69712  7.843  3.490  -57.227 7.0000000000
69713  8.233  0.798  -55.755 7.0000000000
69714  8.137  1.272  -55.908 7.0000000000
69715  8.189  1.421  -56.283 7.0000000000
69716  8.039  2.874  -57.633 7.0000000000
69717  8.072  2.706  -57.305 7.0000000000
69718  7.998  3.366  -57.801 7.0000000000
69719  7.938  3.856  -57.954 7.0000000000
69720  7.914  4.034  -58.292 7.0000000000
69721  7.817  4.707  -58.779 7.0000000000
69722  7.842  4.206  -58.618 7.0000000000
69723  7.508  4.004  -59.025 7.0000000000
69724  7.559  4.518  -59.238 7.0000000000
69725  7.352  4.655  -59.528 7.0000000000
69726  7.190  5.301  -60.032 7.0000000000
69727  7.103  4.777  -59.802 7.0000000000
69728  6.815  4.885  -60.061 7.0000000000
69729  6.998  4.253  -59.550 7.0000000000
69730  6.928  2.579  -58.468 7.0000000000
69731  6.735  3.202  -58.981 7.0000000000
69732  6.575  2.674  -58.668 7.0000000000
69733  6.182  2.751  -58.855 7.0000000000
69734  6.397  2.142  -58.340 7.0000000000
69735  7.621  0.067  -56.451 7.0000000000
69736  7.462  0.694  -56.947 7.0000000000
69737  7.327  0.188  -56.638 7.0000000000
69738  6.409  -0.158  -56.645 7.0000000000
69739  6.616  0.383  -56.985 7.0000000000
69740  6.197  0.449  -57.146 7.0000000000
69741  5.977  1.053  -57.652 7.0000000000
69742  5.738  0.490  -57.302 7.0000000000
69743  5.243  0.503  -57.456 7.0000000000
69744  5.482  -0.089  -56.956 7.0000000000
69745  5.176  -1.881  -55.811 7.0000000000
69746  4.937  -1.296  -56.299 7.0000000000
69747  4.656  -1.921  -55.992 7.0000000000
69748  4.127  -1.983  -56.182 7.0000000000
69749  4.374  -2.560  -55.697 7.0000000000
69911  -4.492  19.314  -71.819 6.0000000000
69916  -2.472  17.791  -70.892 6.0000000000
69917  -2.968  18.185  -71.144 6.0000000000
69918  -3.230  17.499  -70.976 6.0000000000
69948  -1.827  8.815  -65.508 7.0000000000
69949  -2.524  8.524  -65.495 6.0000000000
69950  -2.115  8.100  -65.042 7.0000000000
69951  -2.403  7.385  -64.573 7.0000000000
69952  -1.722  7.668  -64.582 7.0000000000
75333  -1.564  22.807  -71.609 7.0000000000
75334  -2.229  22.600  -71.829 7.0000000000
75335  -1.711  22.170  -71.619 7.0000000000
75336  -1.877  21.523  -71.603 7.0000000000
75337  -1.196  21.727  -71.398 7.0000000000
75338  0.889  23.273  -70.488 7.0000000000
75339  0.310  23.208  -70.803 7.0000000000
75340  0.815  22.707  -70.578 7.0000000000
75341  1.088  21.040  -70.433 7.0000000000
75342  0.602  21.538  -70.681 7.0000000000
75343  0.463  20.939  -70.695 7.0000000000
75344  -0.186  20.808  -70.931 7.0000000000
75345  0.304  20.334  -70.683 7.0000000000
75346  0.125  19.721  -70.646 7.0000000000
75347  0.780  19.851  -70.423 7.0000000000
75348  2.288  18.934  -69.599 6.0000000000
75349  1.683  18.863  -69.863 7.0000000000
75350  2.112  18.356  -69.561 6.0000000000
75351  1.916  17.770  -69.495 6.0000000000
75352  2.526  17.837  -69.243 6.0000000000
79400  -1.123  28.976  -59.050 6.0000000000
79401  -0.912  28.920  -59.658 6.0000000000
79402  -0.759  28.567  -59.058 6.0000000000
89320  0.135  27.045  -57.767 6.0000000000
89321  -0.168  27.468  -57.807 6.0000000000
89322  0.036  27.382  -58.407 6.0000000000
89323  -0.075  27.722  -59.034 6.0000000000
89324  0.244  27.286  -59.002 6.0000000000
89516  1.647  24.660  -57.966 6.0000000000
89520  1.200  25.269  -57.500 6.0000000000
89521  0.954  25.725  -57.584 6.0000000000
89522  1.164  25.599  -58.171 6.0000000000
89523  1.270  26.125  -60.026 6.0000000000
89524  1.052  26.263  -59.472 6.0000000000
89525  0.977  26.596  -60.101 6.0000000000
89526  0.671  27.062  -60.161 6.0000000000
89527  0.889  26.931  -60.716 6.0000000000
89528  0.787  27.269  -61.321 7.0000000000
89529  1.109  26.789  -61.254 7.0000000000
89530  1.856  25.966  -62.163 7.0000000000
89531  1.547  26.466  -62.273 7.0000000000
89532  1.765  26.283  -62.755 7.0000000000
89533  1.654  26.598  -63.343 7.0000000000
89534  1.981  26.085  -63.219 7.0000000000
89535  2.952  23.908  -61.570 7.0000000000
89536  2.701  24.433  -61.740 7.0000000000
89537  2.920  24.216  -62.175 7.0000000000
89538  3.029  24.577  -63.764 7.0000000000
89539  2.810  24.819  -63.356 7.0000000000
89540  2.728  25.114  -63.935 7.0000000000
89541  2.411  25.645  -64.096 7.0000000000
89542  2.626  25.401  -64.509 7.0000000000
89543  2.499  25.678  -65.079 7.0000000000
89544  2.838  25.140  -64.904 7.0000000000
89545  3.566  24.002  -65.436 7.0000000000
89546  3.243  24.558  -65.637 7.0000000000
89547  3.433  24.235  -65.971 7.0000000000
89548  3.264  24.450  -66.499 7.0000000000
89549  3.611  23.891  -66.284 7.0000000000
89551  4.148  19.931  -59.983 7.0000000000
89552  4.337  19.647  -60.346 7.0000000000
89553  4.687  19.987  -61.959 7.0000000000
89554  4.499  20.290  -61.623 7.0000000000
89555  4.563  20.601  -62.243 7.0000000000
89556  4.416  21.203  -62.508 7.0000000000
89557  4.612  20.900  -62.849 7.0000000000
89558  5.393  18.638  -63.102 7.0000000000
89559  5.226  18.996  -62.849 7.0000000000
89560  5.287  19.274  -63.434 7.0000000000
89561  5.009  20.764  -64.585 7.0000000000
89562  5.010  20.516  -64.037 7.0000000000
89563  4.835  21.120  -64.308 7.0000000000
89564  4.651  21.458  -64.009 7.0000000000
89565  4.633  21.712  -64.560 7.0000000000
89566  4.403  22.296  -64.796 7.0000000000
89567  4.587  21.950  -65.093 7.0000000000
89568  4.555  21.982  -66.374 7.0000000000
89569  4.401  22.376  -66.117 7.0000000000
89570  4.257  22.563  -66.615 7.0000000000
89571  3.933  23.139  -66.850 7.0000000000
89572  4.074  22.734  -67.104 7.0000000000
89573  3.845  22.886  -67.586 7.0000000000
89574  4.198  22.310  -67.340 7.0000000000
89575  4.696  20.825  -67.474 6.0000000000
89576  4.377  21.412  -67.747 6.0000000000
89577  4.425  20.939  -67.914 6.0000000000
89578  4.096  21.033  -68.338 6.0000000000
89579  4.444  20.453  -68.054 6.0000000000
89581  5.485  19.028  -66.574 6.0000000000
89582  5.541  18.548  -66.690 6.0000000000
89586  4.395  19.447  -68.251 6.0000000000
89587  4.330  18.929  -68.308 6.0000000000
89588  3.888  18.973  -68.663 6.0000000000
89589  4.242  18.402  -68.338 6.0000000000
89612  6.018  11.586  -59.344 6.0000000000
89613  6.412  11.694  -60.452 6.0000000000
89614  6.274  12.122  -60.381 6.0000000000
89615  6.378  12.385  -60.882 6.0000000000
89616  6.339  13.071  -61.312 6.0000000000
89617  6.469  12.636  -61.376 6.0000000000
89621  7.218  6.689  -58.604 6.0000000000
89622  7.066  6.465  -58.177 6.0000000000
89623  7.063  7.143  -58.658 6.0000000000
89624  6.906  7.594  -58.696 6.0000000000
89625  7.050  7.830  -59.127 6.0000000000
89626  7.460  7.552  -60.141 6.0000000000
89627  7.462  7.354  -59.768 6.0000000000
89628  7.382  8.037  -60.242 6.0000000000
89629  7.120  9.670  -60.876 6.0000000000
89630  7.185  8.988  -60.404 6.0000000000
89631  7.071  9.453  -60.461 6.0000000000
89632  6.992  9.220  -60.044 6.0000000000
89633  6.948  9.913  -60.502 6.0000000000
89634  6.819  10.367  -60.523 6.0000000000
89635  6.898  10.600  -60.964 6.0000000000
89636  6.820  12.151  -62.359 6.0000000000
89637  6.783  11.955  -61.899 6.0000000000
89638  6.721  12.623  -62.368 6.0000000000
89639  6.611  13.089  -62.354 6.0000000000
89640  6.655  13.286  -62.836 6.0000000000
89641  6.584  13.944  -63.302 6.0000000000
89642  6.675  13.465  -63.310 6.0000000000
89643  6.630  13.271  -64.190 6.0000000000
89644  6.606  13.775  -64.229 6.0000000000
89645  6.504  13.910  -64.673 6.0000000000
89646  6.363  14.546  -65.145 6.0000000000
89647  6.349  14.034  -65.103 6.0000000000
89648  6.528  11.218  -63.813 6.0000000000
89649  6.581  11.736  -63.941 6.0000000000
89650  6.364  11.848  -64.327 6.0000000000
89652  5.988  13.104  -65.330 6.0000000000
89670  4.072  9.911  -64.646 6.0000000000
89673  1.972  9.233  -64.773 7.0000000000
89674  2.268  9.842  -65.146 7.0000000000
89675  1.613  9.761  -65.265 7.0000000000
89676  1.236  10.276  -65.748 7.0000000000
89677  0.939  9.646  -65.359 7.0000000000
89678  0.254  9.493  -65.430 7.0000000000
89679  0.635  9.003  -64.948 7.0000000000
89680  0.373  7.174  -63.584 7.0000000000
89681  0.012  7.671  -64.071 7.0000000000
89682  -0.299  6.988  -63.624 7.0000000000
89683  -0.970  6.773  -63.653 7.0000000000
89684  -0.603  6.307  -63.189 7.0000000000
89685  6.114  5.060  -60.527 7.0000000000
89686  5.893  5.677  -61.044 7.0000000000
89687  5.699  5.128  -60.733 7.0000000000
89688  4.480  4.648  -60.719 7.0000000000
89689  4.737  5.224  -61.084 7.0000000000
89690  4.196  5.244  -61.229 7.0000000000
89691  3.903  5.835  -61.739 7.0000000000
89692  3.621  5.238  -61.355 7.0000000000
89693  3.346  2.188  -59.244 7.0000000000
89694  3.636  2.826  -59.597 7.0000000000
89695  3.047  2.768  -59.729 7.0000000000
89696  1.799  3.839  -60.799 6.0000000000
89697  2.420  3.921  -60.692 7.0000000000
89698  2.093  4.490  -61.171 7.0000000000
89699  2.394  5.139  -61.561 7.0000000000
89700  1.760  5.050  -61.649 6.0000000000
89701  1.422  5.600  -62.128 7.0000000000
89702  1.120  4.942  -61.732 6.0000000000
89703  -0.445  4.019  -61.493 6.0000000000
89704  -0.166  4.674  -61.877 6.0000000000
89705  -0.810  4.508  -61.929 6.0000000000
89706  -1.178  4.979  -62.365 6.0000000000
89707  -1.451  4.315  -61.961 6.0000000000
89708  -2.088  4.089  -61.972 6.0000000000
89709  -1.715  3.637  -61.557 6.0000000000
89710  -1.846  1.776  -60.371 6.0000000000
89711  -2.216  2.246  -60.761 6.0000000000
89712  -2.449  1.543  -60.372 6.0000000000
92022  8.732  -5.644  -50.710 7.0000000000
92024  8.722  -5.107  -51.241 7.0000000000
92025  8.706  -4.563  -51.776 7.0000000000
92026  8.755  -5.003  -51.569 7.0000000000
92072  9.420  -11.309  -45.878 6.0000000000
92073  9.308  -10.905  -46.082 7.0000000000
92074  9.343  -10.837  -46.365 7.0000000000
92075  9.179  -9.825  -47.612 7.0000000000
92076  9.207  -9.879  -47.342 7.0000000000
92077  9.144  -9.393  -47.835 7.0000000000
92078  9.083  -8.971  -48.048 7.0000000000
92079  9.082  -8.902  -48.332 7.0000000000
92080  8.588  -9.745  -48.488 7.0000000000
92081  8.804  -9.747  -48.303 7.0000000000
92082  8.695  -9.253  -48.795 7.0000000000
92083  8.751  -7.790  -49.852 7.0000000000
92084  8.841  -8.301  -49.352 7.0000000000
92085  8.878  -7.839  -49.606 7.0000000000
92086  8.957  -7.899  -49.339 7.0000000000
92087  8.893  -7.386  -49.847 7.0000000000
92088  8.885  -6.942  -50.079 7.0000000000
92089  8.828  -6.865  -50.358 7.0000000000
92090  8.565  -5.723  -51.639 7.0000000000
92091  8.700  -5.800  -51.387 7.0000000000
92092  8.630  -5.256  -51.904 7.0000000000
92093  8.672  -4.800  -52.159 7.0000000000
92094  8.555  -4.705  -52.421 7.0000000000
92095  8.472  -4.145  -52.937 7.0000000000
92096  8.388  -4.617  -52.659 7.0000000000
92097  7.750  -4.977  -52.750 7.0000000000
92098  7.914  -4.463  -53.065 7.0000000000
92099  7.613  -4.398  -53.239 7.0000000000
92100  7.470  -3.809  -53.725 7.0000000000
92101  7.273  -4.344  -53.399 7.0000000000
92102  6.927  -7.171  -51.437 7.0000000000
92103  7.152  -6.603  -51.767 7.0000000000
92104  6.758  -6.610  -51.929 7.0000000000
92105  5.964  -5.467  -53.077 7.0000000000
92106  6.408  -5.455  -52.906 7.0000000000
92107  6.226  -4.863  -53.391 7.0000000000
92108  6.480  -4.275  -53.710 7.0000000000
92109  6.036  -4.266  -53.874 7.0000000000
92110  5.837  -3.667  -54.356 7.0000000000
92111  5.566  -4.278  -54.049 7.0000000000
92112  4.283  -5.035  -54.144 7.0000000000
92113  4.565  -4.373  -54.434 7.0000000000
92114  4.046  -4.451  -54.634 7.0000000000
92115  3.806  -3.869  -55.119 7.0000000000
92123  4.373  -9.424  -51.168 6.0000000000
92133  3.444  -7.092  -53.241 6.0000000000
92471  -1.263  29.653  -60.840 6.0000000000
92472  -1.464  30.025  -61.420 6.0000000000
92473  -1.049  29.587  -61.439 6.0000000000
92474  -0.837  29.503  -62.028 6.0000000000
92475  -0.627  29.400  -62.608 7.0000000000
92476  -0.419  29.277  -63.176 7.0000000000
92477  -0.224  28.924  -62.591 7.0000000000
92478  0.163  28.441  -62.558 7.0000000000
92479  0.533  27.952  -62.509 7.0000000000
93429  8.508  -1.944  -53.792 7.0000000000
93430  8.472  -1.356  -54.337 7.0000000000
93431  8.531  -1.826  -54.146 7.0000000000
93432  8.507  -1.701  -54.470 7.0000000000
93433  8.433  -1.572  -54.762 7.0000000000
93434  8.309  -1.440  -55.024 7.0000000000
93435  8.408  -2.043  -54.510 7.0000000000
93436  8.356  -2.516  -54.243 7.0000000000
93437  8.280  -2.991  -53.962 7.0000000000
93470  0.615  17.547  -69.916 7.0000000000
93471  -0.072  17.389  -70.086 7.0000000000
93472  0.373  16.929  -69.779 7.0000000000
93473  0.117  16.304  -69.612 7.0000000000
94550  1.626  26.078  -68.443 6.0000000000
94552  1.730  25.668  -68.725 6.0000000000
94553  1.816  25.238  -68.984 7.0000000000
94554  1.885  24.786  -69.220 7.0000000000
94555  1.932  24.314  -69.432 7.0000000000
94556  2.352  24.243  -68.995 7.0000000000
94557  2.803  23.691  -68.760 7.0000000000
94558  3.236  23.132  -68.518 7.0000000000
97392  3.221  21.534  -58.575 7.0000000000
97393  3.289  21.860  -59.253 7.0000000000
97394  3.343  22.188  -59.915 7.0000000000
97395  3.499  21.626  -59.691 7.0000000000
97396  3.707  21.382  -60.112 7.0000000000
97397  3.911  21.126  -60.515 7.0000000000
97398  5.919  15.915  -62.361 7.0000000000
97399  5.857  16.573  -62.767 7.0000000000
97400  5.995  16.167  -62.919 7.0000000000
97401  6.058  16.401  -63.465 7.0000000000
97402  6.102  16.617  -63.996 7.0000000000
97403  6.121  16.816  -64.511 7.0000000000
97404  6.218  16.170  -64.094 7.0000000000
97405  6.325  15.711  -64.167 7.0000000000
97406  6.420  15.241  -64.215 7.0000000000
97412  7.305  6.346  -60.426 7.0000000000
97413  7.334  6.865  -60.593 7.0000000000
97414  7.160  6.994  -60.930 7.0000000000
97415  7.014  7.637  -61.438 7.0000000000
97416  6.865  8.275  -61.949 7.0000000000
97417  6.709  8.910  -62.462 7.0000000000
97418  6.620  8.380  -62.278 7.0000000000
97419  6.325  8.474  -62.589 7.0000000000
97420  5.980  8.557  -62.880 7.0000000000
97421  5.583  8.627  -63.151 7.0000000000
97422  5.810  8.010  -62.635 7.0000000000
97423  5.624  7.460  -62.368 7.0000000000
97424  5.423  6.907  -62.078 7.0000000000
97425  3.615  -0.833  -57.149 7.0000000000
97426  3.347  -0.256  -57.630 7.0000000000
97554  -3.724  3.928  -62.330 6.0000000000
97555  -3.342  3.538  -61.934 6.0000000000
97905  7.676  -10.875  -48.113 7.0000000000
97906  7.312  -10.954  -48.265 7.0000000000
97907  7.143  -10.453  -48.769 7.0000000000
97908  6.974  -9.941  -49.273 7.0000000000
97909  6.802  -9.420  -49.776 7.0000000000
97910  6.566  -10.026  -49.439 7.0000000000
97911  6.140  -10.131  -49.608 7.0000000000
97912  5.701  -10.253  -49.777 6.0000000000
98857  -2.470  31.429  -63.658 6.0000000000
98858  -2.966  31.822  -63.585 6.0000000000
98859  -2.771  31.736  -64.189 6.0000000000
98860  -3.094  32.016  -64.703 6.0000000000
98870  0.372  28.573  -65.282 6.0000000000
98871  0.121  28.864  -65.840 6.0000000000
98872  0.557  28.341  -65.758 6.0000000000
98873  0.736  28.084  -66.213 6.0000000000
98874  0.909  27.805  -66.646 6.0000000000
98875  1.073  27.502  -67.057 6.0000000000
98876  1.340  27.268  -66.516 6.0000000000
98877  1.757  26.730  -66.366 7.0000000000
98878  2.156  26.192  -66.200 7.0000000000
101726  5.850  13.350  -60.024 6.0000000000
101731  7.888  2.211  -56.176 7.0000000000
101732  8.236  1.090  -56.443 7.0000000000
101733  8.195  1.574  -56.629 7.0000000000
101734  8.153  1.730  -56.949 7.0000000000
101735  8.060  2.380  -57.449 7.0000000000
101736  7.958  3.038  -57.945 7.0000000000
101737  7.847  3.702  -58.440 7.0000000000
101738  7.831  3.199  -58.242 7.0000000000
101739  7.656  3.351  -58.524 7.0000000000
101740  7.437  3.491  -58.790 7.0000000000
101741  7.176  3.618  -59.041 7.0000000000
101742  7.348  2.979  -58.532 7.0000000000
101743  7.241  2.466  -58.253 7.0000000000
101744  7.115  1.952  -57.956 7.0000000000
101745  7.344  -0.945  -55.827 7.0000000000
101746  7.173  -0.325  -56.319 7.0000000000
101747  6.998  -0.849  -55.991 7.0000000000
101748  6.611  -0.770  -56.149 7.0000000000
101749  6.182  -0.713  -56.304 7.0000000000
101750  5.714  -0.684  -56.460 7.0000000000
101751  5.937  -1.283  -55.968 7.0000000000
101752  5.676  -1.870  -55.640 7.0000000000
101753  5.406  -2.472  -55.324 7.0000000000
101849  -3.293  21.016  -71.929 7.0000000000
101850  -4.026  20.715  -72.047 7.0000000000
101851  -3.507  20.332  -71.846 7.0000000000
101852  -3.736  19.643  -71.739 7.0000000000
101853  -3.979  18.947  -71.609 6.0000000000
101854  -3.015  16.431  -70.510 6.0000000000
101855  -3.503  16.809  -70.780 6.0000000000
101856  -3.785  16.116  -70.558 6.0000000000
101874  -1.542  9.518  -65.958 7.0000000000
101875  -1.131  9.076  -65.502 7.0000000000
105102  -2.485  24.294  -71.955 6.0000000000
105103  -2.607  23.664  -72.006 6.0000000000
105104  -1.959  23.869  -71.771 6.0000000000
105105  -1.437  23.431  -71.573 7.0000000000
105106  -0.919  22.977  -71.364 7.0000000000
105107  1.868  22.235  -70.015 7.0000000000
105108  1.309  22.196  -70.342 7.0000000000
105109  1.788  21.678  -70.093 7.0000000000
105110  1.685  21.111  -70.145 7.0000000000
105111  1.558  20.536  -70.172 7.0000000000
105112  1.409  19.952  -70.174 7.0000000000
105113  2.010  20.025  -69.898 7.0000000000
105114  2.444  19.505  -69.611 7.0000000000
105115  2.860  18.976  -69.310 6.0000000000
113497  0.221  26.711  -57.116 6.0000000000
113498  0.422  26.613  -57.716 6.0000000000
113614  2.084  24.020  -58.372 6.0000000000
113615  1.864  24.509  -58.515 6.0000000000
113616  1.629  24.991  -58.638 6.0000000000
113617  1.378  25.465  -58.743 6.0000000000
113618  1.596  25.321  -59.295 6.0000000000
113619  1.550  25.649  -59.935 6.0000000000
113620  1.490  25.977  -60.560 7.0000000000
113621  1.416  26.305  -61.171 7.0000000000
113622  1.711  25.818  -61.072 7.0000000000
113623  1.932  25.647  -61.564 7.0000000000
113624  2.152  25.461  -62.038 7.0000000000
113625  3.389  23.448  -62.411 7.0000000000
113626  3.140  23.987  -62.596 7.0000000000
113627  3.360  23.744  -63.003 7.0000000000
113628  3.313  24.035  -63.584 7.0000000000
113629  3.247  24.320  -64.156 7.0000000000
113630  3.159  24.595  -64.722 7.0000000000
113631  3.461  24.045  -64.533 7.0000000000
113632  3.669  23.753  -64.891 7.0000000000
113633  3.868  23.440  -65.230 7.0000000000
113634  4.607  18.728  -60.380 7.0000000000
113635  4.522  19.353  -60.693 7.0000000000
113636  4.704  19.047  -61.024 7.0000000000
113637  4.793  19.362  -61.656 7.0000000000
113638  4.872  19.670  -62.276 7.0000000000
113639  5.483  19.152  -64.233 7.0000000000
113640  5.326  19.535  -64.001 7.0000000000
113641  5.339  19.777  -64.547 7.0000000000
113642  5.171  20.390  -64.840 7.0000000000
113643  4.978  20.992  -65.113 7.0000000000
113644  4.758  21.585  -65.370 7.0000000000
113645  4.917  21.202  -65.625 7.0000000000
113646  4.823  21.395  -66.123 7.0000000000
113647  4.693  21.570  -66.610 7.0000000000
113648  4.520  21.728  -67.088 7.0000000000
113649  4.813  21.141  -66.827 7.0000000000
113650  4.911  20.694  -67.020 6.0000000000
113651  4.985  20.232  -67.189 6.0000000000
113652  5.798  17.440  -66.410 6.0000000000
113671  6.163  11.167  -59.449 6.0000000000
113672  6.308  10.741  -59.529 6.0000000000
113673  6.438  11.001  -60.021 6.0000000000
113674  6.550  11.258  -60.499 6.0000000000
113675  7.399  4.886  -57.544 7.0000000000
113676  7.231  5.343  -57.620 6.0000000000
113677  7.389  5.554  -58.046 6.0000000000
113678  7.368  6.231  -58.532 6.0000000000
113679  7.338  6.916  -59.007 6.0000000000
113680  7.268  8.891  -61.113 6.0000000000
113681  7.297  8.714  -60.722 6.0000000000
113682  7.209  9.382  -61.208 6.0000000000
113683  7.137  9.867  -61.290 6.0000000000
113684  7.050  10.345  -61.356 6.0000000000
113685  6.952  10.816  -61.403 6.0000000000
113686  6.979  11.012  -61.840 6.0000000000
113687  6.906  11.672  -62.327 6.0000000000
113688  6.830  12.328  -62.813 6.0000000000
113689  6.749  12.979  -63.296 6.0000000000
113690  6.806  12.487  -63.261 6.0000000000
113691  6.742  12.631  -63.700 6.0000000000
113692  6.633  12.763  -64.130 6.0000000000
113693  5.980  11.421  -64.532 6.0000000000
113694  6.092  11.951  -64.695 6.0000000000
113695  5.762  12.041  -65.042 6.0000000000
113706  3.544  8.754  -63.996 7.0000000000
113707  3.229  9.327  -64.502 6.0000000000
113708  2.944  8.737  -64.146 7.0000000000
113709  2.316  8.692  -64.273 7.0000000000
113710  1.667  8.614  -64.377 7.0000000000
113711  1.001  8.499  -64.458 7.0000000000
113712  1.355  7.980  -63.961 7.0000000000
113713  1.042  7.329  -63.530 7.0000000000
113714  0.729  6.663  -63.096 7.0000000000
113715  5.728  3.968  -59.887 7.0000000000
113716  5.488  4.576  -60.403 7.0000000000
113717  5.262  4.017  -60.057 7.0000000000
113718  4.754  4.049  -60.208 7.0000000000
113719  4.209  4.058  -60.343 7.0000000000
113720  2.168  2.059  -59.523 6.0000000000
113721  2.449  2.701  -59.861 6.0000000000
113722  1.846  2.630  -59.985 6.0000000000
113723  1.514  3.193  -60.443 6.0000000000
113724  1.175  3.747  -60.899 6.0000000000
113725  0.829  4.289  -61.354 6.0000000000
113726  0.547  3.641  -60.987 6.0000000000
113727  -0.084  3.511  -61.058 6.0000000000
113728  -0.716  3.353  -61.110 6.0000000000
113729  -1.346  3.164  -61.143 6.0000000000
113730  -0.980  2.674  -60.728 6.0000000000
113731  -1.235  1.984  -60.351 6.0000000000
115120  8.805  -6.074  -50.513 7.0000000000
115148  9.369  -11.218  -46.400 7.0000000000
115149  9.334  -10.783  -46.634 7.0000000000
115150  9.278  -10.746  -46.887 7.0000000000
115151  9.189  -10.268  -47.375 7.0000000000
115152  9.102  -9.786  -47.864 7.0000000000
115153  8.347  -8.743  -49.472 7.0000000000
115154  8.585  -8.752  -49.288 7.0000000000
115155  8.472  -8.242  -49.782 7.0000000000
115156  8.577  -7.751  -50.076 7.0000000000
115157  8.660  -7.270  -50.354 7.0000000000
115158  8.723  -6.798  -50.618 7.0000000000
115159  8.569  -6.741  -50.858 7.0000000000
115160  8.478  -6.202  -51.363 7.0000000000
115161  8.382  -5.656  -51.868 7.0000000000
115162  8.281  -5.100  -52.372 7.0000000000
115163  8.153  -5.596  -52.074 7.0000000000
115164  7.880  -5.546  -52.259 7.0000000000
115165  7.566  -5.506  -52.427 7.0000000000
115166  6.083  -7.238  -51.779 7.0000000000
115167  6.336  -6.630  -52.097 7.0000000000
115168  5.893  -6.667  -52.275 7.0000000000
115169  5.698  -6.086  -52.768 7.0000000000
115170  5.499  -5.498  -53.259 7.0000000000
115171  5.291  -4.906  -53.749 7.0000000000
115172  5.014  -5.550  -53.451 7.0000000000
115173  4.514  -5.623  -53.650 7.0000000000
115174  4.001  -5.710  -53.850 6.0000000000
115931  -1.927  30.753  -62.556 6.0000000000
115932  -2.189  31.100  -63.112 6.0000000000
115933  -1.989  31.010  -63.711 6.0000000000
115934  -1.795  30.894  -64.299 6.0000000000
115935  -1.609  30.749  -64.870 6.0000000000
115936  -1.432  30.574  -65.423 6.0000000000
115937  -1.143  30.279  -64.882 6.0000000000
115938  -0.688  29.792  -64.872 6.0000000000
115939  -0.246  29.292  -64.839 6.0000000000
115940  -0.214  29.134  -63.730 7.0000000000
115941  -0.014  28.969  -64.267 7.0000000000
115942  0.182  28.783  -64.785 6.0000000000
115943  0.594  28.266  -64.711 7.0000000000
115944  0.990  27.744  -64.619 7.0000000000
115945  1.369  27.219  -64.511 7.0000000000
118162  8.046  0.522  -54.949 7.0000000000
118163  8.179  0.056  -54.814 7.0000000000
118164  8.267  0.187  -55.216 7.0000000000
118165  8.311  0.322  -55.589 7.0000000000
118166  8.425  -0.759  -54.877 7.0000000000
118167  8.371  -0.153  -55.408 7.0000000000
118168  8.309  0.463  -55.930 7.0000000000
118169  8.259  0.608  -56.241 7.0000000000
118170  8.160  0.758  -56.524 7.0000000000
118171  8.011  0.908  -56.783 7.0000000000
118172  7.816  1.056  -57.021 7.0000000000
118173  7.953  0.421  -56.524 7.0000000000
118174  7.873  -0.066  -56.249 7.0000000000
118175  7.772  -0.558  -55.958 7.0000000000
118176  8.135  -1.307  -55.257 7.0000000000
118177  7.914  -1.178  -55.466 7.0000000000
118178  7.650  -1.056  -55.654 7.0000000000
118179  7.507  -1.563  -55.339 7.0000000000
118180  7.342  -2.079  -55.017 7.0000000000
118181  7.157  -2.606  -54.690 7.0000000000
118256  -1.257  19.361  -71.016 7.0000000000
118257  -1.979  19.130  -71.164 7.0000000000
118258  -1.484  18.710  -70.914 7.0000000000
118259  -1.727  18.052  -70.785 7.0000000000
118260  -1.985  17.387  -70.627 6.0000000000
118261  -0.780  17.198  -70.230 7.0000000000
118262  -1.509  16.974  -70.347 6.0000000000
118263  -2.255  16.718  -70.441 6.0000000000
118264  -2.536  16.044  -70.225 6.0000000000
118265  -2.823  15.367  -69.980 6.0000000000
118276  0.020  11.743  -67.117 6.0000000000
120784  -0.047  25.880  -70.441 6.0000000000
120785  -0.054  25.360  -70.628 6.0000000000
120786  -0.082  24.823  -70.786 6.0000000000
120787  -0.132  24.269  -70.916 6.0000000000
120788  0.433  24.331  -70.585 6.0000000000
120789  0.940  23.825  -70.372 7.0000000000
120790  1.438  23.307  -70.147 7.0000000000
120791  1.955  23.821  -69.618 7.0000000000
120792  1.952  23.309  -69.778 7.0000000000
120793  1.923  22.780  -69.910 7.0000000000
120794  2.391  22.245  -69.662 7.0000000000
120795  2.841  21.702  -69.401 7.0000000000
120796  3.268  21.152  -69.130 6.0000000000
127406  2.800  21.979  -57.633 6.0000000000
127407  2.645  22.503  -57.841 6.0000000000
127409  2.509  23.342  -58.718 7.0000000000
127410  2.526  23.670  -59.387 7.0000000000
127411  2.527  23.996  -60.037 7.0000000000
127412  2.511  24.319  -60.671 7.0000000000
127413  2.748  23.802  -60.504 7.0000000000
127414  2.968  23.595  -60.953 7.0000000000
127415  3.185  23.376  -61.388 7.0000000000
127416  3.381  22.514  -60.561 7.0000000000
127417  3.400  22.833  -61.191 7.0000000000
127418  3.402  23.144  -61.808 7.0000000000
127419  3.618  22.900  -62.213 7.0000000000
127420  3.833  22.642  -62.604 7.0000000000
127421  4.046  22.370  -62.982 7.0000000000
127422  5.304  17.414  -61.553 7.0000000000
127423  5.232  18.061  -61.907 7.0000000000
127424  5.398  17.709  -62.157 7.0000000000
127425  5.483  17.994  -62.752 7.0000000000
127426  5.553  18.264  -63.333 7.0000000000
127427  5.787  17.227  -63.161 7.0000000000
127428  5.704  17.875  -63.539 7.0000000000
127429  5.604  18.518  -63.897 7.0000000000
127430  5.630  18.753  -64.441 7.0000000000
127431  5.627  18.968  -64.966 6.0000000000
127432  5.592  19.163  -65.472 6.0000000000
127434  5.706  18.722  -65.634 6.0000000000
127437  6.108  16.997  -65.010 7.0000000000
127438  6.055  17.161  -65.494 7.0000000000
127439  5.955  17.308  -65.961 6.0000000000
127440  5.999  16.815  -66.016 6.0000000000
127441  6.020  16.315  -66.045 6.0000000000
127453  6.595  8.489  -58.714 6.0000000000
127454  7.709  5.699  -59.062 7.0000000000
127455  7.629  6.187  -59.185 7.0000000000
127456  7.620  6.381  -59.543 7.0000000000
127457  7.521  7.059  -60.025 7.0000000000
127458  7.417  7.730  -60.512 7.0000000000
127459  7.344  7.380  -60.744 7.0000000000
127460  7.336  7.889  -60.880 7.0000000000
127461  7.310  8.393  -61.003 6.0000000000
127462  7.203  9.049  -61.502 6.0000000000
127463  7.095  9.697  -62.007 6.0000000000
127464  6.984  10.340  -62.516 6.0000000000
127465  6.869  10.979  -63.028 6.0000000000
127466  6.856  10.468  -62.912 6.0000000000
127467  6.682  10.587  -63.296 6.0000000000
127468  6.458  10.697  -63.665 6.0000000000
127469  6.544  9.541  -62.978 6.0000000000
127470  6.369  10.170  -63.497 6.0000000000
127471  6.181  10.797  -64.016 6.0000000000
127472  5.850  10.886  -64.347 6.0000000000
127473  5.464  10.959  -64.658 6.0000000000
127474  5.026  11.014  -64.946 6.0000000000
127476  4.824  10.455  -64.699 6.0000000000
127477  4.603  9.890  -64.428 6.0000000000
127478  4.366  9.321  -64.135 6.0000000000
127479  5.138  8.684  -63.399 7.0000000000
127480  4.646  8.725  -63.623 6.0000000000
127481  4.113  8.749  -63.822 6.0000000000
127482  3.849  8.173  -63.487 7.0000000000
127483  3.574  7.592  -63.131 7.0000000000
127484  3.290  7.001  -62.756 7.0000000000
127485  4.744  1.682  -58.461 7.0000000000
127486  4.482  2.272  -58.964 7.0000000000
127487  4.198  1.656  -58.607 7.0000000000
127488  3.633  1.606  -58.756 7.0000000000
127489  3.060  1.545  -58.908 7.0000000000
127490  3.069  0.324  -58.109 6.0000000000
127491  2.781  0.903  -58.584 6.0000000000
127492  2.480  1.482  -59.056 6.0000000000
128600  8.722  -11.213  -47.185 6.0000000000
128601  8.826  -10.718  -47.510 7.0000000000
128602  8.591  -10.735  -47.673 7.0000000000
128603  8.461  -10.250  -48.163 7.0000000000
128604  8.332  -9.757  -48.654 7.0000000000
128605  7.863  -10.321  -48.463 7.0000000000
128606  8.039  -9.782  -48.809 7.0000000000
128607  8.202  -9.256  -49.146 7.0000000000
128608  8.069  -8.747  -49.639 7.0000000000
128609  7.935  -8.227  -50.131 7.0000000000
128610  7.797  -7.698  -50.624 7.0000000000
128611  7.657  -7.159  -51.117 7.0000000000
128612  7.461  -7.703  -50.783 7.0000000000
128613  7.092  -7.721  -50.943 7.0000000000
128614  6.693  -7.752  -51.108 7.0000000000
128615  6.628  -8.889  -50.278 7.0000000000
128616  6.451  -8.349  -50.780 7.0000000000
128617  6.269  -7.799  -51.280 7.0000000000
128618  5.827  -7.863  -51.459 7.0000000000
128619  5.369  -7.946  -51.642 7.0000000000
128620  4.898  -8.045  -51.829 7.0000000000
130621  -3.477  32.189  -63.494 6.0000000000
130646  -1.265  30.370  -65.955 6.0000000000
130647  -1.106  30.138  -66.467 6.0000000000
130649  -0.160  29.134  -66.385 6.0000000000
130650  -0.472  29.377  -66.915 6.0000000000
130657  1.043  27.004  -68.307 6.0000000000
130658  1.229  27.178  -67.443 6.0000000000
130659  1.374  26.833  -67.803 6.0000000000
130660  1.507  26.466  -68.136 6.0000000000
130661  1.958  25.923  -67.947 6.0000000000
130662  2.394  25.376  -67.744 7.0000000000
130663  2.811  24.825  -67.529 7.0000000000
136657  4.859  17.779  -60.369 7.0000000000
136658  5.034  17.450  -60.665 7.0000000000
136667  5.204  17.112  -60.940 7.0000000000
136668  5.369  16.763  -61.190 7.0000000000
136669  5.529  16.403  -61.416 7.0000000000
136670  5.683  16.031  -61.618 7.0000000000
136671  5.631  15.081  -60.645 7.0000000000
136672  5.735  15.367  -61.223 7.0000000000
136673  5.831  15.647  -61.795 7.0000000000
136674  5.974  15.252  -61.948 7.0000000000
136675  6.111  14.844  -62.076 7.0000000000
136676  6.243  14.424  -62.179 6.0000000000
136684  7.401  4.230  -57.026 7.0000000000
136685  7.559  4.424  -57.452 7.0000000000
136686  7.679  4.623  -57.850 7.0000000000
136687  7.756  4.822  -58.224 7.0000000000
136688  8.038  1.126  -55.503 7.0000000000
136689  8.022  1.743  -56.048 7.0000000000
136690  7.996  2.373  -56.579 7.0000000000
136691  8.135  2.057  -56.799 7.0000000000
136692  8.058  2.539  -56.955 7.0000000000
136693  7.960  3.017  -57.097 7.0000000000
136694  7.914  3.673  -57.601 7.0000000000
136695  7.856  4.341  -58.095 7.0000000000
136696  7.788  5.018  -58.580 7.0000000000
136697  7.773  5.206  -58.927 7.0000000000
136698  7.709  5.382  -59.267 7.0000000000
136699  7.601  5.544  -59.601 7.0000000000
136700  7.724  4.368  -58.934 7.0000000000
136701  7.590  5.032  -59.429 7.0000000000
136702  7.450  5.692  -59.926 7.0000000000
136703  7.258  5.824  -60.240 7.0000000000
136704  7.025  5.943  -60.539 7.0000000000
136705  6.751  6.048  -60.822 7.0000000000
136706  6.434  6.142  -61.087 7.0000000000
136707  6.627  5.514  -60.573 7.0000000000
136708  6.486  4.979  -60.302 7.0000000000
136709  6.328  4.442  -60.011 7.0000000000
136710  6.875  3.728  -59.276 7.0000000000
136711  6.535  3.823  -59.496 7.0000000000
136712  6.153  3.903  -59.700 7.0000000000
136713  5.959  3.360  -59.371 7.0000000000
136714  5.747  2.811  -59.028 7.0000000000
136715  5.515  2.252  -58.673 7.0000000000
136716  7.575  1.196  -57.242 7.0000000000
136717  7.293  1.323  -57.449 7.0000000000
136718  6.969  1.435  -57.644 7.0000000000
136719  6.993  0.295  -56.816 7.0000000000
136720  6.803  0.914  -57.319 7.0000000000
136721  6.604  1.529  -57.827 7.0000000000
136722  6.197  1.602  -58.000 7.0000000000
136723  5.750  1.654  -58.162 7.0000000000
136724  5.264  1.681  -58.314 7.0000000000
136725  4.998  1.093  -57.958 7.0000000000
136726  4.720  0.486  -57.612 7.0000000000
136727  4.438  -0.135  -57.281 7.0000000000
136728  5.214  -0.684  -56.621 7.0000000000
136729  4.691  -0.715  -56.789 7.0000000000
136730  4.155  -0.768  -56.967 7.0000000000
136731  3.875  -1.409  -56.666 7.0000000000
136732  3.596  -2.056  -56.372 7.0000000000
136945  -2.718  18.866  -71.287 7.0000000000
136946  -3.470  18.570  -71.383 6.0000000000
136947  -4.234  18.245  -71.454 6.0000000000
136948  -3.998  17.178  -71.035 6.0000000000
136988  -3.080  7.078  -64.551 6.0000000000
136989  -2.688  6.681  -64.112 6.0000000000
136990  -2.304  6.277  -63.674 7.0000000000
137734  5.839  -11.972  -48.383 6.0000000000
143366  8.440  -2.057  -53.407 7.0000000000
143367  8.533  -2.525  -53.241 7.0000000000
143368  8.606  -2.988  -53.058 7.0000000000
143369  8.656  -3.447  -52.857 7.0000000000
143593  -3.616  22.090  -72.181 7.0000000000
143594  -2.750  23.018  -72.027 7.0000000000
143595  -2.913  22.360  -72.021 7.0000000000
143596  -3.095  21.692  -71.987 7.0000000000
143597  -2.576  21.285  -71.780 7.0000000000
143598  -2.061  20.868  -71.561 7.0000000000
143599  -1.551  20.441  -71.331 7.0000000000
143600  -0.203  23.698  -71.018 7.0000000000
143601  -0.294  23.111  -71.095 7.0000000000
143602  -0.405  22.509  -71.145 7.0000000000
143603  0.720  22.127  -70.643 7.0000000000
143604  0.103  22.028  -70.918 7.0000000000
143605  -0.536  21.895  -71.170 7.0000000000
143606  -0.687  21.272  -71.169 7.0000000000
143607  -0.858  20.642  -71.143 7.0000000000
143608  -1.048  20.005  -71.092 7.0000000000
143609  -0.555  19.558  -70.843 7.0000000000
143610  -0.074  19.101  -70.583 7.0000000000
143611  0.391  18.635  -70.310 7.0000000000
143612  1.239  19.361  -70.150 7.0000000000
143613  1.050  18.764  -70.100 7.0000000000
143614  0.841  18.159  -70.022 7.0000000000
143615  1.278  17.674  -69.719 7.0000000000
143616  1.704  17.178  -69.399 6.0000000000
148513  -1.477  29.703  -60.232 6.0000000000
148514  -1.080  29.283  -60.253 6.0000000000
148515  -0.699  28.853  -60.261 6.0000000000
148516  -0.333  28.416  -60.257 6.0000000000
160433  -0.821  28.286  -57.847 6.0000000000
160434  -0.369  27.546  -57.204 6.0000000000
160435  -0.487  27.882  -57.833 6.0000000000
160436  -0.617  28.222  -58.451 6.0000000000
160437  -0.410  28.148  -59.053 6.0000000000
160438  -0.198  28.066  -59.650 6.0000000000
160439  0.017  27.972  -60.239 6.0000000000
160675  0.694  26.173  -57.656 6.0000000000
160676  0.628  26.507  -58.313 6.0000000000
160677  1.114  25.931  -58.829 6.0000000000
160678  0.838  26.390  -58.900 6.0000000000
160679  0.548  26.842  -58.957 6.0000000000
160680  0.456  27.180  -59.588 6.0000000000
160681  0.351  27.520  -60.206 6.0000000000
160682  0.233  27.865  -60.813 6.0000000000
160683  0.451  27.745  -61.373 7.0000000000
160684  0.669  27.610  -61.917 7.0000000000
160685  0.886  27.460  -62.445 7.0000000000
160686  1.328  26.634  -61.773 7.0000000000
160687  1.224  26.964  -62.367 7.0000000000
160688  1.101  27.293  -62.957 7.0000000000
160689  1.313  27.110  -63.452 7.0000000000
160690  1.523  26.910  -63.928 7.0000000000
160691  1.732  26.695  -64.386 7.0000000000
160692  2.480  24.636  -61.290 7.0000000000
160693  2.434  24.950  -61.896 7.0000000000
160694  2.372  25.261  -62.493 7.0000000000
160695  2.873  24.520  -62.770 7.0000000000
160696  2.591  25.047  -62.932 7.0000000000
160697  2.293  25.569  -63.082 7.0000000000
160698  2.196  25.872  -63.666 7.0000000000
160699  2.080  26.171  -64.247 7.0000000000
160700  1.940  26.462  -64.825 7.0000000000
160701  2.144  26.212  -65.244 7.0000000000
160702  2.344  25.943  -65.644 7.0000000000
160703  2.537  25.652  -66.022 7.0000000000
160704  3.044  24.859  -65.281 7.0000000000
160705  2.900  25.108  -65.833 7.0000000000
160706  2.722  25.339  -66.377 7.0000000000
160707  2.896  25.004  -66.709 7.0000000000
160708  3.059  24.647  -67.019 7.0000000000
160709  3.209  24.269  -67.308 7.0000000000
160710  3.955  20.205  -59.601 7.0000000000
160711  4.039  20.533  -60.258 7.0000000000
160712  4.112  20.859  -60.901 7.0000000000
160713  4.423  19.971  -60.990 7.0000000000
160714  4.308  20.581  -61.270 7.0000000000
160715  4.171  21.180  -61.531 7.0000000000
160716  4.215  21.492  -62.149 7.0000000000
160717  4.244  21.793  -62.754 7.0000000000
160718  4.254  22.083  -63.344 7.0000000000
160719  5.149  18.704  -62.247 7.0000000000
160720  5.052  19.340  -62.573 7.0000000000
160721  4.938  19.967  -62.881 7.0000000000
160722  5.160  19.901  -63.746 7.0000000000
160723  4.985  20.250  -63.468 7.0000000000
160724  4.802  20.583  -63.169 7.0000000000
160725  4.643  21.187  -63.438 7.0000000000
160726  4.457  21.779  -63.687 7.0000000000
160727  4.244  22.360  -63.918 7.0000000000
160728  4.209  22.623  -64.475 7.0000000000
160729  4.147  22.872  -65.017 7.0000000000
160730  4.057  23.106  -65.546 7.0000000000
160731  4.510  22.171  -65.611 7.0000000000
160732  4.235  22.751  -65.842 7.0000000000
160733  3.935  23.324  -66.065 7.0000000000
160734  3.778  23.525  -66.577 7.0000000000
160735  3.583  23.708  -67.081 7.0000000000
160736  3.345  23.872  -67.577 7.0000000000
160737  3.465  23.455  -67.827 7.0000000000
160738  3.567  23.019  -68.058 7.0000000000
160739  3.645  22.566  -68.267 7.0000000000
160740  4.300  21.869  -67.555 6.0000000000
160741  4.027  21.992  -68.011 6.0000000000
160742  3.697  22.094  -68.453 7.0000000000
160743  3.718  21.607  -68.613 6.0000000000
160744  3.709  21.106  -68.745 6.0000000000
160745  3.669  20.592  -68.848 6.0000000000
160746  5.408  19.494  -66.433 6.0000000000
160747  5.248  19.633  -66.890 6.0000000000
160748  5.034  19.757  -67.332 6.0000000000
160750  5.057  19.270  -67.449 6.0000000000
160751  4.763  19.865  -67.758 6.0000000000
160752  4.433  19.955  -68.166 6.0000000000
160753  4.045  20.024  -68.556 6.0000000000
160754  3.603  20.068  -68.924 6.0000000000
160755  3.511  19.533  -68.974 6.0000000000
160756  3.396  18.989  -68.997 6.0000000000
160757  3.259  18.436  -68.995 6.0000000000
160758  4.132  17.866  -68.341 6.0000000000
160759  3.639  17.885  -68.664 6.0000000000
160760  3.102  17.875  -68.966 6.0000000000
160761  2.925  17.307  -68.909 6.0000000000
160783  5.867  12.672  -59.622 6.0000000000
160784  5.994  12.950  -60.167 6.0000000000
160785  6.154  11.854  -59.870 6.0000000000
160786  6.135  12.541  -60.286 6.0000000000
160787  6.107  13.226  -60.700 6.0000000000
160788  6.206  13.495  -61.225 6.0000000000
160789  6.293  13.751  -61.744 6.0000000000
160790  6.370  13.991  -62.260 6.0000000000
160794  7.059  5.797  -57.680 6.0000000000
160795  6.884  6.247  -57.722 6.0000000000
160797  6.735  7.364  -58.238 6.0000000000
160798  6.750  8.043  -58.715 6.0000000000
160799  6.752  8.731  -59.177 6.0000000000
160800  7.532  6.667  -59.296 6.0000000000
160801  7.420  7.140  -59.392 6.0000000000
160802  7.297  7.606  -59.473 6.0000000000
160803  7.290  8.516  -60.330 6.0000000000
160804  7.245  8.298  -59.937 6.0000000000
160805  7.164  8.067  -59.539 6.0000000000
160806  7.026  8.524  -59.587 6.0000000000
160807  6.885  8.976  -59.618 6.0000000000
160808  6.742  9.425  -59.630 6.0000000000
160809  6.719  10.121  -60.077 6.0000000000
160810  6.686  10.815  -60.523 6.0000000000
160811  6.645  11.506  -60.969 6.0000000000
160812  6.842  11.281  -61.430 6.0000000000
160813  6.723  11.740  -61.435 6.0000000000
160814  6.598  12.192  -61.417 6.0000000000
160815  6.547  12.872  -61.867 6.0000000000
160816  6.493  13.545  -62.318 6.0000000000
160817  6.434  14.211  -62.770 6.0000000000
160818  6.482  14.412  -63.271 6.0000000000
160819  6.507  14.595  -63.762 6.0000000000
160820  6.500  14.761  -64.242 6.0000000000
160821  6.661  13.627  -63.775 6.0000000000
160822  6.563  14.272  -64.246 6.0000000000
160823  6.452  14.913  -64.709 6.0000000000
160824  6.355  15.052  -65.165 6.0000000000
160825  6.203  15.179  -65.606 6.0000000000
160827  6.747  11.616  -63.540 6.0000000000
160828  6.617  12.251  -64.047 6.0000000000
160829  6.473  12.886  -64.547 6.0000000000
160830  6.185  12.477  -64.834 6.0000000000
160831  6.259  12.999  -64.948 6.0000000000
160832  6.314  13.519  -65.037 6.0000000000
160833  6.137  14.150  -65.517 6.0000000000
160853  0.438  11.267  -66.677 6.0000000000
160860  1.526  10.897  -66.115 6.0000000000
160861  0.844  10.778  -66.220 6.0000000000
160862  0.150  10.623  -66.300 7.0000000000
160863  -0.141  9.970  -65.900 7.0000000000
160864  -0.437  9.303  -65.477 7.0000000000
160865  -0.737  8.621  -65.033 7.0000000000
160866  0.324  8.345  -64.517 7.0000000000
160867  -0.357  8.153  -64.555 7.0000000000
160868  -1.040  7.926  -64.576 7.0000000000
160869  -1.342  7.226  -64.118 7.0000000000
160870  -1.639  6.536  -63.670 7.0000000000
160871  -1.926  5.862  -63.237 6.0000000000
160872  6.071  6.223  -61.334 7.0000000000
160873  5.663  6.293  -61.561 7.0000000000
160874  5.208  6.350  -61.766 7.0000000000
160875  5.239  5.184  -60.918 7.0000000000
160876  4.980  5.790  -61.434 7.0000000000
160877  4.711  6.393  -61.949 7.0000000000
160878  4.174  6.418  -62.110 7.0000000000
160879  3.600  6.421  -62.248 7.0000000000
160880  2.997  6.398  -62.365 7.0000000000
160881  4.209  2.861  -59.466 7.0000000000
160882  3.926  3.451  -59.966 7.0000000000
160883  3.633  4.038  -60.466 7.0000000000
160884  2.738  3.347  -60.212 7.0000000000
160885  3.033  3.990  -60.581 7.0000000000
160886  3.329  4.623  -60.966 7.0000000000
160887  3.017  5.202  -61.464 7.0000000000
160888  2.697  5.777  -61.962 7.0000000000
160889  2.371  6.343  -62.461 7.0000000000
160890  1.730  6.256  -62.541 7.0000000000
160891  1.078  6.138  -62.610 7.0000000000
160892  0.420  5.994  -62.672 7.0000000000
160893  0.478  4.817  -61.810 6.0000000000
160894  0.121  5.330  -62.267 6.0000000000
160895  -0.239  5.826  -62.727 6.0000000000
160896  -0.896  5.639  -62.771 6.0000000000
160897  -1.551  5.430  -62.801 6.0000000000
160898  -2.200  5.195  -62.812 6.0000000000
160899  -2.464  4.521  -62.388 6.0000000000
160900  -2.719  3.830  -61.962 6.0000000000
160901  -2.964  3.127  -61.541 6.0000000000
160902  -1.971  2.945  -61.156 6.0000000000
160903  -2.589  2.696  -61.150 6.0000000000
160904  -3.197  2.418  -61.126 6.0000000000
160905  -3.416  1.706  -60.720 6.0000000000
163679  8.685  -4.009  -52.315 7.0000000000
163680  8.685  -3.900  -52.638 7.0000000000
163736  9.173  -10.510  -46.275 7.0000000000
163737  9.121  -10.029  -46.764 7.0000000000
163738  9.273  -10.360  -46.853 7.0000000000
163739  9.186  -9.947  -47.059 7.0000000000
163740  9.076  -9.543  -47.256 7.0000000000
163741  9.035  -9.053  -47.751 7.0000000000
163742  8.998  -8.556  -48.252 7.0000000000
163743  8.962  -8.054  -48.759 7.0000000000
163744  8.912  -10.234  -47.814 7.0000000000
163745  8.976  -9.760  -48.096 7.0000000000
163746  9.016  -9.298  -48.357 7.0000000000
163747  8.780  -8.772  -49.083 7.0000000000
163748  8.930  -8.803  -48.853 7.0000000000
163749  9.031  -8.846  -48.602 7.0000000000
163750  9.020  -8.404  -48.834 7.0000000000
163751  8.985  -7.971  -49.056 7.0000000000
163752  8.926  -7.544  -49.270 7.0000000000
163753  8.890  -7.028  -49.784 7.0000000000
163754  8.855  -6.505  -50.301 7.0000000000
163755  8.820  -5.976  -50.823 7.0000000000
163756  8.765  -6.336  -50.871 7.0000000000
163757  8.785  -5.884  -51.115 7.0000000000
163758  8.782  -5.441  -51.348 7.0000000000
163759  8.739  -4.899  -51.875 7.0000000000
163760  8.690  -4.349  -52.405 7.0000000000
163761  8.634  -3.790  -52.935 7.0000000000
163762  8.533  -3.680  -53.206 7.0000000000
163763  8.381  -3.574  -53.451 7.0000000000
163764  8.180  -3.472  -53.672 7.0000000000
163765  8.173  -4.536  -52.873 7.0000000000
163766  8.058  -3.962  -53.373 7.0000000000
163767  7.935  -3.376  -53.869 7.0000000000
163768  7.647  -3.289  -54.046 7.0000000000
163769  7.318  -3.212  -54.208 7.0000000000
163770  6.950  -3.147  -54.362 7.0000000000
163771  7.513  -6.609  -51.608 7.0000000000
163772  7.366  -6.048  -52.098 7.0000000000
163773  7.214  -5.476  -52.586 7.0000000000
163774  6.585  -6.037  -52.418 7.0000000000
163775  6.827  -5.459  -52.743 7.0000000000
163776  7.057  -4.894  -53.071 7.0000000000
163777  6.894  -4.302  -53.554 7.0000000000
163778  6.723  -3.703  -54.034 7.0000000000
163779  6.543  -3.099  -54.514 7.0000000000
163780  6.100  -3.071  -54.671 7.0000000000
163781  5.626  -3.068  -54.839 7.0000000000
163782  5.129  -3.091  -55.020 7.0000000000
163783  5.074  -4.314  -54.237 7.0000000000
163784  4.848  -3.725  -54.724 7.0000000000
163785  4.614  -3.140  -55.211 7.0000000000
163786  4.090  -3.209  -55.408 7.0000000000
163789  5.644  -11.454  -48.905 6.0000000000
163790  5.449  -10.927  -49.426 6.0000000000
163791  5.252  -10.392  -49.946 6.0000000000
163793  4.795  -10.540  -50.117 6.0000000000
163794  5.051  -9.847  -50.465 6.0000000000
163795  4.846  -9.292  -50.984 6.0000000000
163796  4.634  -8.728  -51.503 6.0000000000
163797  4.415  -8.154  -52.020 6.0000000000
163805  3.921  -8.270  -52.215 6.0000000000
163806  4.189  -7.572  -52.535 6.0000000000
163807  3.957  -6.986  -53.046 6.0000000000
163808  3.721  -6.396  -53.550 6.0000000000
