#!ascii label  , from subject 40tvs8ref_sym_20 vox2ras=TkReg
416
258  25.795  105.500  -23.163 7.0000000000
738  27.541  101.919  -20.808 6.0000000000
1852  27.536  101.672  -13.360 6.0000000000
1854  27.840  100.394  -5.600 6.0000000000
1855  28.446  98.136  2.431 6.0000000000
1856  29.105  94.970  10.701 6.0000000000
3653  24.314  106.366  -24.267 6.0000000000
3655  25.830  104.913  -26.818 6.0000000000
4072  26.950  103.698  -10.807 6.0000000000
4074  27.191  102.994  -6.936 6.0000000000
4076  27.868  100.842  1.049 6.0000000000
4077  28.257  99.400  5.118 6.0000000000
4078  28.804  96.652  6.530 6.0000000000
4079  28.623  97.751  9.278 6.0000000000
4115  25.893  105.839  -12.047 6.0000000000
4116  26.787  104.131  -14.624 6.0000000000
5936  26.836  104.004  -22.006 6.0000000000
5937  26.984  103.483  -25.667 6.0000000000
5938  27.715  101.536  -24.444 6.0000000000
8187  27.501  102.041  -2.958 6.0000000000
8188  28.103  99.384  -1.605 6.0000000000
8235  24.448  107.272  -16.958 6.0000000000
8236  25.759  105.935  -19.499 7.0000000000
8237  26.754  104.243  -18.354 6.0000000000
8238  27.498  101.947  -17.127 6.0000000000
11333  25.116  106.005  -23.723 7.0000000000
11334  25.096  105.719  -25.545 6.0000000000
11335  25.812  105.215  -24.994 7.0000000000
11752  26.585  104.543  -9.516 6.0000000000
11753  27.063  103.378  -8.880 6.0000000000
11754  26.726  104.177  -7.589 6.0000000000
11756  27.838  100.653  4.388 6.0000000000
11757  28.031  99.854  6.447 6.0000000000
11758  28.450  98.599  7.191 6.0000000000
11796  26.464  104.837  -11.433 6.0000000000
13733  27.219  103.028  -21.414 6.0000000000
13734  27.297  102.832  -23.235 6.0000000000
13735  27.614  101.769  -22.625 6.0000000000
16726  27.510  102.255  -26.892 6.0000000000
16727  27.082  103.160  -27.496 6.0000000000
17987  27.264  102.699  -1.641 6.0000000000
17988  28.192  99.526  1.744 6.0000000000
17989  28.006  100.165  -0.271 6.0000000000
17990  28.269  98.789  0.406 6.0000000000
17991  28.329  97.956  -0.940 6.0000000000
17992  28.478  97.341  1.073 6.0000000000
17994  28.636  96.667  3.098 6.0000000000
17995  28.959  95.835  8.609 6.0000000000
17996  28.933  95.151  7.198 6.0000000000
17997  29.069  94.324  9.275 6.0000000000
18104  25.135  106.680  -18.230 6.0000000000
18105  25.754  106.045  -17.667 6.0000000000
18106  26.295  105.176  -18.932 6.0000000000
18107  26.289  105.224  -17.095 6.0000000000
18108  27.196  102.945  -14.000 6.0000000000
18109  27.161  103.087  -15.887 6.0000000000
18110  27.505  101.842  -15.254 6.0000000000
23216  27.824  100.711  -20.181 6.0000000000
23217  27.883  100.601  -22.003 6.0000000000
25009  24.247  106.099  -26.060 6.0000000000
25762  27.261  102.733  -12.092 6.0000000000
25764  27.345  102.458  -10.167 6.0000000000
25765  27.441  102.122  -8.231 6.0000000000
25768  27.457  102.082  0.356 6.0000000000
25769  27.648  101.399  2.359 6.0000000000
25770  28.060  100.150  3.070 6.0000000000
25771  28.385  98.826  3.779 6.0000000000
25772  28.629  97.423  4.471 6.0000000000
25773  28.580  98.070  5.837 6.0000000000
25774  28.759  97.261  7.914 6.0000000000
25775  28.916  96.406  10.004 6.0000000000
25840  26.310  105.184  -15.232 6.0000000000
25841  26.367  105.054  -13.341 6.0000000000
25842  26.853  103.952  -12.724 6.0000000000
29210  26.366  104.831  -22.590 7.0000000000
29211  26.412  104.567  -24.423 7.0000000000
29212  26.904  103.770  -23.835 6.0000000000
29213  27.394  102.568  -25.062 6.0000000000
29214  27.838  101.239  -26.268 6.0000000000
33283  26.465  104.267  -26.254 6.0000000000
33284  26.531  103.941  -28.076 6.0000000000
34863  26.891  103.746  -5.634 6.0000000000
34864  27.337  102.548  -4.959 7.0000000000
34865  27.683  101.268  -4.280 6.0000000000
34866  27.679  101.472  -0.954 6.0000000000
34867  27.834  100.747  -2.277 6.0000000000
34868  27.960  99.921  -3.607 6.0000000000
34869  28.194  98.511  -2.943 6.0000000000
34875  28.792  95.934  5.139 6.0000000000
34998  24.362  106.643  -22.454 6.0000000000
34999  25.127  106.280  -21.894 7.0000000000
35004  23.703  107.711  -15.694 6.0000000000
35006  24.418  107.123  -18.794 6.0000000000
35007  25.129  106.513  -20.061 7.0000000000
35008  25.777  105.747  -21.330 7.0000000000
35009  26.324  105.040  -20.759 7.0000000000
35010  26.781  104.168  -20.182 6.0000000000
35011  27.168  103.138  -19.592 6.0000000000
35012  26.756  104.229  -16.502 6.0000000000
35013  27.152  103.154  -17.753 6.0000000000
35014  27.505  101.977  -18.979 6.0000000000
42053  25.470  105.772  -23.444 7.0000000000
42054  25.470  105.630  -24.359 7.0000000000
42055  25.803  105.361  -24.079 7.0000000000
42473  26.653  104.369  -8.555 6.0000000000
42516  26.309  105.082  -9.830 6.0000000000
44453  27.386  102.489  -21.113 6.0000000000
44454  27.421  102.413  -22.022 6.0000000000
44455  27.573  101.855  -21.717 6.0000000000
47446  27.756  101.591  -27.497 6.0000000000
47447  27.579  102.085  -27.807 6.0000000000
48707  27.114  102.982  -0.986 6.0000000000
48708  28.327  98.840  2.089 6.0000000000
48709  28.235  99.170  1.076 6.0000000000
48710  28.356  98.470  1.416 6.0000000000
48711  28.380  98.074  0.741 6.0000000000
48712  28.463  97.751  1.752 6.0000000000
48713  28.556  97.012  2.083 6.0000000000
48714  28.549  97.412  2.767 6.0000000000
48715  29.032  95.410  9.654 6.0000000000
48716  29.023  95.090  8.946 6.0000000000
48717  29.094  94.662  9.990 6.0000000000
48718  29.140  93.891  10.318 6.0000000000
48719  29.167  94.218  11.037 6.0000000000
48826  26.031  105.657  -17.383 6.0000000000
48827  26.036  105.664  -16.460 6.0000000000
48828  27.374  102.317  -13.682 6.0000000000
48829  27.354  102.404  -14.630 6.0000000000
48830  27.517  101.765  -14.310 6.0000000000
57040  24.283  106.231  -25.166 6.0000000000
58297  27.111  103.230  -11.451 6.0000000000
58298  27.301  102.603  -11.131 6.0000000000
58299  27.159  103.089  -10.489 6.0000000000
58300  27.125  103.194  -7.911 6.0000000000
58301  27.264  102.760  -8.557 6.0000000000
58302  27.321  102.572  -7.584 6.0000000000
58303  27.494  101.932  -7.255 6.0000000000
58304  27.383  102.369  -6.604 6.0000000000
58306  27.404  101.993  2.007 6.0000000000
58307  27.498  101.630  3.012 6.0000000000
58308  28.060  100.036  4.754 6.0000000000
58309  27.962  100.417  3.730 6.0000000000
58310  28.158  99.782  4.091 6.0000000000
58311  28.233  99.497  3.426 6.0000000000
58312  28.331  99.128  4.450 6.0000000000
58313  28.483  98.455  4.805 6.0000000000
58314  28.430  98.745  5.480 6.0000000000
58315  28.540  98.181  8.234 6.0000000000
58316  28.618  97.940  7.556 6.0000000000
58317  28.704  97.521  8.599 6.0000000000
58318  28.840  96.839  8.958 6.0000000000
58319  28.784  97.090  9.644 6.0000000000
58426  26.097  105.549  -13.645 6.0000000000
58427  26.138  105.464  -12.695 6.0000000000
58428  26.718  104.283  -11.122 6.0000000000
58429  26.666  104.411  -12.080 6.0000000000
58430  26.899  103.834  -11.767 6.0000000000
58431  27.067  103.354  -12.410 6.0000000000
64238  26.613  104.437  -22.299 7.0000000000
64239  26.641  104.319  -23.215 7.0000000000
64240  26.869  103.895  -22.920 6.0000000000
64241  27.511  102.199  -23.842 6.0000000000
64242  27.344  102.707  -24.148 6.0000000000
64243  27.564  102.066  -24.755 6.0000000000
64244  27.621  101.919  -25.668 6.0000000000
64245  27.774  101.394  -25.355 6.0000000000
73201  23.710  106.112  -27.177 6.0000000000
73202  23.180  106.229  -27.392 6.0000000000
73216  26.703  104.044  -25.047 6.0000000000
73217  26.437  104.421  -25.339 6.0000000000
73218  26.739  103.892  -25.963 6.0000000000
73219  27.138  102.988  -28.407 6.0000000000
73220  26.822  103.567  -27.789 6.0000000000
76998  27.301  102.659  -3.301 6.0000000000
76999  27.213  102.916  -4.302 7.0000000000
77000  27.417  102.302  -3.960 6.0000000000
77001  27.521  101.917  -4.619 6.0000000000
77002  27.597  101.668  -3.618 6.0000000000
77003  27.675  101.472  0.702 6.0000000000
77004  27.579  101.792  -0.298 6.0000000000
77005  27.773  101.164  0.047 6.0000000000
77006  28.057  99.787  -0.937 6.0000000000
77007  27.918  100.463  -1.275 6.0000000000
77008  27.975  100.074  -1.940 6.0000000000
77009  27.899  100.346  -2.941 6.0000000000
77010  28.028  99.660  -2.607 6.0000000000
77011  28.081  99.224  -3.274 6.0000000000
77012  28.148  98.958  -2.274 6.0000000000
77025  28.719  97.044  5.498 6.0000000000
77026  28.721  96.689  4.808 6.0000000000
77027  28.803  96.306  5.835 6.0000000000
77028  28.972  94.371  7.523 6.0000000000
77029  28.909  94.771  6.492 6.0000000000
77331  24.759  106.481  -22.175 7.0000000000
77332  24.768  106.613  -21.260 7.0000000000
77344  24.466  107.317  -16.039 6.0000000000
77345  24.106  107.550  -15.404 6.0000000000
77346  24.082  107.511  -16.324 6.0000000000
77347  23.676  107.656  -16.612 6.0000000000
77348  24.061  107.450  -17.243 6.0000000000
77349  24.040  107.371  -18.161 6.0000000000
77350  24.432  107.207  -17.876 6.0000000000
77351  25.455  106.327  -18.865 7.0000000000
77352  25.131  106.606  -19.146 6.0000000000
77353  25.457  106.247  -19.780 7.0000000000
77354  25.461  106.149  -20.696 7.0000000000
77355  25.767  105.850  -20.414 7.0000000000
77356  26.063  105.415  -21.046 7.0000000000
77357  26.049  105.505  -20.130 7.0000000000
77358  26.532  104.731  -18.645 6.0000000000
77359  26.544  104.689  -19.559 6.0000000000
77360  26.764  104.217  -19.270 6.0000000000
77361  26.982  103.671  -19.890 6.0000000000
77362  26.967  103.706  -18.976 6.0000000000
77363  26.557  104.677  -14.930 6.0000000000
77364  26.539  104.723  -15.869 6.0000000000
77365  26.767  104.190  -15.566 6.0000000000
77366  27.334  102.528  -16.510 6.0000000000
77367  27.154  103.130  -16.823 6.0000000000
77368  27.332  102.562  -17.443 6.0000000000
77369  27.334  102.578  -18.369 6.0000000000
77370  27.499  101.973  -18.056 6.0000000000
77371  27.658  101.362  -18.663 6.0000000000
77372  27.653  101.348  -17.737 6.0000000000
94127  24.732  106.201  -23.999 6.0000000000
94128  24.712  106.061  -24.906 6.0000000000
94129  25.107  105.862  -24.635 6.0000000000
94130  25.469  105.484  -25.272 7.0000000000
94131  25.821  105.066  -25.907 6.0000000000
94882  26.776  104.137  -10.162 6.0000000000
94883  27.005  103.547  -9.845 6.0000000000
94884  26.837  103.974  -9.200 6.0000000000
94885  26.902  103.794  -8.235 6.0000000000
94886  26.973  103.598  -7.264 6.0000000000
94888  27.591  101.251  4.024 6.0000000000
94890  27.935  100.260  5.414 6.0000000000
94891  28.158  99.642  5.784 6.0000000000
94892  28.355  99.005  6.152 6.0000000000
94893  28.254  99.236  6.821 6.0000000000
94894  28.347  98.820  7.862 6.0000000000
94895  28.434  98.392  8.905 6.0000000000
94959  25.948  105.724  -11.094 6.0000000000
94960  26.188  105.357  -11.741 6.0000000000
94961  26.246  105.230  -10.786 6.0000000000
94962  26.522  104.699  -10.475 6.0000000000
98447  27.037  103.534  -21.711 6.0000000000
98448  27.073  103.435  -22.623 6.0000000000
98449  27.255  102.940  -22.324 6.0000000000
98450  27.463  102.315  -22.931 6.0000000000
98451  27.662  101.662  -23.534 6.0000000000
103834  27.253  102.886  -26.282 6.0000000000
103835  27.030  103.326  -26.582 6.0000000000
103836  27.310  102.723  -27.197 6.0000000000
103837  27.374  102.551  -28.110 6.0000000000
106104  27.168  102.985  -2.642 6.0000000000
106105  27.391  102.385  -2.298 6.0000000000
106106  28.040  100.193  1.397 6.0000000000
106107  27.945  100.518  0.391 6.0000000000
106108  28.098  99.853  0.734 6.0000000000
106109  28.144  99.486  0.068 6.0000000000
106110  28.184  99.093  -0.601 6.0000000000
106111  28.221  98.678  -1.271 6.0000000000
106112  28.298  98.383  -0.266 6.0000000000
106113  28.402  97.656  0.065 6.0000000000
106114  28.496  96.911  0.393 6.0000000000
106116  28.565  96.590  1.400 6.0000000000
106117  28.636  96.254  2.410 6.0000000000
106118  28.707  95.903  3.424 6.0000000000
106119  28.884  96.249  7.567 6.0000000000
106120  28.880  95.912  6.867 6.0000000000
106121  28.952  95.506  7.905 6.0000000000
106122  29.001  94.744  8.235 6.0000000000
106123  29.036  93.961  8.558 6.0000000000
106313  24.812  107.045  -16.676 6.0000000000
106314  24.799  106.995  -17.594 6.0000000000
106315  25.142  106.735  -17.313 6.0000000000
106316  25.456  106.387  -17.949 6.0000000000
106317  25.754  106.001  -18.584 7.0000000000
106318  26.038  105.577  -19.216 7.0000000000
106319  26.032  105.628  -18.301 6.0000000000
106320  26.288  105.211  -18.016 6.0000000000
106321  26.528  104.750  -17.726 6.0000000000
106322  27.000  103.552  -14.314 6.0000000000
106323  26.979  103.623  -15.258 6.0000000000
106324  27.175  103.025  -14.946 6.0000000000
106325  27.341  102.474  -15.573 6.0000000000
106326  27.499  101.904  -16.193 6.0000000000
106327  27.651  101.315  -16.806 6.0000000000
106328  27.651  101.263  -15.871 6.0000000000
115610  27.686  101.325  -20.497 6.0000000000
115611  27.715  101.272  -21.408 6.0000000000
115612  27.848  100.668  -21.094 6.0000000000
119793  24.205  105.963  -26.949 6.0000000000
119794  24.689  105.923  -25.808 6.0000000000
119795  24.662  105.784  -26.706 6.0000000000
121552  27.402  102.213  -12.729 6.0000000000
121553  27.562  101.563  -12.404 6.0000000000
121554  27.435  102.094  -11.770 6.0000000000
121555  27.471  101.959  -10.808 6.0000000000
121556  27.510  101.810  -9.843 6.0000000000
121557  27.210  102.932  -9.524 6.0000000000
121558  27.391  102.297  -9.201 6.0000000000
121559  27.552  101.647  -8.876 6.0000000000
121564  27.213  102.669  0.011 6.0000000000
121565  27.309  102.339  1.008 6.0000000000
121566  27.553  101.749  1.356 6.0000000000
121567  27.770  101.136  1.705 6.0000000000
121568  27.743  101.034  3.370 6.0000000000
121569  27.866  100.784  2.714 6.0000000000
121570  27.964  100.504  2.057 6.0000000000
121571  28.136  99.852  2.408 6.0000000000
121572  28.288  99.183  2.759 6.0000000000
121573  28.422  98.495  3.106 6.0000000000
121574  28.538  97.787  3.449 6.0000000000
121575  28.517  98.136  4.128 6.0000000000
121576  28.613  97.761  5.155 6.0000000000
121577  28.705  97.372  6.187 6.0000000000
121578  28.527  98.349  6.516 6.0000000000
121579  28.672  97.671  6.873 6.0000000000
121580  28.791  96.971  7.224 6.0000000000
121581  28.872  96.559  8.265 6.0000000000
121582  28.948  96.135  9.310 6.0000000000
121583  29.022  95.700  10.357 6.0000000000
121732  26.048  105.649  -15.529 6.0000000000
121733  26.068  105.611  -14.590 6.0000000000
121734  26.333  105.131  -14.289 6.0000000000
121735  26.583  104.609  -13.985 6.0000000000
121736  26.411  104.956  -12.389 6.0000000000
121737  26.620  104.520  -13.035 6.0000000000
121738  26.815  104.051  -13.677 6.0000000000
121739  27.029  103.462  -13.365 6.0000000000
121740  27.225  102.848  -13.049 6.0000000000
129752  26.094  105.186  -22.878 7.0000000000
129753  26.109  105.053  -23.795 7.0000000000
129754  26.388  104.705  -23.507 7.0000000000
129755  26.671  104.187  -24.131 6.0000000000
129756  26.942  103.632  -24.751 6.0000000000
129757  27.112  103.318  -23.536 6.0000000000
129758  27.155  103.186  -24.451 6.0000000000
129759  27.201  103.041  -25.367 6.0000000000
129760  27.449  102.417  -25.977 6.0000000000
129761  27.685  101.760  -26.583 6.0000000000
129763  27.753  101.196  -22.316 6.0000000000
129764  27.799  101.099  -23.223 6.0000000000
129765  27.852  100.981  -24.131 6.0000000000
129768  27.910  100.846  -25.040 6.0000000000
141007  26.125  104.910  -24.711 7.0000000000
141008  26.143  104.761  -25.626 6.0000000000
141009  26.163  104.607  -26.539 6.0000000000
141010  26.778  103.733  -26.877 6.0000000000
141011  26.497  104.107  -27.166 6.0000000000
141012  26.184  104.448  -27.449 6.0000000000
145612  26.805  103.969  -6.616 6.0000000000
145613  27.048  103.385  -6.286 6.0000000000
145614  26.980  103.508  -4.643 6.0000000000
145615  27.128  103.158  -5.298 6.0000000000
145616  27.262  102.778  -5.952 6.0000000000
145617  27.449  102.151  -5.615 6.0000000000
145618  27.615  101.505  -5.278 6.0000000000
145619  27.763  100.843  -4.941 6.0000000000
145620  27.360  102.398  -0.642 6.0000000000
145621  27.484  102.096  -1.297 6.0000000000
145622  27.588  101.764  -1.955 6.0000000000
145623  27.852  100.828  -0.612 6.0000000000
145624  27.762  101.123  -1.614 6.0000000000
145625  27.677  101.403  -2.616 6.0000000000
145626  27.756  101.015  -3.279 6.0000000000
145627  27.828  100.602  -3.942 6.0000000000
145628  27.897  100.165  -4.605 6.0000000000
145629  28.021  99.473  -4.272 6.0000000000
145632  28.259  98.241  -1.942 6.0000000000
145647  28.635  97.058  3.785 6.0000000000
145648  28.715  96.307  4.116 6.0000000000
145649  28.778  95.537  4.442 6.0000000000
145650  28.865  95.548  6.166 6.0000000000
145651  28.845  95.160  5.465 6.0000000000
145724  28.702  97.310  10.322 6.0000000000
145725  28.859  96.646  10.690 6.0000000000
145726  28.989  95.959  11.051 6.0000000000
145727  29.095  95.249  11.404 6.0000000000
145736  29.178  94.515  11.748 6.0000000000
145737  29.243  93.757  12.084 6.0000000000
146014  24.340  106.503  -23.363 6.0000000000
146015  24.747  106.342  -23.088 6.0000000000
146016  25.123  106.146  -22.809 7.0000000000
146017  25.469  105.909  -22.529 7.0000000000
146028  23.379  107.906  -13.225 6.0000000000
146029  23.345  107.899  -14.148 6.0000000000
146031  23.732  107.745  -14.774 6.0000000000
146032  23.312  107.871  -15.068 6.0000000000
146038  24.406  107.023  -19.711 6.0000000000
146039  24.789  106.926  -18.511 6.0000000000
146040  24.781  106.838  -19.427 6.0000000000
146041  24.775  106.733  -20.344 6.0000000000
146042  25.129  106.404  -20.978 7.0000000000
146043  25.465  106.036  -21.612 7.0000000000
146044  25.787  105.630  -22.246 7.0000000000
146045  26.078  105.307  -21.962 7.0000000000
146046  26.344  104.944  -21.674 7.0000000000
146047  26.586  104.540  -21.385 6.0000000000
146048  26.307  105.118  -19.846 6.0000000000
146049  26.563  104.624  -20.472 6.0000000000
146050  26.806  104.096  -21.093 6.0000000000
146051  27.006  103.614  -20.800 6.0000000000
146052  27.189  103.095  -20.504 6.0000000000
146053  27.359  102.542  -20.203 6.0000000000
146054  26.296  105.215  -16.167 6.0000000000
146055  26.530  104.747  -16.802 6.0000000000
146056  26.751  104.247  -17.432 6.0000000000
146057  26.966  103.674  -16.197 6.0000000000
146058  26.960  103.705  -17.130 6.0000000000
146059  26.960  103.716  -18.057 6.0000000000
146060  27.157  103.157  -18.676 6.0000000000
146061  27.342  102.571  -19.289 6.0000000000
146062  27.519  101.960  -19.896 6.0000000000
146063  27.668  101.355  -19.583 6.0000000000
