#!ascii label  , from subject 40tvs8ref_sym_20 vox2ras=TkReg
1173
29  -34.981  -33.896  2.803 7.0000000000
278  -37.135  -21.734  26.899 6.0000000000
543  -36.285  -31.406  11.809 7.0000000000
546  -36.389  -28.465  2.079 7.0000000000
767  -31.109  -36.521  3.751 6.0000000000
771  -35.555  -31.485  -1.916 6.0000000000
1196  -36.660  -26.311  25.029 6.0000000000
1197  -36.131  -27.640  20.437 7.0000000000
1198  -36.383  -31.579  16.699 7.0000000000
1199  -35.224  -28.313  15.844 6.0000000000
1208  -36.703  -25.755  -2.362 7.0000000000
1652  -36.171  -20.363  30.439 6.0000000000
1914  -34.413  -35.724  7.760 7.0000000000
2266  -36.257  -24.969  29.337 7.0000000000
2271  -36.603  -33.197  7.105 7.0000000000
2278  -34.213  -28.250  11.231 6.0000000000
2279  -36.239  -30.360  6.896 7.0000000000
2280  -37.071  -31.264  2.261 7.0000000000
2281  -37.539  -28.606  -2.274 6.0000000000
2687  -33.176  -35.158  3.253 6.0000000000
2689  -33.508  -34.081  0.768 6.0000000000
2691  -35.272  -32.768  0.401 6.0000000000
3117  -35.601  -26.008  19.694 6.0000000000
3118  -35.705  -28.064  18.149 6.0000000000
3119  -34.829  -26.413  17.482 6.0000000000
4205  -32.627  -36.905  8.290 6.0000000000
4206  -34.151  -36.373  10.316 6.0000000000
5025  -36.849  -21.031  28.757 6.0000000000
5026  -36.324  -22.657  30.140 7.0000000000
5027  -36.816  -23.298  28.251 7.0000000000
5035  -36.353  -31.600  14.268 7.0000000000
5037  -36.520  -32.905  11.975 7.0000000000
5038  -36.378  -33.883  9.615 7.0000000000
5039  -36.629  -32.458  9.461 7.0000000000
5058  -35.032  -28.131  4.372 6.0000000000
5059  -35.109  -28.910  6.776 6.0000000000
5060  -36.283  -29.515  4.469 7.0000000000
5061  -36.910  -30.913  4.548 7.0000000000
5062  -37.092  -29.850  2.156 7.0000000000
5063  -37.315  -30.031  -0.053 7.0000000000
5064  -37.290  -28.592  -0.148 7.0000000000
5066  -37.682  -25.499  -4.374 6.0000000000
5997  -35.810  -30.024  -4.128 6.0000000000
6760  -36.952  -23.979  26.214 6.0000000000
6761  -36.762  -24.717  24.086 6.0000000000
6762  -36.472  -27.039  22.736 6.0000000000
6763  -36.348  -29.271  21.034 6.0000000000
6765  -36.220  -29.724  18.691 7.0000000000
6766  -36.027  -29.974  16.334 6.0000000000
6767  -35.779  -30.011  13.955 6.0000000000
6782  -36.535  -27.210  -0.199 7.0000000000
7696  -36.645  -18.727  28.787 6.0000000000
8351  -32.882  -36.105  5.752 6.0000000000
8352  -34.692  -34.891  5.259 7.0000000000
9358  -35.482  -22.066  31.835 7.0000000000
9359  -35.583  -24.395  31.261 7.0000000000
9361  -36.609  -25.595  27.245 6.0000000000
9373  -35.515  -35.192  9.890 6.0000000000
9374  -35.781  -34.520  7.352 7.0000000000
9375  -36.054  -33.653  4.874 7.0000000000
9395  -34.713  -28.372  13.528 6.0000000000
9396  -35.504  -29.846  11.566 6.0000000000
9397  -33.795  -27.948  8.919 6.0000000000
9398  -35.267  -29.479  9.175 6.0000000000
9399  -36.240  -30.993  9.341 7.0000000000
9400  -36.760  -31.788  6.983 7.0000000000
9401  -36.832  -32.315  4.649 7.0000000000
9402  -36.329  -32.624  2.456 7.0000000000
9403  -36.603  -31.440  0.125 7.0000000000
9404  -36.865  -30.074  -2.128 6.0000000000
9406  -37.493  -27.136  -2.329 7.0000000000
10367  -34.124  -34.519  3.019 7.0000000000
10368  -33.340  -34.632  2.005 6.0000000000
10369  -34.278  -33.983  1.788 7.0000000000
10370  -34.432  -33.418  0.573 6.0000000000
10371  -35.127  -33.348  1.591 7.0000000000
10798  -35.222  -26.229  18.589 6.0000000000
11885  -33.315  -36.954  10.578 6.0000000000
12705  -37.041  -21.379  27.844 6.0000000000
12706  -36.860  -22.166  28.565 6.0000000000
12707  -37.008  -22.505  27.609 6.0000000000
12715  -36.319  -31.530  13.042 7.0000000000
12716  -36.464  -32.292  13.143 7.0000000000
12717  -36.473  -32.159  11.895 7.0000000000
12718  -36.571  -32.709  10.715 7.0000000000
12719  -36.488  -31.972  10.648 7.0000000000
12738  -35.751  -28.333  3.226 7.0000000000
12739  -35.730  -28.821  4.425 7.0000000000
12740  -36.329  -29.015  3.265 7.0000000000
12741  -36.748  -29.706  3.305 7.0000000000
12742  -36.826  -29.151  2.116 7.0000000000
12743  -37.190  -29.246  0.990 7.0000000000
12744  -36.911  -28.546  0.953 7.0000000000
13832  -34.732  -32.184  -1.785 6.0000000000
13834  -34.875  -31.505  -2.925 6.0000000000
13836  -35.688  -30.777  -3.038 6.0000000000
15106  -36.919  -23.575  24.571 6.0000000000
15108  -36.173  -26.548  21.213 6.0000000000
15109  -36.410  -26.232  22.343 6.0000000000
15110  -36.315  -27.360  21.584 6.0000000000
15111  -36.386  -28.172  21.915 6.0000000000
15112  -36.279  -28.458  20.752 6.0000000000
15113  -36.293  -29.520  19.863 6.0000000000
15114  -36.152  -28.701  19.595 7.0000000000
15115  -35.471  -28.212  17.000 6.0000000000
15116  -35.851  -29.046  17.274 6.0000000000
15117  -35.680  -29.145  16.104 6.0000000000
15118  -35.909  -30.018  15.147 6.0000000000
15119  -35.496  -29.193  14.929 6.0000000000
18377  -33.564  -36.307  8.015 6.0000000000
18378  -32.751  -36.524  7.015 6.0000000000
18379  -33.695  -35.920  6.748 7.0000000000
18380  -33.832  -35.493  5.497 7.0000000000
18381  -34.551  -35.330  6.502 7.0000000000
20835  -35.694  -20.053  31.191 6.0000000000
20836  -35.339  -20.916  31.920 6.0000000000
20837  -35.852  -21.203  31.169 6.0000000000
20838  -36.313  -23.807  29.798 7.0000000000
20839  -35.976  -23.509  30.731 7.0000000000
20840  -35.958  -24.676  30.321 7.0000000000
20841  -35.563  -25.580  30.795 7.0000000000
20842  -35.904  -25.857  29.802 7.0000000000
20843  -36.810  -25.130  25.681 6.0000000000
20844  -36.807  -24.772  26.758 6.0000000000
20845  -36.669  -25.942  26.149 6.0000000000
20865  -36.374  -31.487  17.906 6.0000000000
20875  -36.489  -33.567  8.353 7.0000000000
20876  -36.142  -34.241  8.464 7.0000000000
20877  -36.269  -33.874  7.208 7.0000000000
20878  -35.917  -34.109  6.106 7.0000000000
20879  -36.396  -33.457  5.967 7.0000000000
20930  -34.457  -28.333  12.380 6.0000000000
20931  -35.110  -29.143  12.581 6.0000000000
20932  -34.917  -29.046  11.409 6.0000000000
20936  -35.743  -29.637  6.842 7.0000000000
20937  -35.179  -29.220  7.976 6.0000000000
20938  -35.775  -29.966  8.054 7.0000000000
20939  -35.821  -30.243  9.267 7.0000000000
20940  -36.235  -30.704  8.116 7.0000000000
20941  -36.544  -31.431  8.167 7.0000000000
20942  -36.581  -31.076  6.941 7.0000000000
20943  -37.066  -31.110  3.389 7.0000000000
20944  -36.962  -31.616  4.592 7.0000000000
20945  -36.949  -31.811  3.446 7.0000000000
20946  -36.653  -32.496  3.529 7.0000000000
20947  -36.783  -31.955  2.341 7.0000000000
20948  -36.465  -32.052  1.280 7.0000000000
20949  -36.915  -31.372  1.173 7.0000000000
20950  -37.429  -29.343  -1.178 7.0000000000
20951  -37.173  -30.071  -1.107 7.0000000000
20952  -37.290  -29.345  -2.213 6.0000000000
20954  -37.399  -28.571  -3.289 6.0000000000
20955  -36.618  -26.506  -1.294 7.0000000000
20956  -37.096  -27.184  -1.275 7.0000000000
20957  -37.190  -26.430  -2.343 7.0000000000
23269  -32.162  -35.825  3.496 6.0000000000
23271  -32.332  -35.312  2.236 6.0000000000
23272  -32.514  -34.771  0.983 6.0000000000
23275  -33.673  -33.503  -0.446 6.0000000000
23276  -34.584  -32.821  -0.618 6.0000000000
23277  -35.415  -32.148  -0.768 6.0000000000
24042  -35.959  -25.744  20.798 6.0000000000
24043  -35.905  -26.820  20.086 6.0000000000
24044  -35.925  -27.874  19.294 6.0000000000
24045  -35.614  -27.047  18.959 6.0000000000
24046  -35.310  -27.233  17.831 6.0000000000
24047  -34.993  -27.381  16.698 6.0000000000
26001  -31.624  -37.534  8.578 6.0000000000
26002  -32.510  -37.248  9.574 6.0000000000
26003  -33.438  -36.651  9.294 6.0000000000
26004  -34.281  -36.071  9.033 6.0000000000
27477  -36.558  -20.692  29.625 6.0000000000
27478  -36.279  -21.512  30.355 6.0000000000
27479  -36.617  -21.834  29.483 6.0000000000
27480  -36.617  -22.973  29.215 7.0000000000
27481  -36.564  -24.117  28.824 7.0000000000
27482  -36.522  -27.501  24.264 6.0000000000
27483  -36.529  -27.140  25.430 6.0000000000
27495  -36.376  -31.616  15.488 7.0000000000
27496  -36.427  -32.394  15.620 7.0000000000
27497  -36.452  -32.370  14.386 7.0000000000
27498  -36.472  -33.048  13.238 7.0000000000
27499  -36.418  -33.641  12.067 6.0000000000
27500  -36.270  -34.145  10.892 6.0000000000
27501  -36.499  -33.437  10.791 7.0000000000
27502  -36.585  -33.179  9.526 7.0000000000
27503  -36.675  -32.866  8.274 7.0000000000
27535  -33.409  -27.461  11.029 6.0000000000
27537  -34.349  -28.184  6.688 6.0000000000
27538  -35.060  -28.547  5.573 6.0000000000
27539  -35.727  -29.255  5.632 7.0000000000
27540  -36.254  -29.963  5.680 7.0000000000
27541  -36.626  -30.669  5.721 7.0000000000
27542  -36.680  -30.213  4.509 7.0000000000
27543  -36.997  -30.406  3.344 7.0000000000
27544  -37.176  -30.558  2.202 7.0000000000
27545  -37.195  -30.671  1.095 7.0000000000
27546  -37.287  -29.957  1.036 7.0000000000
27547  -37.395  -29.308  -0.109 7.0000000000
27548  -37.501  -28.611  -1.225 7.0000000000
27549  -36.789  -24.955  -3.398 7.0000000000
27550  -37.282  -25.631  -3.379 7.0000000000
27551  -37.371  -24.791  -4.383 6.0000000000
31131  -37.137  -22.093  25.927 6.0000000000
31132  -37.065  -22.853  26.621 6.0000000000
31133  -37.036  -23.209  25.605 6.0000000000
31134  -36.897  -24.342  25.158 6.0000000000
31135  -36.740  -25.506  24.585 6.0000000000
31136  -36.553  -25.087  22.998 6.0000000000
31137  -36.604  -25.880  23.469 6.0000000000
31138  -36.592  -26.685  23.888 6.0000000000
31139  -36.471  -27.849  23.087 6.0000000000
31140  -36.387  -28.984  22.215 6.0000000000
31143  -36.344  -30.333  20.101 6.0000000000
31144  -36.334  -30.536  18.915 6.0000000000
31145  -36.307  -30.689  17.725 7.0000000000
31146  -36.009  -28.897  18.436 6.0000000000
31147  -36.131  -29.876  17.516 7.0000000000
31148  -36.262  -30.787  16.532 7.0000000000
31149  -36.203  -30.828  15.333 7.0000000000
31150  -36.129  -30.816  14.127 7.0000000000
31151  -36.045  -30.753  12.917 7.0000000000
31183  -35.787  -27.793  2.047 7.0000000000
31184  -36.458  -27.863  0.924 7.0000000000
31185  -35.837  -27.201  0.898 6.0000000000
33503  -35.998  -19.206  30.401 6.0000000000
33505  -36.252  -18.374  29.553 6.0000000000
33506  -36.435  -19.538  29.644 6.0000000000
33507  -36.777  -19.886  28.827 6.0000000000
33508  -37.019  -20.243  27.961 6.0000000000
33509  -37.158  -20.608  27.057 6.0000000000
35341  -31.741  -37.158  7.294 6.0000000000
35342  -31.868  -36.746  6.020 6.0000000000
35343  -32.007  -36.302  4.755 6.0000000000
35344  -33.023  -35.650  4.501 7.0000000000
35345  -33.975  -35.024  4.256 7.0000000000
35346  -34.836  -34.411  4.027 7.0000000000
38315  -34.937  -21.800  32.589 6.0000000000
38316  -35.068  -22.956  32.437 7.0000000000
38317  -35.944  -22.354  31.017 7.0000000000
38318  -35.560  -23.225  31.613 7.0000000000
38319  -35.136  -24.128  32.150 7.0000000000
38323  -36.926  -23.632  27.249 6.0000000000
38324  -36.726  -24.437  27.810 7.0000000000
38325  -36.473  -25.274  28.311 7.0000000000
38326  -36.480  -26.785  26.573 6.0000000000
38327  -36.362  -26.453  27.687 7.0000000000
38328  -36.171  -26.146  28.765 7.0000000000
38360  -34.890  -35.792  10.083 6.0000000000
38361  -35.022  -35.488  8.804 7.0000000000
38362  -36.016  -34.557  9.735 7.0000000000
38363  -35.646  -34.882  8.614 7.0000000000
38364  -35.157  -35.134  7.538 7.0000000000
38365  -35.298  -34.731  6.286 7.0000000000
38366  -35.439  -34.282  5.049 7.0000000000
38367  -35.581  -33.794  3.824 7.0000000000
38423  -34.426  -26.560  16.368 6.0000000000
38424  -34.667  -27.485  15.558 6.0000000000
38426  -34.341  -27.545  14.418 6.0000000000
38427  -34.969  -28.366  14.683 6.0000000000
38428  -35.305  -29.191  13.753 6.0000000000
38429  -35.642  -29.954  12.762 6.0000000000
38430  -35.961  -30.636  11.701 7.0000000000
38432  -33.141  -27.347  9.892 6.0000000000
38433  -33.991  -28.122  10.079 6.0000000000
38434  -34.458  -28.473  7.878 6.0000000000
38435  -34.588  -28.712  9.061 6.0000000000
38436  -34.741  -28.903  10.236 6.0000000000
38437  -35.376  -29.688  10.370 6.0000000000
38438  -35.884  -30.466  10.483 7.0000000000
38439  -36.257  -31.226  10.574 7.0000000000
38440  -36.512  -31.730  9.404 7.0000000000
38441  -36.692  -32.151  8.217 7.0000000000
38442  -36.768  -32.497  7.034 7.0000000000
38443  -36.832  -31.374  5.761 7.0000000000
38444  -36.863  -32.078  5.806 7.0000000000
38445  -36.716  -32.777  5.869 7.0000000000
38446  -36.524  -32.997  4.739 7.0000000000
38447  -36.191  -33.158  3.655 7.0000000000
38448  -35.723  -33.269  2.612 7.0000000000
38449  -35.864  -32.709  1.420 7.0000000000
38450  -36.004  -32.112  0.251 7.0000000000
38451  -36.143  -31.472  -0.900 6.0000000000
38452  -37.047  -30.746  0.024 7.0000000000
38453  -36.738  -30.782  -1.012 7.0000000000
38454  -36.277  -30.785  -2.030 6.0000000000
38455  -36.403  -30.050  -3.133 6.0000000000
38458  -37.003  -27.890  -0.177 7.0000000000
38459  -37.391  -27.888  -1.255 7.0000000000
38460  -37.608  -27.865  -2.309 7.0000000000
38461  -37.590  -26.338  -3.368 7.0000000000
38462  -37.711  -27.072  -3.358 7.0000000000
38463  -37.645  -27.821  -3.335 6.0000000000
41087  -34.566  -34.207  2.908 7.0000000000
41088  -34.201  -34.255  2.403 7.0000000000
41089  -34.640  -33.940  2.296 7.0000000000
41090  -34.715  -33.665  1.687 7.0000000000
41091  -35.054  -33.626  2.195 7.0000000000
43425  -37.100  -21.555  27.375 6.0000000000
43426  -37.031  -21.943  27.741 6.0000000000
43427  -37.080  -22.117  27.262 6.0000000000
43435  -36.302  -31.475  12.426 7.0000000000
43436  -36.402  -31.855  12.475 7.0000000000
43437  -36.396  -31.784  11.854 7.0000000000
43438  -36.479  -32.072  11.272 7.0000000000
43439  -36.392  -31.699  11.233 7.0000000000
43458  -36.082  -28.407  2.651 7.0000000000
43459  -36.060  -28.673  3.246 7.0000000000
43460  -36.358  -28.747  2.669 7.0000000000
43461  -36.593  -29.089  2.688 7.0000000000
43462  -36.628  -28.806  2.097 7.0000000000
43463  -36.868  -28.855  1.530 7.0000000000
43464  -36.666  -28.511  1.513 7.0000000000
44552  -35.155  -31.834  -1.853 6.0000000000
44553  -34.805  -31.850  -2.358 6.0000000000
44554  -35.224  -31.493  -2.422 6.0000000000
44555  -35.292  -31.140  -2.984 6.0000000000
44556  -35.623  -31.137  -2.481 6.0000000000
45828  -36.143  -27.097  20.834 6.0000000000
45829  -36.253  -26.953  21.404 6.0000000000
45830  -36.226  -27.505  21.010 6.0000000000
45831  -36.290  -27.913  21.175 6.0000000000
45832  -36.215  -28.050  20.599 6.0000000000
45833  -36.218  -28.586  20.173 6.0000000000
45834  -36.134  -28.175  20.023 7.0000000000
45835  -35.349  -28.269  16.423 6.0000000000
45836  -35.571  -28.685  16.560 6.0000000000
45837  -35.465  -28.729  15.978 6.0000000000
45838  -35.589  -29.175  15.517 6.0000000000
45839  -35.356  -28.760  15.394 6.0000000000
49097  -34.000  -36.015  7.884 7.0000000000
49098  -33.628  -36.119  7.380 7.0000000000
49099  -34.067  -35.825  7.251 7.0000000000
49100  -34.135  -35.625  6.622 7.0000000000
49101  -34.481  -35.533  7.129 7.0000000000
51555  -35.944  -20.205  30.823 6.0000000000
51556  -35.782  -20.628  31.196 6.0000000000
51557  -36.018  -20.781  30.812 6.0000000000
51558  -36.289  -24.386  29.582 7.0000000000
51559  -36.141  -24.237  30.067 7.0000000000
51560  -36.118  -24.821  29.835 7.0000000000
51561  -35.935  -25.265  30.074 7.0000000000
51562  -36.086  -25.409  29.575 7.0000000000
51563  -36.734  -25.718  25.370 6.0000000000
51564  -36.745  -25.532  25.921 6.0000000000
51565  -36.672  -26.125  25.592 6.0000000000
51585  -36.381  -31.540  17.303 6.0000000000
51587  -36.400  -31.972  16.774 7.0000000000
51595  -36.546  -33.389  7.727 7.0000000000
51596  -36.395  -33.730  7.776 7.0000000000
51597  -36.456  -33.539  7.152 7.0000000000
51598  -36.332  -33.672  6.586 7.0000000000
51599  -36.516  -33.336  6.531 7.0000000000
51648  -33.954  -27.898  11.703 6.0000000000
51649  -34.092  -27.932  12.272 6.0000000000
51650  -34.333  -28.297  11.806 6.0000000000
51651  -34.686  -28.698  11.903 6.0000000000
51652  -34.578  -28.647  11.323 6.0000000000
51656  -36.009  -29.999  6.870 7.0000000000
51657  -35.758  -29.808  7.447 7.0000000000
51658  -36.015  -30.174  7.478 7.0000000000
51659  -36.023  -30.336  8.087 7.0000000000
51660  -36.235  -30.539  7.505 7.0000000000
51661  -36.418  -30.901  7.530 7.0000000000
51662  -36.430  -30.719  6.919 7.0000000000
51663  -37.089  -31.193  2.821 7.0000000000
51664  -37.031  -31.462  3.416 7.0000000000
51665  -37.010  -31.543  2.852 7.0000000000
51666  -36.885  -31.889  2.888 7.0000000000
51667  -36.949  -31.612  2.298 7.0000000000
51668  -36.848  -31.669  1.755 7.0000000000
51669  -37.013  -31.323  1.712 7.0000000000
51670  -37.484  -28.980  -1.730 7.0000000000
51671  -37.381  -29.348  -1.700 7.0000000000
51672  -37.436  -28.976  -2.247 6.0000000000
51673  -37.345  -28.964  -2.755 6.0000000000
51674  -37.491  -28.592  -2.786 6.0000000000
51675  -36.661  -26.137  -1.831 7.0000000000
51676  -36.924  -26.471  -1.821 7.0000000000
51677  -36.969  -26.088  -2.351 7.0000000000
54142  -32.675  -35.487  3.373 6.0000000000
54143  -32.245  -35.572  2.866 6.0000000000
54144  -32.758  -35.232  2.746 6.0000000000
54145  -33.424  -34.359  1.385 6.0000000000
54146  -32.931  -34.698  1.494 6.0000000000
54147  -33.019  -34.422  0.873 6.0000000000
54149  -33.106  -34.140  0.257 6.0000000000
54151  -33.591  -33.796  0.158 6.0000000000
54152  -34.864  -33.092  0.484 6.0000000000
54153  -34.508  -33.124  -0.026 6.0000000000
54154  -34.938  -32.793  -0.109 6.0000000000
54155  -35.011  -32.484  -0.696 6.0000000000
54156  -35.344  -32.463  -0.187 6.0000000000
55430  -35.784  -25.882  20.246 6.0000000000
55431  -35.922  -26.284  20.453 6.0000000000
55432  -35.762  -26.413  19.896 6.0000000000
55433  -35.761  -26.939  19.523 6.0000000000
55434  -35.597  -26.530  19.337 6.0000000000
55435  -35.027  -26.326  18.036 6.0000000000
55436  -35.255  -26.734  18.220 6.0000000000
55437  -35.080  -26.821  17.660 6.0000000000
55438  -35.153  -27.312  17.265 6.0000000000
55439  -34.901  -26.900  17.099 6.0000000000
58695  -32.020  -37.556  9.720 6.0000000000
58696  -32.453  -37.403  10.218 6.0000000000
58697  -33.745  -36.662  10.444 6.0000000000
58698  -33.376  -36.807  9.936 6.0000000000
58699  -33.808  -36.516  9.802 6.0000000000
58700  -33.871  -36.360  9.161 6.0000000000
58701  -34.216  -36.228  9.674 6.0000000000
61155  -36.716  -20.860  29.197 6.0000000000
61156  -36.595  -21.264  29.570 6.0000000000
61157  -36.741  -21.431  29.129 6.0000000000
61158  -36.845  -22.731  28.424 6.0000000000
61159  -36.746  -22.566  28.899 7.0000000000
61160  -36.728  -23.134  28.738 7.0000000000
61161  -36.596  -23.543  29.035 7.0000000000
61162  -36.697  -23.703  28.546 7.0000000000
61163  -36.461  -28.089  23.846 6.0000000000
61164  -36.466  -27.916  24.440 6.0000000000
61185  -36.366  -31.614  14.879 7.0000000000
61186  -36.420  -32.002  14.943 7.0000000000
61187  -36.419  -31.985  14.329 7.0000000000
61188  -36.500  -32.608  12.562 7.0000000000
61189  -36.485  -32.671  13.190 7.0000000000
61190  -36.496  -32.983  12.606 7.0000000000
61191  -36.455  -33.356  12.654 6.0000000000
61192  -36.488  -33.275  12.018 7.0000000000
61193  -36.458  -33.546  11.428 7.0000000000
61194  -36.520  -33.182  11.384 7.0000000000
61195  -36.599  -32.590  10.087 7.0000000000
61196  -36.590  -32.954  10.120 7.0000000000
61197  -36.627  -32.820  9.492 7.0000000000
61198  -36.630  -33.029  8.899 7.0000000000
61199  -36.666  -32.672  8.867 7.0000000000
61253  -34.652  -27.998  4.937 6.0000000000
61254  -34.678  -28.194  5.537 6.0000000000
61255  -35.044  -28.346  4.972 6.0000000000
61256  -36.026  -29.167  4.448 7.0000000000
61257  -35.726  -29.044  5.028 7.0000000000
61258  -36.015  -29.395  5.052 7.0000000000
61259  -36.009  -29.609  5.657 7.0000000000
61260  -36.266  -29.745  5.074 7.0000000000
61261  -36.479  -30.096  5.094 7.0000000000
61262  -36.502  -29.863  4.489 7.0000000000
61263  -36.937  -29.783  2.727 7.0000000000
61264  -36.894  -30.055  3.324 7.0000000000
61265  -37.044  -30.134  2.748 7.0000000000
61266  -37.105  -30.487  2.770 7.0000000000
61267  -37.157  -30.204  2.178 7.0000000000
61268  -37.232  -30.264  1.616 7.0000000000
61269  -37.210  -29.908  1.592 7.0000000000
61270  -37.239  -28.925  0.417 7.0000000000
61271  -37.313  -29.280  0.437 7.0000000000
61272  -37.365  -28.949  -0.130 7.0000000000
61273  -37.448  -28.966  -0.671 7.0000000000
61274  -37.417  -28.605  -0.689 7.0000000000
61275  -36.833  -24.539  -3.904 6.0000000000
61276  -37.102  -24.874  -3.894 7.0000000000
68356  -37.092  -22.650  25.781 6.0000000000
68357  -37.051  -22.831  25.275 6.0000000000
68358  -36.843  -24.142  24.345 6.0000000000
68359  -36.917  -23.956  24.872 6.0000000000
68360  -36.839  -24.529  24.624 6.0000000000
68361  -36.819  -24.921  24.887 6.0000000000
68362  -36.759  -25.109  24.343 6.0000000000
68366  -36.449  -26.635  22.545 6.0000000000
68367  -36.513  -26.060  22.907 6.0000000000
68368  -36.533  -26.462  23.116 6.0000000000
68369  -36.605  -26.281  23.685 6.0000000000
68370  -36.537  -26.865  23.313 6.0000000000
68371  -36.527  -27.270  23.499 6.0000000000
68372  -36.479  -27.444  22.916 6.0000000000
68373  -36.362  -28.725  21.481 6.0000000000
68374  -36.396  -28.577  22.068 6.0000000000
68375  -36.370  -29.131  21.623 6.0000000000
68377  -36.353  -29.678  21.165 6.0000000000
68379  -36.343  -29.807  20.575 6.0000000000
68380  -36.259  -29.628  19.278 6.0000000000
68381  -36.312  -30.035  19.397 6.0000000000
68382  -36.290  -30.131  18.807 6.0000000000
68383  -36.323  -30.619  18.320 6.0000000000
68384  -36.263  -30.215  18.216 7.0000000000
68385  -35.816  -27.974  18.722 6.0000000000
68386  -35.960  -28.390  18.873 6.0000000000
68387  -35.868  -28.480  18.297 6.0000000000
68388  -35.937  -29.518  16.812 6.0000000000
68389  -36.004  -29.462  17.399 6.0000000000
68390  -36.081  -29.931  16.926 7.0000000000
68391  -36.197  -30.341  17.032 7.0000000000
68392  -36.159  -30.383  16.437 7.0000000000
68393  -36.234  -30.814  15.933 7.0000000000
68394  -36.117  -30.411  15.841 7.0000000000
68395  -35.845  -30.021  14.551 6.0000000000
68396  -36.022  -30.427  14.645 6.0000000000
68397  -35.969  -30.416  14.045 6.0000000000
68398  -36.087  -30.791  13.523 7.0000000000
68399  -35.915  -30.393  13.445 6.0000000000
68466  -35.415  -27.737  2.614 6.0000000000
68468  -35.810  -27.504  1.469 7.0000000000
73738  -35.745  -19.049  30.756 6.0000000000
73745  -36.461  -18.548  29.177 6.0000000000
73746  -36.351  -18.957  29.611 6.0000000000
73747  -36.547  -19.131  29.222 6.0000000000
73748  -36.618  -19.710  29.242 6.0000000000
73749  -36.718  -19.308  28.820 6.0000000000
73751  -36.986  -19.670  27.977 6.0000000000
73752  -37.081  -19.855  27.540 6.0000000000
73753  -37.102  -20.425  27.513 6.0000000000
78172  -32.133  -37.216  8.432 6.0000000000
78173  -31.682  -37.351  7.935 6.0000000000
78174  -32.192  -37.031  7.791 6.0000000000
78175  -32.816  -36.319  6.382 6.0000000000
78176  -32.316  -36.633  6.517 6.0000000000
78177  -32.382  -36.421  5.885 6.0000000000
78178  -31.935  -36.528  5.386 6.0000000000
78179  -32.450  -36.201  5.255 6.0000000000
78180  -32.522  -35.972  4.627 6.0000000000
78181  -32.951  -35.882  5.126 7.0000000000
78182  -34.275  -35.192  5.375 7.0000000000
78183  -33.903  -35.263  4.875 7.0000000000
78184  -34.346  -34.959  4.756 7.0000000000
78185  -34.418  -34.717  4.139 7.0000000000
78186  -34.764  -34.655  4.642 7.0000000000
85548  -35.418  -21.490  31.894 6.0000000000
85549  -35.143  -21.355  32.262 6.0000000000
85550  -35.219  -21.930  32.220 7.0000000000
85551  -35.011  -22.376  32.530 7.0000000000
85552  -35.280  -22.507  32.144 7.0000000000
85553  -36.309  -22.085  30.264 7.0000000000
85554  -36.119  -21.929  30.694 7.0000000000
85555  -36.145  -22.504  30.585 7.0000000000
85556  -35.784  -23.948  31.003 7.0000000000
85557  -35.777  -23.366  31.179 7.0000000000
85558  -35.577  -23.809  31.452 7.0000000000
85559  -35.353  -23.672  31.889 7.0000000000
85560  -35.368  -24.260  31.712 7.0000000000
85561  -35.151  -24.719  31.960 6.0000000000
85562  -35.373  -24.851  31.507 7.0000000000
85568  -37.014  -23.414  26.434 6.0000000000
85569  -37.003  -23.239  26.944 6.0000000000
85570  -36.949  -23.803  26.735 6.0000000000
85571  -36.714  -25.180  27.008 6.0000000000
85572  -36.777  -24.602  27.288 6.0000000000
85573  -36.670  -25.013  27.542 7.0000000000
85574  -36.606  -24.851  28.067 7.0000000000
85575  -36.551  -25.432  27.783 7.0000000000
85576  -36.443  -27.565  25.618 6.0000000000
85577  -36.512  -26.961  26.005 6.0000000000
85578  -36.412  -27.390  26.199 6.0000000000
85580  -36.302  -27.053  27.337 6.0000000000
85581  -36.220  -26.894  27.894 7.0000000000
85582  -36.276  -26.297  28.231 7.0000000000
85583  -36.121  -26.741  28.441 7.0000000000
85584  -36.003  -26.595  28.978 7.0000000000
85662  -35.217  -35.496  9.982 6.0000000000
85663  -34.955  -35.646  9.443 6.0000000000
85664  -35.283  -35.349  9.341 6.0000000000
85665  -36.323  -34.021  10.252 7.0000000000
85666  -36.157  -34.363  10.310 6.0000000000
85667  -36.215  -34.225  9.671 7.0000000000
85668  -35.977  -34.390  7.902 7.0000000000
85669  -35.911  -34.566  8.534 7.0000000000
85670  -35.713  -34.707  7.981 7.0000000000
85671  -35.417  -35.016  8.070 7.0000000000
85672  -35.485  -34.831  7.440 7.0000000000
85673  -35.227  -34.938  6.910 7.0000000000
85674  -35.555  -34.633  6.814 7.0000000000
85675  -35.985  -33.886  5.488 7.0000000000
85676  -35.694  -34.202  5.573 7.0000000000
85677  -35.764  -33.971  4.957 7.0000000000
85678  -35.510  -34.042  4.435 7.0000000000
85679  -35.834  -33.729  4.344 7.0000000000
85820  -34.224  -26.619  15.810 6.0000000000
85821  -34.537  -27.027  15.973 6.0000000000
85822  -34.355  -27.075  15.408 6.0000000000
85826  -34.377  -27.965  13.409 6.0000000000
85827  -34.179  -27.558  13.851 6.0000000000
85828  -34.522  -27.965  13.980 6.0000000000
85829  -34.667  -27.954  14.553 6.0000000000
85830  -34.841  -28.375  14.105 6.0000000000
85831  -35.135  -28.786  14.225 6.0000000000
85832  -35.023  -28.781  13.643 6.0000000000
85833  -35.308  -29.504  12.082 6.0000000000
85834  -35.391  -29.549  12.674 6.0000000000
85835  -35.572  -29.907  12.164 6.0000000000
85836  -35.804  -30.306  12.240 6.0000000000
85837  -35.749  -30.243  11.636 6.0000000000
85843  -33.466  -27.656  9.414 6.0000000000
85844  -33.578  -27.733  9.989 6.0000000000
85845  -33.890  -28.040  9.500 6.0000000000
85846  -34.745  -28.546  6.735 6.0000000000
85847  -34.401  -28.335  7.284 6.0000000000
85848  -34.786  -28.703  7.334 6.0000000000
85849  -35.220  -29.356  8.576 6.0000000000
85850  -34.885  -28.977  8.526 6.0000000000
85851  -34.942  -29.096  9.121 6.0000000000
85852  -34.661  -28.813  9.649 6.0000000000
85853  -35.005  -29.202  9.714 6.0000000000
85854  -35.073  -29.295  10.306 6.0000000000
85855  -35.318  -29.590  9.773 6.0000000000
85856  -36.049  -30.620  9.307 7.0000000000
85857  -35.851  -30.361  9.875 7.0000000000
85858  -36.067  -30.741  9.918 7.0000000000
85859  -36.088  -30.849  10.530 7.0000000000
85860  -36.247  -31.117  9.957 7.0000000000
85861  -36.392  -31.489  9.992 7.0000000000
85862  -36.395  -31.363  9.373 7.0000000000
85863  -36.665  -31.619  7.575 7.0000000000
85864  -36.638  -31.791  8.192 7.0000000000
85865  -36.726  -31.976  7.598 7.0000000000
85866  -36.745  -32.333  7.624 7.0000000000
85867  -36.786  -32.143  7.006 7.0000000000
85868  -36.782  -30.798  5.134 7.0000000000
85869  -36.750  -31.022  5.741 7.0000000000
85870  -36.870  -31.149  5.153 7.0000000000
85871  -36.920  -31.966  4.618 7.0000000000
85872  -36.912  -31.852  5.197 7.0000000000
85873  -36.866  -32.203  5.224 7.0000000000
85874  -36.812  -32.429  5.834 7.0000000000
85875  -36.774  -32.551  5.257 7.0000000000
85876  -36.638  -32.895  5.299 7.0000000000
85877  -36.699  -32.659  4.689 7.0000000000
85878  -36.509  -32.566  2.987 7.0000000000
85879  -36.442  -32.830  3.586 7.0000000000
85880  -36.260  -32.896  3.052 7.0000000000
85881  -35.974  -33.218  3.129 7.0000000000
85882  -36.044  -32.949  2.529 7.0000000000
85883  -35.793  -32.993  2.013 7.0000000000
85884  -36.113  -32.671  1.935 7.0000000000
85885  -36.534  -31.751  0.700 7.0000000000
85886  -36.252  -32.086  0.763 7.0000000000
85887  -36.321  -31.778  0.184 7.0000000000
85888  -36.074  -31.798  -0.327 7.0000000000
85889  -36.390  -31.460  -0.389 7.0000000000
85890  -37.256  -30.357  0.519 7.0000000000
85891  -37.142  -30.713  0.555 7.0000000000
85892  -37.204  -30.390  -0.017 7.0000000000
85893  -37.039  -30.077  -1.620 7.0000000000
85894  -36.977  -30.430  -1.062 7.0000000000
85895  -36.802  -30.435  -1.573 7.0000000000
85896  -36.525  -30.787  -1.523 6.0000000000
85897  -36.590  -30.432  -2.081 6.0000000000
85898  -36.341  -30.424  -2.585 6.0000000000
85899  -36.652  -30.064  -2.632 6.0000000000
85905  -36.496  -27.543  0.359 7.0000000000
85906  -36.748  -27.881  0.370 7.0000000000
85907  -36.791  -27.547  -0.188 7.0000000000
85908  -37.316  -27.162  -1.805 7.0000000000
85909  -37.267  -27.533  -1.266 7.0000000000
85910  -37.442  -27.518  -1.796 7.0000000000
85911  -37.521  -27.879  -1.785 7.0000000000
85912  -37.573  -27.498  -2.320 7.0000000000
85913  -37.505  -25.566  -3.879 7.0000000000
85914  -37.459  -25.981  -3.373 7.0000000000
85915  -37.637  -25.923  -3.875 7.0000000000
85919  -37.701  -27.445  -3.349 6.0000000000
85921  -37.595  -27.790  -3.837 6.0000000000
92389  -33.660  -34.835  3.135 7.0000000000
92390  -33.257  -34.899  2.629 6.0000000000
92391  -33.739  -34.573  2.514 7.0000000000
92392  -33.819  -34.304  1.895 6.0000000000
92393  -33.900  -34.029  1.279 6.0000000000
92394  -33.980  -33.746  0.668 6.0000000000
92395  -34.356  -33.704  1.178 6.0000000000
92396  -34.790  -33.382  1.082 7.0000000000
92397  -35.200  -33.062  0.993 7.0000000000
93164  -35.414  -26.124  19.142 6.0000000000
95121  -32.865  -37.249  10.718 6.0000000000
96597  -36.958  -21.204  28.305 6.0000000000
96598  -36.862  -21.599  28.676 6.0000000000
96599  -36.959  -21.770  28.213 6.0000000000
96600  -36.946  -22.334  28.091 6.0000000000
96601  -36.920  -22.898  27.939 6.0000000000
96615  -36.337  -31.572  13.656 7.0000000000
96616  -36.414  -31.955  13.712 7.0000000000
96617  -36.408  -31.912  13.094 7.0000000000
96618  -36.468  -32.232  12.519 7.0000000000
96619  -36.514  -32.533  11.935 7.0000000000
96620  -36.545  -32.813  11.344 7.0000000000
96621  -36.530  -32.444  11.308 7.0000000000
96622  -36.548  -32.341  10.681 7.0000000000
96623  -36.568  -32.225  10.056 7.0000000000
96656  -35.400  -28.242  3.801 7.0000000000
96657  -35.399  -28.475  4.400 7.0000000000
96658  -35.739  -28.584  3.823 7.0000000000
96659  -36.041  -28.927  3.845 7.0000000000
96660  -36.304  -29.271  3.866 7.0000000000
96661  -36.529  -29.618  3.886 7.0000000000
96662  -36.559  -29.360  3.285 7.0000000000
96663  -36.786  -29.435  2.708 7.0000000000
96664  -36.981  -29.499  2.135 7.0000000000
96665  -37.141  -29.554  1.570 7.0000000000
96666  -37.026  -29.203  1.549 7.0000000000
96667  -37.073  -28.894  0.971 7.0000000000
96668  -37.120  -28.573  0.400 7.0000000000
98626  -34.292  -32.537  -1.712 6.0000000000
98633  -35.357  -30.777  -3.537 6.0000000000
98634  -35.751  -30.406  -3.587 6.0000000000
100918  -36.988  -23.014  24.765 6.0000000000
100920  -36.828  -23.760  24.050 6.0000000000
100921  -36.748  -24.329  23.813 6.0000000000
100922  -36.219  -25.993  21.570 6.0000000000
100923  -36.354  -25.832  22.128 6.0000000000
100924  -36.296  -26.395  21.778 6.0000000000
100925  -36.355  -26.799  21.974 6.0000000000
100926  -36.397  -27.204  22.159 6.0000000000
100927  -36.423  -27.609  22.334 6.0000000000
100928  -36.359  -27.766  21.754 6.0000000000
100929  -36.335  -28.320  21.332 6.0000000000
100930  -36.324  -28.865  20.897 6.0000000000
100931  -36.323  -29.401  20.448 6.0000000000
100932  -36.281  -28.994  20.315 6.0000000000
100933  -36.234  -29.112  19.733 6.0000000000
100934  -36.182  -29.218  19.151 7.0000000000
100935  -35.589  -28.143  17.576 6.0000000000
100936  -35.772  -28.560  17.720 6.0000000000
100937  -35.673  -28.629  17.141 6.0000000000
100938  -35.767  -29.102  16.690 6.0000000000
100939  -35.867  -29.561  16.223 6.0000000000
100940  -35.970  -30.002  15.741 6.0000000000
100941  -35.794  -29.590  15.633 6.0000000000
100942  -35.717  -29.606  15.042 6.0000000000
100943  -35.638  -29.610  14.449 6.0000000000
104153  -36.804  -18.909  28.383 6.0000000000
106807  -33.105  -36.603  8.151 6.0000000000
106808  -32.689  -36.719  7.651 6.0000000000
106809  -33.168  -36.416  7.513 6.0000000000
106810  -33.233  -36.219  6.880 6.0000000000
106811  -33.299  -36.012  6.250 7.0000000000
106812  -33.367  -35.796  5.623 7.0000000000
106813  -33.762  -35.712  6.121 7.0000000000
106814  -34.204  -35.414  5.997 7.0000000000
106815  -34.621  -35.116  5.879 7.0000000000
111231  -35.422  -19.907  31.542 6.0000000000
111232  -35.242  -20.342  31.914 6.0000000000
111233  -35.523  -20.482  31.563 6.0000000000
111234  -35.606  -21.056  31.553 6.0000000000
111235  -35.673  -21.631  31.510 7.0000000000
111236  -36.325  -23.231  29.985 7.0000000000
111237  -36.156  -23.079  30.443 7.0000000000
111238  -36.154  -23.656  30.270 7.0000000000
111239  -35.972  -24.091  30.541 7.0000000000
111240  -35.779  -24.534  30.797 7.0000000000
111241  -35.577  -24.986  31.041 7.0000000000
111242  -35.765  -25.124  30.563 7.0000000000
111243  -35.743  -25.717  30.304 7.0000000000
111245  -36.883  -24.550  25.963 6.0000000000
111246  -36.886  -24.372  26.494 6.0000000000
111247  -36.818  -24.948  26.222 6.0000000000
111248  -36.739  -25.353  26.467 6.0000000000
111249  -36.648  -25.765  26.700 6.0000000000
111290  -36.386  -33.474  13.922 6.0000000000
111303  -36.433  -33.732  8.982 7.0000000000
111304  -36.275  -34.073  9.035 7.0000000000
111305  -36.335  -33.908  8.403 7.0000000000
111306  -36.205  -34.064  7.834 7.0000000000
111307  -36.043  -34.201  7.275 7.0000000000
111308  -35.849  -34.320  6.727 7.0000000000
111309  -36.109  -34.000  6.651 7.0000000000
111310  -36.175  -33.787  6.031 7.0000000000
111311  -36.241  -33.563  5.414 7.0000000000
111401  -34.233  -27.954  12.840 6.0000000000
111402  -34.585  -28.358  12.953 6.0000000000
111403  -34.910  -28.765  13.062 6.0000000000
111404  -34.797  -28.737  12.483 6.0000000000
111405  -35.012  -29.101  11.995 6.0000000000
111406  -35.226  -29.447  11.490 6.0000000000
111412  -35.443  -29.273  6.811 6.0000000000
111413  -35.142  -29.072  7.376 6.0000000000
111414  -35.466  -29.440  7.414 6.0000000000
111415  -35.493  -29.594  8.017 6.0000000000
111416  -35.524  -29.734  8.621 6.0000000000
111417  -35.560  -29.862  9.224 6.0000000000
111418  -35.796  -30.111  8.661 7.0000000000
111419  -36.034  -30.485  8.696 7.0000000000
111420  -36.236  -30.855  8.728 7.0000000000
111421  -36.401  -31.223  8.757 7.0000000000
111422  -36.409  -31.069  8.143 7.0000000000
111423  -36.562  -31.260  7.553 7.0000000000
111424  -36.692  -31.432  6.961 7.0000000000
111425  -37.006  -31.017  3.966 7.0000000000
111426  -36.959  -31.264  4.569 7.0000000000
111427  -37.013  -31.368  3.989 7.0000000000
111428  -36.975  -31.719  4.015 7.0000000000
111429  -36.890  -32.068  4.046 7.0000000000
111430  -36.761  -32.412  4.084 7.0000000000
111431  -36.823  -32.156  3.483 7.0000000000
111432  -36.717  -32.231  2.932 7.0000000000
111433  -36.575  -32.293  2.393 7.0000000000
111434  -36.397  -32.343  1.865 7.0000000000
111435  -36.642  -32.009  1.805 7.0000000000
111436  -36.710  -31.715  1.223 7.0000000000
111437  -36.778  -31.411  0.645 7.0000000000
111438  -37.373  -29.693  -0.619 7.0000000000
111439  -37.265  -30.056  -0.584 7.0000000000
111440  -37.324  -29.708  -1.146 7.0000000000
111441  -37.232  -29.714  -1.663 7.0000000000
111442  -37.099  -29.711  -2.173 6.0000000000
111444  -37.156  -29.334  -2.718 6.0000000000
111447  -36.576  -26.864  -0.750 7.0000000000
111448  -36.835  -27.200  -0.740 7.0000000000
111449  -36.880  -26.842  -1.284 7.0000000000
111450  -37.143  -26.813  -1.813 7.0000000000
111451  -37.365  -26.779  -2.336 7.0000000000
111453  -37.768  -25.864  -4.373 6.0000000000
115735  -31.638  -36.169  3.622 6.0000000000
115737  -31.723  -35.921  2.989 6.0000000000
115738  -31.811  -35.663  2.357 6.0000000000
115740  -32.843  -34.968  2.119 6.0000000000
115741  -32.422  -35.044  1.608 6.0000000000
115750  -34.059  -33.457  0.063 6.0000000000
115751  -34.137  -33.160  -0.535 6.0000000000
115752  -34.215  -32.854  -1.127 6.0000000000
115753  -34.659  -32.508  -1.204 6.0000000000
115754  -35.083  -32.165  -1.277 6.0000000000
115755  -35.486  -31.822  -1.345 6.0000000000
117538  -36.125  -25.595  21.349 6.0000000000
117539  -36.075  -26.144  21.011 6.0000000000
117540  -36.042  -26.689  20.649 6.0000000000
117541  -36.027  -27.229  20.266 6.0000000000
117542  -36.030  -27.763  19.865 6.0000000000
117543  -35.906  -27.350  19.699 6.0000000000
117544  -35.780  -27.460  19.131 6.0000000000
117545  -35.651  -27.559  18.563 6.0000000000
117546  -35.428  -26.637  18.779 6.0000000000
117547  -35.464  -27.145  18.396 6.0000000000
117548  -35.519  -27.648  17.994 6.0000000000
117549  -35.383  -27.727  17.424 6.0000000000
117550  -35.244  -27.795  16.852 6.0000000000
117551  -35.101  -27.853  16.279 6.0000000000
122110  -31.569  -37.707  9.223 6.0000000000
122111  -32.075  -37.391  9.075 6.0000000000
122112  -32.568  -37.082  8.931 6.0000000000
122113  -32.924  -37.102  10.075 6.0000000000
122114  -32.983  -36.946  9.432 6.0000000000
122115  -33.044  -36.779  8.791 6.0000000000
122116  -33.500  -36.484  8.653 6.0000000000
122117  -33.935  -36.193  8.521 6.0000000000
122118  -34.346  -35.903  8.395 6.0000000000
125553  -36.376  -20.525  30.039 6.0000000000
125554  -36.233  -20.938  30.413 6.0000000000
125555  -36.426  -21.100  29.998 6.0000000000
125556  -36.460  -21.672  29.925 6.0000000000
125557  -36.478  -22.243  29.820 7.0000000000
125558  -36.751  -21.999  29.029 6.0000000000
125559  -36.624  -22.403  29.365 7.0000000000
125560  -36.482  -22.814  29.683 7.0000000000
125561  -36.472  -23.386  29.515 7.0000000000
125562  -36.449  -23.960  29.316 7.0000000000
125563  -36.416  -24.538  29.088 7.0000000000
125564  -36.589  -26.907  24.660 6.0000000000
125565  -36.601  -26.722  25.234 6.0000000000
125566  -36.532  -27.321  24.849 6.0000000000
125567  -36.461  -27.741  25.031 6.0000000000
125595  -36.381  -31.605  16.094 7.0000000000
125596  -36.411  -31.996  16.166 7.0000000000
125597  -36.417  -32.006  15.556 7.0000000000
125598  -36.441  -32.389  15.004 7.0000000000
125599  -36.452  -32.753  14.440 7.0000000000
125600  -36.459  -32.338  13.765 7.0000000000
125601  -36.470  -32.719  13.816 7.0000000000
125602  -36.446  -33.098  13.868 6.0000000000
125603  -36.422  -33.422  13.289 6.0000000000
125604  -36.377  -33.723  12.705 6.0000000000
125605  -36.310  -34.001  12.120 6.0000000000
125606  -36.218  -34.256  11.535 6.0000000000
125607  -36.356  -33.905  11.479 6.0000000000
125608  -36.403  -33.795  10.839 7.0000000000
125609  -36.452  -33.671  10.201 7.0000000000
125610  -36.554  -33.074  10.751 7.0000000000
125611  -36.541  -33.315  10.157 7.0000000000
125612  -36.501  -33.534  9.567 7.0000000000
125613  -36.552  -33.383  8.937 7.0000000000
125614  -36.603  -33.219  8.310 7.0000000000
125615  -36.655  -33.041  7.687 7.0000000000
125689  -33.822  -27.854  11.133 6.0000000000
125693  -34.708  -28.377  6.136 6.0000000000
125694  -35.082  -28.735  6.175 6.0000000000
125695  -35.402  -28.695  5.002 7.0000000000
125696  -35.411  -28.901  5.605 7.0000000000
125697  -35.424  -29.094  6.208 7.0000000000
125698  -35.733  -29.452  6.236 7.0000000000
125699  -36.007  -29.811  6.263 7.0000000000
125700  -36.245  -30.168  6.287 7.0000000000
125701  -36.444  -30.524  6.309 7.0000000000
125702  -36.460  -30.317  5.701 7.0000000000
125703  -36.652  -30.447  5.114 7.0000000000
125704  -36.817  -30.563  4.528 7.0000000000
125705  -36.712  -29.966  3.906 7.0000000000
125706  -36.854  -30.315  3.925 7.0000000000
125707  -36.952  -30.665  3.945 7.0000000000
125708  -37.054  -30.758  3.366 7.0000000000
125709  -37.121  -30.840  2.794 7.0000000000
125710  -37.147  -30.912  2.230 7.0000000000
125711  -37.133  -30.973  1.676 7.0000000000
125712  -37.207  -30.619  1.644 7.0000000000
125713  -37.265  -30.314  1.063 7.0000000000
125714  -37.323  -29.998  0.487 7.0000000000
125715  -37.262  -29.600  1.011 7.0000000000
125716  -37.342  -29.638  0.460 7.0000000000
125717  -37.379  -29.669  -0.083 7.0000000000
125718  -37.434  -29.329  -0.648 7.0000000000
125719  -37.488  -28.976  -1.205 7.0000000000
125720  -37.542  -28.612  -1.754 7.0000000000
125721  -36.746  -25.361  -2.884 7.0000000000
125722  -37.013  -25.694  -2.873 7.0000000000
125723  -37.058  -25.289  -3.388 7.0000000000
125724  -37.326  -25.216  -3.885 7.0000000000
125725  -37.550  -25.142  -4.377 6.0000000000
125727  -37.593  -24.708  -4.867 6.0000000000
125728  -37.726  -25.067  -4.864 6.0000000000
134967  -37.147  -21.913  26.416 6.0000000000
134968  -37.106  -22.293  26.776 6.0000000000
134969  -37.110  -22.471  26.282 6.0000000000
134970  -37.061  -23.030  26.116 6.0000000000
134971  -37.002  -23.591  25.918 6.0000000000
134972  -36.988  -23.391  25.089 6.0000000000
134973  -36.970  -23.772  25.397 6.0000000000
134974  -36.935  -24.159  25.688 6.0000000000
134975  -36.861  -24.734  25.427 6.0000000000
134976  -36.784  -25.317  25.136 6.0000000000
134977  -36.707  -25.906  24.813 6.0000000000
134979  -36.635  -24.515  23.279 6.0000000000
134980  -36.667  -24.904  23.543 6.0000000000
134981  -36.477  -25.660  22.685 6.0000000000
134982  -36.587  -25.482  23.241 6.0000000000
134983  -36.681  -25.297  23.793 6.0000000000
134984  -36.680  -25.695  24.029 6.0000000000
134985  -36.663  -26.095  24.251 6.0000000000
134986  -36.633  -26.499  24.461 6.0000000000
134987  -36.564  -27.091  24.081 6.0000000000
134988  -36.502  -27.678  23.676 6.0000000000
134989  -36.446  -28.258  23.251 6.0000000000
134990  -36.432  -28.014  22.500 6.0000000000
134991  -36.424  -28.421  22.658 6.0000000000
134992  -36.399  -28.830  22.810 6.0000000000
135000  -36.330  -29.927  19.986 6.0000000000
135001  -36.341  -30.440  19.508 6.0000000000
135002  -36.354  -30.940  19.015 6.0000000000
135003  -36.356  -31.021  18.417 6.0000000000
135004  -36.354  -31.089  17.819 6.0000000000
135005  -36.347  -31.144  17.219 7.0000000000
135006  -36.049  -28.288  19.448 7.0000000000
135007  -36.082  -28.805  19.016 7.0000000000
135008  -36.126  -29.312  18.568 7.0000000000
135009  -35.932  -28.977  17.856 6.0000000000
135010  -36.067  -29.393  17.984 7.0000000000
135011  -36.178  -29.806  18.104 7.0000000000
135012  -36.232  -30.285  17.624 7.0000000000
135013  -36.286  -30.745  17.129 7.0000000000
135014  -36.337  -31.185  16.619 7.0000000000
135015  -36.323  -31.212  16.017 7.0000000000
135016  -36.304  -31.224  15.414 7.0000000000
135017  -36.282  -31.224  14.808 7.0000000000
135018  -36.071  -30.426  15.244 6.0000000000
135019  -36.167  -30.829  14.731 7.0000000000
135020  -36.257  -31.211  14.201 7.0000000000
135021  -36.228  -31.184  13.593 7.0000000000
135022  -36.198  -31.144  12.983 7.0000000000
135023  -36.169  -31.091  12.371 7.0000000000
135106  -35.025  -27.903  3.775 6.0000000000
135107  -35.405  -27.996  3.205 6.0000000000
135108  -35.768  -28.070  2.633 7.0000000000
135109  -36.108  -28.127  2.063 7.0000000000
135110  -36.422  -28.170  1.497 7.0000000000
135111  -36.137  -27.834  1.483 7.0000000000
135112  -36.168  -27.529  0.911 7.0000000000
135113  -36.201  -27.211  0.347 7.0000000000
135116  -36.237  -26.879  -0.210 7.0000000000
135117  -36.275  -26.536  -0.762 6.0000000000
135118  -36.314  -26.179  -1.307 6.0000000000
135119  -36.354  -25.810  -1.845 6.0000000000
135128  -36.395  -25.429  -2.375 6.0000000000
141645  -35.590  -19.476  31.156 6.0000000000
141646  -35.853  -19.627  30.804 6.0000000000
141647  -36.093  -19.785  30.435 6.0000000000
141654  -36.131  -18.788  29.984 6.0000000000
141655  -36.228  -19.369  30.030 6.0000000000
141656  -36.310  -19.948  30.049 6.0000000000
141657  -36.504  -20.116  29.649 6.0000000000
141658  -36.675  -20.287  29.235 6.0000000000
141659  -36.821  -20.460  28.807 6.0000000000
141660  -36.865  -19.488  28.404 6.0000000000
141661  -36.911  -20.064  28.399 6.0000000000
141662  -36.942  -20.636  28.367 6.0000000000
141663  -37.038  -20.813  27.916 6.0000000000
141664  -37.108  -20.992  27.458 6.0000000000
141665  -37.153  -21.172  26.992 6.0000000000
141692  -37.174  -21.353  26.520 6.0000000000
147030  -31.029  -36.758  4.386 6.0000000000
147031  -31.161  -37.678  8.082 6.0000000000
147032  -31.219  -37.487  7.438 6.0000000000
147033  -31.280  -37.288  6.797 6.0000000000
147034  -32.253  -36.837  7.153 6.0000000000
147035  -31.803  -36.957  6.655 6.0000000000
147036  -31.343  -37.080  6.158 6.0000000000
147037  -31.411  -36.864  5.521 6.0000000000
147038  -31.483  -36.641  4.887 6.0000000000
147039  -31.558  -36.409  4.254 6.0000000000
147040  -32.082  -36.068  4.125 6.0000000000
147041  -32.596  -35.734  4.000 6.0000000000
147042  -33.098  -35.408  3.877 7.0000000000
147043  -33.437  -35.570  4.999 7.0000000000
147044  -33.508  -35.334  4.377 7.0000000000
147045  -33.583  -35.089  3.756 7.0000000000
147046  -34.049  -34.776  3.637 7.0000000000
147047  -34.492  -34.466  3.523 7.0000000000
147048  -34.908  -34.158  3.414 7.0000000000
155905  -35.050  -20.782  32.270 6.0000000000
155906  -34.847  -21.226  32.613 6.0000000000
155907  -34.635  -21.676  32.940 6.0000000000
155908  -34.722  -22.251  32.900 7.0000000000
155909  -34.793  -22.829  32.826 7.0000000000
155910  -34.847  -23.412  32.716 7.0000000000
155911  -36.077  -21.355  30.769 6.0000000000
155912  -35.906  -21.778  31.110 7.0000000000
155913  -35.723  -22.207  31.434 7.0000000000
155914  -35.967  -22.931  30.890 7.0000000000
155915  -35.758  -22.786  31.323 7.0000000000
155916  -35.529  -22.644  31.741 7.0000000000
155917  -35.324  -23.088  32.033 7.0000000000
155918  -35.109  -23.540  32.310 7.0000000000
155919  -34.886  -23.999  32.573 6.0000000000
155923  -35.367  -25.446  31.275 6.0000000000
155929  -37.047  -22.678  27.119 6.0000000000
155930  -36.972  -23.068  27.446 6.0000000000
155931  -36.881  -23.463  27.755 6.0000000000
155932  -36.870  -24.199  27.020 6.0000000000
155933  -36.833  -24.031  27.538 6.0000000000
155934  -36.776  -23.866  28.047 7.0000000000
155935  -36.656  -24.275  28.322 7.0000000000
155936  -36.522  -24.693  28.583 7.0000000000
155937  -36.375  -25.120  28.829 7.0000000000
155938  -36.598  -26.539  25.803 6.0000000000
155939  -36.580  -26.360  26.366 6.0000000000
155940  -36.546  -26.186  26.922 6.0000000000
155941  -36.366  -27.219  26.772 6.0000000000
155942  -36.430  -26.616  27.134 6.0000000000
155943  -36.492  -26.020  27.471 6.0000000000
155944  -36.420  -25.860  28.012 7.0000000000
155945  -36.328  -25.706  28.543 7.0000000000
155946  -36.217  -25.556  29.064 7.0000000000
155947  -36.047  -26.000  29.289 7.0000000000
155948  -35.867  -26.452  29.505 6.0000000000
156019  -36.409  -32.386  16.233 6.0000000000
156042  -34.534  -36.084  10.195 6.0000000000
156043  -34.599  -35.938  9.554 6.0000000000
156044  -34.665  -35.781  8.914 6.0000000000
156045  -34.731  -35.612  8.277 7.0000000000
156046  -36.099  -34.487  10.953 6.0000000000
156047  -35.954  -34.694  10.376 6.0000000000
156048  -35.782  -34.879  9.808 7.0000000000
156049  -36.078  -34.406  9.097 7.0000000000
156050  -35.846  -34.729  9.169 7.0000000000
156051  -35.580  -35.044  9.250 7.0000000000
156052  -35.349  -35.189  8.704 7.0000000000
156053  -35.089  -35.317  8.169 7.0000000000
156054  -34.799  -35.431  7.645 7.0000000000
156055  -34.869  -35.238  7.015 7.0000000000
156056  -34.939  -35.033  6.390 7.0000000000
156057  -35.010  -34.816  5.769 7.0000000000
156058  -35.624  -34.423  6.192 7.0000000000
156059  -35.368  -34.512  5.666 7.0000000000
156060  -35.081  -34.588  5.150 7.0000000000
156061  -35.153  -34.350  4.535 7.0000000000
156062  -35.224  -34.104  3.921 7.0000000000
156063  -35.296  -33.848  3.311 7.0000000000
156231  -34.628  -26.491  16.926 6.0000000000
156232  -34.720  -26.969  16.537 6.0000000000
156233  -34.830  -27.439  16.128 6.0000000000
156234  -34.957  -27.898  15.704 6.0000000000
156240  -34.173  -27.112  14.843 6.0000000000
156241  -34.504  -27.521  14.988 6.0000000000
156242  -34.812  -27.932  15.128 6.0000000000
156243  -35.097  -28.346  15.263 6.0000000000
156244  -35.246  -28.779  14.809 6.0000000000
156245  -35.401  -29.198  14.341 6.0000000000
156246  -35.557  -29.602  13.857 6.0000000000
156247  -35.207  -29.173  13.167 6.0000000000
156248  -35.475  -29.582  13.266 6.0000000000
156249  -35.711  -29.989  13.359 6.0000000000
156250  -35.859  -30.356  12.843 6.0000000000
156251  -36.003  -30.701  12.309 7.0000000000
156252  -36.140  -31.024  11.758 7.0000000000
156259  -33.272  -27.409  10.462 6.0000000000
156260  -33.697  -27.799  10.562 6.0000000000
156261  -34.099  -28.191  10.655 6.0000000000
156264  -34.127  -28.221  8.407 6.0000000000
156265  -34.833  -28.846  7.931 6.0000000000
156266  -34.520  -28.599  8.470 6.0000000000
156267  -34.205  -28.329  8.994 6.0000000000
156268  -34.289  -28.426  9.578 6.0000000000
156269  -34.379  -28.511  10.161 6.0000000000
156270  -34.476  -28.585  10.742 6.0000000000
156271  -34.826  -28.980  10.823 6.0000000000
156272  -35.148  -29.377  10.898 6.0000000000
156273  -35.438  -29.774  10.968 6.0000000000
156274  -35.601  -29.977  9.826 6.0000000000
156275  -35.646  -30.079  10.429 6.0000000000
156276  -35.696  -30.168  11.033 6.0000000000
156277  -35.921  -30.558  11.091 7.0000000000
156278  -36.113  -30.943  11.144 7.0000000000
156279  -36.270  -31.323  11.191 7.0000000000
156280  -36.391  -31.601  10.613 7.0000000000
156281  -36.499  -31.858  10.025 7.0000000000
156282  -36.590  -32.095  9.433 7.0000000000
156283  -36.527  -31.587  8.784 7.0000000000
156284  -36.614  -31.950  8.811 7.0000000000
156285  -36.660  -32.312  8.838 7.0000000000
156286  -36.705  -32.509  8.244 7.0000000000
156287  -36.722  -32.688  7.653 7.0000000000
156288  -36.707  -32.849  7.066 7.0000000000
156289  -36.603  -30.879  6.330 7.0000000000
156290  -36.720  -31.233  6.350 7.0000000000
156291  -36.796  -31.587  6.370 7.0000000000
156292  -36.914  -31.501  5.174 7.0000000000
156293  -36.870  -31.726  5.782 7.0000000000
156294  -36.827  -31.940  6.392 7.0000000000
156295  -36.815  -32.294  6.418 7.0000000000
156296  -36.759  -32.645  6.448 7.0000000000
156297  -36.659  -32.993  6.485 7.0000000000
156298  -36.577  -33.121  5.913 7.0000000000
156299  -36.459  -33.232  5.351 7.0000000000
156300  -36.308  -33.329  4.801 7.0000000000
156301  -36.588  -32.752  4.132 7.0000000000
156302  -36.375  -33.084  4.191 7.0000000000
156303  -36.122  -33.410  4.262 7.0000000000
156304  -35.904  -33.479  3.734 7.0000000000
156305  -35.652  -33.536  3.216 7.0000000000
156306  -35.368  -33.584  2.703 7.0000000000
156307  -35.439  -33.311  2.100 7.0000000000
156308  -35.511  -33.030  1.502 7.0000000000
156309  -35.582  -32.740  0.910 7.0000000000
156310  -36.183  -32.383  1.346 7.0000000000
156311  -35.934  -32.415  0.833 7.0000000000
156312  -35.653  -32.441  0.323 7.0000000000
156313  -35.724  -32.132  -0.259 6.0000000000
156314  -35.794  -31.811  -0.837 6.0000000000
156315  -35.863  -31.479  -1.409 6.0000000000
156316  -37.078  -31.024  1.131 7.0000000000
156317  -36.981  -31.065  0.597 7.0000000000
156318  -36.846  -31.096  0.071 7.0000000000
156319  -37.111  -30.415  -0.544 7.0000000000
156320  -36.912  -30.769  -0.498 7.0000000000
156321  -36.671  -31.117  -0.446 7.0000000000
156322  -36.459  -31.129  -0.959 7.0000000000
156323  -36.211  -31.135  -1.468 6.0000000000
156324  -35.931  -31.136  -1.975 6.0000000000
156325  -35.997  -30.781  -2.535 6.0000000000
156326  -36.060  -30.414  -3.087 6.0000000000
156327  -36.121  -30.036  -3.632 6.0000000000
156329  -36.461  -29.665  -3.674 6.0000000000
156330  -36.177  -29.646  -4.168 6.0000000000
156334  -36.706  -28.202  0.937 7.0000000000
156335  -36.956  -28.225  0.384 7.0000000000
156336  -37.169  -28.239  -0.163 7.0000000000
156337  -37.049  -27.543  -0.730 7.0000000000
156338  -37.218  -27.892  -0.719 7.0000000000
156339  -37.340  -28.246  -0.705 7.0000000000
156340  -37.469  -28.248  -1.242 7.0000000000
156341  -37.555  -28.244  -1.772 7.0000000000
156342  -37.596  -28.235  -2.294 7.0000000000
156343  -37.236  -26.036  -2.865 7.0000000000
156344  -37.413  -26.385  -2.858 7.0000000000
156345  -37.542  -26.742  -2.853 7.0000000000
156346  -37.722  -26.288  -3.872 6.0000000000
156347  -37.674  -26.702  -3.364 7.0000000000
156348  -37.624  -27.106  -2.846 7.0000000000
156349  -37.660  -27.474  -2.838 7.0000000000
156350  -37.649  -27.846  -2.826 6.0000000000
156351  -37.592  -28.219  -2.809 6.0000000000
156352  -37.544  -28.197  -3.316 6.0000000000
