Sub_ID age hemi ageHemi sex_demean
sub-031275 10.2558139534884 1 10.2558139534884 -0.365448504983389
sub-031275 10.2558139534884 0 0 -0.365448504983389
sub-031285 20.2558139534884 1 20.2558139534884 0.634551495016611
sub-031285 20.2558139534884 0 0 0.634551495016611
sub-031288 19.2558139534884 1 19.2558139534884 -0.365448504983389
sub-031288 19.2558139534884 0 0 -0.365448504983389
sub-031290 19.2558139534884 1 19.2558139534884 -0.365448504983389
sub-031290 19.2558139534884 0 0 -0.365448504983389
sub-031291 11.2558139534884 1 11.2558139534884 -0.365448504983389
sub-031291 11.2558139534884 0 0 -0.365448504983389
sub-031292 15.2558139534884 1 15.2558139534884 -0.365448504983389
sub-031292 15.2558139534884 0 0 -0.365448504983389
sub-031293 11.2558139534884 1 11.2558139534884 -0.365448504983389
sub-031293 11.2558139534884 0 0 -0.365448504983389
sub-031296 11.2558139534884 1 11.2558139534884 -0.365448504983389
sub-031296 11.2558139534884 0 0 -0.365448504983389
sub-031315 18.2558139534884 1 18.2558139534884 0.634551495016611
sub-031315 18.2558139534884 0 0 0.634551495016611
sub-031336 17.2558139534884 1 17.2558139534884 -0.365448504983389
sub-031336 17.2558139534884 0 0 -0.365448504983389
sub-031344 12.2558139534884 1 12.2558139534884 0.634551495016611
sub-031344 12.2558139534884 0 0 0.634551495016611
sub-031349 11.2558139534884 1 11.2558139534884 -0.365448504983389
sub-031349 11.2558139534884 0 0 -0.365448504983389
sub-031351 18.2558139534884 1 18.2558139534884 -0.365448504983389
sub-031351 18.2558139534884 0 0 -0.365448504983389
sub-031355 20.2558139534884 1 20.2558139534884 -0.365448504983389
sub-031355 20.2558139534884 0 0 -0.365448504983389
sub-031356 16.2558139534884 1 16.2558139534884 -0.365448504983389
sub-031356 16.2558139534884 0 0 -0.365448504983389
sub-031357 8.25581395348837 1 8.25581395348837 -0.365448504983389
sub-031357 8.25581395348837 0 0 -0.365448504983389
sub-031358 15.2558139534884 1 15.2558139534884 -0.365448504983389
sub-031358 15.2558139534884 0 0 -0.365448504983389
sub-031371 19.2558139534884 1 19.2558139534884 0.634551495016611
sub-031371 19.2558139534884 0 0 0.634551495016611
sub-031372 20.2558139534884 1 20.2558139534884 -0.365448504983389
sub-031372 20.2558139534884 0 0 -0.365448504983389
sub-031375 4.25581395348837 1 4.25581395348837 -0.365448504983389
sub-031375 4.25581395348837 0 0 -0.365448504983389
sub-031376 15.2558139534884 1 15.2558139534884 -0.365448504983389
sub-031376 15.2558139534884 0 0 -0.365448504983389
sub-031377 13.2558139534884 1 13.2558139534884 -0.365448504983389
sub-031377 13.2558139534884 0 0 -0.365448504983389
sub-031379 15.2558139534884 1 15.2558139534884 -0.365448504983389
sub-031379 15.2558139534884 0 0 -0.365448504983389
sub-031387 17.2558139534884 1 17.2558139534884 -0.365448504983389
sub-031387 17.2558139534884 0 0 -0.365448504983389
sub-031410 17.2558139534884 1 17.2558139534884 -0.365448504983389
sub-031410 17.2558139534884 0 0 -0.365448504983389
sub-031415 16.2558139534884 1 16.2558139534884 -0.365448504983389
sub-031415 16.2558139534884 0 0 -0.365448504983389
sub-031421 7.25581395348837 1 7.25581395348837 0.634551495016611
sub-031421 7.25581395348837 0 0 0.634551495016611
sub-031426 20.2558139534884 1 20.2558139534884 -0.365448504983389
sub-031426 20.2558139534884 0 0 -0.365448504983389
sub-031432 11.2558139534884 1 11.2558139534884 -0.365448504983389
sub-031432 11.2558139534884 0 0 -0.365448504983389
sub-031436 17.2558139534884 1 17.2558139534884 -0.365448504983389
sub-031436 17.2558139534884 0 0 -0.365448504983389
sub-031437 -3.74418604651163 1 -3.74418604651163 -0.365448504983389
sub-031437 -3.74418604651163 0 0 -0.365448504983389
sub-031439 15.2558139534884 1 15.2558139534884 -0.365448504983389
sub-031439 15.2558139534884 0 0 -0.365448504983389
sub-031442 14.2558139534884 1 14.2558139534884 -0.365448504983389
sub-031442 14.2558139534884 0 0 -0.365448504983389
sub-031453 15.2558139534884 1 15.2558139534884 -0.365448504983389
sub-031453 15.2558139534884 0 0 -0.365448504983389
sub-031454 19.2558139534884 1 19.2558139534884 -0.365448504983389
sub-031454 19.2558139534884 0 0 -0.365448504983389
sub-031457 0.255813953488371 1 0.255813953488371 -0.365448504983389
sub-031457 0.255813953488371 0 0 -0.365448504983389
sub-031458 10.2558139534884 1 10.2558139534884 -0.365448504983389
sub-031458 10.2558139534884 0 0 -0.365448504983389
sub-031463 17.2558139534884 1 17.2558139534884 -0.365448504983389
sub-031463 17.2558139534884 0 0 -0.365448504983389
sub-031465 -9.74418604651163 1 -9.74418604651163 0.634551495016611
sub-031465 -9.74418604651163 0 0 0.634551495016611
sub-031466 -10.7441860465116 1 -10.7441860465116 -0.365448504983389
sub-031466 -10.7441860465116 0 0 -0.365448504983389
sub-031467 -9.74418604651163 1 -9.74418604651163 0.634551495016611
sub-031467 -9.74418604651163 0 0 0.634551495016611
sub-031468 -11.7441860465116 1 -11.7441860465116 0.634551495016611
sub-031468 -11.7441860465116 0 0 0.634551495016611
sub-031469 -11.7441860465116 1 -11.7441860465116 0.634551495016611
sub-031469 -11.7441860465116 0 0 0.634551495016611
sub-031470 -11.7441860465116 1 -11.7441860465116 -0.365448504983389
sub-031470 -11.7441860465116 0 0 -0.365448504983389
sub-031471 -10.7441860465116 1 -10.7441860465116 -0.365448504983389
sub-031471 -10.7441860465116 0 0 -0.365448504983389
sub-031472 -10.7441860465116 1 -10.7441860465116 0.634551495016611
sub-031472 -10.7441860465116 0 0 0.634551495016611
sub-031473 -13.7441860465116 1 -13.7441860465116 0.634551495016611
sub-031473 -13.7441860465116 0 0 0.634551495016611
sub-031474 -9.74418604651163 1 -9.74418604651163 -0.365448504983389
sub-031474 -9.74418604651163 0 0 -0.365448504983389
sub-031475 -12.7441860465116 1 -12.7441860465116 -0.365448504983389
sub-031475 -12.7441860465116 0 0 -0.365448504983389
sub-031476 -10.7441860465116 1 -10.7441860465116 0.634551495016611
sub-031476 -10.7441860465116 0 0 0.634551495016611
sub-031477 -6.74418604651163 1 -6.74418604651163 -0.365448504983389
sub-031477 -6.74418604651163 0 0 -0.365448504983389
sub-031478 -11.7441860465116 1 -11.7441860465116 -0.365448504983389
sub-031478 -11.7441860465116 0 0 -0.365448504983389
sub-031479 20.2558139534884 1 20.2558139534884 -0.365448504983389
sub-031479 20.2558139534884 0 0 -0.365448504983389
sub-031480 11.2558139534884 1 11.2558139534884 -0.365448504983389
sub-031480 11.2558139534884 0 0 -0.365448504983389
sub-031481 -12.7441860465116 1 -12.7441860465116 0.634551495016611
sub-031481 -12.7441860465116 0 0 0.634551495016611
sub-031482 16.2558139534884 1 16.2558139534884 -0.365448504983389
sub-031482 16.2558139534884 0 0 -0.365448504983389
sub-031485 -3.74418604651163 1 -3.74418604651163 0.634551495016611
sub-031485 -3.74418604651163 0 0 0.634551495016611
sub-031486 10.2558139534884 1 10.2558139534884 0.634551495016611
sub-031486 10.2558139534884 0 0 0.634551495016611
sub-031487 -6.74418604651163 1 -6.74418604651163 0.634551495016611
sub-031487 -6.74418604651163 0 0 0.634551495016611
sub-031489 7.25581395348837 1 7.25581395348837 -0.365448504983389
sub-031489 7.25581395348837 0 0 -0.365448504983389
sub-031490 -6.74418604651163 1 -6.74418604651163 0.634551495016611
sub-031490 -6.74418604651163 0 0 0.634551495016611
sub-031491 13.2558139534884 1 13.2558139534884 -0.365448504983389
sub-031491 13.2558139534884 0 0 -0.365448504983389
sub-031493 1.25581395348837 1 1.25581395348837 0.634551495016611
sub-031493 1.25581395348837 0 0 0.634551495016611
sub-031494 19.2558139534884 1 19.2558139534884 0.634551495016611
sub-031494 19.2558139534884 0 0 0.634551495016611
sub-031495 11.2558139534884 1 11.2558139534884 -0.365448504983389
sub-031495 11.2558139534884 0 0 -0.365448504983389
sub-031496 14.2558139534884 1 14.2558139534884 -0.365448504983389
sub-031496 14.2558139534884 0 0 -0.365448504983389
sub-031498 -0.744186046511629 1 -0.744186046511629 0.634551495016611
sub-031498 -0.744186046511629 0 0 0.634551495016611
sub-031499 18.2558139534884 1 18.2558139534884 0.634551495016611
sub-031499 18.2558139534884 0 0 0.634551495016611
sub-031500 14.2558139534884 1 14.2558139534884 0.634551495016611
sub-031500 14.2558139534884 0 0 0.634551495016611
sub-031501 -7.74418604651163 1 -7.74418604651163 -0.365448504983389
sub-031501 -7.74418604651163 0 0 -0.365448504983389
sub-031502 -8.74418604651163 1 -8.74418604651163 -0.365448504983389
sub-031502 -8.74418604651163 0 0 -0.365448504983389
sub-031503 -8.74418604651163 1 -8.74418604651163 -0.365448504983389
sub-031503 -8.74418604651163 0 0 -0.365448504983389
sub-031504 12.2558139534884 1 12.2558139534884 -0.365448504983389
sub-031504 12.2558139534884 0 0 -0.365448504983389
sub-031506 -6.74418604651163 1 -6.74418604651163 -0.365448504983389
sub-031506 -6.74418604651163 0 0 -0.365448504983389
sub-031507 16.2558139534884 1 16.2558139534884 -0.365448504983389
sub-031507 16.2558139534884 0 0 -0.365448504983389
sub-031508 -0.744186046511629 1 -0.744186046511629 0.634551495016611
sub-031508 -0.744186046511629 0 0 0.634551495016611
sub-031509 -7.74418604651163 1 -7.74418604651163 -0.365448504983389
sub-031509 -7.74418604651163 0 0 -0.365448504983389
sub-031510 -6.74418604651163 1 -6.74418604651163 -0.365448504983389
sub-031510 -6.74418604651163 0 0 -0.365448504983389
sub-031511 17.2558139534884 1 17.2558139534884 0.634551495016611
sub-031511 17.2558139534884 0 0 0.634551495016611
sub-031513 15.2558139534884 1 15.2558139534884 0.634551495016611
sub-031513 15.2558139534884 0 0 0.634551495016611
sub-031514 16.2558139534884 1 16.2558139534884 0.634551495016611
sub-031514 16.2558139534884 0 0 0.634551495016611
sub-031515 -8.74418604651163 1 -8.74418604651163 -0.365448504983389
sub-031515 -8.74418604651163 0 0 -0.365448504983389
sub-031516 -4.74418604651163 1 -4.74418604651163 0.634551495016611
sub-031516 -4.74418604651163 0 0 0.634551495016611
sub-031517 -2.74418604651163 1 -2.74418604651163 0.634551495016611
sub-031517 -2.74418604651163 0 0 0.634551495016611
sub-031518 -3.74418604651163 1 -3.74418604651163 0.634551495016611
sub-031518 -3.74418604651163 0 0 0.634551495016611
sub-031519 -3.74418604651163 1 -3.74418604651163 -0.365448504983389
sub-031519 -3.74418604651163 0 0 -0.365448504983389
sub-031520 -3.74418604651163 1 -3.74418604651163 0.634551495016611
sub-031520 -3.74418604651163 0 0 0.634551495016611
sub-031521 -4.74418604651163 1 -4.74418604651163 0.634551495016611
sub-031521 -4.74418604651163 0 0 0.634551495016611
sub-031522 3.25581395348837 1 3.25581395348837 -0.365448504983389
sub-031522 3.25581395348837 0 0 -0.365448504983389
sub-031523 -6.74418604651163 1 -6.74418604651163 -0.365448504983389
sub-031523 -6.74418604651163 0 0 -0.365448504983389
sub-031524 -6.74418604651163 1 -6.74418604651163 0.634551495016611
sub-031524 -6.74418604651163 0 0 0.634551495016611
sub-031525 13.2558139534884 1 13.2558139534884 -0.365448504983389
sub-031525 13.2558139534884 0 0 -0.365448504983389
sub-031526 12.2558139534884 1 12.2558139534884 -0.365448504983389
sub-031526 12.2558139534884 0 0 -0.365448504983389
sub-031527 -10.7441860465116 1 -10.7441860465116 0.634551495016611
sub-031527 -10.7441860465116 0 0 0.634551495016611
sub-031528 11.2558139534884 1 11.2558139534884 -0.365448504983389
sub-031528 11.2558139534884 0 0 -0.365448504983389
sub-031529 -3.74418604651163 1 -3.74418604651163 0.634551495016611
sub-031529 -3.74418604651163 0 0 0.634551495016611
sub-031530 13.2558139534884 1 13.2558139534884 -0.365448504983389
sub-031530 13.2558139534884 0 0 -0.365448504983389
sub-031532 18.2558139534884 1 18.2558139534884 -0.365448504983389
sub-031532 18.2558139534884 0 0 -0.365448504983389
sub-031533 -3.74418604651163 1 -3.74418604651163 -0.365448504983389
sub-031533 -3.74418604651163 0 0 -0.365448504983389
sub-031534 -1.74418604651163 1 -1.74418604651163 -0.365448504983389
sub-031534 -1.74418604651163 0 0 -0.365448504983389
sub-031535 8.25581395348837 1 8.25581395348837 -0.365448504983389
sub-031535 8.25581395348837 0 0 -0.365448504983389
sub-031536 13.2558139534884 1 13.2558139534884 0.634551495016611
sub-031536 13.2558139534884 0 0 0.634551495016611
sub-031537 17.2558139534884 1 17.2558139534884 0.634551495016611
sub-031537 17.2558139534884 0 0 0.634551495016611
sub-031538 16.2558139534884 1 16.2558139534884 -0.365448504983389
sub-031538 16.2558139534884 0 0 -0.365448504983389
sub-031539 20.2558139534884 1 20.2558139534884 -0.365448504983389
sub-031539 20.2558139534884 0 0 -0.365448504983389
sub-031540 -7.74418604651163 1 -7.74418604651163 -0.365448504983389
sub-031540 -7.74418604651163 0 0 -0.365448504983389
sub-031541 10.2558139534884 1 10.2558139534884 0.634551495016611
sub-031541 10.2558139534884 0 0 0.634551495016611
sub-031542 10.2558139534884 1 10.2558139534884 0.634551495016611
sub-031542 10.2558139534884 0 0 0.634551495016611
sub-031543 -14.7441860465116 1 -14.7441860465116 -0.365448504983389
sub-031543 -14.7441860465116 0 0 -0.365448504983389
sub-031544 16.2558139534884 1 16.2558139534884 -0.365448504983389
sub-031544 16.2558139534884 0 0 -0.365448504983389
sub-031545 6.25581395348837 1 6.25581395348837 0.634551495016611
sub-031545 6.25581395348837 0 0 0.634551495016611
sub-031546 4.25581395348837 1 4.25581395348837 0.634551495016611
sub-031546 4.25581395348837 0 0 0.634551495016611
sub-031547 4.25581395348837 1 4.25581395348837 -0.365448504983389
sub-031547 4.25581395348837 0 0 -0.365448504983389
sub-031548 8.25581395348837 1 8.25581395348837 -0.365448504983389
sub-031548 8.25581395348837 0 0 -0.365448504983389
sub-031549 13.2558139534884 1 13.2558139534884 0.634551495016611
sub-031549 13.2558139534884 0 0 0.634551495016611
sub-031550 14.2558139534884 1 14.2558139534884 0.634551495016611
sub-031550 14.2558139534884 0 0 0.634551495016611
sub-031551 -10.7441860465116 1 -10.7441860465116 0.634551495016611
sub-031551 -10.7441860465116 0 0 0.634551495016611
sub-031552 -9.74418604651163 1 -9.74418604651163 0.634551495016611
sub-031552 -9.74418604651163 0 0 0.634551495016611
sub-031553 -11.7441860465116 1 -11.7441860465116 -0.365448504983389
sub-031553 -11.7441860465116 0 0 -0.365448504983389
sub-031554 -10.7441860465116 1 -10.7441860465116 -0.365448504983389
sub-031554 -10.7441860465116 0 0 -0.365448504983389
sub-031555 5.25581395348837 1 5.25581395348837 0.634551495016611
sub-031555 5.25581395348837 0 0 0.634551495016611
sub-031556 -8.74418604651163 1 -8.74418604651163 0.634551495016611
sub-031556 -8.74418604651163 0 0 0.634551495016611
sub-031557 6.25581395348837 1 6.25581395348837 0.634551495016611
sub-031557 6.25581395348837 0 0 0.634551495016611
sub-031558 12.2558139534884 1 12.2558139534884 -0.365448504983389
sub-031558 12.2558139534884 0 0 -0.365448504983389
sub-031559 -11.7441860465116 1 -11.7441860465116 0.634551495016611
sub-031559 -11.7441860465116 0 0 0.634551495016611
sub-031560 8.25581395348837 1 8.25581395348837 0.634551495016611
sub-031560 8.25581395348837 0 0 0.634551495016611
sub-031561 6.25581395348837 1 6.25581395348837 0.634551495016611
sub-031561 6.25581395348837 0 0 0.634551495016611
sub-031562 -12.7441860465116 1 -12.7441860465116 -0.365448504983389
sub-031562 -12.7441860465116 0 0 -0.365448504983389
sub-031563 -12.7441860465116 1 -12.7441860465116 -0.365448504983389
sub-031563 -12.7441860465116 0 0 -0.365448504983389
sub-031564 -10.7441860465116 1 -10.7441860465116 -0.365448504983389
sub-031564 -10.7441860465116 0 0 -0.365448504983389
sub-031565 -8.74418604651163 1 -8.74418604651163 0.634551495016611
sub-031565 -8.74418604651163 0 0 0.634551495016611
sub-031566 -14.7441860465116 1 -14.7441860465116 -0.365448504983389
sub-031566 -14.7441860465116 0 0 -0.365448504983389
sub-031567 -10.7441860465116 1 -10.7441860465116 0.634551495016611
sub-031567 -10.7441860465116 0 0 0.634551495016611
sub-031568 -12.7441860465116 1 -12.7441860465116 -0.365448504983389
sub-031568 -12.7441860465116 0 0 -0.365448504983389
sub-031569 -11.7441860465116 1 -11.7441860465116 -0.365448504983389
sub-031569 -11.7441860465116 0 0 -0.365448504983389
sub-031570 -13.7441860465116 1 -13.7441860465116 -0.365448504983389
sub-031570 -13.7441860465116 0 0 -0.365448504983389
sub-031571 -10.7441860465116 1 -10.7441860465116 -0.365448504983389
sub-031571 -10.7441860465116 0 0 -0.365448504983389
sub-031572 -13.7441860465116 1 -13.7441860465116 -0.365448504983389
sub-031572 -13.7441860465116 0 0 -0.365448504983389
sub-031573 -11.7441860465116 1 -11.7441860465116 -0.365448504983389
sub-031573 -11.7441860465116 0 0 -0.365448504983389
sub-031574 -10.7441860465116 1 -10.7441860465116 0.634551495016611
sub-031574 -10.7441860465116 0 0 0.634551495016611
sub-031575 -12.7441860465116 1 -12.7441860465116 0.634551495016611
sub-031575 -12.7441860465116 0 0 0.634551495016611
sub-031576 -12.7441860465116 1 -12.7441860465116 0.634551495016611
sub-031576 -12.7441860465116 0 0 0.634551495016611
sub-031577 15.2558139534884 1 15.2558139534884 -0.365448504983389
sub-031577 15.2558139534884 0 0 -0.365448504983389
sub-031578 3.25581395348837 1 3.25581395348837 0.634551495016611
sub-031578 3.25581395348837 0 0 0.634551495016611
sub-031579 -13.7441860465116 1 -13.7441860465116 0.634551495016611
sub-031579 -13.7441860465116 0 0 0.634551495016611
sub-031580 -10.7441860465116 1 -10.7441860465116 -0.365448504983389
sub-031580 -10.7441860465116 0 0 -0.365448504983389
sub-031581 -8.74418604651163 1 -8.74418604651163 -0.365448504983389
sub-031581 -8.74418604651163 0 0 -0.365448504983389
sub-031582 -12.7441860465116 1 -12.7441860465116 -0.365448504983389
sub-031582 -12.7441860465116 0 0 -0.365448504983389
sub-031583 1.25581395348837 1 1.25581395348837 0.634551495016611
sub-031583 1.25581395348837 0 0 0.634551495016611
sub-031585 -11.7441860465116 1 -11.7441860465116 -0.365448504983389
sub-031585 -11.7441860465116 0 0 -0.365448504983389
sub-031586 14.2558139534884 1 14.2558139534884 -0.365448504983389
sub-031586 14.2558139534884 0 0 -0.365448504983389
sub-031587 -11.7441860465116 1 -11.7441860465116 0.634551495016611
sub-031587 -11.7441860465116 0 0 0.634551495016611
sub-031588 -13.7441860465116 1 -13.7441860465116 -0.365448504983389
sub-031588 -13.7441860465116 0 0 -0.365448504983389
sub-031589 -12.7441860465116 1 -12.7441860465116 -0.365448504983389
sub-031589 -12.7441860465116 0 0 -0.365448504983389
sub-031590 -10.7441860465116 1 -10.7441860465116 0.634551495016611
sub-031590 -10.7441860465116 0 0 0.634551495016611
sub-031591 -12.7441860465116 1 -12.7441860465116 0.634551495016611
sub-031591 -12.7441860465116 0 0 0.634551495016611
sub-031592 -13.7441860465116 1 -13.7441860465116 -0.365448504983389
sub-031592 -13.7441860465116 0 0 -0.365448504983389
sub-031593 -14.7441860465116 1 -14.7441860465116 -0.365448504983389
sub-031593 -14.7441860465116 0 0 -0.365448504983389
sub-031594 -13.7441860465116 1 -13.7441860465116 -0.365448504983389
sub-031594 -13.7441860465116 0 0 -0.365448504983389
sub-031595 -12.7441860465116 1 -12.7441860465116 -0.365448504983389
sub-031595 -12.7441860465116 0 0 -0.365448504983389
sub-031596 -9.74418604651163 1 -9.74418604651163 -0.365448504983389
sub-031596 -9.74418604651163 0 0 -0.365448504983389
sub-031597 -9.74418604651163 1 -9.74418604651163 -0.365448504983389
sub-031597 -9.74418604651163 0 0 -0.365448504983389
sub-031598 5.25581395348837 1 5.25581395348837 -0.365448504983389
sub-031598 5.25581395348837 0 0 -0.365448504983389
sub-031600 -11.7441860465116 1 -11.7441860465116 0.634551495016611
sub-031600 -11.7441860465116 0 0 0.634551495016611
sub-031601 -10.7441860465116 1 -10.7441860465116 -0.365448504983389
sub-031601 -10.7441860465116 0 0 -0.365448504983389
sub-031602 -10.7441860465116 1 -10.7441860465116 0.634551495016611
sub-031602 -10.7441860465116 0 0 0.634551495016611
sub-031603 -10.7441860465116 1 -10.7441860465116 -0.365448504983389
sub-031603 -10.7441860465116 0 0 -0.365448504983389
sub-031604 -10.7441860465116 1 -10.7441860465116 -0.365448504983389
sub-031604 -10.7441860465116 0 0 -0.365448504983389
sub-031605 -10.7441860465116 1 -10.7441860465116 -0.365448504983389
sub-031605 -10.7441860465116 0 0 -0.365448504983389
sub-031606 -10.7441860465116 1 -10.7441860465116 -0.365448504983389
sub-031606 -10.7441860465116 0 0 -0.365448504983389
sub-031607 -11.7441860465116 1 -11.7441860465116 0.634551495016611
sub-031607 -11.7441860465116 0 0 0.634551495016611
sub-031608 -11.7441860465116 1 -11.7441860465116 -0.365448504983389
sub-031608 -11.7441860465116 0 0 -0.365448504983389
sub-031609 -9.74418604651163 1 -9.74418604651163 -0.365448504983389
sub-031609 -9.74418604651163 0 0 -0.365448504983389
sub-031610 -9.74418604651163 1 -9.74418604651163 0.634551495016611
sub-031610 -9.74418604651163 0 0 0.634551495016611
sub-031611 -14.7441860465116 1 -14.7441860465116 -0.365448504983389
sub-031611 -14.7441860465116 0 0 -0.365448504983389
sub-031612 -10.7441860465116 1 -10.7441860465116 -0.365448504983389
sub-031612 -10.7441860465116 0 0 -0.365448504983389
sub-031613 -12.7441860465116 1 -12.7441860465116 0.634551495016611
sub-031613 -12.7441860465116 0 0 0.634551495016611
sub-031614 -7.74418604651163 1 -7.74418604651163 -0.365448504983389
sub-031614 -7.74418604651163 0 0 -0.365448504983389
sub-031615 -10.7441860465116 1 -10.7441860465116 -0.365448504983389
sub-031615 -10.7441860465116 0 0 -0.365448504983389
sub-031616 -11.7441860465116 1 -11.7441860465116 -0.365448504983389
sub-031616 -11.7441860465116 0 0 -0.365448504983389
sub-031617 -10.7441860465116 1 -10.7441860465116 -0.365448504983389
sub-031617 -10.7441860465116 0 0 -0.365448504983389
sub-031618 -10.7441860465116 1 -10.7441860465116 -0.365448504983389
sub-031618 -10.7441860465116 0 0 -0.365448504983389
sub-031619 -10.7441860465116 1 -10.7441860465116 -0.365448504983389
sub-031619 -10.7441860465116 0 0 -0.365448504983389
sub-031620 -10.7441860465116 1 -10.7441860465116 -0.365448504983389
sub-031620 -10.7441860465116 0 0 -0.365448504983389
sub-031621 -9.74418604651163 1 -9.74418604651163 0.634551495016611
sub-031621 -9.74418604651163 0 0 0.634551495016611
sub-031622 -8.74418604651163 1 -8.74418604651163 -0.365448504983389
sub-031622 -8.74418604651163 0 0 -0.365448504983389
sub-031623 -8.74418604651163 1 -8.74418604651163 0.634551495016611
sub-031623 -8.74418604651163 0 0 0.634551495016611
sub-031624 -10.7441860465116 1 -10.7441860465116 -0.365448504983389
sub-031624 -10.7441860465116 0 0 -0.365448504983389
sub-031625 14.2558139534884 1 14.2558139534884 -0.365448504983389
sub-031625 14.2558139534884 0 0 -0.365448504983389
sub-031626 -7.74418604651163 1 -7.74418604651163 -0.365448504983389
sub-031626 -7.74418604651163 0 0 -0.365448504983389
sub-031627 13.2558139534884 1 13.2558139534884 -0.365448504983389
sub-031627 13.2558139534884 0 0 -0.365448504983389
sub-031628 -11.7441860465116 1 -11.7441860465116 -0.365448504983389
sub-031628 -11.7441860465116 0 0 -0.365448504983389
sub-031629 -12.7441860465116 1 -12.7441860465116 -0.365448504983389
sub-031629 -12.7441860465116 0 0 -0.365448504983389
sub-031630 -10.7441860465116 1 -10.7441860465116 -0.365448504983389
sub-031630 -10.7441860465116 0 0 -0.365448504983389
sub-031631 -9.74418604651163 1 -9.74418604651163 -0.365448504983389
sub-031631 -9.74418604651163 0 0 -0.365448504983389
sub-031632 -9.74418604651163 1 -9.74418604651163 -0.365448504983389
sub-031632 -9.74418604651163 0 0 -0.365448504983389
sub-031633 20.2558139534884 1 20.2558139534884 -0.365448504983389
sub-031633 20.2558139534884 0 0 -0.365448504983389
sub-031634 4.25581395348837 1 4.25581395348837 -0.365448504983389
sub-031634 4.25581395348837 0 0 -0.365448504983389
sub-031636 19.2558139534884 1 19.2558139534884 0.634551495016611
sub-031636 19.2558139534884 0 0 0.634551495016611
sub-031637 14.2558139534884 1 14.2558139534884 0.634551495016611
sub-031637 14.2558139534884 0 0 0.634551495016611
sub-031638 12.2558139534884 1 12.2558139534884 -0.365448504983389
sub-031638 12.2558139534884 0 0 -0.365448504983389
sub-031639 8.25581395348837 1 8.25581395348837 -0.365448504983389
sub-031639 8.25581395348837 0 0 -0.365448504983389
sub-031644 1.25581395348837 1 1.25581395348837 0.634551495016611
sub-031644 1.25581395348837 0 0 0.634551495016611
sub-031647 2.25581395348837 1 2.25581395348837 -0.365448504983389
sub-031647 2.25581395348837 0 0 -0.365448504983389
sub-031648 15.2558139534884 1 15.2558139534884 0.634551495016611
sub-031648 15.2558139534884 0 0 0.634551495016611
sub-031651 0.255813953488371 1 0.255813953488371 0.634551495016611
sub-031651 0.255813953488371 0 0 0.634551495016611
sub-031652 8.25581395348837 1 8.25581395348837 -0.365448504983389
sub-031652 8.25581395348837 0 0 -0.365448504983389
sub-031653 0.255813953488371 1 0.255813953488371 0.634551495016611
sub-031653 0.255813953488371 0 0 0.634551495016611
sub-031654 0.255813953488371 1 0.255813953488371 -0.365448504983389
sub-031654 0.255813953488371 0 0 -0.365448504983389
sub-031655 6.25581395348837 1 6.25581395348837 -0.365448504983389
sub-031655 6.25581395348837 0 0 -0.365448504983389
sub-031656 0.255813953488371 1 0.255813953488371 -0.365448504983389
sub-031656 0.255813953488371 0 0 -0.365448504983389
sub-031657 0.255813953488371 1 0.255813953488371 -0.365448504983389
sub-031657 0.255813953488371 0 0 -0.365448504983389
sub-031658 19.2558139534884 1 19.2558139534884 0.634551495016611
sub-031658 19.2558139534884 0 0 0.634551495016611
sub-031660 8.25581395348837 1 8.25581395348837 -0.365448504983389
sub-031660 8.25581395348837 0 0 -0.365448504983389
sub-031662 10.2558139534884 1 10.2558139534884 -0.365448504983389
sub-031662 10.2558139534884 0 0 -0.365448504983389
sub-031663 14.2558139534884 1 14.2558139534884 -0.365448504983389
sub-031663 14.2558139534884 0 0 -0.365448504983389
sub-031665 5.25581395348837 1 5.25581395348837 -0.365448504983389
sub-031665 5.25581395348837 0 0 -0.365448504983389
sub-031666 18.2558139534884 1 18.2558139534884 -0.365448504983389
sub-031666 18.2558139534884 0 0 -0.365448504983389
sub-031667 20.2558139534884 1 20.2558139534884 -0.365448504983389
sub-031667 20.2558139534884 0 0 -0.365448504983389
sub-031668 6.25581395348837 1 6.25581395348837 -0.365448504983389
sub-031668 6.25581395348837 0 0 -0.365448504983389
sub-031671 11.2558139534884 1 11.2558139534884 -0.365448504983389
sub-031671 11.2558139534884 0 0 -0.365448504983389
sub-031672 19.2558139534884 1 19.2558139534884 0.634551495016611
sub-031672 19.2558139534884 0 0 0.634551495016611
sub-031673 3.25581395348837 1 3.25581395348837 -0.365448504983389
sub-031673 3.25581395348837 0 0 -0.365448504983389
sub-031674 3.25581395348837 1 3.25581395348837 -0.365448504983389
sub-031674 3.25581395348837 0 0 -0.365448504983389
sub-031675 11.2558139534884 1 11.2558139534884 -0.365448504983389
sub-031675 11.2558139534884 0 0 -0.365448504983389
sub-031676 -0.744186046511629 1 -0.744186046511629 -0.365448504983389
sub-031676 -0.744186046511629 0 0 -0.365448504983389
sub-031677 20.2558139534884 1 20.2558139534884 0.634551495016611
sub-031677 20.2558139534884 0 0 0.634551495016611
sub-031678 1.25581395348837 1 1.25581395348837 0.634551495016611
sub-031678 1.25581395348837 0 0 0.634551495016611
sub-031679 16.2558139534884 1 16.2558139534884 0.634551495016611
sub-031679 16.2558139534884 0 0 0.634551495016611
sub-031680 -0.744186046511629 1 -0.744186046511629 0.634551495016611
sub-031680 -0.744186046511629 0 0 0.634551495016611
sub-031681 15.2558139534884 1 15.2558139534884 -0.365448504983389
sub-031681 15.2558139534884 0 0 -0.365448504983389
sub-031682 10.2558139534884 1 10.2558139534884 -0.365448504983389
sub-031682 10.2558139534884 0 0 -0.365448504983389
sub-031683 20.2558139534884 1 20.2558139534884 0.634551495016611
sub-031683 20.2558139534884 0 0 0.634551495016611
sub-031687 8.25581395348837 1 8.25581395348837 0.634551495016611
sub-031687 8.25581395348837 0 0 0.634551495016611
sub-031688 0.255813953488371 1 0.255813953488371 -0.365448504983389
sub-031688 0.255813953488371 0 0 -0.365448504983389
sub-031689 19.2558139534884 1 19.2558139534884 0.634551495016611
sub-031689 19.2558139534884 0 0 0.634551495016611
sub-031690 -0.744186046511629 1 -0.744186046511629 -0.365448504983389
sub-031690 -0.744186046511629 0 0 -0.365448504983389
sub-031691 10.2558139534884 1 10.2558139534884 0.634551495016611
sub-031691 10.2558139534884 0 0 0.634551495016611
sub-031692 1.25581395348837 1 1.25581395348837 -0.365448504983389
sub-031692 1.25581395348837 0 0 -0.365448504983389
sub-031693 0.255813953488371 1 0.255813953488371 0.634551495016611
sub-031693 0.255813953488371 0 0 0.634551495016611
sub-031694 -1.74418604651163 1 -1.74418604651163 -0.365448504983389
sub-031694 -1.74418604651163 0 0 -0.365448504983389
sub-031696 6.25581395348837 1 6.25581395348837 0.634551495016611
sub-031696 6.25581395348837 0 0 0.634551495016611
sub-031700 12.2558139534884 1 12.2558139534884 -0.365448504983389
sub-031700 12.2558139534884 0 0 -0.365448504983389
sub-031702 9.25581395348837 1 9.25581395348837 -0.365448504983389
sub-031702 9.25581395348837 0 0 -0.365448504983389
sub-031704 8.25581395348837 1 8.25581395348837 -0.365448504983389
sub-031704 8.25581395348837 0 0 -0.365448504983389
sub-031707 19.2558139534884 1 19.2558139534884 -0.365448504983389
sub-031707 19.2558139534884 0 0 -0.365448504983389
sub-031713 20.2558139534884 1 20.2558139534884 0.634551495016611
sub-031713 20.2558139534884 0 0 0.634551495016611
sub-031714 -9.74418604651163 1 -9.74418604651163 0.634551495016611
sub-031714 -9.74418604651163 0 0 0.634551495016611
sub-031715 -8.74418604651163 1 -8.74418604651163 0.634551495016611
sub-031715 -8.74418604651163 0 0 0.634551495016611
sub-031716 -9.74418604651163 1 -9.74418604651163 -0.365448504983389
sub-031716 -9.74418604651163 0 0 -0.365448504983389
sub-031717 -9.74418604651163 1 -9.74418604651163 -0.365448504983389
sub-031717 -9.74418604651163 0 0 -0.365448504983389
sub-031718 -9.74418604651163 1 -9.74418604651163 0.634551495016611
sub-031718 -9.74418604651163 0 0 0.634551495016611
sub-031719 -9.74418604651163 1 -9.74418604651163 -0.365448504983389
sub-031719 -9.74418604651163 0 0 -0.365448504983389
sub-031720 -7.74418604651163 1 -7.74418604651163 0.634551495016611
sub-031720 -7.74418604651163 0 0 0.634551495016611
sub-031721 -9.74418604651163 1 -9.74418604651163 -0.365448504983389
sub-031721 -9.74418604651163 0 0 -0.365448504983389
sub-031722 -9.74418604651163 1 -9.74418604651163 -0.365448504983389
sub-031722 -9.74418604651163 0 0 -0.365448504983389
sub-031723 -8.74418604651163 1 -8.74418604651163 -0.365448504983389
sub-031723 -8.74418604651163 0 0 -0.365448504983389
sub-031724 -9.74418604651163 1 -9.74418604651163 -0.365448504983389
sub-031724 -9.74418604651163 0 0 -0.365448504983389
sub-031725 -9.74418604651163 1 -9.74418604651163 -0.365448504983389
sub-031725 -9.74418604651163 0 0 -0.365448504983389
sub-031726 -5.74418604651163 1 -5.74418604651163 0.634551495016611
sub-031726 -5.74418604651163 0 0 0.634551495016611
sub-031727 -9.74418604651163 1 -9.74418604651163 -0.365448504983389
sub-031727 -9.74418604651163 0 0 -0.365448504983389
sub-031728 -7.74418604651163 1 -7.74418604651163 0.634551495016611
sub-031728 -7.74418604651163 0 0 0.634551495016611
sub-031729 -3.74418604651163 1 -3.74418604651163 0.634551495016611
sub-031729 -3.74418604651163 0 0 0.634551495016611
sub-031730 -8.74418604651163 1 -8.74418604651163 -0.365448504983389
sub-031730 -8.74418604651163 0 0 -0.365448504983389
sub-031731 -9.74418604651163 1 -9.74418604651163 -0.365448504983389
sub-031731 -9.74418604651163 0 0 -0.365448504983389
sub-031732 -9.74418604651163 1 -9.74418604651163 -0.365448504983389
sub-031732 -9.74418604651163 0 0 -0.365448504983389
sub-031733 -8.74418604651163 1 -8.74418604651163 -0.365448504983389
sub-031733 -8.74418604651163 0 0 -0.365448504983389
sub-031734 -8.74418604651163 1 -8.74418604651163 -0.365448504983389
sub-031734 -8.74418604651163 0 0 -0.365448504983389
sub-031735 -9.74418604651163 1 -9.74418604651163 -0.365448504983389
sub-031735 -9.74418604651163 0 0 -0.365448504983389
sub-031736 -9.74418604651163 1 -9.74418604651163 0.634551495016611
sub-031736 -9.74418604651163 0 0 0.634551495016611
sub-031737 -10.7441860465116 1 -10.7441860465116 0.634551495016611
sub-031737 -10.7441860465116 0 0 0.634551495016611
sub-031738 -9.74418604651163 1 -9.74418604651163 0.634551495016611
sub-031738 -9.74418604651163 0 0 0.634551495016611
sub-031739 -9.74418604651163 1 -9.74418604651163 0.634551495016611
sub-031739 -9.74418604651163 0 0 0.634551495016611
sub-031740 -7.74418604651163 1 -7.74418604651163 -0.365448504983389
sub-031740 -7.74418604651163 0 0 -0.365448504983389
sub-031741 -8.74418604651163 1 -8.74418604651163 -0.365448504983389
sub-031741 -8.74418604651163 0 0 -0.365448504983389
sub-031742 -10.7441860465116 1 -10.7441860465116 -0.365448504983389
sub-031742 -10.7441860465116 0 0 -0.365448504983389
sub-031743 -6.74418604651163 1 -6.74418604651163 -0.365448504983389
sub-031743 -6.74418604651163 0 0 -0.365448504983389
sub-031744 -8.74418604651163 1 -8.74418604651163 0.634551495016611
sub-031744 -8.74418604651163 0 0 0.634551495016611
sub-031745 -8.74418604651163 1 -8.74418604651163 -0.365448504983389
sub-031745 -8.74418604651163 0 0 -0.365448504983389
sub-031746 -8.74418604651163 1 -8.74418604651163 0.634551495016611
sub-031746 -8.74418604651163 0 0 0.634551495016611
sub-031747 -8.74418604651163 1 -8.74418604651163 0.634551495016611
sub-031747 -8.74418604651163 0 0 0.634551495016611
sub-031748 -10.7441860465116 1 -10.7441860465116 -0.365448504983389
sub-031748 -10.7441860465116 0 0 -0.365448504983389
sub-031749 -10.7441860465116 1 -10.7441860465116 -0.365448504983389
sub-031749 -10.7441860465116 0 0 -0.365448504983389
sub-031750 -7.74418604651163 1 -7.74418604651163 -0.365448504983389
sub-031750 -7.74418604651163 0 0 -0.365448504983389
sub-031751 -6.74418604651163 1 -6.74418604651163 -0.365448504983389
sub-031751 -6.74418604651163 0 0 -0.365448504983389
sub-031752 0.255813953488371 1 0.255813953488371 0.634551495016611
sub-031752 0.255813953488371 0 0 0.634551495016611
sub-031753 -5.74418604651163 1 -5.74418604651163 -0.365448504983389
sub-031753 -5.74418604651163 0 0 -0.365448504983389
sub-031754 -6.74418604651163 1 -6.74418604651163 0.634551495016611
sub-031754 -6.74418604651163 0 0 0.634551495016611
sub-031755 -8.74418604651163 1 -8.74418604651163 0.634551495016611
sub-031755 -8.74418604651163 0 0 0.634551495016611
sub-031756 -9.74418604651163 1 -9.74418604651163 0.634551495016611
sub-031756 -9.74418604651163 0 0 0.634551495016611
sub-031757 -10.7441860465116 1 -10.7441860465116 -0.365448504983389
sub-031757 -10.7441860465116 0 0 -0.365448504983389
sub-031758 -9.74418604651163 1 -9.74418604651163 0.634551495016611
sub-031758 -9.74418604651163 0 0 0.634551495016611
sub-031759 -8.74418604651163 1 -8.74418604651163 0.634551495016611
sub-031759 -8.74418604651163 0 0 0.634551495016611
sub-031760 -10.7441860465116 1 -10.7441860465116 0.634551495016611
sub-031760 -10.7441860465116 0 0 0.634551495016611
sub-031761 -11.7441860465116 1 -11.7441860465116 -0.365448504983389
sub-031761 -11.7441860465116 0 0 -0.365448504983389
sub-031762 -9.74418604651163 1 -9.74418604651163 -0.365448504983389
sub-031762 -9.74418604651163 0 0 -0.365448504983389
sub-031763 -10.7441860465116 1 -10.7441860465116 -0.365448504983389
sub-031763 -10.7441860465116 0 0 -0.365448504983389
sub-031764 -9.74418604651163 1 -9.74418604651163 -0.365448504983389
sub-031764 -9.74418604651163 0 0 -0.365448504983389
sub-031765 -8.74418604651163 1 -8.74418604651163 0.634551495016611
sub-031765 -8.74418604651163 0 0 0.634551495016611
sub-031766 -9.74418604651163 1 -9.74418604651163 0.634551495016611
sub-031766 -9.74418604651163 0 0 0.634551495016611
sub-031767 -9.74418604651163 1 -9.74418604651163 -0.365448504983389
sub-031767 -9.74418604651163 0 0 -0.365448504983389
